336674
443720
126371
419071
287517
201172
779501
614912
235931
756872
647187
327223
234817
452599
410106
417352
273990
475828
368960
728398
163920
789647
185333
687525
720261
668662
275309
719594
687793
340862
822400
285854
128921
902605
896098
562844
596083
283026
449531
989441
106000
453942
841709
339795
774877
875564
824129
392106
573536
136381
232623
762171
344281
407042
506649
871462
369715
976717
435122
75149
616754
434571
46708
17292
577618
490526
406476
360614
116531
431691
273550
667435
604833
511457
411938
936666
559369
637751
271905
868055
266856
111683
561728
343379
456156
462911
776243
252141
342145
819084
23566
786107
926732
567590
475410
209217
116875
377545
985858
166531
317203
736219
266925
581241
533757
410752
257147
205535
970812
62435
999128
103909
241309
330760
987173
3003
257088
701738
325645
524872
894240
81656
201811
361977
621715
618680
201371
749134
826408
358851
939097
5669
855063
110420
272309
234045
635677
980366
131650
228616
997048
289201
998713
811560
129606
506067
18251
726169
616371
679948
846012
22570
541000
379919
545212
60724
20521
455867
757475
678205
902577
485422
305456
245012
945718
355429
636371
408478
521915
304777
219019
442774
811584
248793
458753
591260
153680
756282
780831
387859
857083
374131
69112
984691
362998
199693
725932
796018
183769
440344
189752
134326
221220
436032
759637
12504
921706
663017
511769
586924
27161
463881
559282
662374
479032
989455
70513
567392
119931
381699
947342
711910
556521
929373
283890
472856
213559
627298
220911
650702
654189
32453
73696
542128
457612
349572
896694
421407
319241
708382
758236
174317
129803
234344
45872
420554
561162
243535
479876
343367
865786
964452
989969
818388
571412
350436
225053
777738
960825
540429
551788
856460
212262
116484
27000
300533
764361
238422
614663
473740
238962
375002
127473
943240
461453
172336
721777
517649
423070
124363
285353
368963
862707
551452
183716
761377
792292
474483
294980
994030
342321
590899
377032
475846
126983
264101
121129
118869
147021
287145
225852
908707
887623
161391
240069
75720
192630
439454
937136
198479
692777
551481
745467
617731
584428
574339
788161
815678
826839
257339
534455
371882
981886
308506
651973
255859
579012
954185
116026
509892
976680
20726
920934
323778
153592
767812
278843
467603
71669
910452
532564
637194
30368
2647
907209
455427
640978
954319
613811
770106
647079
242181
315591
926794
791104
864122
110223
17494
633716
235762
47100
945504
518546
324466
288520
555617
390432
724147
68133
653627
448722
680941
57583
172190
341637
284790
130946
260480
91723
262676
646430
242964
364018
920253
602948
897940
456916
627721
743911
667224
318152
102119
682200
439280
205490
193702
236026
270766
979237
720676
644418
405374
512503
763716
657740
624252
584296
359309
387609
1125
318952
306395
838526
496694
276398
881622
781344
991169
627166
393377
263717
266806
872012
879038
573394
207576
773989
923953
419977
632905
90535
881839
34175
753551
448211
33447
794616
680428
185649
238091
392930
536083
914811
128995
286084
637317
441425
125835
614450
930181
958082
970696
305626
865974
162155
508521
955093
637318
715270
259643
277004
303710
751638
15678
482131
187693
634480
998065
80349
819356
818976
359339
678140
409103
445912
374050
416017
26228
290335
463200
782821
948203
91720
41065
395096
307076
732476
61107
727925
10243
820838
227188
153376
998719
514576
949782
352119
478563
159211
422814
634768
525177
161642
104183
672721
92603
760184
553476
614695
481181
994905
722689
490633
262308
118785
938452
250384
530714
476269
934757
450440
334035
703305
532736
152101
736766
119756
111605
587006
525364
645975
897537
770797
395732
956712
370818
150686
562434
202903
979009
74855
491895
904459
433989
345105
440686
655664
428351
368579
786239
764698
604018
839247
738639
61729
102328
370856
859216
359330
767641
722880
632634
905405
865154
372570
332174
597440
416942
452701
674201
872924
718859
566360
74430
549316
538114
859388
973945
21217
561596
77175
812422
918336
318305
719205
319480
471064
814756
662182
312755
296382
208262
324140
942007
359342
503165
388249
207012
495900
416538
980831
598639
839974
426428
420743
39781
320758
745137
317443
249170
838128
628981
986034
552537
732515
591100
518368
308522
295060
47043
625357
525720
75726
6894
463250
845238
911507
688982
649276
700947
942430
841018
294054
27477
490546
920571
503705
223626
428414
947544
257713
36586
81907
98386
225661
767638
28850
109286
396435
235023
40701
984169
971010
96520
282552
535263
834191
642635
375091
597577
12423
17583
615242
999208
214453
546001
683251
923674
610294
381650
385333
416889
230736
85661
97101
580646
83946
926093
861804
433598
698587
991845
875464
902196
517380
658305
52553
63172
792702
723737
719407
368305
794309
776410
650181
446417
660027
478445
434457
512530
463948
463111
853071
463711
424106
1922
642053
421674
869652
912830
960696
195108
570426
6714
673796
163807
832668
481043
635426
510496
648308
416315
22108
65670
18147
25283
33338
478029
665563
37930
813362
79050
648416
192351
644181
400946
668937
147275
782609
637868
717265
913278
486192
907632
223672
545314
746533
111302
368444
968954
182456
324961
50978
490466
520939
467475
360564
236089
137527
389187
372474
231322
713182
216408
198439
274669
68514
433865
514249
876279
9046
505186
879638
146979
765167
723732
354298
800488
802837
941933
243683
494950
610988
144358
165263
682169
22492
767773
404533
974006
266994
580455
106000
494173
866199
986566
615989
91751
977923
164755
647362
303252
489002
177411
840550
895379
191849
376496
543140
803225
335188
108970
230441
25339
990040
341646
471135
246196
426247
671389
828021
563034
765334
5001
507005
47001
757894
667426
539618
439392
458062
863615
394818
240395
427974
454451
732166
199457
606257
286646
409273
89374
246060
597361
344549
328991
456754
295776
660954
971786
988586
796537
125883
337274
992800
161772
487995
627893
749883
512118
879076
616330
48376
498600
998160
467822
624236
638695
791444
908298
624481
521678
427443
10650
298840
874303
499066
154343
153507
907777
164559
531133
723920
476972
763163
80825
183644
542150
924014
718617
36881
737074
997137
486785
137225
597440
782850
247951
41216
957418
432671
139822
688570
154911
799939
555435
572031
367118
517931
571410
904625
751672
285763
755393
617109
966709
552440
232106
388291
364546
856986
20122
468696
855484
815063
107652
942640
581541
137919
743565
966015
45900
840248
840697
733881
45512
161824
401346
136285
13288
717634
685613
797332
814651
330135
500495
61579
312444
411979
629610
427290
791603
908324
266855
87181
876777
923638
230864
855537
185908
207294
969065
588950
886818
519693
143123
878662
874192
296098
776759
53340
755096
530073
463408
635447
857926
708810
134870
44820
467489
103702
523336
101602
821692
990832
745534
520045
387022
93509
144911
720420
338911
580445
980340
787132
438700
865154
792746
822484
97498
66642
376777
693524
610322
114170
377076
281378
739970
716513
83990
400231
143316
123193
483706
7570
688098
617052
448773
614024
627435
145862
174732
803039
439123
837849
752259
456194
208019
143055
428103
108424
962752
522080
856625
310066
633452
897626
753691
411210
335565
61513
809113
408913
873147
946967
79577
466428
942696
241283
153947
797687
979761
749321
695987
188551
248914
380411
862220
400640
189489
753806
37994
76262
140135
988058
694338
752676
621532
87205
841732
282214
442058
275338
882923
64723
694292
75702
931771
786084
293458
630977
29873
28800
507146
385167
415190
856489
805504
346789
194944
875093
486651
848348
888427
781206
978180
27213
610794
564004
701985
391793
441476
601630
972056
15924
883413
109314
894227
456340
332789
151043
470178
502194
677387
189869
162806
474745
21672
63385
362587
542038
635000
447794
875204
910634
537637
427890
538593
798541
755538
952002
561428
904144
789895
59979
181056
758066
151236
416958
397371
223638
502719
418157
344315
455224
398967
562481
526977
123497
661794
148943
720900
697127
638473
458940
432315
857395
350735
422543
152598
3418
480377
148303
420795
284102
487036
74025
766066
156960
888251
997866
526412
804672
634740
982510
80058
759316
560788
646892
687454
745677
961123
357744
1962
68910
298231
839537
891424
843446
424007
877310
563096
219554
349302
916488
309129
691213
537062
614916
253429
21098
258403
2374
242064
101156
412502
206541
518686
720430
729398
937819
759352
825649
461147
190760
244312
768663
927553
803511
930548
115493
642809
862943
861664
369754
688438
290036
725225
481021
642454
151275
227889
867849
763800
699878
304722
912856
844509
635586
927630
727206
824161
335912
208273
563972
735503
754009
15579
273952
272195
253079
657392
680020
915033
362565
925659
586184
445179
142663
697813
5385
726704
581911
768942
280307
201601
517795
598023
39764
934636
54176
533835
283739
812085
325255
320668
33280
56895
348393
200466
156759
386664
983326
209532
313337
589719
480595
604626
777403
179170
912876
172278
983500
662613
630109
324831
133949
651135
326283
327826
153060
357769
498751
852410
986838
324508
253534
378061
648813
986725
973740
519501
281843
72729
727061
480788
866491
343540
545645
739400
773994
702543
259559
209636
288899
811559
456612
467186
9626
71408
580656
320255
559112
891305
168714
838866
628525
287121
793322
407238
401192
731422
321131
513408
926027
162084
422732
150312
275238
293419
84183
41309
604262
611730
43971
809322
465503
703131
253608
917837
916457
385209
672229
1547
524248
378884
631987
263426
829989
800782
988542
877074
224632
884005
983364
498002
121591
813687
433988
385117
927571
895888
423931
29234
80609
503256
184703
3288
617152
952676
232251
956582
416215
103344
497454
880631
742017
242661
292699
673500
112546
184176
295385
536889
301429
39489
177212
37716
655375
404045
468040
525506
526528
378658
142394
633885
350368
303582
436913
640151
450236
56594
443153
171182
973965
647394
501020
582381
806808
190292
328249
135196
593149
502608
644258
871341
727818
913315
756209
104378
58053
241828
260429
536514
523704
246072
988523
784155
831708
82771
516412
108331
544980
737359
60622
488551
930721
414003
123892
963028
422316
105849
840601
596082
127703
349198
13949
832675
903087
153738
454295
233065
496015
404326
277865
14205
176036
214032
673118
121388
869667
804362
345933
759665
493416
55200
649505
384040
841631
88064
372087
669206
526198
526863
291785
403783
145930
482146
509294
464388
32496
90299
301397
703782
461277
313180
385374
729364
126816
207234
930344
21485
3192
518417
506605
479291
295841
87055
56328
485886
561396
221776
554105
258215
908794
978736
574838
944867
328552
803758
317557
139246
246183
68644
816137
200960
641596
836869
233743
589767
767896
718183
21693
452674
135098
306387
176035
296854
229093
309902
120972
476365
746597
884264
465479
575599
934179
802441
268949
105263
98519
842874
395110
561128
753955
116714
912483
995917
32281
734205
88151
600515
466748
339160
61662
270312
426888
865178
752830
444443
230966
438900
377563
901466
693097
451511
432131
449398
719462
306533
331018
866198
977270
551014
466578
723215
623576
425241
957296
962579
223936
111552
724614
118339
933235
488880
60691
290569
354516
778202
651899
794656
893748
518444
646220
732905
625705
352683
359956
851857
327975
303553
657531
465094
90382
809820
738892
256730
55749
627348
135518
597207
997415
818907
935284
648781
73228
680148
838122
317712
531392
675341
720086
666127
505682
510073
664115
755016
450344
62784
100417
738013
798400
380145
275999
873253
453422
128460
429997
181930
2793
363135
908590
258358
502932
710750
61212
530148
390068
732844
113057
519860
235296
806058
393038
214000
850223
658210
729275
547105
341691
607702
332537
568167
351714
868390
445796
748870
428050
285535
207902
452539
132875
362757
566294
856654
714476
146759
969203
676488
966434
384942
54159
443962
378459
792449
85324
422809
906487
22322
893200
184634
251030
442986
636253
873261
778905
799631
19909
412506
778978
529245
173250
582609
46236
877900
525762
77510
405522
684096
897209
955399
369497
784838
417861
696353
921805
802279
135677
810238
6610
338251
523491
818878
455893
221416
19392
336635
939204
296535
38523
214702
72861
666766
227551
706613
936956
146033
106198
338910
866799
770992
229692
531514
805530
694546
232708
326424
717875
492579
300730
796033
68859
117616
2809
915862
819371
979066
31403
202688
14417
678212
391939
226346
787517
453195
492452
115613
305581
98469
263589
36830
971628
78194
386976
670757
948098
284998
845850
557942
279374
560424
794806
335113
571552
312599
167920
400346
949224
897596
447782
401827
688916
874929
343602
722729
13171
120935
568414
177288
137702
382679
865939
765970
444578
885635
637139
106619
959028
425868
490308
19593
716641
513866
373918
899302
711873
917015
562810
241329
104028
256592
501228
294020
297918
601595
404697
215887
264998
912824
288090
800603
358952
254100
543003
921197
973656
569569
564337
789965
487734
698404
97780
883406
694992
424661
634260
861636
315278
594263
160924
835711
639590
643863
493040
299046
857679
287839
902554
459922
799019
593254
102888
596193
305783
569395
78504
637005
863860
429660
887361
782943
241975
16593
889170
978349
229560
183164
714458
589291
822965
218889
820375
624980
569621
7807
492617
76081
179950
133333
3578
242345
430039
375984
791061
84530
232831
24204
200599
110288
60814
683543
513332
599471
460751
272829
672012
248439
633563
518448
309225
488402
722453
240645
740771
233847
257359
721951
729414
849033
725153
12249
540516
49843
22256
515723
261616
123021
715752
637333
842669
863854
399764
305058
928707
148103
145341
988058
160239
672817
943982
526020
504542
787254
987431
772944
70764
850328
531320
441031
824766
442861
908432
586601
5061
923553
863375
757125
704829
947061
459802
90625
750321
427932
129386
866749
474423
53327
991505
858762
36055
592613
956630
174098
172862
678924
351282
435377
112035
116019
58714
629399
786692
568485
375141
72207
743400
913280
45770
270595
429313
137087
2907
609703
758214
233208
492617
649255
557842
116364
594078
475704
239164
92998
838901
102863
209002
268697
7491
27386
795138
54696
921195
631191
197215
875267
154143
278167
723197
930521
89235
223451
107443
239367
913212
972439
430291
457928
558190
497485
949393
516545
768721
660994
401285
962879
369563
657214
232929
223551
898725
815446
181956
159253
389601
1380
554052
43280
862238
864269
707191
481762
990738
948674
187042
428338
191207
768613
866480
771013
992471
998271
513142
509198
77053
328007
239145
210496
953064
392187
295940
372350
201842
645144
634647
423099
902412
203409
320892
412895
226008
947183
415425
602967
823719
439592
96150
875581
671718
122745
11931
685199
452534
668358
440307
499591
879463
430424
994900
443367
63347
116298
851652
72676
361459
993317
424261
838968
818445
830998
777354
287184
489195
564047
172705
833685
916184
590963
859717
3628
647067
8498
388139
970782
972984
793421
875404
968169
457057
937476
386117
862454
379112
682701
695577
424708
421858
843860
782401
552429
310244
314383
952860
511415
29015
836728
49483
420237
828407
496252
828892
176975
654613
341393
8814
570844
773627
787707
363278
528815
601885
573762
486957
554345
263992
908597
923735
8519
312676
364243
954419
947478
697097
830392
345430
949093
279247
353444
62532
59021
491501
360749
238156
227764
269861
410547
120350
155350
695995
621828
598796
486883
33084
546157
719579
807
161804
826433
286891
146788
331554
887922
279898
623531
450146
266086
469994
748243
883851
970393
728258
854719
914501
143741
903507
925753
780698
822382
289170
173942
806529
752883
362392
448063
303601
302403
255759
323797
698764
452567
176122
816552
983880
595016
671284
733096
743216
944593
483617
389543
793120
14459
104666
664379
274271
564033
338475
503021
499637
759524
673614
236876
311899
311731
69632
340424
442128
155205
374114
981801
985477
444588
582667
405379
19355
879565
965701
459898
439954
307903
557105
226075
273346
112752
290137
984996
617677
164479
913782
934297
199690
626544
727208
377943
99739
643618
851595
836267
31908
25497
874794
432116
590676
82267
224115
13904
115959
515182
151272
322585
734196
901301
856876
118641
115494
220346
994164
4630
875714
354859
19028
138997
228368
614055
168451
84
311437
464456
462359
563474
365725
994806
353397
676545
783842
758989
285752
688207
695727
123096
362316
917153
916362
456893
427051
572441
914824
566727
14823
382653
276386
918534
815317
187817
967736
451906
378299
34924
960385
757740
110170
112395
877201
159594
823524
377118
421454
633568
310172
951371
948052
439206
906073
469671
150235
792779
702462
336120
566437
106575
443029
98155
942855
719039
196284
181195
819592
402387
483924
41826
95178
770558
509353
523910
912406
555562
123925
287488
290937
57031
169028
135438
455106
743768
392648
654028
743188
609297
587634
55386
751370
106471
616885
618464
110357
86226
773964
79898
276608
826415
173594
817034
515497
471773
255471
76326
557584
608726
925182
153335
190856
240277
850718
965619
96182
673724
309281
124529
128962
531767
174794
996393
305551
970317
729040
953147
141288
129906
919099
154094
686106
248622
361483
54068
263671
404924
600938
91185
880785
574832
431053
338959
876528
311487
195487
602223
33605
848957
305746
655903
280569
651399
215640
646222
333407
998151
386310
624751
42293
4008
110873
770643
204734
460934
591671
803744
288298
355638
25342
93995
193977
819188
670169
64122
127355
195719
402521
978604
135843
387118
157107
739418
304966
971620
27288
484979
762184
319311
733942
538939
771185
633760
236937
914266
271270
290091
998619
737143
628584
762371
766126
752857
964438
415569
781610
738941
197431
757059
221528
359502
853436
412959
325228
564324
877789
113793
675750
442886
922176
120238
615440
253188
511880
434972
474723
818208
677974
132725
412208
323866
814411
701335
371972
901446
76944
210760
461064
625807
65571
784648
67647
802732
146952
803370
76159
756662
838331
197676
228734
809076
354246
183561
386419
234775
898426
418894
762842
594250
134823
169222
344391
431064
16800
191661
453376
720208
799997
728857
599235
750806
91227
664709
672283
635331
984325
430091
9054
599212
143852
833984
151939
169129
911038
867655
593314
299207
546351
72335
197500
609987
36748
231105
674994
809461
196903
912479
634997
122128
760430
820648
84173
750730
112079
541599
471512
434510
494449
311389
531917
334735
480617
315645
740764
752727
901093
645090
113708
777291
859176
104720
320452
837231
135684
49072
75218
650409
172142
534471
1943
887554
441758
928642
90738
682849
861151
412080
392891
758735
805376
137624
923234
343566
659175
546970
797620
420769
219061
632389
238605
584936
396566
933557
115815
476739
281640
384078
295423
980876
573075
943629
374621
438929
631555
436706
940369
501290
734783
397078
628939
648080
731240
35810
491584
379965
709930
15274
370863
314400
973936
567300
539013
198947
201458
297560
41149
360556
658764
738225
100082
778341
715720
986434
42562
201096
132714
380638
515846
778781
118918
101479
91976
929501
190929
833078
553325
776983
572257
995691
802730
975859
516286
448472
531776
133564
478737
987802
787456
700138
356184
163078
2634
837775
972312
681716
37575
961476
70813
370662
703954
927103
111424
267534
488865
626601
799487
123157
825367
274247
369428
522539
654785
357586
726514
562336
960773
811982
687408
398411
97010
767175
129514
37080
301556
755749
956438
36614
112336
344522
312092
682034
771941
995735
108676
364330
462095
291946
446369
668320
415201
576101
550205
21108
623972
766955
509576
796864
606745
132836
854657
7675
257242
774271
480714
850285
363354
801734
766015
49495
909113
245617
415753
531782
258162
388415
9302
932201
251806
91703
192404
95810
463962
853817
806487
116459
113134
471583
909767
576093
679618
633672
185047
671316
941794
475241
362199
433401
81482
109799
529754
570112
482197
164961
464368
159051
993192
412947
188007
501270
935804
519808
659336
109945
212963
661972
412048
522418
246153
530046
735070
180527
48025
988877
798981
944982
248040
46661
366850
932519
41381
153839
785694
928671
570187
296280
315656
494256
140481
498426
717664
112193
70803
892785
480
528009
60635
495065
929806
572507
382741
247794
730536
450953
886393
202359
498785
799338
455998
706686
821069
32052
342003
604088
528783
271444
278375
818699
718874
427121
746099
753682
466202
9127
89174
136995
95786
737274
353727
551761
66440
814554
58505
358542
126425
521987
316610
599297
598735
685244
377618
367709
419198
204996
970771
723916
757869
21496
5965
169720
19280
234132
4680
741782
451779
410500
937783
432724
919118
358565
140524
695259
446872
436516
791437
926450
589175
886513
318763
850822
619460
104167
219170
60629
592435
496949
440074
435073
549774
991998
471222
999032
578425
357658
563571
854257
947629
583954
957792
532845
478726
657639
786981
298968
109388
236836
929812
693544
678098
598005
147626
238517
119684
145509
76493
307744
704812
49432
278326
687584
547891
388178
624660
661206
949848
631668
212993
690379
585892
977662
670567
219783
586164
177087
750973
724908
831408
788464
465906
75316
787774
665404
91003
880962
985833
352828
799876
79232
525240
235393
941361
42591
679200
717479
411492
21721
420890
532968
703965
223485
190625
245883
953469
314077
358061
913248
214944
695116
247735
663667
170085
616909
359396
365530
315397
172545
697358
789827
514775
120245
175109
448481
753375
507558
773743
965331
643348
153235
750176
334677
229935
601263
843646
299399
715989
239112
366400
546788
670547
984618
193763
991277
971306
680933
50681
346636
338459
628543
920854
186444
607369
601727
485117
35436
36531
935318
789059
49793
70195
931925
185085
334206
651874
190205
525711
105853
886597
769685
374588
24683
364070
292575
740756
94359
155791
793533
878318
845202
380212
950973
850919
322891
803535
898079
727168
372392
309428
575375
871222
21345
75593
258551
545253
76070
344760
634293
167846
783178
237871
36840
856799
886567
732796
267796
970201
139970
752164
104368
307757
884093
648783
399956
508014
659761
889128
890974
724841
198158
153503
585320
266982
858372
258476
326238
677018
986656
632835
84669
92834
458277
850795
600506
982762
44791
866976
949360
381050
112850
759387
836177
922762
286294
50327
642618
158780
312444
829403
943620
777154
549210
323925
345585
144632
394828
374183
523550
923709
238841
280953
470833
473225
354200
46455
2329
838463
983185
710601
9119
157899
302885
939835
207347
844263
33337
953527
140213
54967
399689
258826
876209
243331
350218
697761
662361
325676
699148
207908
676615
430196
518239
72338
36666
369964
305244
133433
304767
722685
273244
330830
826109
906990
161296
791010
778924
941237
672958
983917
365515
113664
220595
40186
613838
572496
326842
761689
133249
396479
297207
962767
667355
797638
445927
523811
21315
131566
287380
53233
96908
492959
523719
437191
261944
703197
816861
853699
685183
850988
998117
165469
290348
117107
945529
788913
154140
957609
407327
242027
234987
972950
314737
707479
371103
628298
406888
685923
398781
321788
759020
650308
177197
42672
314395
826303
779819
994665
79434
478666
135832
157443
900553
75794
736801
812105
203591
387116
825164
602614
582752
964935
169711
598180
201591
171430
127863
635063
763524
357918
8395
290233
875154
787601
433889
81121
980969
203126
825614
887704
425998
146059
900905
69708
272596
890904
534306
526994
871049
831795
88105
217283
739145
380547
192722
446094
899537
87164
100654
881311
695370
390370
465783
967519
910247
701626
457035
547062
687522
502661
731613
105449
868870
376595
962100
43744
696898
440034
267631
200649
419202
985313
498678
77731
860939
660395
638306
495208
604982
2915
800234
686262
913673
990440
114978
232580
397752
949151
99361
481206
934127
608954
876998
750019
216256
911631
887803
740345
542509
916000
56366
799131
658961
301249
978238
582472
737443
741057
352203
615906
6271
513905
246944
374587
595444
855149
912731
602081
219222
156833
328490
169581
429443
710958
108130
971894
170462
844508
917368
933654
697341
768813
599193
398191
544834
295470
903186
282362
843879
272666
521267
855134
88613
952022
188457
215035
72721
957452
269386
25822
982567
386785
949219
663894
767021
755049
29699
816598
446258
159484
734459
560757
179704
462640
10046
5635
541700
402195
76008
317566
636321
182347
93674
823523
401614
107358
231772
358964
254539
121368
11552
152144
709644
462881
282492
800628
481962
11265
937939
265703
944453
113268
291988
312425
406577
213194
277691
585505
670918
527475
266273
455247
242632
398845
437427
74448
570772
727257
341081
388134
177712
756807
236897
319090
252541
56078
257218
571442
665901
572221
276883
481551
950017
640633
298311
160785
172893
978046
882045
123011
570038
433125
150108
292148
151185
240191
791733
969990
223283
348253
852102
528474
233031
604553
173936
398010
621775
725206
875832
384271
865936
178617
207360
290463
307137
938017
259206
410032
857530
345454
293611
7543
813187
643770
636647
371714
447051
909105
383667
309969
409314
517416
375914
796525
518410
501021
219789
796303
319117
573593
304079
796144
270623
404806
416384
50510
287592
961046
619744
810748
811102
659197
346458
404246
483455
332221
816915
181257
992158
944934
548525
66240
777122
59956
197842
565619
927505
235267
752039
373009
133406
968733
76358
988887
170260
184339
794007
760755
500000
20579
2883
5056
289326
189014
539837
23718
656288
833490
996959
331806
851110
922177
98863
307664
90854
782416
66832
693660
45721
590170
352022
79238
205298
988758
97366
68081
349445
778251
242486
198084
250616
269462
550231
988454
451786
36947
450393
506926
314568
981606
532642
971340
100083
39724
465376
930070
761137
977148
325952
988331
547635
364568
478251
496225
568303
894151
206521
583282
316688
623251
652201
171312
998642
923024
351699
364330
747348
608855
369318
952950
780012
23399
790570
802663
336537
322839
920441
447175
557883
76126
74726
974834
789418
645656
956923
180935
77885
911959
261788
771246
270773
628948
307320
872776
971554
425123
10452
764047
889454
416473
952422
141560
408318
222786
262764
94999
729669
870912
463448
373303
8017
133904
583923
313127
226922
777789
104986
282276
521531
317902
273196
951174
551590
234897
692448
969579
676510
479737
454679
58693
796244
706256
566842
702408
976211
720576
626718
265781
7466
783135
806670
536425
817225
44010
94636
823361
101069
283130
490086
626653
942187
937348
798489
303993
559021
111942
13502
727051
725868
701907
523318
889110
261844
117258
128522
750193
451962
963455
979992
975438
488626
551903
649230
265604
971255
383399
273205
767085
935979
351034
379087
711045
59656
708071
581677
4999
631775
105928
817306
456249
601683
448837
464933
381623
18825
272656
853310
211175
183566
226479
446963
779190
696810
817
237781
744209
240108
359149
957119
205987
317665
842071
903362
379440
559917
26992
690574
729598
477464
274105
668253
215874
866041
536177
573384
33029
969604
22335
737993
978354
269451
507114
221912
416831
794698
712818
47010
643527
358701
266668
689660
863284
391844
430719
116688
427113
601564
392099
859958
744444
119737
465342
782568
464695
976664
118303
459380
596506
74367
585988
50333
17028
73015
519433
802393
608617
379652
262651
146230
531609
629655
939292
544026
834685
455594
339782
327697
461824
192062
507634
984696
392708
646469
118170
731567
780829
307054
339670
121417
571753
570971
49808
733089
794852
845823
91016
305299
871516
71031
630938
979414
911235
5560
946437
853279
759614
725096
23833
871945
733338
678280
26554
764282
79919
422228
728556
890937
788341
362302
166836
422893
709489
874612
812633
108497
391275
768260
22624
219068
741098
682193
369188
356723
940894
548434
495376
132135
67159
283965
538895
349462
757892
243316
545394
381968
540422
776347
313753
932319
869702
631011
377663
177093
507268
674202
849013
162901
779114
642352
741431
909651
387618
744628
344270
775343
250034
719838
359392
903623
981567
275410
184752
379222
393858
999971
116836
254483
767304
791515
921584
575627
630304
78681
822687
742995
168543
926247
810342
197031
170897
957383
203652
619652
302366
204731
748751
393434
906016
549286
886064
630987
143704
128155
414804
738481
62942
757970
851357
887580
362584
81670
670573
663098
315644
658608
847725
816199
220959
241728
222715
979930
486527
117591
401814
679940
749150
620
809600
370041
380917
565067
14504
765740
761288
655303
679864
514954
279309
616478
598638
516465
737578
941858
211265
844387
38784
623675
792020
483885
437731
182850
149459
14420
132287
634784
859411
101415
853188
41583
584142
913734
572742
105217
661070
494417
421491
747768
652182
844934
274901
857511
231133
82436
328998
818049
480322
166080
267007
145470
461290
543026
33497
155681
829287
497420
732846
416174
386275
831987
483651
38398
795170
324957
218384
681720
293474
626521
447959
830176
382951
616125
2940
60317
735240
907435
211614
431823
399478
524651
456269
502549
676763
187130
990741
669722
677419
990459
252277
863713
571804
240858
932580
198817
682288
569728
239220
561491
782862
900239
323499
547259
384019
441544
239116
409417
395106
131195
525594
107490
925371
11487
994035
588054
560299
290991
899162
779056
668621
205341
88696
996956
533058
260797
474674
402253
156124
116887
431241
449159
306379
510521
955106
820592
202596
781286
510930
720928
272059
304149
190859
241532
288283
854005
441452
67008
643390
217217
56111
326599
102655
597457
3940
780577
905699
548965
621596
356213
546720
824410
341402
950687
841580
363307
185402
656974
901643
492045
829206
88041
204995
43222
386658
868441
694766
615281
782931
723505
606459
934018
708193
973958
612608
709154
323940
375131
183090
275349
77572
690238
352462
572035
65700
288867
31320
947795
795044
888071
104992
887936
700512
466140
783272
511336
136422
405987
23099
406898
830052
365388
585273
651433
709201
553744
312452
265178
363969
213401
539640
673481
744256
441793
727700
88984
39301
817381
384170
464243
479446
285647
126321
773506
280672
161097
677013
82555
279275
3250
256949
187358
914424
352655
948335
235357
371087
889822
96903
234133
105421
981136
758782
495662
66938
880700
159453
22015
782343
822448
847926
858143
990533
944150
342314
91369
608174
256378
726763
112418
7755
338016
48653
777722
505344
159556
333495
998316
303439
233126
378647
864578
567417
797087
389298
49210
496729
751941
35014
746540
438861
692769
816998
769330
257182
254058
834623
358425
193593
477208
598467
663076
437441
660228
876438
100562
485344
422242
869184
892124
457428
661803
290406
364327
320686
371051
637033
33112
577616
212792
915167
392604
313004
7397
4164
470883
169940
123137
313739
330109
27521
412603
434019
364868
477195
181087
644250
727000
179866
878498
267018
939680
984724
530753
257453
972738
474705
80895
34298
378221
467951
668286
882491
479427
454948
416335
154676
186625
629514
182430
919588
625619
412498
30397
235146
638948
604771
636186
891918
686335
885822
680579
812173
246685
3462
991653
94905
110377
163437
551924
282142
495515
51284
139191
543387
204140
859793
29668
161796
197168
797120
99598
386483
708381
701024
880144
673669
994734
251918
497289
56621
270938
568716
211294
772327
670876
940710
466807
935449
636080
954355
825236
722033
222532
670193
34191
788258
12103
873563
90573
309253
20946
126663
356012
837624
432973
644012
539604
73142
107955
483460
631480
605933
14824
72450
945965
206123
760173
311595
994175
737067
594429
189347
462990
292387
24552
991267
726756
988150
386492
250972
467450
305779
297566
952450
249299
406855
510073
69357
545957
224773
440361
697316
4150
718057
759640
929736
78851
556817
850942
809828
901468
548046
268728
256475
988
136943
703832
812373
79034
831477
115828
603582
46470
119689
344346
880240
726543
76332
703451
725321
1747
94252
756877
189004
868301
524355
209139
971986
136796
998604
921138
534762
373764
784847
669221
650921
657251
599417
536902
247727
837743
378184
681569
256038
245192
154027
472617
517181
371543
160307
187354
568286
632618
428542
149066
669868
888324
586326
11403
966145
802120
294313
125138
842560
471787
343186
899550
527101
564002
710594
895809
267544
216071
942097
58586
15729
999608
653520
8575
873543
208106
508314
866468
70399
4288
362771
434974
727631
520099
720386
796264
947889
518526
697707
906784
762576
111340
607159
67391
155047
447963
728688
343662
467234
697499
558010
289678
465282
837731
534413
775393
499498
584630
571332
158626
910444
894366
918586
885680
564950
948016
216507
190156
377657
507276
785000
296089
860340
751556
571820
130756
130330
264190
524553
725608
378883
338975
884643
476349
949318
164524
568187
250982
836686
737186
329657
808442
205803
927323
918475
891402
208875
721833
195982
960260
304595
47292
142618
905633
442021
613666
979089
409305
845457
221562
513044
888951
95401
99827
406911
596660
915435
559276
266836
691108
476460
615873
754598
306614
852212
867297
54579
672596
875461
525444
195021
923928
516396
432167
994857
267952
153154
330818
344716
261299
236718
883588
228800
563235
670471
941618
403734
946509
908280
900831
185863
862314
911731
57007
117997
830910
323542
359577
699372
333660
286085
367141
807307
909706
870579
208606
972684
929600
894961
916629
762061
244047
913065
227729
247720
838453
638956
798932
693317
622281
519915
176196
339879
227022
599995
32168
800927
460528
346700
224244
78893
305746
838960
976476
224547
852894
139989
368239
373468
958032
633156
982154
766092
705086
511963
550149
206856
471865
438791
390427
562292
221433
82898
811384
638298
767491
776929
975856
948694
664458
940819
48433
996757
620747
876495
647126
153174
801908
617594
619500
634169
756873
588958
504361
580319
363284
250201
954607
73270
231049
793375
166422
480541
298895
83849
567925
584820
592255
137630
699344
879223
758132
69615
4952
787777
354309
273359
773718
998567
276260
147085
409804
68316
218763
869682
806391
325597
438745
587167
767481
26499
736282
700181
45929
555255
818320
297019
349468
484830
549546
980149
618319
143236
80221
397900
238080
517785
544126
241612
966535
535123
693557
550367
694554
393021
73443
369601
768949
926245
729430
325909
121424
971385
917568
600759
975192
274767
454485
866423
698317
878449
372797
646347
769899
855842
641089
2270
470513
359544
280829
30306
667438
505842
575383
53604
190223
717373
638476
450597
796234
40537
965109
386297
71681
954039
65758
527162
675206
33947
503653
649939
502760
956928
304998
702396
390308
442914
309053
589333
370145
742287
82224
783292
647672
485426
801463
439599
996024
31455
412414
809502
512267
24756
90188
224169
422100
298469
229976
44692
627259
936197
451684
343166
89429
203913
261817
908834
255405
636597
700625
901425
895329
898893
813525
211768
273471
620778
199816
525791
398169
688630
531194
180795
780849
978801
848280
588955
164574
153654
764508
829575
995695
606378
523022
650424
795714
134411
117399
280621
520297
362677
930501
426653
371099
172262
210256
344673
617986
156600
31118
158863
854151
26365
973785
244064
307378
447224
109499
40925
738237
416465
992262
216134
417528
340004
237165
919897
209609
98337
607429
389496
362089
593163
471092
774475
867833
480604
696496
679404
990022
83395
893784
5369
26716
632878
566815
703038
10862
361586
10710
93317
842759
455541
305313
125117
537961
995903
669019
913998
69436
435989
305483
134771
549395
2126
8983
834848
702959
122236
632806
726508
600605
588332
173230
225910
127352
521075
351690
116207
934857
859855
668215
521922
590867
859422
77152
442168
262654
472061
373860
847536
607368
816269
341798
587033
244028
108141
207757
740944
608407
495428
802296
152270
825486
85517
617878
971696
176397
716103
27595
708829
630098
801254
952403
99130
503172
269835
577635
438946
286950
674877
353362
701143
339871
211076
253845
599746
896203
866380
328370
907664
539093
710498
138494
888468
830171
106709
903405
319097
562140
187021
607597
706329
139357
742800
292417
568448
546551
577064
5844
843787
480229
615280
485433
17220
437682
96270
759220
113858
985181
279610
498143
928256
49005
108240
767512
943095
707481
312993
818678
297902
758114
700709
175910
681656
336707
294744
697258
858586
900436
558215
708534
335067
200114
514500
113954
109272
11157
522983
852271
777763
386773
496390
675944
42640
7566
318286
329585
946549
994058
291033
643726
612096
47468
646597
905432
308034
990700
566293
294249
117096
183549
488425
435458
907609
690432
576403
166495
466396
914653
349152
696619
605222
407891
559617
685170
910733
588643
153250
252920
642961
112943
655998
536914
979144
577748
393481
603013
890472
896921
907357
612248
71761
903820
502235
210936
655607
167418
697893
497981
107595
662966
683938
554677
844795
368561
8287
672708
839318
886348
820549
926994
697450
856102
244929
699587
774068
1882
802047
370888
951962
228427
919610
465076
516875
319693
902773
17184
856776
224536
536983
547947
119054
694981
14678
271664
861461
59554
759853
689512
666223
458017
931896
54300
316443
732549
210965
870197
39792
308092
546683
439260
683863
170013
607599
231590
469132
585571
680180
678419
497309
630029
788743
684488
15888
615594
37773
305943
959437
98885
191614
623496
409780
494362
63894
958928
113503
569754
862037
222076
595339
319495
309197
265539
827684
784907
128874
138692
641501
493207
598637
321710
140715
913199
810543
643620
650744
849170
444700
625967
285331
726242
732851
657168
230469
826543
303711
930266
336477
699138
594195
57660
202507
928462
591842
653277
175774
967446
142470
843895
56124
54980
584124
473088
915322
243892
314025
278363
34131
857716
298785
98155
858322
125794
13867
853946
661099
5772
121712
62266
520715
469012
17829
130092
383955
632876
731143
482034
220074
610859
612672
404582
658257
108256
560993
641450
101454
914407
959428
714284
425782
598441
163251
800147
73478
781758
547309
634490
962224
258014
887915
266188
88105
450874
662639
358100
404218
282230
920358
886156
954925
795942
190838
98877
999016
590527
669431
596834
244262
915023
840960
849034
283587
1882
834300
703322
923246
893823
247195
814818
110522
975294
6258
870864
636787
768075
168946
883022
528524
510734
648776
9621
111490
731000
696768
528309
712720
290181
633790
455681
52084
720442
172283
467452
946171
317465
157745
683208
983994
261892
721080
307491
947651
300139
444906
515827
509036
400361
879955
838877
586357
682987
501709
376700
808389
211517
901388
950425
772825
633959
278552
229306
393179
902590
86913
197441
445205
273980
732662
802
59310
866376
554102
614906
31059
202544
818397
444423
844852
228697
438001
787383
689776
311761
620571
416523
329458
166526
568459
248640
888755
722670
794142
604942
63310
784830
65165
656498
214784
344480
834552
396560
456935
395780
947072
712996
891826
478964
383436
285556
234882
282015
302189
234116
208160
802127
680464
265507
374418
433007
41594
260417
163157
587898
653560
957210
734601
855517
446677
206990
512085
684629
778520
327473
814505
797486
310036
363217
311852
911164
213837
771708
987095
276799
141178
449680
664395
821758
296672
992129
13108
190480
699631
226349
312771
265462
760171
614861
647964
571294
316
778702
592100
87474
487278
305270
324553
927189
651937
53114
550476
243713
543255
610814
660492
163282
630946
597072
483033
280027
370045
270429
779679
148328
226471
176860
135977
988017
983515
969941
741972
277428
928759
822293
194911
361119
498314
593879
643305
740115
115258
225398
538337
293159
443742
610091
121033
949236
900506
971047
957292
756107
674900
402260
107213
660467
24950
49821
50046
653944
88889
180447
3157
576972
491145
532764
401750
536645
67373
826872
184525
756707
368332
527663
914856
575432
152554
714529
51633
394901
533301
742454
747006
713807
269617
386456
5006
983410
657192
273623
788980
341878
358952
665570
540175
892714
433695
484389
25071
369173
606943
606977
929150
265016
687875
190784
189139
415996
632804
630745
212183
653784
746728
302015
495216
210051
47036
758023
932796
774913
800981
719310
732727
461819
762058
730295
357114
597199
651366
422989
979377
797022
80560
544173
354732
7070
27289
940521
527071
589373
781085
920664
572456
505465
211514
529102
806763
435374
510074
109867
519968
2398
207530
195394
180917
175863
835871
711057
470026
446716
809634
60118
337350
560484
668527
232389
878559
703997
812407
202529
361058
640798
863426
237256
329460
179447
504431
730222
318018
721191
685392
506461
436015
625588
63407
157150
412615
798347
362641
951829
756803
133754
33980
151029
523578
429372
877563
385572
655239
605212
426267
454761
267828
259837
836509
752097
480761
828926
839943
432905
318674
727104
768311
887213
220865
83406
938889
675539
984810
36394
56205
899814
430382
780463
588304
43026
325321
797675
946316
352739
808006
415594
847696
918602
20553
655276
351202
811549
600564
236492
732278
848308
417021
881255
720156
733184
847774
992975
487361
273999
850230
290879
396126
996942
414041
173014
912425
23038
517742
36629
617945
34144
3641
937092
62898
347907
437129
988521
437823
274274
815444
48578
400150
315075
204910
220169
727965
471706
654078
326950
794824
331259
323820
808705
889706
126708
22155
537890
207208
949290
556943
414009
620597
20296
364252
417025
745614
27051
224884
926142
573600
432735
118006
946013
236261
122192
409144
994339
91024
430396
743568
559464
116512
770948
328372
222757
329900
526701
589136
65286
410189
121863
779762
552466
111073
847122
552403
7999
168680
706953
940904
166147
481526
934506
913537
193261
57163
439774
882012
340118
898901
836193
950231
279458
136150
97485
124114
914792
438453
143247
926513
513474
772069
105423
231008
232595
457489
292331
736312
182131
863915
629822
649539
288577
727679
143950
622534
22
372156
822198
535692
314489
44836
558602
509490
42763
873179
751427
652946
643368
657635
524002
610676
148757
582221
348020
632741
193712
501384
517195
451694
453174
903130
810087
565377
237559
567730
927881
834949
703888
154166
516845
340673
421690
383851
439449
565806
940665
708930
552021
464404
361758
7651
379816
998798
387614
658305
393221
113896
895191
258173
54342
824974
403639
967454
111953
560671
461770
414689
65980
368943
522410
474567
686595
238033
739746
222762
610336
257904
576459
399997
230681
403440
627106
129332
766215
495510
843191
491062
820778
289523
388175
591766
268073
471351
415547
560701
360743
472778
55522
376537
893576
114326
943603
743434
955586
313202
645281
499533
461453
100501
308365
524179
314023
435543
442487
165441
320908
166208
534864
690475
877366
910631
237862
97688
421059
692156
497780
308345
627545
592873
964373
191348
152632
992632
651633
487289
271292
213797
512795
525639
759813
815412
523952
114097
110240
122524
85761
681777
283646
400454
539705
398828
383254
587400
757702
505717
232478
956088
543671
31132
684259
510245
390048
527438
778985
279404
33656
389908
721162
376615
614898
380444
244523
498605
119083
815881
655997
883763
922832
271484
13592
307007
618078
789122
485145
215610
89036
227727
381802
135534
756816
495445
107814
501461
26008
47128
977174
344545
338426
506174
583063
147341
807039
682038
555960
974096
371717
326223
305179
337391
183378
50307
353734
979221
609787
585936
295938
50959
934725
786080
10213
54069
566222
838989
49983
135926
279915
971862
690703
840574
658052
406787
796388
802762
908786
413928
732320
826299
713985
579103
510638
362002
715927
5433
474809
449377
435578
482309
451235
588765
180700
236625
740166
109920
943429
847052
788531
629444
563711
749847
563824
101955
575955
820857
681494
8089
838381
798218
675063
702315
490234
288018
347812
713029
661901
349863
536112
757593
972265
318836
459548
519907
549588
158164
75478
287455
252583
37784
322009
467396
784178
135560
230552
614449
461081
802963
587414
24077
191117
658178
577769
699125
101749
5955
269203
215817
18611
866457
172979
457624
903557
630952
813739
261091
736119
486610
779899
741495
764037
16453
202666
130844
658632
402509
338127
59664
282566
466232
939529
160737
906497
669390
722167
122756
506313
866154
829151
392013
868869
397162
332660
589731
671121
779686
696677
595546
111336
104355
949886
749029
177514
819504
411038
85334
614365
616897
388847
562197
862525
908401
433373
49980
769594
449426
13045
510378
71272
283395
826054
437836
269941
905288
239459
286622
983460
422426
471600
37384
132095
291816
132527
607386
861218
897157
75861
62728
948264
383658
664584
512042
329537
525303
814316
833495
713586
524639
364135
113329
470128
706793
798793
395153
253469
143832
603188
854345
272743
965218
853475
31235
422082
522288
564478
560391
660265
722521
112685
187287
152355
16748
36121
619505
736492
273878
696432
711627
49862
856264
836162
395765
755706
345863
313391
531549
337267
22165
803393
676632
264691
797956
462055
538189
728882
54477
7229
72800
388857
403688
352729
645473
672953
129756
509765
347391
329076
31712
429021
549014
451932
814264
954762
984947
741346
726624
91826
683184
907090
295487
188809
392203
19675
656896
354232
731170
109373
275093
972966
206101
511614
704950
682023
21303
943490
906885
716583
395153
776134
987855
169508
708984
330235
497075
908231
964321
59369
562729
254113
730676
153531
538362
24804
442314
963232
60859
74110
255659
717676
292475
63385
771508
199681
514127
261691
848281
263014
881562
289828
236541
590214
101478
785239
796787
625120
773555
148681
375475
945451
241226
624745
751325
24628
952367
473820
154737
521923
907263
951472
163468
783223
157385
645082
904055
903919
496504
522278
743315
97611
206850
396747
986809
714319
826640
384202
189079
360508
768695
679232
769839
612919
292999
302369
678228
122302
110585
607923
528369
397094
449519
600281
11973
33232
100176
751232
715746
983913
776234
548636
445217
572432
414503
366847
230452
471705
11450
148735
637024
733504
333899
217495
747279
466464
83220
445532
322395
178257
609243
507278
612790
624841
940256
888257
259617
827302
96779
222900
567697
779195
382831
274539
760353
520977
336805
338132
296356
111088
483554
844575
609755
335251
205407
94790
649710
18677
341471
632756
821391
17228
82612
193468
869238
696735
386968
603844
329429
873362
155499
591531
910143
862470
165959
990026
762773
244559
14897
703404
424219
943983
791365
539550
30656
436694
451412
556525
123202
537246
694296
318627
402393
618371
649319
833342
789249
670877
814843
210912
587262
334725
568813
675931
66555
289741
727538
293864
979682
480330
379516
204915
631386
695666
668005
409171
609677
191109
107839
176552
703879
323451
408249
427617
926921
492379
294176
206519
902618
780856
256192
659756
385452
145038
607365
77724
728240
504467
214944
558058
22405
528407
5909
330484
696910
379323
885822
267471
138992
107169
448297
809363
943595
552595
805777
713955
211946
628031
935518
445899
665331
935851
817671
737546
895524
209075
634335
684957
334628
66908
161391
533153
108664
753880
635181
654353
948750
6224
345589
721587
644792
306436
15379
846351
19465
574376
467604
80385
949744
527049
290647
514846
221298
412872
425349
728054
69202
963698
380146
20275
81364
531830
965827
573700
481592
746484
741051
69319
247922
37270
86437
369896
608828
963400
298477
372526
710958
197360
639582
130417
706697
699487
254811
876041
557633
906278
382483
862405
527299
942947
34278
464035
790322
461009
107372
32936
564234
363631
919783
44557
851220
857124
94871
562527
199029
655109
544870
325742
891011
78535
230938
246394
953086
777399
359561
557561
985551
405983
460554
31126
798678
230711
172958
363542
176708
952533
403628
254620
518555
41304
356345
182689
190856
728183
328998
408023
934685
276245
56577
182399
470940
492974
512483
814627
9872
559302
890676
370864
194571
863650
821570
464924
947374
381006
418815
242654
690538
75008
8707
806879
995551
380009
84008
304466
763928
792276
574262
777409
448451
330312
364259
807281
734975
344345
210232
176570
989124
246029
188929
185254
205400
634318
187517
815439
296127
589404
430522
897096
87919
922830
60111
485715
970766
607040
126326
347888
602022
712987
303961
235271
933027
75377
704844
690090
182437
666493
865115
988775
269995
306746
710072
718596
532986
500519
81357
481659
422705
444466
146956
170764
957035
22396
106026
807478
293196
390532
149760
768928
664229
65298
977737
614720
981287
772449
820285
450781
556649
424805
342746
235161
512378
437641
70340
771102
273051
56094
205559
624165
141524
522663
844968
781106
364915
582722
319043
876072
775187
197781
135328
799657
801466
405762
918373
464442
779394
440783
438449
983091
525562
153592
90254
723651
660592
404087
359346
457364
383966
47716
313773
249849
669175
811348
29459
653758
436128
516994
980544
806077
431372
608269
940818
553678
720025
814233
244471
868118
83094
476399
802542
415505
902417
532534
857126
787650
678194
130265
492728
763265
805788
357176
730909
812487
216515
736365
409301
194614
975959
748039
974362
674321
620897
96854
265360
834596
27806
722420
69946
276385
101626
341213
974163
764742
972964
110027
827124
579415
364908
557861
984240
335624
609695
899088
755948
607649
670070
94190
784141
814241
553381
427544
177463
452614
284564
543140
761200
976565
878724
45705
435398
652400
213013
985468
628673
771439
135380
579467
98791
68318
892448
868427
321791
729958
311285
921432
480856
36238
737741
127320
234170
985093
184106
883897
953505
284488
490804
35372
892483
153880
902355
654849
935280
77567
839052
712773
78848
458159
92483
260237
807153
978642
701807
422741
898058
63334
849265
25135
402686
444952
981832
675578
600122
572226
887846
938789
184589
818540
322871
814804
991236
137933
208484
723264
730165
749694
921034
677346
981588
460637
526953
26722
113929
444380
722570
337436
340829
166861
682333
527747
291514
46505
416976
839140
502810
771154
48812
826914
880050
456934
656455
433158
993294
825218
869079
864761
845930
650500
457536
476884
939614
585357
389124
366455
902490
537966
534369
208296
201287
423018
738061
196032
154611
145654
16439
46499
461103
495928
838584
912348
895523
98869
31404
266421
785405
343238
138524
251683
991123
8594
842503
973965
101621
468717
753121
11149
301473
817443
659699
693340
32168
22416
693906
641160
968463
577490
738208
745994
712901
248180
547709
437051
806999
148473
298765
70551
220649
994973
574615
99522
733862
143230
576142
493366
218969
981808
820004
650773
790787
942759
14269
779470
890312
919429
459612
797310
658931
318638
240280
859281
949969
288738
995291
265637
970313
691698
751151
19431
335781
724212
644748
110748
514586
737084
528915
55466
252745
550779
795020
927561
173235
12384
578718
852443
583765
592118
334525
550033
598692
176744
252996
922331
722889
643351
542337
479425
648133
382986
863353
956814
709199
567807
152199
196065
465241
995774
54091
783827
359042
644077
629
597122
896458
6251
440910
473219
220937
972479
959663
540864
272998
898519
627459
739286
710538
295004
293999
725218
726023
182061
321575
644722
126020
770291
976174
762114
975307
249055
923668
887054
372802
571531
358264
984757
959349
239576
614119
651006
124788
961820
246683
224585
299990
949634
989346
649301
262205
739171
848415
550170
280381
672987
768904
519045
715467
328041
897443
600743
966917
293115
871091
949446
582549
877130
171273
16378
888793
405146
490747
134526
659473
793379
408103
501839
366845
761383
905953
732666
936310
748533
330626
707471
542904
796764
35329
751039
318660
66253
691166
330435
615972
312006
905494
728996
962119
325153
244262
414717
136586
634483
542901
834164
626281
607625
427244
395330
124897
277752
561512
713364
392051
704508
225297
186210
306616
750569
217953
326365
392944
288369
519709
748575
620026
166125
241700
800276
922919
303885
470055
179368
281714
310334
45421
896854
930579
248243
841643
184136
737395
468838
551540
860761
763521
821166
452777
511926
671288
275149
680045
566857
856193
217026
653751
972619
578340
282783
77208
324221
160525
422005
166063
528333
714949
268956
919624
378069
656646
315551
633427
411484
302218
924373
457911
78763
301822
160582
109506
638873
738581
296329
476862
920867
21133
754572
491056
394795
204197
557364
994908
550034
495042
767037
582639
333875
101736
669707
109229
417051
834143
87549
312574
704014
114779
500222
527494
706810
388945
581423
874720
184485
797540
630269
551592
568817
592455
617966
651560
787777
566620
624191
132665
573453
582664
685994
712231
455309
401662
349183
865771
847995
980796
122150
515059
446520
390070
589144
531809
488508
930207
586372
417815
375268
394225
116009
202159
716448
492345
47889
726487
779487
886373
384976
233342
470459
377711
31423
132617
290332
320030
480049
34349
909046
228129
611505
298012
745307
636381
103548
160849
835953
713259
312207
96768
861587
144524
213008
499387
800302
642220
491485
774862
425325
318996
995144
934018
224330
26788
723780
998172
384357
348134
413546
161942
698898
733893
960958
246782
136762
261541
909565
204623
526887
369732
73572
422681
830827
500611
159775
96283
677166
866037
893692
442937
477128
939198
27214
752562
411669
376576
690938
887145
201368
304200
187600
371047
323853
456112
319688
410211
836648
21423
348994
401147
959062
71812
291538
624579
575201
310541
78250
752230
856102
207836
480330
75508
840633
197046
915276
902604
663584
772446
550671
35059
483839
459882
277089
280235
966032
948134
699384
382533
20320
88580
204601
319097
207510
494968
382366
642898
827441
373219
981258
671068
412736
297856
829560
568098
294074
325158
666648
693014
237834
779681
604084
788156
315883
975071
39942
594887
721365
458727
690037
539453
107100
921743
15003
737317
793337
106508
548009
615432
634128
368860
327304
712717
256228
847765
128659
134445
425120
367528
380192
303077
611448
403337
713109
710261
202019
852412
879523
273738
345489
607988
80426
270797
663354
594936
774676
424754
39552
527836
199427
779370
912634
156734
585760
464974
533626
601376
328789
335193
634088
160943
494679
434284
355709
790438
237015
687801
782298
136362
833215
572474
934103
966223
425210
884066
170274
731198
354875
279290
819053
172519
26822
485888
691898
349081
853244
730105
677010
701484
385632
291030
940738
826758
778913
487824
273758
114940
162517
729408
706583
971783
786071
337725
221390
581541
59636
702367
504416
179113
638924
935881
329341
630010
283431
397384
534008
642545
45993
624598
121906
924436
643835
664541
920571
854979
832081
587941
248978
163775
821149
973266
417191
414354
731689
12927
440420
837173
656260
410473
964851
322140
472570
936460
472868
59026
973769
789688
937082
301038
56298
655308
743221
809964
775839
935909
781095
633264
561865
425774
794003
678678
548277
661848
300526
743703
950293
6297
85468
909161
678803
401018
725880
507033
880882
97994
33618
800620
512512
624838
828761
583335
894029
542157
427587
342147
782510
114924
146335
202202
669356
486160
4911
918324
506164
470955
986384
958199
159096
994948
287558
144870
150730
688360
907352
468698
530522
476043
539770
113695
408742
708249
461925
437525
741127
632394
270208
980625
908626
565931
856011
588475
82723
607853
672391
740022
676111
993054
14905
20411
515416
916952
581242
585068
843368
508158
520434
198174
922362
12758
855705
592704
403233
298228
413235
269108
605079
924209
480085
990956
620309
757782
14745
559026
340958
994709
684420
676073
377584
601786
207578
51775
875413
903376
657301
91906
661743
27676
772950
583579
529981
886157
58026
189182
781961
728262
43088
311043
662046
599805
355795
463673
654539
65043
530495
982426
829718
340974
441702
9380
978408
66786
803425
846181
550619
248071
953836
15052
207046
561004
12482
613154
54589
77558
322550
269275
693354
572344
424288
987254
303407
450138
541049
216918
481071
871385
679313
717930
954156
575998
926263
467476
842654
354644
946362
932327
94771
80949
318364
47925
377427
569751
198292
643125
923552
217187
546908
901926
577466
243890
433093
174490
267980
550970
404719
311099
27588
127291
846374
314874
936568
403955
806906
263426
197679
521931
750475
781383
989817
814948
877951
243847
505041
470107
803672
249860
532073
396293
66603
280314
553888
359510
452407
512517
710208
671542
528183
44337
499399
909793
799624
650073
327709
325171
977421
204074
154863
257279
797807
189946
810840
235097
990612
896810
889906
351091
193880
269056
848590
108895
949755
659215
934134
98352
880649
126350
895373
989535
93755
447592
551167
776640
774564
167977
785462
509666
605921
983603
191661
344021
233778
32925
559834
34767
991978
441637
474938
821668
998028
104060
239109
819836
626908
183734
944942
825512
686523
736803
552799
632113
241645
559016
605229
485696
80371
30880
438309
418921
117452
883926
327676
805182
848035
572820
301431
416339
90028
16151
132479
259838
578450
562842
775711
93574
686249
842877
148436
198271
343966
487836
643384
146620
691593
951033
428416
261302
33705
975301
86019
127248
965460
212283
947145
519117
877406
580095
974298
38003
877317
446989
131389
426301
37415
424004
717412
536497
19425
896976
509713
405133
137026
707050
633920
668774
264777
508146
922921
997812
788417
521956
294104
722209
411058
479882
829885
211093
120253
186099
988138
687636
950673
574202
999121
596052
622011
693481
186331
485504
623440
261481
523409
183876
819005
971651
600559
996727
747402
474785
576520
91455
130829
645248
446831
100930
337607
492620
48675
176270
744574
357829
502179
235633
991428
518332
86410
491161
761531
319294
682413
95786
866889
553877
913379
780161
264052
292859
185151
29457
351297
867201
525261
215483
989252
388150
404191
234055
491060
546153
395117
826598
29346
250615
175117
780972
246778
548292
828987
909735
178344
944394
991478
45449
166248
958188
779114
782744
692302
936058
509011
47667
51496
471059
281360
409775
472218
105727
900221
718809
474234
68341
126657
925089
309190
431639
825827
181077
797288
846770
308264
145855
142805
866327
123005
338514
99730
861609
813661
352401
483308
620059
639645
542337
178162
52168
791984
914277
983023
23920
754977
904088
86272
415463
882681
428711
676745
409644
446365
977039
263650
809430
672069
465894
724735
615348
815143
532593
707418
725429
317511
213022
965338
398193
494045
927877
476353
235035
631721
777106
550899
16166
456523
830446
304509
625635
376309
880791
684123
343768
230446
636551
929634
509887
722059
150316
236490
359919
607252
934454
324597
111060
819913
232380
521585
189772
633433
343089
99811
376529
784416
810098
442994
619243
20245
629675
551531
763523
338482
501092
700813
174201
131012
511603
83938
222409
648417
801982
77044
816055
58602
566778
77633
141977
445463
473375
391750
142572
303113
179667
614188
620650
891888
109242
792499
305923
602728
183112
884760
127313
3767
237701
563176
43240
2063
876167
234465
760857
308308
654822
606579
487971
553723
448552
488072
713218
154334
775849
986810
350644
234712
577708
843386
885979
884931
723249
138776
107226
978978
396946
978643
794710
690882
324526
584824
833159
249718
407873
12140
735954
204501
113953
723939
280691
298554
293594
650620
53172
804063
544438
457649
590763
860235
715266
674214
109670
15667
450802
996827
707666
378335
391664
523230
635655
814887
766149
543390
838752
820760
623023
722589
603090
746256
36643
428578
303454
69685
202117
60857
50942
414490
684289
377911
796810
494974
216248
884253
968534
305116
206453
822438
819565
932026
244208
244026
790833
549088
146475
310333
170835
463284
776531
771986
11634
892679
92961
204784
86408
218213
120266
717185
788169
366461
689367
923742
991478
507740
401143
462838
136712
746453
833351
626614
751944
917768
558533
284452
732939
105172
616194
569275
526845
944584
940876
172586
426413
475422
386327
266129
944098
644924
984102
868077
342479
906272
266632
868632
22988
603399
259796
572305
656119
22089
61438
867569
383222
196208
962559
616607
593211
478693
190063
927041
241466
927111
21914
245208
444758
176602
588076
827982
980796
89281
774863
500082
68313
772964
596325
479244
976914
918530
491035
460639
117652
230286
156014
546247
865479
169857
638750
112202
193060
49432
963579
463974
811830
243991
656481
6651
885869
334038
131175
419607
597001
145066
580242
523634
82194
143430
789670
558838
18631
890354
575518
867631
719932
179249
865501
806434
283151
786983
447322
743802
280900
345585
180189
121131
488740
823366
525036
682764
905600
42878
155806
328589
655363
675052
558161
24269
447403
509334
89943
582190
141933
640350
597305
956619
150997
607029
309248
237924
135841
979720
501244
231048
688613
706625
548329
816002
765697
515335
743385
562002
340921
677254
32644
684001
338274
604599
736035
619891
923003
621558
801695
905460
362687
753287
169540
138516
110584
716065
911895
630897
803236
362322
184564
219922
36542
593297
7586
935056
284411
919686
881023
402773
450963
774312
257228
455392
122803
549822
576994
31322
831565
910170
384651
906215
598085
694796
349419
32047
568473
75322
704479
604010
868531
836243
740041
301514
429419
477332
676632
850618
173100
34851
712333
58334
510224
576521
660766
797962
102313
662224
103295
589607
871666
179077
45531
771422
264274
738475
63669
867913
207654
879513
795893
181825
521890
707919
59288
309072
619565
697474
656329
145877
951313
425016
6106
656859
404125
974824
968039
703649
931773
38578
524377
164014
400449
313174
801233
569502
163903
826512
300229
344722
238287
51061
979509
73644
268999
880418
347807
80977
274093
19143
922849
37110
641024
296893
722612
899695
435865
253011
604480
997971
196731
417561
100393
427706
999961
193837
190071
801570
441759
638052
239975
85783
611638
771443
746542
369384
126191
448074
256975
549738
420141
560563
638960
79416
788264
168692
996605
860873
596746
124013
501305
518137
583319
56837
111009
958630
100657
952359
398496
367650
488372
80081
601151
598273
91988
961364
516586
506324
580207
806333
730082
312429
854766
115237
537425
514330
33457
318976
57277
240159
655116
274212
164626
470054
5263
333500
335804
785022
169347
965967
289648
748616
808695
967738
434504
775535
847150
558974
859445
235662
606500
257783
55162
960773
154212
134583
211917
864746
517769
192820
99015
510984
439891
952106
721827
255530
939110
238030
61198
925718
266078
687240
36751
593044
72205
598286
964237
937608
424740
420100
208285
468967
190842
146312
940955
385128
371912
667612
42571
164213
101627
508524
426708
785183
450080
947143
891570
531015
717739
579613
780736
241173
489998
564705
561889
91745
438524
620705
377797
71561
434318
709913
936012
343702
502129
311288
250227
767017
159419
296513
479558
150861
212509
158505
985003
296253
729386
302755
969834
255243
793742
939955
380088
528541
649733
93958
881460
459184
699011
980503
149096
339297
799777
614959
928126
655098
806
152938
210788
176019
476570
259217
219430
178826
19717
701191
894238
380744
89597
503275
433155
413108
860359
78055
703042
188842
687043
764151
128599
854125
880739
907340
274995
698682
548683
500063
143873
364151
850480
874058
883056
479683
233395
126642
948398
620796
858195
344307
93570
45174
675505
115409
667257
327447
339480
934728
32142
965981
722460
634339
649410
91737
458284
577341
122703
706191
992971
443951
788265
714467
509948
488051
2925
855801
253270
717262
217503
643915
536783
168392
510415
509784
919751
673156
792085
699627
495680
390250
252884
335067
195570
190178
809310
91488
138681
697728
504625
873676
87706
733264
342992
569572
922169
616222
76785
437069
40510
364133
413917
537595
405826
449964
943041
238254
212383
603804
190971
101890
585828
409180
72327
50563
787313
736441
402020
475443
96139
765298
544207
883614
951400
121496
875096
693937
327268
193691
802170
239958
782360
974227
551410
546639
499044
180168
908121
73530
899429
852592
854955
144291
793555
738749
235926
599474
522996
721292
846493
380801
341694
501553
740058
363547
9431
986368
557269
825306
104851
263709
802865
767598
860988
537602
42671
751057
461073
594595
909098
425520
121267
84872
745704
476710
183907
256181
284296
733015
985818
396202
326868
624576
420833
209713
424768
942018
182444
331128
649032
839989
142074
428123
254245
680246
367441
798522
551509
709363
61511
302852
153453
539407
386167
18702
326215
730649
171569
191318
699669
855065
316805
920654
275060
23289
153327
862725
643098
499139
809879
212413
39157
457455
39461
126865
147828
560802
576107
324253
63280
623047
686412
281390
650089
636853
580686
653743
274663
685650
40070
453572
825299
270112
271912
921445
563856
632550
238241
606179
644023
124867
728519
246888
147064
271714
596430
536436
114991
69440
633408
139816
453224
696920
714960
742627
532762
48266
378661
240806
204649
972243
948809
975401
102671
204906
312057
819986
915576
346547
842406
552079
963723
660170
705170
800053
198065
469989
133672
204289
906351
229811
947084
658408
110771
107630
169194
715352
169672
970220
24626
766151
292737
619038
156691
24504
667862
18363
388032
232379
167906
894287
605759
246746
659028
861124
458445
939975
115036
345789
725850
733738
539067
773667
495579
577283
920
71910
24021
364573
924693
503354
153377
757006
589682
358825
901002
888839
816505
111938
76952
593438
348865
101967
637442
195345
989564
404350
803268
899801
388699
462330
556235
286743
259101
206609
948699
69173
932689
678366
117265
418653
720387
664455
127287
278438
175483
882630
456635
341185
110415
562660
611846
558693
419430
920910
224593
215262
207425
447038
294129
324096
794463
711711
576198
458304
439035
856707
722099
806553
581479
554658
428643
293033
421329
59081
286598
321563
855640
723774
331031
601873
865094
690956
716487
862902
371590
41685
820574
785256
681385
253096
166457
909528
18410
415838
800965
101996
531350
398808
446364
719565
391242
874177
955291
194266
470391
99911
544903
329219
823252
280185
333491
892439
335464
835066
889026
534452
237403
10264
445273
817074
454659
716725
35530
951037
789175
504906
859506
935254
519018
642225
686978
786075
153356
375487
910250
306787
465026
968648
254127
465137
797552
387656
402940
199233
107453
981516
786961
639731
238336
975433
185171
862340
241491
949778
787547
615333
408975
863058
262577
44058
235496
25109
681451
760977
997455
335251
261536
416401
888209
97201
540914
19299
561745
729203
210342
846994
723078
88248
159131
801727
972631
461349
482153
303714
959562
14509
845650
369580
212581
442666
238377
730053
124660
77393
542981
589311
636758
246295
322552
763917
142677
307038
571629
158931
375958
807598
741850
438182
283372
947862
688620
653980
634627
466586
169289
193864
531309
469568
348609
582118
927113
952348
903209
539998
320603
794818
258178
935801
230564
474131
102574
126634
900755
310080
707678
145087
751434
839747
88459
432602
710865
334780
92825
911496
4948
547665
494176
818205
306063
476103
990696
814186
560168
123474
830829
354129
941850
41759
343679
721314
124997
963127
455329
907960
283802
688502
379919
829490
38135
748042
464661
513817
362934
546249
913551
226603
929690
45953
977128
250145
469858
739225
817088
206648
698447
879750
718749
34591
394902
652256
142151
12769
270679
391099
7843
732299
243986
959119
781438
624590
490925
349985
297106
57831
48658
313464
704952
378422
186357
388587
322212
920086
676483
602441
150412
739376
822386
310611
439054
277210
859841
732396
480888
500144
499349
922395
763018
423553
625935
306594
909283
169596
943100
865486
565142
120390
864846
607780
411864
516034
714397
857267
219991
387532
547282
963104
544802
458740
644771
748487
611014
19717
346481
476364
671857
304754
678086
892649
605724
716395
237689
296045
802114
356501
761148
577291
94432
300563
206104
879572
548401
277276
974762
64355
707081
390679
190068
59493
757447
279610
707650
995806
178155
244416
233081
362005
54250
329978
751055
504667
69472
190367
274385
358688
361040
643665
459221
266184
420946
896030
199779
270510
102501
198766
346434
32076
724172
34770
449789
597758
831225
573765
774209
793929
133431
732340
833987
14564
701460
591141
167063
110350
650860
756150
977479
556058
345330
23414
337082
827790
559088
472568
491747
487991
162810
310629
649731
920634
967667
171069
362215
75371
567700
237109
172578
751109
451566
19929
821527
964922
410836
81640
249650
426391
782415
659184
286280
597983
110984
734910
40621
80096
836812
861369
948489
552197
529945
624059
624894
793051
821375
129547
392742
563656
980302
788376
891552
617565
630684
888111
696401
446618
771481
974652
921242
262650
400858
704760
123820
619290
616794
594318
72417
736655
765619
453019
117928
551459
324126
198953
377011
473670
455661
429150
31299
147420
466514
826395
191443
325001
132329
428101
718316
542813
56190
586402
729820
441370
565252
896206
72499
174815
147444
6308
529328
53438
860145
267090
168913
770526
354675
354390
427862
848500
154558
160537
906130
761195
823414
722428
23846
669973
533923
518687
172361
254176
217904
244787
763535
513964
145361
641417
596710
582188
991906
891565
388850
499388
916670
965733
688368
53500
501362
742617
171041
967936
961136
154992
859552
395616
452083
338070
478177
805410
268442
348472
461332
748843
463202
352585
416023
253657
94431
528850
838642
240805
742563
891711
476940
324946
502078
368627
712870
520379
196179
107191
375332
493047
733302
583861
114462
361159
331968
445968
870290
294462
218668
614218
294774
966472
720742
951790
272739
868581
590291
65051
22020
634996
604188
855399
773924
619910
419924
960915
961960
821858
869525
758943
831670
342283
392187
234005
276560
157756
65655
201462
769281
281507
245497
342602
322503
126011
268851
841225
564741
104681
206142
973387
564443
974115
56862
804727
358989
634928
919386
76195
231645
55039
825486
211578
898869
665658
151791
886154
460876
509557
234670
208120
734747
190853
420847
339097
45251
945601
628450
820987
591755
373126
351883
823364
589890
119886
731135
453818
920841
311060
871902
372965
170671
226974
102645
218610
902484
668648
831788
623085
217469
848965
130131
162909
396467
811667
944450
184152
750618
524594
156182
23696
453979
313600
966767
517660
49306
556145
366379
510061
376062
300009
586453
738271
366958
416948
406576
212777
730837
460729
128829
900935
505144
436307
450729
456753
133566
365752
357160
435228
777174
157890
297160
578827
768959
576418
326124
56474
57907
493582