586812
477312
178637
69941
134406
706432
993901
975400
268877
235218
898788
872002
546799
642853
423769
105892
842466
202892
645322
430077
94699
135752
91566
299906
726850
753245
713810
132659
34767
81027
219712
815290
159331
62210
516407
129858
479729
811079
199648
540945
176115
235125
18480
574306
37246
512116
950915
784440
840620
685057
164669
294639
930381
147729
471502
341833
815846
353093
546134
203389
903763
9266
370040
822313
182748
45905
56357
575823
292754
910858
152876
21346
79519
279692
743853
372326
752886
225717
467066
855640
617137
583016
777604
186261
49075
186983
817884
452958
651490
129397
208310
944294
478102
616547
323595
271519
862493
896228
962404
791860
334522
940464
833211
397774
522855
72330
742616
233375
252554
333519
503777
804594
807292
197272
864253
767405
610496
249736
425674
222647
440847
267747
377192
98803
512728
824475
696011
764539
460642
628847
303545
105574
826102
713617
376974
278713
205572
31782
476987
712550
772357
535906
676769
573509
701710
538244
942001
702259
41155
84788
140500
615221
585395
216651
63547
445417
447631
744547
374493
420066
437739
877074
563633
929216
784244
469389
930694
457794
806575
108740
73736
97053
541859
568688
487319
214013
18018
279962
693558
341275
445498
333451
132916
294425
696092
30714
958523
768089
852512
142408
955247
894349
279629
123552
58347
883139
413738
927777
319384
647976
766895
689242
305265
983819
331958
756297
671350
61220
426406
61562
829938
91896
587
952773
184439
480151
435167
362271
51200
349857
200636
376654
701937
839226
439687
236521
233318
428202
561668
761802
199819
687864
789140
573870
440484
324804
188452
287083
582618
545864
636894
926202
569694
292322
26480
4831
665952
877488
11238
352997
959161
27368
562966
340411
988094
706267
629732
503853
124993
447748
895453
55059
179776
137690
740898
716017
179643
582088
796121
875906
163288
213866
189414
156315
801857
479122
862861
290107
813113
928123
279153
90092
453525
422970
690369
309776
874156
560222
619443
110046
117932
547992
131207
738943
365494
464335
819877
972257
992303
273902
325884
907987
746867
697496
952344
558175
711818
772904
245908
969610
354721
408775
33663
40874
703325
872986
273729
109989
383446
965222
126379
91212
498555
719897
526123
324209
694223
722823
625691
287448
109276
174028
418822
481027
8867
889488
884026
699945
67976
261838
323495
26370
681362
825525
332469
602567
114950
544323
137769
81646
859399
241904
91896
640497
771345
524625
228447
906300
376414
232683
127694
941624
711245
956537
467426
208273
403045
481550
376415
133920
501470
937463
488815
386689
657496
796615
883876
937136
654463
278071
483785
457401
781684
98526
85642
281738
595548
173652
272275
713463
626004
238003
121656
48919
795411
21319
244539
923633
846640
484034
891027
367092
292784
586058
631079
93249
164548
130532
554177
734422
179990
525081
320275
405538
448663
479412
160887
759602
801395
727398
508423
633127
711491
596904
316693
85990
433146
262101
899966
291801
371250
77054
984119
562347
152148
510828
311064
828008
371443
929067
290736
420282
403612
903309
113072
131812
108285
384229
775653
935205
819555
859660
509910
339145
918603
322837
672314
846259
201504
618389
429399
439887
851748
20094
404122
281200
991660
517609
400949
418966
152288
248262
178354
203469
851121
597208
83470
203313
90752
637897
252922
511802
199380
455201
337357
29335
261720
880269
232922
786886
17305
19811
830493
787210
395862
812230
199269
28728
219241
110573
564673
879016
975403
360430
133105
16219
23122
65266
256069
670949
240195
908880
850953
786887
299949
115166
864613
383075
771429
233130
345265
689819
943297
416372
406746
971469
896758
331405
90977
267142
520590
820646
780852
11373
6915
842609
123328
446518
48163
462004
877247
530910
373044
908908
719043
807533
356300
416301
35805
497583
171627
413423
410278
415592
118883
709047
624618
165190
223746
837095
794295
958545
545256
270894
677026
983657
878041
485094
850221
450505
452994
60746
611374
38927
30780
405348
807582
78718
470468
234363
37174
148574
315406
590817
32816
927818
932717
346671
600790
106999
649822
49827
498924
713176
249395
968847
965470
557962
724562
719864
534530
36051
118911
681941
680079
848483
986067
993829
762653
954478
668986
25747
603558
14946
521327
370405
714002
6815
489343
606921
931644
25869
190387
393247
469005
159096
240202
907403
349207
98723
505206
908481
88213
342504
1412
62457
456430
330341
219047
825907
3060
547439
805835
377341
491686
591819
169003
562722
893989
832298
16150
33575
350289
76338
164909
504653
661221
297541
922102
467710
289817
168552
207778
417660
544980
531019
311220
656026
471544
642669
705445
716675
410353
341553
260932
804844
235390
567549
737849
407267
223086
439622
469568
451036
174305
254252
369731
952089
892466
811736
898247
484837
915180
107180
695419
754577
952017
903077
326067
651499
866483
123653
95906
450585
682307
228111
551474
335817
987937
830740
859491
1312
905505
248380
206705
883343
881616
639606
649389
37486
530368
319902
228750
55426
825020
949897
457624
748679
810163
718469
149882
381176
659930
835445
746519
773041
558150
440125
287645
283272
242526
289375
815319
852338
487076
463255
6138
282570
279444
204150
896171
761877
757893
706642
726307
694555
263053
543343
380349
608525
372044
542969
539813
688705
606941
415405
171317
291967
635576
147739
115339
528679
841824
968999
607150
524541
355471
165498
677298
650703
419535
941401
145912
92614
860087
295807
920346
264603
401166
640358
68660
199609
855917
798705
911647
505652
163584
88269
89380
147268
998210
72888
284942
497588
74266
989626
804759
931183
263544
485801
785658
422654
475455
580738
452257
650360
597791
627300
361871
875156
232730
35410
914313
841199
575402
383273
507516
751396
775300
32558
864227
790456
397096
825179
613627
567101
398970
518396
652580
748457
143398
644770
94280
383614
469805
304759
999515
397504
646833
55823
887383
977521
864362
218334
635576
666884
505505
269428
719003
333472
257118
739863
511767
266095
381717
856157
132878
532576
343529
169813
695914
205018
313806
629800
69191
410387
237910
106004
817269
889171
859867
52943
112665
634687
378765
651795
3133
183649
287044
85777
412896
631820
857436
965136
258590
737826
587908
636422
758697
17689
989742
346479
891716
530924
766438
11633
924611
67284
782609
293631
55049
969565
94171
169594
72481
619502
235498
945732
959682
365360
693133
636281
645877
56613
428886
324560
368019
373085
691395
368988
399978
755638
964173
853384
264319
232296
245569
641827
768962
450838
786515
835889
77892
251670
660859
186872
797442
937169
864206
710756
68003
563655
267595
562983
616682
339971
410842
633325
288711
60949
667542
648522
354991
496495
450202
862369
371038
307298
521518
928313
980439
922
975469
160244
639898
597225
215094
299867
717136
761414
894542
489594
649652
952996
325665
691916
845123
530234
367124
468316
387116
780139
384123
346469
7418
289201
717383
434475
201543
293680
82850
860025
795639
126221
313282
130713
445955
918042
496403
131438
929321
79331
840676
616257
367879
417066
645533
161288
380031
837860
232871
350790
371213
980730
575224
784815
716521
773965
870079
709018
987784
773208
722980
233178
409896
120409
826173
87267
646777
807831
102260
192694
881235
539808
772251
969053
845753
680667
802288
419093
655784
783272
9983
236129
103218
776428
649832
7264
165651
457874
513746
586306
610685
962422
695121
591537
319784
491310
720969
199238
266387
934972
360685
712653
33909
21205
874063
790087
890858
51075
114753
386868
157370
239682
19195
254858
637007
326961
904220
55541
776804
230216
498807
992200
143217
248647
105546
997022
967549
332191
5153
957448
11251
342603
584102
755160
315877
249223
870801
94277
19249
105605
222738
976567
59857
57951
821401
796757
239015
516427
432456
314654
795718
596574
456556
808916
478896
527991
806353
955059
911014
586392
745611
37583
375709
192905
84770
145342
487215
715986
7377
979223
355005
707827
522471
882339
299109
747552
781191
918451
49848
17145
643291
674816
894408
346823
361421
177086
161981
330405
572839
933080
454986
203455
336103
209674
981354
269717
112900
134755
570950
708509
290431
563476
309252
670238
246551
270170
39282
416011
395275
357330
508811
402990
201714
806321
694640
23779
995598
211431
307977
723189
292422
263882
165222
986033
20152
910009
259548
506248
827768
163588
465508
739242
988961
263837
733434
559779
138348
134607
662715
480187
361746
727519
260231
893095
480147
378212
955138
452295
633231
289099
94782
480304
735482
575316
458488
796393
160680
631764
761430
40057
130556
567802
746647
126380
772150
284868
485524
810021
905870
729657
372896
334177
324921
45932
527882
925884
866129
227146
427361
83434
62343
861813
753280
688083
141034
321978
764407
149662
25414
572706
279715
338814
967058
493798
593904
751360
697081
421790
546640
156062
215128
128679
549806
219947
938417
577447
48370
143812
801242
616297
572748
397648
767854
220167
390869
329059
34132
449151
444871
714050
418059
542601
488607
860315
700956
524775
523695
864546
609567
339613
851271
319046
471322
874916
680072
668556
398204
255860
886060
636797
658310
295164
243446
114901
249749
472248
600726
290075
212927
636043
590016
93373
237895
279955
721411
855105
930103
174419
13367
318171
574491
413538
584732
244035
934967
351340
870967
439834
552632
815839
201848
962062
167959
114497
992081
254530
709471
837964
744361
302644
909196
624618
109589
833408
799042
179093
631445
420056
82008
976829
398277
893576
813493
372552
498384
693731
710015
511152
843882
571305
438528
946126
807928
691365
947280
593276
723701
776202
432386
559300
199083
134479
707289
263125
15407
64126
331671
961491
576780
979563
71857
161411
522171
697439
402203
712407
723376
980781
418795
563500
168641
515725
833212
651828
835673
523717
511260
443408
123452
8416
104016
896021
361689
666740
825362
3595
569214
23386
686318
816253
596032
378799
470442
265200
747605
979921
554008
695953
966244
363691
522827
465073
12917
524743
107023
712961
427525
873677
291902
110621
664902
4913
778597
84326
368117
827355
223486
833804
945255
762679
33518
829798
982732
357849
184655
485602
532398
719672
747977
682148
814493
312870
968968
587473
553387
40437
649603
388547
504078
192035
89529
530257
901896
192857
527051
469598
974445
884452
978085
251218
623481
855522
577591
729943
708403
751823
55473
439894
192320
176163
149350
464738
378639
522726
839698
551004
977624
722741
170869
501572
525739
585739
767559
46293
187961
191722
192015
366959
704633
205476
509746
431809
14793
495509
149933
561826
599846
141667
160884
524366
122181
181861
265911
752091
716066
362203
243914
46553
847011
674106
679737
443541
69216
758161
339653
494111
909691
316355
630957
397436
471977
559381
650182
730947
674094
892427
323327
517323
764609
659787
777063
607444
12265
288391
335167
859037
137101
445141
15486
710621
293290
769801
678681
524394
670447
980000
405394
347853
672349
10956
411458
601305
58233
25513
511027
353452
265735
626809
292353
92422
728387
946644
629558
793701
191389
499691
745429
242885
926918
403306
721473
276098
957792
266481
821323
826587
911296
819274
978729
199518
462508
761708
951074
100992
487574
963724
860552
458331
946392
555169
693352
309340
850040
419858
71957
412065
50991
651144
48629
473995
749598
861969
216108
96914
340945
596679
866608
447826
370127
206224
256322
690959
80578
278589
143517
658136
458387
363712
719741
71806
346046
839569
120343
46041
504656
912612
539921
563304
952061
213422
840154
248121
773408
507179
666828
583862
235952
199408
324708
655623
666430
802128
112161
628517
133182
53347
606666
721927
236502
521638
838302
664946
21650
203794
758530
236285
372443
634964
690059
700237
553206
220535
96110
782752
540421
737638
900335
997522
239428
558547
223327
810994
931753
11098
489611
10442
634233
845288
261146
537473
708702
891633
528102
186851
273574
622818
143517
833209
923346
434366
124461
622980
702424
89064
940562
239762
755255
263177
836568
929159
303574
329817
102331
107370
195825
996856
855472
428134
135381
226887
350300
550517
512217
126332
932390
237223
872256
842295
820371
104381
531058
798358
464
940031
8552
202741
354701
918168
739832
701497
733765
925702
100647
444685
753288
613684
114323
79284
185578
752534
407471
630418
638086
834566
324833
194363
425122
797192
978002
135768
600908
998685
518710
355352
496553
404033
147679
750656
293623
751554
158092
432229
552821
812218
967211
343239
633685
619024
792517
667146
304387
126562
137467
309112
618707
699298
502468
446711
255935
782796
389543
680663
842847
630198
178431
20978
829781
35789
985318
916255
881002
451438
641703
639371
966174
319821
948361
151788
469245
226830
307453
888
455635
150390
390898
700840
208794
43720
702520
687268
512113
633122
111369
955194
304342
473404
603306
653966
209587
791472
443430
71505
600332
893588
305764
278291
338361
283687
754874
727883
124093
311793
96956
66814
644524
490756
345444
181170
582401
994099
142681
969095
815017
866201
71875
367481
928332
206451
53037
632809
215115
477732
675077
492972
861212
645849
707483
401889
613561
323097
309674
735747
49851
337156
24881
582732
64060
652767
261455
524262
130133
997923
623995
52428
615576
730651
382257
448157
262815
815477
221072
610714
234776
92958
902643
529875
881058
91169
167947
246795
789792
211452
145809
485982
136551
554382
985135
495231
584708
203022
466240
749482
377725
321036
95441
303567
626614
604951
415888
788010
27039
27491
734317
424477
161915
177778
282932
553952
833832
624653
768912
662013
387670
365647
265081
442217
899631
861928
208563
225674
939409
17998
465787
439340
405839
213720
446264
911913
575735
362511
931173
150402
341245
362047
225672
37103
180061
472967
170601
872513
871656
371917
730978
389405
647854
407930
262634
939874
336786
23299
226010
245730
907204
913312
821380
921190
212616
468864
139952
79433
955505
600960
832339
764993
89065
616559
89199
727464
590930
182016
674369
915993
35607
114656
232153
700268
785383
853055
218164
565938
673915
845735
482662
3105
478068
619860
196975
887218
599257
919335
914137
960706
918137
74215
716986
363768
281420
132123
911283
44400
804894
792703
645155
430292
266520
972783
581068
143802
714112
992354
250456
80432
847481
59312
249306
298549
323548
327284
607807
491317
45073
726238
967205
249316
207005
974760
36406
385662
802280
799611
175891
381252
957822
409810
197540
493108
407692
21987
240714
339511
63371
67694
165711
857803
643926
554281
93523
712010
65426
415115
797644
940914
610354
668058
644408
997306
73668
715034
280671
224988
693567
935487
331468
876009
182795
809153
771062
375626
273956
326331
504782
54438
476475
697500
113667
178221
514534
344068
65779
594527
970530
422782
632888
663588
99011
740147
669912
147185
18442
803669
920101
379706
331563
396236
161237
501463
373511
124483
398007
12690
353978
605401
448530
572682
428285
866862
145416
140262
847725
810653
645527
984518
118542
909497
472730
291119
726592
901300
19740
724416
40562
451968
241099
460045
347703
219051
166295
646224
276092
597161
185950
682512
789437
644027
299593
120483
794158
77015
927206
567777
338974
288051
868933
635954
385029
91291
57445
783595
839624
284689
923822
437810
196992
732158
406785
466536
557983
494924
224266
551560
163840
220810
724144
986801
274671
402161
134004
271327
974579
118221
557596
232432
684410
351964
361783
910720
489221
72178
700324
468297
620504
118933
714550
937140
85504
295003
428428
444225
341577
409597
526202
359617
904176
438929
131035
903049
888208
228889
557622
748225
47846
919059
266739
7034
843728
206184
913496
647055
745206
260214
959602
154999
527880
428072
920557
290433
561399
658771
857179
273405
387048
569652
773165
796141
621889
307036
48388
998808
663569
304642
19275
8107
430666
457705
249159
645008
208562
496464
426384
508887
677131
945260
650906
766617
498292
335926
893630
28898
405544
198092
837537
343906
454344
899770
887625
831952
184793
221948
326441
251134
673615
345459
708103
49820
400356
760527
895977
624106
112330
650872
827439
78071
58435
683294
848638
93377
803400
79377
63478
701358
157693
639337
825119
92912
348303
660955
246684
289250
768232
557183
995035
728331
722475
337746
882304
213285
699489
983742
246031
800173
756649
83367
895729
589850
811074
250893
37682
404811
572722
226759
416929
148110
208712
457111
818634
423445
599463
995184
684963
841705
83952
438310
190284
845330
670645
330696
24414
819061
133350
738749
369567
214974
792508
302080
74269
404251
559661
179853
744205
65766
620459
251520
553705
581276
901760
549216
538604
429333
158847
127992
281393
95996
159571
74087
820039
84929
686134
897449
188086
218443
615111
155847
97881
256052
257926
208697
172316
757774
495407
70743
339767
499950
158076
790608
58457
155979
612766
68162
118153
626797
741037
124438
145294
343099
503830
387689
174512
273480
38335
200798
377071
419115
3169
398248
724251
412732
185087
639756
915568
873854
135696
461555
16689
718794
852962
498962
307999
414176
633002
243933
979074
886372
499565
941618
487067
357067
949455
152585
521552
23279
266653
797396
769901
313645
982781
687452
972722
560211
548183
202297
640160
18485
865099
467594
334692
256117
355741
111737
745484
92902
870873
129195
731000
457035
363027
374571
561755
938114
185643
540586
60530
561479
906948
962811
384477
397308
306721
807026
481306
500233
171053
580142
58206
265883
692220
329014
123180
13322
858364
315603
354239
113047
959556
456193
86744
803710
50785
545770
480789
32271
839096
236155
79961
128418
149605
949700
525336
402391
675589
69575
353165
747894
97611
383604
376321
827303
21559
191956
983759
745284
961861
511326
530400
117673
715814
319279
208371
567668
739818
976870
437785
779906
943711
803309
922918
154649
228034
881900
98772
847266
452344
30793
348854
990055
442499
671624
223771
781285
958771
209942
709635
847175
580809
977980
568662
813940
367703
985735
508570
254646
99911
652991
920941
3466
947234
197624
483740
516386
273297
672978
27677
951221
107414
420959
938838
199738
115416
840876
290427
34577
154633
934918
220264
926253
444656
718062
453270
357466
387389
909341
147941
544161
360087
263249
631661
553048
145870
472389
9132
49548
765079
711170
457609
887016
779437
119870
838998
702651
731193
404780
72168
198305
962643
346277
517686
743320
903445
907507
323472
659313
163755
944197
156491
613769
503392
982217
821170
861999
665334
243787
74672
695890
635618
458949
332379
290262
666233
173435
965063
696704
972232
426722
908956
947166
90412
408804
375339
221864
702782
649553
53872
756678
81544
645483
789029
197355
495710
846702
165227
609405
90473
483719
406015
371579
138039
225574
77944
236459
187323
162635
553619
819602
253851
938337
661343
668975
146580
575293
945566
630078
629426
433999
858233
874963
158090
253631
524969
474306
368059
41522
821532
185057
223075
158125
894874
737988
255344
424268
497632
392675
276942
203589
703020
387561
803856
512829
457362
174483
736607
188210
277709
612262
248914
587474
534429
49541
366537
199406
987010
830419
918580
65346
835787
881288
379190
629249
31779
37042
215963
793895
667989
245457
920064
379959
167588
65758
950026
703701
931110
634962
850090
420808
996657
417848
851559
235787
206236
936024
806214
715472
358714
934561
21601
28325
989978
612278
116025
572459
695053
956842
528256
703420
417742
155733
542289
521287
639423
395583
218843
704494
328204
857217
639839
291550
963737
16171
910290
792581
992685
537746
990559
46683
608976
633826
203343
618864
63255
472335
816666
553193
104029
99884
181845
671272
260827
604240
627762
604888
507597
929611
761266
715144
626149
342839
811736
974484
646836
972233
871040
227638
254532
774727
31354
339192
317206
93825
144062
339402
632500
200616
166930
910810
870983
334825
989688
54201
422362
227565
837822
389384
103054
380695
708903
322570
664598
89751
254900
943874
455150
444070
168915
40751
432902
761013
417659
729430
749804
989064
131350
418630
17305
226980
968892
118578
104261
599945
862296
813165
200231
913681
421793
799205
376750
612990
482278
6671
786704
698195
410477
978852
682854
526249
643025
403549
483580
95628
192209
379894
119491
819491
255328
497477
904741
215428
417727
163919
290309
91464
8777
351392
673058
764376
654618
727720
101130
904713
69369
278107
175890
264782
613215
309242
378065
431437
253684
942703
489245
344705
861809
869728
550947
398341
629979
168977
561022
438490
573448
294575
198740
54681
432603
91066
915042
485130
531007
285375
980207
446273
664680
865889
892223
11140
399672
842639
732399
912338
514838
903374
664113
403473
838982
440592
736119
725887
84344
581649
88237
268426
216169
808480
982816
115545
590469
262415
664555
102547
953215
479884
486440
16317
39848
628134
691749
720735
565715
632356
312404
900470
227057
752797
151622
806314
80177
46663
189162
707235
830720
603282
948094
756260
341834
293358
673765
334349
180780
87226
479971
297911
258009
804358
580060
146007
892722
725836
284988
615444
316459
743398
880274
648273
93552
683666
824017
441141
967593
374456
588175
582947
573548
210335
12744
347164
882171
58064
430696
16304
692306
490737
541409
415685
430087
551697
902462
852822
20333
494587
953271
939425
304788
643198
158706
592881
654477
381204
948255
349083
451047
655771
390024
838733
707234
81840
412657
128936
758664
242928
486249
320058
784928
711237
621457
575078
794975
11198
385554
179065
116924
231696
427839
794731
939899
562362
628573
833176
13464
620653
674001
890775
229302
175886
95838
217050
194324
70337
817345
684681
554253
163128
382690
418677
206080
189658
508012
140583
200016
132259
216075
150594
835371
441637
946502
913105
985204
202435
456107
499571
695636
596185
941060
770916
120758
512914
484762
986988
554863
367009
824357
666198
410418
170855
490959
489397
701242
852939
358941
660302
83614
464352
484420
113808
447238
951036
256024
780825
809041
310562
927972
107645
364364
375219
678367
421409
8799
594106
40088
673399
314433
290305
178358
490916
818767
434696
788149
243754
54368
464876
72896
6076
402195
774167
495483
605800
550608
823257
390859
664755
559058
273452
587554
695825
54207
65122
205536
837721
846359
916784
937938
651011
14067
312843
46662
850771
184066
406484
858130
743662
60248
582397
557907
694741
660739
163541
694726
611162
58458
429136
447384
173648
59712
663069
458352
579597
684501
519721
214465
241539
715074
562437
608871
567054
73483
210697
609979
803473
350089
371538
216921
626360
15285
733658
899389
524620
463950
268760
656908
630514
292264
278182
445925
334981
519116
869505
924551
209815
563671
461103
706979
698314
457325
501250
545558
289107
4174
145342
178582
78024
618296
878059
570137
290579
578144
187581
238590
772373
663628
190395
532320
239382
34997
31805
614096
762382
418159
79718
961061
132848
913627
841405
679895
485406
965226
147152
477845
634763
219407
967559
990675
38730
199772
43316
413685
768154
626613
288785
461149
71926
270201
556746
205623
416452
969226
566932
379642
761412
762210
765215
829098
377807
805386
467022
111077
696001
893829
777607
68020
757393
104048
617291
911186
856502
767753
364226
86924
259978
17567
280746
5863
210738
928525
814479
494549
601329
373576
8928
187202
735886
873061
131897
688030
833690
799673
745244
614752
938177
629207
605040
873652
190535
207663
929432
755264
812567
729945
516311
1086
863304
301374
297281
348093
264988
313736
784955
194461
230788
161516
816671
553729
662305
788160
78370
460022
373942
811698
298310
689316
451573
518695
479011
842734
614746
430378
453550
332220
427773
185228
345296
241628
762797
274232
872857
477555
61652
919913
467216
128842
20805
300221
807063
377074
127537
540357
397101
95282
222246
570753
262478
580481
982739
275656
860607
323748
646750
328127
899641
745720
820659
955518
838637
511182
353557
127486
646219
629723
24493
51867
370218
907383
38797
387450
824829
69612
324584
65190
560643
863400
881637
358533
653750
859521
994439
591229
708047
119279
583129
753163
562961
943676
948234
359743
791523
185750
548638
474115
317063
811707
534748
894422
235707
51100
96696
963619
817767
790147
25571
134099
414965
336228
556997
810791
448402
940905
775564
908031
717090
526294
745577
823546
504695
841774
422487
664118
481518
541586
171935
412540
772425
331547
679549
570198
605935
326831
718732
693251
4892
550270
151155
950717
849724
793980
598979
877381
440779
250336
200184
959698
375333
928271
57668
272945
805793
783084
27503
251407
750515
15328
762532
151730
546240
649802
114081
679844
148983
749720
745603
525140
295978
568147
908879
948372
436563
23232
999130
648124
928438
792646
663393
909057
331497
19979
492678
303702
740941
974258
176613
522017
819545
983325
350368
633110
56138
114351
823383
67023
184081
495157
547258
436235
27510
948581
432852
533869
149600
875986
175492
410122
660805
300837
885318
413781
716714
493290
922776
890867
354199
122931
91391
89747
583552
448801
181150
419290
483416
226111
550640
403192
275113
708816
446259
771426
93693
421444
114110
628739
185990
624384
140291
148782
506241
30467
889895
156271
703445
81868
123796
277422
951886
519168
395466
468627
814876
114740
989198
18574
747546
308350
651277
665714
946385
36296
54292
331278
289266
831964
129027
818581
401631
475841
580541
482141
106919
823686
165624
377710
115618
27489
485647
391008
593468
372261
976092
792013
255457
557111
566266
708650
13322
109479
628904
699322
148571
682696
584602
94755
784814
226904
823295
649264
499235
601695
265919
619353
668520
783004
893526
17448
271611
575116
366348
948939
957264
84144
524371
696287
380265
683450
82334
696715
712772
260650
78533
759845
129526
481020
343315
419132
707502
259357
322523
68766
981457
96559
162469
9785
829666
5050
947819
578363
457205
900432
644601
736916
355532
833689
678008
796165
618621
961862
678476
307724
587624
503719
565423
127360
561875
375821
135910
376
289540
537091
876707
467929
752167
248497
595691
361402
715707
487255
199015
776869
181048
196301
796674
207827
450056
88437
902508
337023
765091
129604
604089
335759
172878
265093
720601
146757
774835
903256
570765
369351
143237
634310
193234
636649
503295
986927
925320
829551
823113
213447
429761
969733
648810
544157
183094
498212
314448
990710
565583
708273
768706
64141
429869
697973
669929
25035
250929
597104
387416
403672
295484
825471
375804
549939
423690
991361
911650
165396
624077
474902
919625
439191
430200
950671
561696
627537
585806
967701
556768
845585
172052
395510
206966
237704
609940
833827
861426
618322
866455
613084
174357
852447
237540
835809
708278
747224
537870
424941
847396
955030
986058
337680
431101
111193
307266
616920
11395
796951
885554
269189
575788
94695
640140
909508
68210
712727
343032
267941
331744
455026
212647
537927
504470
395215
252773
700996
489883
194643
220646
995359
334262
916715
712507
639505
764169
154472
285415
753971
116840
877374
823383
380314
93818
44371
695858
632418
655930
493810
560114
975448
89304
346250
177548
867033
534871
641200
78437
120475
263926
532237
733227
266584
675802
571736
301999
967866
30786
513718
803336
954458
312958
778417
557058
493848
905450
49430
661169
829099
233179
492736
528215
361841
402478
878057
89739
190803
522704
148442
137497
19504
297538
477933
523361
954867
944334
705670
779477
237440
796750
320597
246125
507354
39064
668781
160790
330573
759679
392244
980326
843510
327949
405644
27686
367099
952946
536384
569747
683660
715467
581359
127029
494928
91027
42792
171149
318012
15933
918471
128948
273088
484528
529031
995166
570868
314760
690918
367754
311624
607853
891196
193038
330291
784993
532809
75521
84170
545538
674158
306556
800644
870366
594498
263910
516417
595892
380597
239588
468313
993889
583036
604396
912401
993874
516630
783775
813341
849078
633544
697748
575654
835551
576159
164342
894197
551209
13353
215011
847442
530741
644443
271667
761394
738574
354417
206001
821319
284290
370379
996395
556889
519710
693964
745393
496105
254531
429231
601152
683304
880301
977216
634080
979679
102156
407173
462380
353309
325413
759345
875932
297905
557541
731841
469601
563650
897070
475881
995964
5081
910413
88086
1822
787438
133546
96365
414880
180468
678268
899173
963274
201135
151826
897852
855158
817100
691336
967358
803173
518247
711992
302160
517456
231003
816765
803048
371604
336355
445051
245877
259276
308263
852597
126086
609767
686168
221250
330866
186332
565243
162443
422881
645209
683687
945864
185584
341181
67715
797225
180455
582693
641154
280527
264380
34428
732093
516908
214339
50526
56796
908352
795816
884407
593256
411575
518145
239074
731237
650853
209646
288089
171323
200374
812994
209596
775771
46856
537714
266349
133712
256855
536937
238589
459386
893490
768507
260345
813437
735714
543268
280973
951340
203360
21218
299159
628460
314232
661450
819905
920832
302274
630079
236426
485855
566464
600794
892717
301855
62182
586305
316654
440404
993139
691611
385103
702769
588377
68828
96730
58707
576793
678551
478849
497835
477241
9461
117217
113621
489950
665053
455102
45718
79309
383710
214215
246154
613332
618173
118936
645349
295938
809688
99745
51984
968179
447590
122233
891164
832101
243974
914543
270130
397783
332533
877964
68900
402486
83691
502511
502054
214618
802985
95915
407432
291426
769004
209804
835925
18435
755436
269523
188304
354419
687870
86056
870247
569544
896017
769102
87773
873211
170498
308388
774355
508232
932007
73596
503343
413071
957092
447141
251650
692928
112951
943401
111574
942266
988813
161758
141112
280712
24570
848027
243703
837537
509677
140075
828091
976811
637179
127694
491674
306150
187072
369005
600353
69987
621735
583538
662367
823314
377132
547174
263645
471678
351628
950270
803169
665355
50436
615721
280207
200178
121922
616711
745035
580772
171216
961043
236010
949277
548609
191791
418940
694552
207917
844042
61369
665020
850567
821416
19216
889111
5849
569294
892737
30584
914437
585215
404091
148264
319493
920475
950000
323876
557177
197109
667382
270434
38395
120130
781352
408843
160577
807997
950272
275674
737897
421076
877453
937145
357645
190912
76500
590151
768724
274410
268243
406347
146871
946771
63982
663149
222965
735079
396717
348371
252271
792877
391999
735313
165811
887203
765839
609934
505769
410194
931044
372839
310929
507019
932805
732587
104048
842524
495232
404200
423351
516287
861646
39795
651579
747937
425909
541559
104445
603060
884267
265586
173180
148813
464582
460491
806726
897583
785034
929122
699142
762684
917350
188708
489144
688133
910831
929517
923470
841149
385294
852869
968996
250919
263247
135477
777825
64202
840355
684743
421800
715968
816688
549660
504304
292303
102094
364147
983703
536095
763586
493097
650712
796190
388865
51540
429522
459578
696720
615857
56707
944946
589573
660508
355874
222177
179781
842659
649539
702026
367129
933541
805530
546855
107756
664595
149913
739014
912797
791404
732425
300350
703216
576545
753794
647249
935032
96917
889463
371048
557762
896215
222974
519922
516712
374907
194062
338866
695509
452518
48605
453973
693824
133442
519328
462019
93470
117716
621300
146516
713080
734732
847259
166077
862111
436104
595404
317203
299114
713526
426203
559725
610793
186714
555293
254392
586473
253957
660204
313069
544853
831907
573273
952142
516007
193704
434440
144328
901517
186699
808304
663652
867646
542279
806160
64536
719875
342589
993397
226047
150513
691132
89818
750859
311333
245872
653351
445346
289037
831304
853987
471532
302230
687326
681603
717753
668143
209620
105812
51189
935073
138203
579243
354859
73815
683244
314266
581212
182634
288567
883330
373749
704524
605526
964138
313657
517626
633134
783085
877568
893223
443749
934298
932636
828420
58612
267802
272298
584173
651248
339709
874951
646453
85558
43866
478597
364821
925990
818906
899225
205468
691786
583474
199087
607407
821528
464770
687140
269554
114861
293834
751064
620189
851962
96303
310627
449445
264514
247185
265083
976222
503254
917335
967012
233103
540686
921369
438264
989491
101673
269975
113684
411065
617782
237984
729313
621949
539145
208150
359359
54042
745570
117313
460778
988522
974365
396798
60698
448466
311480
302109
916682
431490
670350
356618
930488
931017
816344
496174
140197
496493
990113
773126
103827
409653
709352
952671
787070
110718
752340
51876
709566
872432
601927
278984
972254
719361
964565
967686
494270
238168
39613
267105
480240
700642
291138
993237
387071
218238
230675
666247
429019
723093
9944
747682
113865
40233
226451
206024
365091
98331
10866
173704
549687
922377
377133
473163
65046
987835
801965
777702
630480
161765
702459
323681
404579
932419
622354
448295
43212
337531
80069
320838
497933
845144
431871
224052
5644
621806
149245
361404
157837
135718
78976
789435
551038
511326
172978
496146
849149
986747
779045
468185
625830
69717
236347
406924
241358
86711
25505
254267
874511
860053
676222
741896
157971
429165
457698
261552
242211
124516
852955
582940
703667
666138
837466
386831
229301
826708
69828
981770
417488
96143
462151
920977
778069
807524
902717
62016
219448
919821
247805
926536
895052
431074
476909
708392
55535
64836
407794
419377
534159
596418
847278
617748
5428
104849
505001
607927
746013
495216
475280
237228
238229
367170
184957
380181
687489
98304
992280
486863
32473
334906
405379
216374
341325
420714
528117
146312
190516
821147
323151
940661
790061
524117
2107
467871
667396
256208
144051
451279
351473
514562
482953
392914
97553
466202
13397
850738
932982
843170
992749
993448
456179
354769
398600
530957
764562
61529
848717
921532
161688
66783
775241
912963
922110
931121
710749
734744
864571
98299
127036
755245
370741
858977
498694
17528
49030
145585
301345
577656
496993
511499
221462
595899
38704
500375
923130
578763
241927
548794
135470
468671
692448
36792
95628
690496
944033
697276
327078
165751
393742
994302
116320
763637
40453
585409
493168
866609
83689
453499
567094
163569
976993
345597
600920
65132
720384
489822
871188
711415
438658
691920
604225
517239
832754
683552
651059
34146
551563
164705
548843
562017
569209
138400
351438
886724
638844
609711
606970
234132
858706
560333
719657
85881
347404
114524
651750
45472
885493
52506
970189
336872
378865
408290
643973
164955
418872
623653
302953
588719
987309
72286
346127
20898
138397
214994
51996
56592
458082
185540
824479
221999
667155
486355
695658
656767
532508
957902
471201
63830
328027
483375
381071
860427
56269
346518
183518
454722
702435
413683
499331
124115
820471
512095
322194
418549
261903
88586
764665
956368
520034
295484
991375
33229
832810
468907
286268
37268
764160
577519
298133
898865
218759
432446
99259
488304
600295
520105
439235
472411
531476
504381
844436
200283
850868
747064
126834
231532
526395
752778
349158
662995
117079
899181
576489
593010
283129
842964
176682
61919
10611
785377
611945
744485
377296
938149
582373
657803
562900
617755
251352
340588
704761
967437
518106
679334
386128
812381
41469
23233
402015
188051
278599
193889
774914
681941
957111
547676
197301
432279
56816
382061
350310
107598
845602
720067
820302
92507
56773
813319
880980
810390
677837
910916
406793
154573
780156
862352
124796
180502
783094
917350
43463
694729
548650
629425
738892
939247
700691
990609
997505
883726
670225
473856
335461
876384
175734
400012
277001
404890
538448
226668
690520
601798
964594
612395
852658
627646
527785
292232
659203
908526
609085
540753
771437
411933
156000
19983
395970
604537
492225
818897
926604
463161
685466
914198
594033
120868
732651
726064
712854
675825
22961
132429
176686
825983
435671
350494
107888
756307
330567
38128
556853
181372
208122
112630
830834
880418
954169
149177
202338
607834
299335
884886
593756
131070
528327
825689
540285
637555
139627
373408
308204
944135
459156
944207
942921
119208
251817
345476
994809
626041
144532
491797
492468
304134
627688
618596
951756
900508
568810
478969
14605
757784
232627
441660
384788
382867
917742
830353
575027
528417
32303
959397
291591
532073
254685
822998
986867
565385
313094
219691
457048
267926
367746
619871
943847
293027
914630
799247
127688
858482
222950
589760
654741
370864
725831
299900
552471
825734
222214
711305
325583
38198
966547
99644
506966
960236
463327
252592
9835
74569
948697
128660
629246
404729
927920
582873
655171
941663
985361
45711
982723
111103
556905
92256
198510
475797
5739
774729
677165
556269
53492
494073
976591
720485
305894
220889
27374
597256
307287
248369
194806
364226
906493
20406
960064
402977
325910
516658
669183
791767
300632
635024
415281
989454
193982
620884
913375
693866
553784
468421
377649
280674
820319
282075
460375
305288
164310
310943
813014
136993
901408
754815
813612
315028
847271
574697
416440
982838
314676
721095
353673
852431
785809
101968
364749
931532
165165
699915
327381
191554
282740
375131
625216
557825
385223
197902
54404
288856
57792
984187
980336
830697
417946
887214
375279
289012
63745
955644
494132
704079
696933
998250
443100
852171
873141
321501
558310
956932
108980
499271
787459
696976
265966
61444
656483
306490
571099
105847
39133
463107
372844
375727
24822
384757
144639
62322
220259
400597
367915
638938
402623
511907
670125
276265
675978
674229
173192
930597
826969
484158
463910
168316
636173
459171
911498
904005
730283
565556
368230
941540
166618
657511
404766
250816
915434
309733
259279
365364
790239
814035
993892
506864
657452
185531
428133
299239
407917
832809
22650
295938
39202
833539
818760
833861
509394
378449
867888
798979
121927
93672
55435
161942
114439
847111
631588
250919
175862
893750
946600
461111
300689
688413
301703
718663
861990
287994
826762
575939
959701
201713
220836
611913
741218
220193
280619
33209
122760
808256
67191
207177
245053
806935
179696
411190
251075
406847
566744
226430
10096
690761
397619
735359
680189
705347
440989
604198
56876
672235
99300
847630
375072
460356
266400
979487
870123
680761
528767
972962
259166
565275
484045
211722
999288
989278
569808
936261
750809
372965
581741
874667
818607
588813
463969
877620
547834
423702
711782
989426
969490
700905
512196
247095
507128
765625
349027
204842
87042
103819
949555
923317
575921
634584
913469
579232
897573
540645
619504
515339
313849
953580
453130
905038
870473
136566
251759
981658
131225
473858
63588
621488
197038
241844
930181
643939
222724
872915
889852
543134
474044
102260
424905
881575
321122
335367
612619
342022
538759
500425
390416
400876
232747
393506
317379
98026
18036
671272
108726
157229
70326
650983
68974
107445
338626
966509
321962
422511
63182
520134
213502
548363
764515
305498
793666
937017
928480
149577
824494
976545
422022
856029
978851
696171
265574
103760
604927
154732
668238
906862
927435
495569
239131
603526
740036
422086
255810
591844
242390
972934
153814
646700
163732
680761
984683
480380
763399
413025
933035
246973
177478
929513
208584
340020
246771
562978
708266
626504
53693
679253
369178
141872
259432
387285
495059
281806
44082
770727
972743
213587
491078
551143
725634
425431
796419
546179
920290
629478
361632
945966
557835
811809
624456
678935
753636
559776
47886
949335
970944
46017
962102
8689
468
324768
193892
138175
538090
799873
30532
553313
511210
922462
84205
146277
424505
286882
40589
899585
476831
856917
867860
84248
462756
234103
763089
71876
438401
766920
703447
354657
371867
37797
523437
366155
11983
741116
771578
324185
888960
387531
538880
837553
402094
712210
582369
255251
356653
161584
124332
140617
56255
760370
913384
221949
485826
744572
493254
488015
976213
947604
788203
720467
826737
655503
832846
178126
372220
112124
414175
637335
925037
749858
823779
653710
549324
398571
972823
129381
194795
947921
344659
514836
768475
473956
124876
570930
448486
532288
860783
619673
245640
480467
254525
413082
630091
810245
299014
956077
795461
816092
692173
695591
557300
596134
269480
503717
249156
9965
704083
917990
553219
664634
343333
182865
287234
30000
600546
41056
856563
620417
691084
211924
446478
777678
528369
713606
980548
134962
506750
67688
560800
656277
891329
65359
122781
886125
624153
106765
707212
8111
306227
963576
996384
146068
118010
682316
850488
311157
917256
260201
84406
764244
660986
792962
887353
448760
943325
172121
273684
454629
264901
692108
868899
698665
803545
316945
119014
698697
352724
910193
109763
369590
293170
329620
868653
504018
772862
909046
814207
631070
720128
145206
322393
620997
253851
507414
273249
147133
208408
783258
27282
169410
337519
188472
540495
570959
168867
78976
698135
47836
359727
573102
748297
193561
29874
993030
207560
120942
468128
205266
266265
682739
467434
151331
999895
886092
397768
986205
168386
244594
507019
432399
756582
563284
825573
409578
714487
323761
178016
747479
864485
996685
593987
559162
811759
451412
639329
718502
422439
612384
584167
69490
756267
934378
254693
247017
218745
611149
939043
120642
799679
389210
754140
683302
160590
480417
236675
240130
611115
675772
780663
662705
340326
956707
232981
736173
159886
764246
984948
869520
982964
532778
193679
288228
551249
929799
248602
287085
135409
889060
702551
364502
835820
300949
8342
265299
454566
734112
771891
817610
536114
624146
771569
421251
210525
834338
563131
437870
780541
381961
690561
935804
173940
257119
194746
449804
510575
589854
247848
176334
869232
683311
669405
723080
6132
270819
507251
880815
5178
625914
882849
861474
572465
257297
120786
899625
136636
595614
366973
225375
159087
935177
382966
359565
865706
552912
730940
887722
44791
220425
727261
176906
290567
220387
223438
548052
661827
595921
271256
923389
643251
840637
611716
306789
712053
114205
200791
92091
524686
152705
699312
552504
254974
924086
287354
378503
632082
611433
502805
758076
414129
298922
289151
48315
431684
624912
239571
224349
102556
557577
787522
664180
106731
928994
315542
197581
902796
605647
582853
463918
436730
300179
910816
620440
61390
460643
413981
60447
777315
253369
148161
254102
919223
166092
78279
474348
956786
546237
268303
398285
777605
916435
348041
292241
592299
94760
72361
791965
790696
662683
431678
779748
456644
595578
131243
375709
171897
931787
906431
630965
525385
240487
411745
126758
970181
554052
118727
838488
159853
249760
269553
907318
277388
273185
699679
717416
247432
786091
705771
697376
838853
311076
737025
913938
391757
141769
304906
89815
323096
503553
481093
376476
887911
776673
801980
586216
93411
137972
255152
432003
29880
575828
944654
521634
612515
929399
187601
431031
400557
653348
530079
110540
97748
257683
947314
401621
756038
77478
672680
508607
774232
55178
934485
757581
78998
809463
743969
573433
122055
566912
474878
275222
988898
465164
773596
393269
720300
577579
157927
807263
242369
812592
206286
264197
565690
602024
724609
520677
734056
716470
820011
609143
856395
598889
685806
493691
774288
950248
785259
277942
859225
602583
462014
903546
871229
929647
141677
766328
10599
752109
763920
469690
444163
50540
798291
506539
590501
833543
925727
568233
99963
218859
441334
992885
96683
393591
299647
403127
268481
44727
716811
695554
199832
873222
82128
252050
851717
379529
341890
477116
919636
758295
392722
551483
739929
835630
488575
663066
97275
176676
570654
971256
681901
943709
772771
284303
771687
661000
241025
964461
624077
629020
549853
498746
749792
446736
736392
254050
355485
738310
372102
945417
243362
43607
719528
394160
328584
702839
440124
711716
835355
402826
518099
181757
81248
520839
814004
369370
359627
218407
140393
773467
254293
982243
11399
102034
143403
538611
631155
323018
722955
884048
871542
351771
10655
603689
261812
339846
670859
788787
125814
919225
746113
880514
914484
711706
687180
35087
688487
724411
404006
621834
2986
780472
459815
891588
578158
742307
974436
555298
988286
397105
416374
123072
248606
580954
99446
5562
301071
435084
145533
842674
160221
298531
157701
539189
821288
729001
276939
630995
70578
179581
279756
898346
363613
19855
863794
817623
107981
715918
947045
450726
435046
672362
689436
314086
96504
998002
484140
858678
315123
584255
705562
388765
569769
845437
780290
267451
425635
170981
139367
482782
169606
845964
657261
478430
551346
427115
909897
870603
986363
563320
200036
866318
593809
534814
762428
650130
877000
177769
130240
164447
853549
407206
2942
9239
515230
203370
121029
404567
830185
771028
629652
575488
714790
938589
171011
373469
93249
302755
49727
236268
512809
16153
486113
466387
725996
923981
364654
480936
811423
843087
89742
58638
501031
515901
616285
195000
163692
441323
680703
306344
668727
729470
632506
340433
976798
383341
34679
474822
242330
639468
732677
180471
585411
810565
723292
501109
653760
247529
974656
226722
779441
823544
724207
440990
65567
560567
24051
968794
777566
961323
304147
247512
428842
438923
531540
292398
667241
992688
956374
523868
738762
609104
494251
175914
914800
953520
225460
22692
846791
257374
66113
881912
531277
694849
708906
284896
283054
406797
859851
824978
547251
84326
39609
257654
548620
531535
137100
881107
366723
782209
823349
651903
867870
948433
135597
776909
140380
895863
439781
653153
908404
507696
892481
521317
875571
968261
90873
709296
163729
338660
272594
407783
835722
378621
931626
70979
111764
948285
932532
793892
316356
555934
809338
447421
871042
166190
533070
460311
945517
603911
887806
537457
341502
288412
422413
931583
609665
322510
181558
210332
787588
860033
561126
935835
31165
613990
835977
896743
586652
228519
498970
856540
932607
609230
649788
979737
241573
339212
607688
200611
766315
305712
457566
559603
26037
709745
717317
473123
160177
39058
115844
243391
474558
959832
105164
58423
286573
267358
638345
199044
93838
196096
697466
481342
782188
777123
730108
792851
681448
36679
546339
161794
262003
818707
854803
216271
972316
789219
360239
62969
747169
542277
102686
73979
803510
441760
95631
498201
656687
304075
643715
358183
549586
546644
555661
585928
129706
678061
562275
384326
129766
595140
229654
545029
378975
534932
981615
725775
207106
950005
826745
780856
616274
92225
329747
603389
289082
295825
495123
754643
864560
30228
557622
373829
950851
847768
183706
853400
819944
592183
167435
15652
279485
170243
706039
256115
701158
145225
126516
346536
50670
757783
131111
419514
962238
678941
590040
211045
688595
422152
760406
527660
166897
745187
547385
999854
719955
959557
849346
779052
567664
69308
257688
460695
383247
29509
618775
174351
897442
150969
569818
545883
994611
946949
633948
339624
982922
62428
734121
147030
79502
54081
216336
418437
840243
594455
985103
646964
520362
501932
606369
153600
795472
828188
950873
304221
234548
212800
270540
816366
720091
50490
695175
587732
681935
648719
189123
528013
184956
253680
836739
902179
668498
984731
24790
39425
177786
30206
175229
794389
173087
756395
678840
922472
228682
630827
857649
293873
391473
733104
245904
605792
390332
779926
957565
332113
253323
830923
969388
493244
690331
966193
735508
883268
39411
862908
214787
310678
225909
618031
971008
346878
599124
959534
893952
29930
91847
203527
741506
552940
344808
949944
30737
314138
69759
989994
637915
278198
92031
913643
279202
538192
25943
771363
626415
611510
851419
679814
733709
78666
345088
881476
893043
520793
211251
931013
639779
549955
357438
461001
24087
761250
481656
530421
768637
8207
127087
286065
177680
155807
597897
449607
498986
801869
220177
733284
903080
628572
808759
973099
893601
337414
734622
875452
798375
338274
493251
125437
160844
322030
583196
876275
351771
957151
253304
267206
128938
148113
239134
792638
393964
478191
866471
687447
322759
541530
564574
110317
926383
693787
57488
495228
247001
858934
765711
792791
4852
840473
506879
341834
847469
609885
678174
943087
109080
934659
437098
298815
966805
37904
865149
57276
890781
398111
105921
152915
753624
771632
297995
777616
762570
275341
667482
895745
880079
28188
823133
920163
848577
931801
626912
910154
651918
431532
718645
650545
637646
492235
755783
34618
468004
134902
965880
535826
396322
739863
892262
113768
349593
127701
504910
533338
786970
729089
810250
612921
269219
97677
42950
788603
519119
127777
816944
871148
230625
826978
354604
968384
341892
867311
560789
705926
644628
752923
928975
792980
308336
15652
806524
26327
953986
302055
561287
223895
615747
166783
198579
501007
641732
491176
765517
50854
629122
372704
529626
822076
741154
561341
97511
19692
174329
146643
334901
829391
800064
772008
301996
977281
147825
140992
207682
288595
642561
360770
11937
388438
107635
340322
332354
282037
9023
366768
483101
7923
380156
143749
71936
507619
938316
245374
637097
808693
208427
339001
160967
727035
479683
284809
353080
51943
275948
935770
769800
894350
495218
25284
591501
453183
641891
911610
950477
886194
714567
987948
340341
81433
925142
126176
908910
447792
719269
484740
679889
737665
229076
547672
454970
998336
355149
900066
89647
844926
553697
105726
789236
829341
3555
126330
215378
904966
670023
396686
984358
175847
727088
789623
780102
909257
744161
741444
590724
610306
659757
953660
413155
517868
327267
650226
921042
846726
106441
592018
765360
910285
177535
505248
265801
771866
375307
547856
21628
773794
818302
463056
952359
228998
120353
776155
685680
498939
631298
341471
517340
205106
36109
419765
905149
277160
370648
945781
198657
951649
92852
329962
105683
690861
880558
646088
888891
543451
253619
684038
932228
282168
549391
650620
344057
56515
139886
292121
252057
289190
6883
459391
575816
308406
266292
33281
128941
494418
739000
754062
626018
885458
34543
183949
356769
136204
300560
869854
340589
541600
359061
652289
993468
764207
255692
138017
498895
919807
605965
81021
687332
212035
493104
499898
96199
480048
67594
550752
620708
6382
844804
922155
462647
169496
470213
499404
838562
478592
312928
169042
88617
246753
627650
758488
211796
276205
480735
509378
445209
151716
950152
410459
238815
895883
543080
270096
293978
814599
838533
135790
144128
230915
800857
940766
960938
940078
423001
164387
620343
788254
498800
889309
191719
590066
221764
658711
47528
824084
438298
361851
971639
286136
98949
398446
9943
888970
83567
528721
805592
79833
838451
333669
424627
521714
797942
250303
497686
963776
530170
993995
135293
897129
521920
341304
377680
728982
87067
92735
904809
45555
924055
49185
65425
833773
465389
5187
533533
562146
208105
422388
856183
439683
769080
13604
650892
440180
555152
775938
322353
866426
818351
170364
710902
596929
440488
103711
173069
900136
903097
727846
876146
968419
171258
52578
328182
713581
471288
398389
44851
664059
151013
481027
908493
80893
399529
756043
808255
587773
705414
857382
47762
490043
399054
782121
460889
484432
948418
797813
317560
208454
988005
679030
263435
431288
112467
588427
843823
90949
663086
474622
789995
419022
908255
368882
342615
159888
656741
916023
240554
340414
268649
224625
314052
140770
189854
474225
63548
250420
485694
153033
963659
638079
344970
857410
185412
738520
415135
13846
181021
610409
342382
481478
887124
611423
579216
620052
132396
528820
146243
907553
139319
152600
973645
778580
900674
10498
491806
967685
813964
986982
546351
140317
146093
619741
642786
52630
318686
20928
405555
909250
440163
76597
810482
364917
377146
533065
473889
604845
554612
530708
306283
843007
285891
738033
158521
529193
603206
545980
788287
297355
604199
969454
213659
735197
150779
331195
374449
517891
895203
426986
586199
865565
532180
427132
454293
723009
630085
172708
325669
979509
606732
343466
925268
521776
99264
810040
522338
596777
982189
263481
175090
90174
228387
13911
406937
402111
605972
559340
215216
439138
916357
616478
327855
616886
389752
41078
863297
580879
470690
538600
673292
293394
457003
850452
950255
12095
895855
682855
34335
733387
38463
855666
516237
672343
640544
440582
996496
254975
593405
854813
194861
839455
283440
454156
159679
70145
661798
398607
841970
466903
937001
361206
268917
754550
823117
161775
210209
828810
446202
290389
150931
841812
41940
391962
591858
917691
328982
201502
688289
958326
75387
510053
315018
134733
441111
817847
610218
208103
274557
274734
180782
694404
196498
279226
624008
271621
904148
477231
907061
308744
114558
279740
875792
970281
647774
391953
938664
74796
743995
57316
569636
746390
968749
52999
743181
526579
969380
145576
677932
100778
164808
910831
440528
997662
909468
908360
846469
731647
286244
550692
437586
841678
630836
606295
212171
209099
658992
336005
563726
236231
65393
238855
748488
8902
351066
328552
36229
858576
545150
561145
198490
34094
141094
648025
903841
956099
909252
915796
516513
895849
989662
150308
568288
929898
993121
216016
414178
343037
149582
664300
600006
6107
577683
422058
743627
894354
172449
767938
319968
962140
148356
268991
93681
638066
550187
752515
673279
887650
710256
417864
124743
530665
635063
712603
67657
772957
619498
744318
21850
762398
536844
587200
18059
872445
396327
15035
226085
898609
299800
471006
68626
522927
196403
944619
694592
989343
524989
715514
17683
984060
553440
520338
740789
506830
485548
460671
381872
173631
690762
155705
135535
524659
286688
158643
311902
422078
164066
219065
755440
339025
605489
110874
608844
407476
633918
728332
525563
829458
986649
322520
706198
681849
627887
536059
460191
446460
983258
545122
85414
197295
486961
405901
185565
491220
500679
260008
280968
612502
495994
41537
315111
950127
679553
277737
773870
443851
592685
498473
410560
394485
282458
665780
683711
185902
726418
44364
759758
743305
105593
876677
762284
625594
722502
202472
122204
627424
69600
344400
41874
467492
671792
75030
721300
268319
968456
243406
581072
527995
963119
698663
19473
401442
132097
279749
583824
841293
559483
210715
845334
22038
488419
486998
259548
749280
792557
850467
618060
618965
346489
531875
106217
67977
616966
858594
397334
691579
96439
38253
150769
339901
736149
638491
603527
841663
348017
635581
197632
185979
967652
287097
695521
717222
880691
827406
585338
313179
147412
358732
333454
416430
612627
759766
498123
626442
689231
214629
341789
687588
107419
15419
472457
733192
410265
869834
920646
755822
584401
419011
497458
775620
335192
225118
950797
297141
339205
605613
466226
344744
143021
489853
245687
780668
258585
264772
381828
988055
68143
830251
463673
874659
961595
701150
272490
128851
23544
782494
878467
932269
857448
283472
924656
821777
785693
460153
533797
75278
460948
783570
937136
256369
514366
949689
806054
256523
414077
682743
366350
515271
383730
571624
544053
151690
724997
777519
529554
422094
276431
413762
727411
159416
164347
520495
500249
266795
747957
817973
256771
841239
766974
724588
717082
390777
952203
327118
612486
886390
941962
973673
221113
529902
297118
104560
769238
64364
594611
349829
549686
374427
932223
681283
756609
220068
477576
248554
882129
333731
338786
691636
257016
437086
440275
728638
964346
789338
525893
213360
197851
601917
251650
821806
180268
285596
409276
352022
877604
337493
141933
260077
280242
306065
174361
107775
110887
844941
622220
267011
191462
596412
203332
606933
767903
852003
411165
585932
23705
297178
32421
535174
249924
801540
980575
986588
730787
688148
317499
173635
332754
448869
135632
564775
970250
371408
267848
847733
491847
863624
645141
774411
417326
729887
260512
68270
791540
822446
922114
84215
965999
400367
422977
107749
59860
131324
469585
29544
478419
213497
872535
75897
328478
746565
968237
461199
671061
51395
425982
94265
812411
454326
936233
949743
206219
637706
280755
921066
416127
797471
651286
565852
923741
505477
89450
730991
650413
488281
707716
171816
861489
190340
612047
245619
711843
408904
476077
576323
683486
415757
221774
279079
447254
519384
296374
558799
368620
692821
460271
976559
82723
485061
166719
589426
925716
456504
640652
215586
98423
736249
247542
405306
784481
19504
734796
935109
534756
502544
885101
913262
152705
825811
995608
905728
517166
357446
224846
187658
37410
367587
208222
808145
592479
184069
69950
96476
617602
446779
128957
968997
659492
420705
453829
499925
975704
465674
364401
301642
201607
403933
335923
321549
435814
893533
10966
506838
372502
891284
803488
811118
527271
553019
154889
949031
486609
790109
178204
349840
31356
278340
801986
760054
798458
818671
425380
434743
912351
814115
5977
917274
272121
279988
176965
301994
839119
170538
842796
626851
369370
421735
460253
66306
127752
436127
698807
319507
791715
665569
107595
90745
868746
745467
714093
789676
192882
927020
814328
165717
83813
636469
97896
648822
56569
620934
35204
809122
369055
348234
624060
629256
949155
819664
740208
40361
790498
736844
89081
367545
9048
648084
635195
388439
799091
7228
555724
221828
194261
588269
92899
644777
43254
824125
681397
407836
858072
146674
754918
330768
298679
397745
432982
879173
449107
637660
178414
418248
676651
521812
74052
956850
201044
925364
843570
166688
63757
796541
779859
917810
898474
811006
597745
574403
788369
832518
756908
456454
537079
779788
204253
427389
814105
893712
310184
354670
48325
947325
848447
942638
422726
381138
698346
368953
534130
678590
884533
799565
919830
381296
815305
776917
720548
308370
866165
975274
552509
348623
947174
128752
353408
414311
544930
147235
507032
311189
671636
682435
696142
510848
18820
367861
318241
140574
873998
999858
442423
282660
350745
309761
258279
85736
77043
655257
727259
216134
71516
590928
945827
154813
990895
398040
687084
760417
493217
407148
666256
191107
415567
339440
14060
599072
646452
323018
246998
792497
594750
886505
557067
834633
9773
543160
309856
77002
135160
359319
353750
183297
66718
949239
962323
732121
291009
724958
387742
271537
434403
500621
594711
93886
53847
313756
250337
536691
838964
681969
84803
114099
27654
260373
622872
819967
638209
684343
474191
88578
374823
119018
947152
468743
628367
760885
252083
333100
898582
499196
651455
304678
1869
120929
488325
761892
449913
504570
115929
721234
101873
382784
987103
527680
639031
396875
850048
436184
210502
172789
466459
704692
458549
661168
709444
384368
784953
120365
768896
930425
882695
625161
878236
449710
450818
70002
306557
535091
540416
491880
231596
416128
422678
254912
182690
487776
882453
275472
789129
693198
759525
824618
979746
678328
906978
469216
95986
10854
283501
337751
350164
952664
352235
192088
597917
483439
294065
63558
805897
781510
218920
620515
707541
566290
322064
616187
574129
703130
91187
766091
39627
152256
821002
526197
467368
825013
921541
519881
869107
101302
501097
701712
719098
479446
996045
451646
292778
224441
951226
17071
165637
747471
623691
152578
68191
520781
623577
570211
609773
598378
459012
887813
318538
145832
615025
447354
30984
897708
564319
933780
714080
365317
559118
798771
788058
154014
168927
376958
644463
427018
393383
742074
743374
712530
221637
418132
456158
748691
983956
313273
251766
236503
616875
331581
839904
229025
652086
234302
422435
666174
17461
527530
631710
120833
388303
785790
579558
71372
438786
589377
992162
707310
23406
797257
314950
837631
521072
314563
414673
179786
196860
885257
209310
860366
71630
823655
570458
938118
118745
16978
947816
872797
334622
585174
809701
658128
392295
439192
572763
893600
270586
778939
788200
548090
266167
965069
24564
712609
380847
384048
874540
553361
767110
228841
803785
428410
681202
621413
133271
51683
179783
387519
178726
469057
850623
139851
679650
144655
150498
829383
967258
467822
919436
591725
245173
891116
663496
921710
763535
181532
735758
487968
480014
302671
325853
379049
637363
116361
666770
881363
717663
345141
941497
843386
8716
746974
37305
441473
749619
633266
328661
866580
285880
720429
415320
515955
818821
58079
739150
550152
642208
377982
193398
510839
122986
2349
238682
986936
958097
891054
535602
743362
961052
25264
990905
538177
485556
513940
341050
688548
357682
26395
489573
648293
257962
277138
110053
330881
242300
867535
574472
839447
995771
964333
712835
290377
916666
60
763380
319310
880934
436014
944548
264230
105054
231681
706612
28141
771900
940219
481133
491806
993264
27061
794460
672145
292858
552840
278365
556320
997150
443764
866137
516852
263134
806242
129827
689082
917415
957570
447260
795944
968460
288956
329733
757265
573310
758419
908451
279300
682206
641025
779228
405466
152351
17490
477835
256165
923605
56685
811392
228188
673549
436875
690416
416366
496635
990586
54779
649971
20056
435441
873313
86955
954677
306075
827088
389238
769515
749539
685003
178352
939032
482339
553301
694745
246240
573915
610203
577655
912566
333295
762327
210958
923956
54765
320636
392027
117455
800550
770992
103043
542149
981473
195411
568278
862315
730814
374315
27453
408019
478637
607390
350342
734140
5431
1332
585554
934490
252488
626228
159516
862947
255889
85576
146738
298185
686329
263450
567754
428086
629703
768640
434447
649173
487746
260953
935481
775809
927051
683252
191133
103846
993035
260079
14654
420241
375448
198900
363103
707719
738558
898729
315676
752595
559217
295758
205488
717879
876359
857448
460517
635177
551076
122048
283760
353608
402514
317258
619020
162085
84510
412060
483148
755414
155298
562947
482120
623015
436042
211987
750922
249470
278179
834843
523060
232383
429315
594932
621790
772393
497396
383146
29671
958749
1245
23008
999869
42081
653558
45024
838984
408280
939511
966860
429747
214412
911631
838075
65855
334692
759916
859708
783101
77639
440101
871144
478516
70044
390491
714136
734599
952709
728051
215644
754601
917212
964993
615252
440134
982015
565146
692258
57566
482915
330144
99182
817277
720713
227146
206549
295385
455881
745994
699459
231196
321619
311482
548152
687262
805
974153
856520
724982
235703
391216
735875
598977
865079
117696
851196
84776
15661
123601
548279
729140
759231
556571
432239
706538
908613
466679
893908
717870
152611
844221
168269
292410
70416
484906
826265
571651
63235
711122
750286
918784
332821
902992
90510
358553
442832
255724
833385
546512
948545
483237
631644
959024
755587
15952
336217
934975
601416
937658
26319
388550
780190
441594
57948
844115
208622
334637
307699
965400
415360
84190
903792
550233
187187
701041
261792
528940
576582
471930
260304
49999
373728
206163
136870
225684
744987
476181
704957
474612
835142
467363
419922
308000
927770
438837
891406
311478
382309
577240
700298
550753
286467
550959
862795
504461
162964
968170
487957
677813
175989
350863
581692
250596
609426
500040
364666
752629
611613
665045
379607
994933
549255
254969
668962
971082
821190
784886
481602
640735
39117
149442
741732
261830
106144
127625
270048
501093
198965
798118
364260
559812
21111
723228
862215
968396
720742
45711
788587
747952
807177
761479
404435
144415
380960
117754
952311
588063
126142
149202
898788
626495
944156
656102
910748
345142
783835
471471
576587
31087
936596
973214
104930
879942
827250
882910
435931
251442
513258
432330
185092
99519
162857
801465
556186
595877
597559
24921
783114
75021
573
913710
723864
103594
819377
487090
676023
551761
177674
738177
70346
700943
896388
477640
893590
655387
859493
993223
412616
997191
403002
766383
368350
348504
583049
734346
77854
182224
610919
156597
975996
391143
972064
140050
112971
794364
176481
2027
811568
762903
175908
696276
318908
754100
32433
632525
325997
639112
492976
176587
664589
999001
685783
975969
750474
422332
183403
70828
639331
680279
100242
449947
105398
108148
900367
380978
483869
12288
782310
864753
761237
247945
610170
209225
839518
51553
174815
831197
331684
467002
669922
524232
846687
452173
29680
589920
503364
266965
461515
378572
363478
275325
715028
732717
416977
885902
354876
891124
128511
964386
193874
367992
918632
424759
469314
915569
609622
383675
198166
772134
72051
41131
835589
211114
872432
818046
328684
257512
257137
894532
205562
818544
318311
301859
420322
627324
994920
589329
263223
312877
371853
350897
971310
764064
385959
814495
614491
330271
128715
138325
400625
993818
215548
856350
486698
470322
360195
711060
473286
284687
2129
458673
812560
766056
817016
302249
298399
525788
742082
10427
126352
666833
468636
594582
249895
410441
657155
596826
892397
552111
888476
726968
169720
296085
477908
840648
406540
15625
580178
91560
432444
522000
885437
601703
423806
843620
595044
801168
739515
412145
538305
175017
957992
566744
274873
324040
294983
391565
602018
447095
255668
592226
632820
879720
925052
839267
272600
514902
724668
7258
179692
798474
205496
679518
398863
288125
836547
554162
839819
141513
571911
64281
415250
51555
13228
406029
507948
470102
16333
122118
209333
912934
898872
588657
43788
767643
534190
366846
732492
345220
320019
557377
173335
924537
40868
398848
52155
240930
811798
209080
683149
495555
812688
822007
624915
604935
249394
480134
895680
433446
972915
607943
74479
937913
214342
320187
459482
450544
584274
199998
832526
10617
229747
814285
19221
845583
85531
685579
734383
55438
132673
24085
951998
863224
508224
93109
780319
358476
826458
829646
735792
716568
241893
497496
840089
761025
559652
379180
445631
181590
639428
905210
757893
39849
482601
346508
869782
385529
861651
599680
792555
810587
961593
322884
444590
572820
896166
986104
791446
296224
970450
835986
395319
669303
801389
912834
741020
722883
199189
403436
597254
365142
533989
775013
214395
168322
835415
896596
44826
806301
651939
661537
462257
987693
591805
827194
321087
989671
698024
609332
825660
981246
401254
472259
287126
692582
338910
472916
192264
920787
186440
723110
24129
99860
32334
162259
355233
413055
676507
212080
921515
820432
405586
861432
606800
422361
327976
623361
710196
58694
416882
302177
187972
70449
112917
310099
638730
473067
458727
232703
367790
881947
899203
167746
938367
373841
749470
507214
830811
387784
387706
722267
589359
530524
595355
294732
822992
95604
989502
577582
104859
390410
141486
530373
620492
365502
486311
222732
167921
3457
909592
117318
792907
62075
601832
884918
570128
669171
853545
695276
851446
598722
42537
382513
286070
645306
835122
314196
451250
81433
210064
392046
440188
477006
777641
494870
144547
916283
687815
615703
9737
943796
898298
769234
423248
878872
781617
628362
789257
707820
605913
931906
787533
734296
511272
750897
80882
786058
609981
165964
894781
149427
966119
551263
320531
623208
849047
930016
996146
503403
396368
838503
527610
336534
650907
211575
293210
988916
783334
334383
287057
430252
450029
367463
324168
510965
800101
559164
567717
503743
797968
409182
787540
878457
629347
232032
677368
195743
241447
137963
49948
247003
670247
595543
122018
568252
76590
413224
747954
122233
293073
71673
355696
282910
24208
847489
507388
396135
718931
949888
592251
454407
623202
722761
384614
712485
572569
828381
742271
146849
980341
532804
197630
246677
343330
79095
314802
218740
146828
187950
353822
174925
577120
906279
345611
92286
469533
889772
907312
547599
277168
393979
177309
987185
185824
729301
736528
747066
131595
429194
584584
851515
819116
375043
134576
499858
842839
39756
102519
152730
193827
209295
290499
216592
264069
597897
430352
580037
604427
521010
648556
247751
285559
82464
748757
127211
977640
349525
691207
839966
661039
251889
889143
703630
225255
605133
41380
173933
859424
433821
587406
997400
640868
244268
653780
34314
463682
798533
536791
177157
450845
68614
285828
824905
162949
264648
758312
280844
832542
350337
60609
493298
782395
594374
938873
973675
934086
791017
137243
499023
535901
812569
589160
538513
469565
791614
448411
328361
160695
92480
915085
269913
978071
429352
553337
684267
855434
480543
100589
231016
1993
880
662517
910339
938714
138982
989467
846150
191867
523337
529877
6215
118486
457242
362672
811995
798137
731542
829603
824733
94852
812230
41138
505629
63533
345320
258765
876324
810034
264891
58112
245271
349153
148990
957954
525039
577038
122871
128044
314593
565465
921277
198853
652701
613985
513606
367104
341030
629416
634131
105809
809450
891046
768537
901161
338343
906501
394559
700870
365050
279228
270965
393136
825503
218904
112417
344381
786656
116889
449663
471887
926466
767716
188112
113039
153721
837319
137842
145599
90486
336950
195370
773290
664573
649997
964483
933821
464147
477546
712440
341347
666274
168096
329228
169365
289694
966474
701958
415300
284839
962503
166592
843404
743593
236249
845177
463601
338466
365316
318005
756727
820699
176422
429214
900142
85239
29981
260920
770494
883485
171057
196994
946810
732341
351413
662512
582620
659761
176082
583607
882503
361465
128766
226764
24813
512272
670972
81877
968897
802542
978199
236947
617361
816608
495913
80049
126275
716805
686319
426070
948650
481197
115881
142136
296013
6794
746294
208906
286072
235078
270062
155931
36441
817187
858655
946203
504827
350981
764689
454688
924510
640165
35367
793247
513054
775394
404376
256233
895095
157588
750371
848280
677410
954203
547038
500353
664
209389
453366
311681
796578
818474
299720
78123
651699
402128
88461
905760
917039
670357
869547
370967
289105
98955
466378
678594
180011
930844
15223
605539
132197
175371
484355
734517
189031
843559
462989
965905
587384
597610
156766
442544
133138
413176
149507
99631
53452
401806
393491
637431
544149
840909
56235
31545
526568
546018
721774
818103
47220
159039
562385
907314
704894
465621
695016
47191
524697
362602
89529
648911
723060
362090
951319
817829
329632
438252
470124
786445
116517
947729
832627
570287
867207
961205
928379
590127
208580
170816
23080
740252
791432
121381
444356
537978
379088
788765
731159
217151
204129
645928
873242
931207
545684
678284
855650
697146
23275
186142
43449
411478
497594
81675
892215
592650
734753
166777
919679
129232
144061
951096
366387
988922
920294
776205
890897
216505
451431
530310
41128
967693
151501
211392
676368
716656
913730
459886
67196
518891
394478
804797
511394
100870
729807
622146
314906
650627
210668
35029
274627
79006
969280
196910
594520
246247
421409
861790
940152
905358
615062
216070
27904
286561
307394
237418
648443