263105
337298
605560
814668
93522
754147
925067
767686
378253
995062
418733
301512
657724
90034
382598
24184
245625
278175
934179
499776
530918
672170
344530
151056
71415
450559
979533
540842
530557
146411
485773
525466
522215
120605
40251
482527
802948
14778
276502
460134
919075
991710
878810
761958
46720
89603
114566
829827
402203
760934
826915
418987
801171
740136
477513
769941
764326
538292
266323
21279
802424
710563
940076
96940
253218
894747
178316
427431
948697
213336
840862
166168
39824
557550
387853
922614
784806
652373
65991
121138
435360
71835
751738
359771
535208
875017
98221
936916
49978
632828
293550
80848
265465
853611
399287
627345
70298
475026
152256
18379
963581
611425
225428
158022
815126
990161
183564
727262
873900
619657
747489
56421
867912
406040
623956
689117
319055
471404
926492
468347
321265
392642
823800
765919
59519
423463
820484
939360
73190
428141
100608
236138
787894
100226
464602
313825
398793
343236
389277
492498
653004
473184
661369
142449
677136
120849
471823
196189
876411
943273
502866
982139
719300
920448
371829
239610
689807
275708
8417
197719
458979
621409
288830
443277
973517
801459
234208
793136
783341
722576
363262
345980
628044
614538
493269
920447
593928
701933
372267
88800
151264
324389
913444
341009
102365
862329
244550
985161
130361
445649
91509
567307
133910
278766
224640
357455
296904
684588
600038
962463
822167
348149
499551
831760
55433
418098
371822
814741
767380
647924
781770
546378
837889
128980
373183
50543
913604
490276
472981
695249
658040
349914
978553
952448
578494
755615
12227
769951
696351
809821
773672
321598
111130
645896
757213
718915
322870
67329
793678
285904
108285
755012
659633
303079
294826
608369
657235
241322
154159
820562
337044
868447
6467
58789
254533
570012
173921
589756
949749
835050
255387
307485
24558
94905
496991
161946
714809
197210
125048
625246
658342
625293
172012
75851
627489
493261
350687
829400
217338
654894
898690
741135
285917
205553
214298
584756
328841
390715
13775
682443
878884
566427
377606
985556
378170
433333
609586
435373
866018
368579
12973
624161
757876
72062
490651
988839
934694
197660
308643
465006
575453
127708
50122
931666
927911
748261
369133
508013
906511
57657
788474
188773
5128
961763
556313
793819
518881
833604
419115
63354
648856
387138
487145
748890
113564
247575
917785
554885
81945
933242
125782
517020
862548
441070
39517
461034
564751
660078
19613
94366
733079
473296
861216
536796
56841
533524
501352
135730
939214
37232
106160
896820
647462
369220
877207
473527
844958
798342
184240
610883
352482
122178
974138
532255
493581
774524
352847
461510
420673
798457
961565
608455
673134
713035
630892
320062
886284
637502
412637
815101
360545
464905
739987
188138
377094
73396
242929
184838
28218
457224
631945
627554
361565
877533
614522
463214
438344
800156
555918
307007
916829
847356
851684
92703
711079
587507
31342
523054
412079
219075
324843
191909
428437
353229
824713
408585
181506
971441
803526
349797
413100
140620
337150
776933
438524
101771
980341
337067
726369
705752
487461
674768
637972
996587
332344
203639
767925
865035
426692
168517
755326
825949
861550
237955
663417
82188
890777
441889
801391
726745
831922
887613
348961
921753
833463
399599
278051
985550
685876
882673
563233
540190
954005
565745
683494
387703
476419
340367
652655
932671
892973
906407
255742
778751
550646
611609
743655
907501
928004
981420
965820
402382
985739
148421
336533
256494
793011
406633
800418
117563
503703
777157
428869
152355
10769
999413
369331
168872
876568
209586
469480
367454
692512
649876
937811
574649
417684
92649
561065
118856
89684
729483
217232
143497
777598
855534
232570
440787
874304
127924
485925
634337
87426
799705
579653
130317
895347
893860
287474
246982
922054
226253
241390
671893
211676
874834
664884
467180
222744
966505
376512
952148
672354
69894
508028
150947
583966
132878
876982
406986
817061
257974
755647
944128
157454
863418
474503
324825
432381
556040
956028
187036
233080
260737
908596
182393
819901
101964
912552
612183
909047
579080
840242
186657
370573
883332
545001
754247
486583
676784
660999
280723
355471
499374
321807
207804
442748
531694
488419
49347
744549
379408
873080
934260
983028
696769
105257
959989
118234
683376
675717
827354
185869
843597
822190
175582
684316
148104
488407
160342
640122
936984
709453
442213
748913
997341
918700
901641
891622
942886
717092
500086
871635
690426
119458
625876
389811
828027
407237
854530
997757
596486
923475
463982
739348
105894
850042
913110
302963
761005
788160
964042
933643
769148
45956
309418
999555
265272
579535
414161
633121
710609
777993
657068
651843
377185
861913
316547
14885
663568
676097
392739
887132
949556
389559
227343
890762
266815
26655
242396
655413
37359
447966
662480
93389
993800
150307
134304
470326
836106
838559
839187
366000
428676
772890
204785
688444
54577
818697
71529
477145
570370
636806
747263
961675
81088
241009
656069
777686
585584
468545
438746
329484
805560
135915
867695
461423
215052
5624
714729
532008
760105
322527
828057
454475
493477
992547
746803
789044
700291
864586
33389
696211
413804
241981
408882
796665
838925
850163
865458
216755
516347
1030
426998
137736
20103
441274
54692
470095
396302
770950
924754
687148
495440
668570
388769
226142
718992
738572
413946
996536
421305
682087
355798
837801
122853
940434
568919
882337
331329
725311
488030
367704
323849
716887
159306
644803
207698
501821
847569
685993
771902
13130
679787
421813
483842
438746
307459
466703
689604
214213
343750
254230
982081
507239
257454
881783
896708
192371
347319
734810
765946
113299
464025
178442
859624
315461
748457
787591
342290
283125
810105
845540
167887
291374
360108
566930
492961
919073
801820
503920
852863
346168
606739
911174
222637
52342
846890
878909
876801
498274
432800
826273
872193
980443
664859
421078
202563
134452
353604
362178
568534
641663
200937
515198
187000
76539
474670
48405
375206
429401
611135
140939
500122
716534
757901
538235
659438
133872
6833
78094
669013
319846
37365
148881
391068
969159
771507
859435
33705
492726
886549
801539
477143
621674
985594
896402
347242
359294
891131
555477
340410
715622
275915
436567
589386
602880
354300
344311
813965
3628
448696
476224
526386
296262
997434
241937
987029
45045
951268
992505
667298
921563
216377
304623
379648
825119
869332
320334
368917
6114
374677
179383
726088
88972
503080
915713
603338
182981
951144
86462
124943
937062
965082
329800
645830
888351
917304
239764
681513
780739
298158
60303
375969
715270
823617
44275
251802
365513
357594
401261
396193
556277
665041
593877
358394
425405
961143
860179
43610
471673
963435
928750
835722
585369
612577
78350
698598
732405
457689
900480
623795
232858
272218
194164
31829
245018
408562
159848
328062
829854
944175
215075
920266
292991
600526
262739
123805
629743
438492
71380
873578
372774
866862
914491
118345
814677
337250
229072
74176
41297
182316
26851
131306
71210
423231
274894
728516
895514
326898
85360
27243
558518
861342
788583
916795
544179
823246
507326
958620
884530
648071
288979
552764
864280
586101
499134
64454
783065
683416
813454
843753
79498
457523
309743
85699
464691
575231
317440
26556
973884
722761
876350
677117
751015
426812
148211
977940
594081
807603
134683
680868
736771
24894
528442
592553
91391
387943
809053
902498
381080
288420
360598
259994
409963
103707
437508
464364
61539
758761
425415
87750
386293
794771
127881
904098
888484
757494
22880
964000
890334
412046
727376
12234
634157
461700
74746
719519
399462
257821
289580
110286
450133
602689
702367
452076
419374
385658
527477
139243
602860
602440
118237
874011
702116
755378
660659
719049
53051
255648
56050
16162
932084
681920
608935
866278
367521
435565
74241
986854
360470
97643
343598
325305
759163
603140
678326
720979
650851
95193
91649
559658
456519
593859
864078
89817
194315
66387
912150
617602
873042
998974
103757
6772
140764
14081
273798
680652
395394
588903
761178
624951
996256
607400
929664
656961
371812
761410
139859
701358
452844
370787
649122
472009
31756
101280
176919
260649
289007
128551
547313
946899
526737
148982
38302
248285
827821
333637
100939
696189
116331
388411
39926
722492
194325
600600
438132
676508
81423
722244
712859
664915
13931
16895
235559
482759
379756
949406
921259
244791
276553
230907
568709
750101
630674
410206
968386
954897
895807
449494
809219
255090
174898
654156
470392
119223
768530
710067
463757
214429
685013
119459
792029
969943
412435
447599
106505
851603
470866
786990
680113
716773
884817
299576
374319
146137
572816
288134
817410
715895
32851
53236
604366
122453
678619
359484
296335
493054
175778
507553
39666
887175
635474
657151
182315
30104
434055
647475
271202
92697
68504
490028
820695
357784
350079
164160
476031
553230
143409
645635
95352
253208
447664
219154
543226
178033
679331
261077
131069
378096
686922
119633
141905
984921
444467
74875
340162
602730
233318
285665
319692
626242
498883
279007
37668
123430
865211
394068
145884
118694
695174
432342
62997
858338
9505
646800
510975
380169
658519
53066
951249
536344
43723
276361
3686
491964
904617
794667
754940
469645
568983
684325
470109
76969
456802
157295
645610
965599
522578
926477
242149
521916
6165
469973
654464
130879
654198
141165
518760
89952
884874
596005
367740
701785
922654
975196
590641
524253
200766
366984
896113
885238
182114
961318
290753
821487
939441
414308
542091
561133
532481
195214
247698
286510
378022
178897
237191
717512
834115
802929
611925
333741
677760
424475
336766
100401
499041
83496
389505
70805
676722
286265
878952
880141
884046
918376
687413
418118
971926
552513
696710
401294
964993
748067
439487
106823
9279
91805
119748
631748
399262
235780
806848
873074
201668
461815
758328
607514
782057
161286
127054
975668
501288
984541
66929
876705
127362
501717
939789
846117
720055
206718
241631
897782
607156
988229
710471
296178
916419
13313
499238
22453
364991
151743
899814
326372
738213
64231
888595
948086
967150
237333
950271
987220
336382
68135
161706
339006
912406
450401
130911
610732
456688
778890
564980
178164
446196
416801
122038
524116
230506
783393
530783
355468
14386
945110
451940
408231
374122
697866
121487
650423
202088
471731
973645
783401
737866
1954
69797
548413
546937
482091
654660
871000
746818
704318
740872
978909
641095
143626
710345
783119
950628
31891
206721
424626
227779
801817
465315
292418
997908
25565
442157
664955
773793
815605
132585
734837
819493
413586
73127
874731
580667
779984
123208
257380
146437
187345
820692
849301
382243
993385
177182
738308
218367
684517
578836
525638
599538
803635
986082
165680
928401
321717
974174
637666
909900
245626
430733
228309
564460
226958
649749
309124
393936
982393
615551
777938
898355
27422
791344
6141
615881
512104
952269
718802
893234
717577
361330
760213
679949
6827
750032
967426
14104
60774
855429
225310
708534
439338
389940
221803
450622
783285
844724
88471
471966
867761
315722
434831
553570
803838
290212
740276
546400
122929
91747
101530
159624
84558
912333
747733
224293
679094
425142
117972
623055
75059
123899
311501
928621
307424
108884
999269
794846
101046
554528
53567
890816
502384
744773
65697
991615
250964
612433
662985
765897
234074
156741
74294
35238
212649
582156
690668
742595
725372
353077
932789
516114
879939
931793
339846
173463
932744
798871
536009
641473
818790
557727
247861
652282
387109
83247
817486
631649
86386
707974
89227
89509
831093
246948
156212
96020
592424
313277
878357
46529
998242
694207
893938
401867
830243
790928
398926
320931
195764
739740
359111
634728
59461
481506
780816
530897
269248
498935
376962
954140
132890
337726
535991
178119
918024
991918
66367
64177
132898
708793
523056
504574
778480
746540
20874
386160
57728
877310
132756
648909
213465
555338
987901
83572
670624
261087
968950
20299
47292
792093
365455
795709
396591
649132
678197
551128
7035
178951
740651
851109
277475
231567
243585
815295
923797
402687
200626
594361
25594
239021
607724
289531
405236
209010
72656
478976
597117
452636
844270
621806
61040
13878
25702
245294
258538
716409
327447
34867
184168
616151
155730
396673
104814
197588
118348
32920
942373
197599
630897
725469
673549
91494
638729
271166
263
538107
962886
256054
477148
656528
805608
383582
340082
933721
247023
116456
690917
392686
380952
173930
13435
361397
943399
160246
838929
954362
777307
116687
265129
657503
776289
456702
228262
208749
795704
732128
868352
600804
314006
523460
253134
993843
35009
840991
797290
859811
671534
707043
575198
816345
969941
226190
723567
713329
214563
113316
868984
49332
486378
836565
852611
38947
323576
406533
240705
278712
92098
426942
788663
536454
224372
105597
491844
22193
334854
260327
754646
439899
9597
825962
893482
551157
269889
615266
157285
511176
859595
229884
698646
163412
672595
290826
790761
943510
3963
631455
313550
149548
897238
496787
911101
690350
733016
735844
819443
827674
164908
309450
258663
123273
396834
442679
748224
872714
63450
641416
567300
750188
319651
861871
441012
736498
909683
672646
753237
98435
666809
741601
689984
854258
936038
545180
597611
577320
473340
564788
71413
79673
799933
746485
694093
448629
819440
951064
195440
20385
963442
80071
785851
412207
528274
239956
486705
471517
218286
433405
641100
659644
235268
516442
433261
446095
238084
459023
893527
851864
444459
313588
891710
456830
891849
317090
647954
437597
577894
5559
781236
574816
545771
506556
443261
990080
777533
266139
829790
230873
12400
393479
101597
980665
31698
165517
403715
268347
949230
751328
884944
169103
525912
973499
605908
283894
455843
798449
514650
935489
397380
407334
125580
408693
191705
924540
834857
708893
217126
510644
739649
906920
293148
514063
29373
559883
631338
21731
52129
390728
362996
790377
710959
313319
890530
334770
951698
576058
318465
459313
904004
596422
760960
595007
205808
302516
177342
495687
796647
211183
152892
681587
914105
551485
504764
743184
420820
310385
941469
88639
450820
43976
683424
136471
186364
85658
229660
221962
665449
414017
697079
448702
173697
963682
671878
490371
621863
532884
528177
276108
103303
91290
66287
762542
337739
914584
574428
541022
744663
714188
477500
621584
23011
703604
661256
605104
37257
339611
748191
58251
764052
92783
482491
730552
191850
220216
518032
466791
598781
899184
127840
751779
343712
897279
574459
70556
31151
169787
926435
85258
541738
99486
365819
755424
253925
37637
887482
385407
807163
875111
248512
240136
263002
996249
864268
374946
255987
259446
251269
497297
69292
557731
851104
516958
385068
139131
816068
718035
147226
671511
407447
283021
193488
956630
871800
254132
787600
699313
916415
175994
905497
588447
585641
101127
253840
567475
446350
439508
405795
687392
465363
161085
600525
888213
135414
213069
873663
937810
106538
692706
494141
83436
229709
454609
260313
895239
347996
682250
477900
203332
109205
965745
347646
998069
675740
419995
736937
139571
942377
52500
550140
659941
686787
128752
782609
16928
31073
171815
769018
494751
848045
54681
601437
401281
261905
512159
129086
4261
163247
708536
483397
818638
59229
975699
416660
275338
657450
951539
451454
335349
337201
551032
833955
488712
13848
586299
589755
456832
533745
206700
200343
968780
342520
990074
975184
939973
362702
775061
799866
150080
122006
106059
804682
19416
633182
80776
818079
545397
926981
419164
79146
399064
767762
995489
958450
625550
326866
424645
407250
407479
266945
27377
829709
376249
541791
586901
516849
897453
651739
132513
108283
475845
408242
172603
348432
925149
714604
708141
961287
878024
395529
468996
737183
135806
850110
303748
554216
248589
241593
227753
567758
529542
524161
465621
615377
412727
746133
157505
298356
436544
228793
77340
263674
316617
247870
686100
922921
413139
204307
841217
364209
901143
429362
954129
846957
150017
246260
85471
79982
944195
802009
789955
386258
902198
513343
657419
986160
372614
816342
252184
956831
903562
73102
591576
252620
541798
367322
357561
214993
18983
912101
220664
912734
835859
769579
411428
525785
441245
75048
275761
217138
48774
396846
580494
599565
804226
390948
301597
658472
594118
921622
722716
839329
255865
400565
101849
720283
873266
338308
605749
464363
838814
260885
825332
302592
813364
456808
700153
456592
988306
521255
90291
730942
725933
903718
29058
324243
751584
198114
59885
712815
878131
557653
376693
794842
42441
505870
591523
342908
17348
595047
867051
168558
544194
118988
515203
60549
490431
213065
640665
603896
150641
339845
97649
42814
343689
517378
267366
458218
119863
795349
964249
211818
744496
335565
306038
819141
747780
171570
190351
993521
471486
430192
454873
714618
332827
756325
956736
53850
566242
261658
170408
607200
951825
229655
795994
520303
367953
554799
911978
831654
723822
26736
443287
729629
9373
806901
882754
223694
216086
254730
737862
309424
612769
365012
328568
967357
230922
574311
698514
514151
230100
410485
25286
873592
139827
938036
975299
983518
566436
942817
952837
36240
832405
227169
984755
650398
731054
691762
940571
729026
82097
303597
843031
30178
282202
139365
638905
509483
402159
652865
276498
344050
340291
664166
320983
856466
984766
962644
664983
214651
984582
506318
177607
273429
796124
371854
179053
71002
846241
153218
582135
943214
331434
381800
528627
164875
497253
920408
731120
142175
888581
366652
165146
905646
155666
715761
928777
761352
213468
784963
193383
648243
338279
983400
558065
595341
84876
397881
17951
223743
559866
553540
522014
363785
142889
221779
710858
472126
278100
129861
183191
964230
220348
379459
248071
45723
589486
788654
917119
23878
763400
3942
103864
112094
900870
226687
196230
42061
508640
401843
900098
22484
347080
579092
265326
847669
528309
247164
715803
90730
183117
301284
23120
368632
138972
563322
755590
74381
295911
634644
901836
507710
540782
558122
26846
48587
881084
776165
885809
418961
981194
15021
516120
586814
632840
415857
165771
741575
702344
374796
157865
680457
618360
721
100865
294407
892656
228145
773470
276527
178668
922504
516009
280034
732209
717805
724702
528352
30796
902767
285392
549133
869029
958174
833418
461027
428719
206976
844361
172599
673626
147339
388609
626555
889096
108589
860471
907969
833003
596257
227627
911091
722662
766319
115458
464372
919563
457735
423392
582196
947703
401079
97433
504708
744294
590214
157257
422139
312305
161988
552699
652953
86978
353300
74965
636051
330779
710451
466476
505396
331911
950635
657450
339027
57197
102089
263093
663824
365333
789225
826820
171313
46178
766998
639616
461931
751383
763382
926405
209064
198000
471347
17003
118803
29929
912285
310213
987222
819788
578000
477564
970327
654313
160900
833665
727010
892960
713294
234035
856264
634174
322169
975206
193561
54330
20498
529054
726252
71766
288068
727045
70992
577936
544646
549442
744885
44979
23862
846197
630575
242107
450726
352880
742988
103544
103117
59614
914657
235506
773849
688381
625386
471816
513558
890348
330936
713345
392974
73578
140666
321075
811385
88894
783346
462979
361043
301492
27113
740385
588131
277718
915327
420606
105061
375499
967222
617190
751122
228213
228533
543497
418424
477561
567893
452589
576724
411251
648679
239903
461570
83599
696695
28245
121667
695549
291607
738080
830034
759824
328324
926072
454452
154166
466245
504994
978361
889725
679670
658096
757270
47812
771642
650115
991179
43910
787619
240366
762423
266038
378468
252156
434510
838415
579857
715746
604470
787983
335564
103727
255957
811642
705150
794960
226021
408849
819426
90589
392578
488345
176171
197384
349627
343880
200847
58734
574382
813829
737094
264834
557393
437029
47354
295813
73267
711748
295039
337952
853516
985129
938847
429561
878460
748246
677041
632613
541141
545044
943404
564046
700952
785817
203215
253077
911863
892572
270510
863046
419069
90486
829105
174827
42698
948159
501144
526261
116810
640627
53700
45270
972531
41263
722455
664828
206984
37532
351193
68248
728011
623271
241980
335886
821287
887689
792681
708586
284601
189028
568045
245077
739107
683789
913310
216635
512787
87086
477530
308569
551940
978962
54944
837053
402509
86812
72396
824494
286307
176106
577999
688843
415372
604385
919257
900426
328589
103490
306211
8060
238379
449691
593492
29285
183092
270083
87685
492838
282476
32341
97998
612740
458229
48768
766630
57322
825459
206862
989452
429148
723746
113519
694888
785396
196952
477289
746962
708445
983615
60005
172937
742292
296246
309754
471647
813770
134802
973619
87092
461848
717908
451595
464769
35108
75219
318230
820477
645094
48068
982985
998205
741449
298306
105024
65994
223280
568571
910675
8736
273444
277411
222732
884802
2694
219180
282834
121167
963159
315713
195563
369924
257273
314123
40064
235799
32851
419252
330344
63546
913229
931470
21785
267234
822830
190245
907367
697309
502832
938816
408202
466251
204833
357290
19243
486836
315309
757827
892580
270883
783030
949398
937650
835742
751859
773193
554299
912919
960599
63294
465018
931487
78267
208056
917553
73748
102811
586893
348878
870636
498260
352477
7739
76539
845919
740869
658264
791829
309078
570540
274321
500587
301592
41825
789983
427922
413586
242782
970490
234752
277401
213015
275902
744910
127477
330727
47185
230778
685541
449936
714012
971021
923745
451332
78835
468127
91415
321857
726163
245864
125576
284787
55477
620407
854905
269524
251558
82804
905028
181338
517665
17090
759313
497972
602585
517096
435837
295781
911888
107669
416215
109783
755075
226535
995023
743292
753067
561588
322077
337887
611149
477397
710625
362044
953217
510107
522980
150615
212035
866412
115064
437790
172796
439722
811784
66626
736449
111286
235151
291913
416302
907413
960727
253012
630218
386412
199156
325338
320916
895564
388048
828049
135415
58405
160110
628456
163300
779267
496052
663877
397880
774449
629681
388375
820487
604548
37090
544741
835563
187931
784906
774666
540095
890838
14966
330918
117176
882678
101124
425649
471775
561580
887099
466846
923367
101241
532876
315298
966993
26947
779854
28092
779730
685830
55813
560870
941303
504269
809745
622154
153362
569978
803048
385904
815961
880213
987201
100584
593785
616986
599819
433871
420422
813079
28831
114621
682354
158876
903693
836620
121295
956880
524713
540729
608560
268609
974268
139435
927523
486239
601674
756377
37383
559945
742266
657241
757494
663848
153268
527231
177693
70256
511666
841033
351049
433958
235455
895896
343444
811876
457318
44536
404900
510672
129065
882400
875682
708446
198015
850456
856626
931185
463112
857492
886917
192853
245442
362144
433990
23217
376158
351764
838998
156631
613414
497604
972992
485360
903644
522444
875736
513409
805494
21022
395815
472805
111953
188534
712291
705509
391437
818307
362885
123741
144176
956977
48704
539859
295901
245459
208720
270100
101782
793596
893846
811201
256122
401278
69829
155116
406231
104921
229738
284305
11800
740211
837139
170586
753867
199836
705194
816971
638446
357019
480259
926468
119622
901990
401692
129775
619258
930686
478973
252364
955268
289086
191591
931276
225548
851062
559422
538965
898770
968282
564983
236654
257015
189163
903192
346556
821521
952669
334067
107364
35091
355595
491163
72688
919632
619936
970319
889080
965148
904711
783503
358555
300484
983992
956608
335227
484492
31765
857160
490330
520841
869302
261375
760312
872276
210574
946509
813449
829614
577194
731305
73503
401345
765981
691175
305710
747419
531122
918219
623087
539782
424457
707517
833873
862167
949959
405801
122650
960186
276404
238108
925384
841913
621562
156886
580178
740066
769929
676433
921517
272895
734861
113034
487044
126497
573406
854570
927738
20579
162283
504922
484029
632558
12149
663410
263941
62748
735287
771156
831687
657061
567244
754300
651049
630731
211017
628574
682751
752408
650381
998843
718227
716731
659379
533203
231826
102837
119674
934678
918864
552863
276713
43405
772831
776290
160976
324148
58792
849009
136055
836669
332720
360949
5504
513980
509300
707538
332785
298206
576978
653689
196334
991931
258044
274194
152626
155959
397174
970410
556572
241367
139239
244665
86139
200650
834121
702373
188381
360529
15030
647159
352458
311884
767880
379540
479023
83038
226719
595333
876940
945800
508083
940885
148664
955526
303083
332009
262782
413011
713174
317346
95752
166727
475484
214093
988727
587296
386585
884148
303007
627307
269973
557393
514466
875893
49757
896967
343430
933700
389120
572084
91693
195073
133590
472566
881673
219811
287958
373596
768067
186428
641107
550620
531495
717440
486478
343029
90324
528002
666865
605474
487958
84570
758451
123070
512041
783644
927492
567033
748241
12985
726125
522010
200694
636835
698519
6176
657931
510553
867587
893167
596758
653796
739597
659743
160148
291608
870289
895604
135885
273448
451754
367442
793318
222977
652692
504949
974022
891240
232045
803409
630034
287476
471081
650631
299520
756395
981022
543679
177969
813906
396173
979700
45063
733358
481134
332087
302416
796000
210752
968898
940186
529749
847739
719705
509074
295258
600845
154314
577486
292499
101602
654914
718656
797116
999370
232591
594323
123817
87499
176339
914069
570124
673866
162607
220164
512733
147944
382148
42801
517867
238657
7638
813091
32003
723562
462632
424631
684
222242
963669
747697
347494
237033
195635
220192
533851
259549
361368
902851
116911
660338
946359
161327
331171
677450
325565
284069
57070
393322
677174
368032
677285
938741
464480
440598
588221
422765
377281
151135
738307
111268
188678
944343
350108
226476
243539
946029
274292
112231
274916
975053
147005
121040
533729
111895
431347
293330
37107
632969
106321
902707
132423
721476
587338
768428
110317
807255
790090
26919
835510
118257
358176
424011
319306
567684
802930
262622
573054
141543
909094
971481
979352
896424
117602
135687
335198
756622
624570
278710
596135
715275
987537
448176
892274
135940
472996
289306
255557
888854
932042
844779
886108
458997
6214
591442
348847
138382
645395
449853
998799
85771
429049
324916
988881
387194
96069
929272
473502
845667
325946
669879
146767
246902
867932
955608
877911
932829
9062
827541
523234
414446
618310
856484
169027
767780
163205
877389
702157
988404
5250
627115
685942
472263
469974
362321
615241
701220
382973
679453
102060
963213
232016
838956
901278
878594
601519
943679
230934
159546
412914
174474
235995
347855
975454
683717
909015
209834
507363
18430
658159
925938
480672
430684
558486
76498
679386
171503
472678
584172
409380
436213
810705
443166
337848
448084
753638
407683
579554
5167
598770
936231
72794
5837
208262
462097
746886
704129
248712
164315
606789
274054
938870
874369
98961
69925
610360
89086
278071
692769
57891
87593
24915
518964
860312
362784
784921
954247
375766
9322
45884
88913
164541
904042
12526
978698
247703
259722
614039
598595
49062
326180
762339
392236
811862
188577
723804
774998
38866
674572
366488
724037
686561
285080
796651
941384
793690
23198
369411
729558
644962
618699
705419
5793
574065
650770
170238
117472
97302
211247
505179
306291
847988
544506
220082
786927
434922
710880
503976
227662
948327
54687
398940
315429
740574
767617
833649
575502
93585
475026
84453
814223
486767
697853
118869
741611
165473
435219
737291
816367
10967
758500
350794
911967
81009
592898
488879
918950
940099
93265
677886
444033
835684
238788
600810
437752
388148
897713
161908
797948
921984
341664
475147
261268
159187
900515
943146
640893
543543
840044
565307
585349
35279
106209
942020
576323
448906
775482
873510
726677
369625
428528
400757
804941
157643
179222
170976
457530
233218
586219
974804
822560
581352
618622
604950
300374
446384
287259
501382
397072
648281
328657
877843
761443
671397
985780
785250
541616
666146
189157
85290
996334
64753
392412
612455
204994
204693
98781
589503
504593
369249
546904
204561
643445
542854
962932
303231
923245
189702
35465
557438
37944
531770
470991
268648
459522
788148
462671
513581
832700
843098
290535
159546
334205
180482
772415
447402
265050
955419
234596
814570
975976
90057
68822
221299
317194
712334
982185
32046
781809
473732
964705
857043
48192
965494
975611
460846
315785
534763
120515
670242
187325
136107
957703
171587
849976
864014
789361
364209
923521
922572
32899
928976
963976
409101
699442
198792
539685
940269
651245
793463
748660
924376
651364
568079
960198
280651
862269
810100
641432
993822
554
906693
981131
495905
843117
943936
501828
442843
482710
335235
76514
327342
921833
316470
921065
145533
202256
668114
957340
867311
88824
315637
552797
785379
837808
547362
903758
442629
498553
732528
612050
360282
532412
154731
945680
50388
539823
570998
191061
824215
447824
191459
134773
856348
693673
932620
912173
706722
713696
803707
610658
148626
508212
130675
673654
611172
801097
373206
780510
589617
215858
150420
526897
398400
300328
832729
71634
990719
142287
816641
102194
245078
441873
995701
246841
621592
527705
746614
802356
719623
651177
957643
26332
999942
911785
736145
281111
67957
895325
159336
106221
827898
934359
642318
452143
361319
549766
453505
916047
609393
903203
116358
555822
727884
648988
736484
479823
167875
223274
568656
462661
88256
723424
265218
407185
250293
200270
418990
680319
930429
178569
488869
85953
381596
105134
815859
753144
716463
591528
601676
64910
170744
584840
728859
832503
449828
83505
990080
923103
142858
533261
863935
851438
397976
2579
634400
444624
387516
417074
106694
119384
752168
478630
378693
979071
659898
504414
255541
935559
807690
98273
186981
23488
605583
500947
919862
802677
374173
149767
112936
564559
813514
293369
391130
55006
414893
360799
925753
785415
303805
325292
939246
667865
765037
749986
843076
772199
684236
991233
925566
507954
173905
218091
851350
446082
217303
768850
280044
75295
975073
406575
70731
411796
704079
702059
499452
396500
893826
235650
830230
808051
609310
693323
892761
753527
780699
508574
265964
628575
588390
780163
702424
678452
128958
434943
575462
673512
409830
905458
171878
836636
356679
417139
185440
563964
944993
325776
382492
480711
488531
453853
566426
912338
746694
915669
459634
855528
655230
764220
327703
883151
698458
178283
916561
186325
452107
314898
410586
218588
168970
422564
731549
417128
920102
959646
645078
396918
335166
222111
705762
663614
956631
272269
600257
564785
79521
209469
469144
242518
551583
345655
305136
990261
773391
922928
27452
105077
77882
394469
863467
876076
427871
816746
26741
563592
380755
170787
960872
590370
795228
304924
333897
866622
984745
163997
375144
207711
695736
453106
456072
185764
544422
632002
651358
961729
41928
811314
283188
213895
809243
391012
956635
345050
404771
330004
982428
551541
763212
106943
991742
908090
546606
559971
574306
55974
821778
363721
978145
44385
361201
326583
21554
450620
860005
113586
140763
220922
144736
4461
913490
332824
236973
681386
161125
356295
418221
646423
52152
297435
789537
137963
640241
568086
523806
836362
824548
988243
381912
267643
661201
288882
603379
676084
473120
405250
809787
516315
783140
716972
253218
37208
64352
821077
953835
361569
259929
306870
153354
20343
255635
477794
337297
787230
53407
754984
524006
651591
912906
272018
860463
699124
560179
689044
183111
346676
10498
267824
829640
986307
838027
316967
495837
109794
765744
249790
599976
188987
141665
157717
181943
50541
751248
342886
402357
561220
281644
247221
505060
182300
420838
329470
80349
479995
84856
786329
523840
605730
680881
303053
387116
863644
913388
588427
458848
836606
769101
923456
808815
298528
211149
736426
985429
251770
715552
158516
748012
308053
924922
840834
960457
658982
183415
857782
783666
806998
564910
422336
969195
419373
766400
799981
122205
100846
938660
34816
118317
709725
748335
675755
994346
426879
8242
203688
376489
734321
750071
395866
316408
531954
934090
149596
914549
884705
979128
809715
193152
512244
714896
606691
593943
36487
506314
575236
718822
6880
78422
250519
285251
606990
959974
520074
834909
747295
196550
84334
588823
35420
983125
273106
349277
953668
441260
289294
258918
726532
396446
330742
539975
463686
666612
204845
529208
101193
462338
83053
894481
387798
200806
294247
545531
638818
697690
455038
491330
43123
25364
915217
969011
946208
966167
240614
532137
646593
472912
148232
455825
106332
681966
519718
731528
939323
925445
952783
221879
315903
440538
436351
299796
627606
319170
17380
123569
494660
632094
222086
678775
368233
663983
947052
438068
809644
51278
310418
170942
577439
963116
177938
634274
613474
541827
913633
342114
76851
980772
32358
315965
194227
584717
794604
526878
386877
918869
202103
575811
649682
851180
976892
745789
983255
430111
165400
192921
653010
338969
637233
277770
527755
185019
646211
977819
406850
767016
224021
479788
550912
93944
931809
873014
818331
7982
527584
794639
107584
727627
468257
263477
845785
556923
502438
679494
870601
429531
600074
328773
795458
115081
795864
719591
159581
154443
773192
101412
587468
416547
390878
984560
799258
168108
451561
395853
788706
626054
997682
265525
306554
991877
951522
129518
178195
207803
165023
953184
914130
458036
323157
302164
523704
344842
339825
423481
769210
907124
814134
687936
851134
552257
926977
323366
705932
436707
787859
824817
405136
117668
102263
807384
621768
154797
924207
417223
940411
202169
350228
841369
943103
934978
474705
529992
58067
651124
277629
568528
755591
19705
657271
790801
964767
296248
219373
610516
657626
498513
112308
443110
530285
721425
95208
641046
638521
477633
529568
188415
558052
676139
29493
261118
261560
44493
896373
941970
771423
910656
464522
568321
817637
722838
397036
973424
291861
354012
8564
15175
384226
4641
226858
823048
297973
913004
357653
11312
974071
996642
444289
383016
370334
731697
608983
838246
771938
637463
235266
931558
800579
540788
988765
331780
720147
475983
107456
923313
11782
615770
298847
476107
989937
183607
917697
82509
286744
966067
250859
136481
496054
241725
470057
335918
889808
776481
248917
387585
251927
971994
315232
422595
290074
518974
401507
325012
701983
584092
965289
614215
634443
368436
111006
280642
136090
360391
495460
344276
557394
393358
579974
572519
623668
796664
768533
463954
427477
170830
113994
263403
461192
855316
619505
177733
849254
972405
910788
13778
715121
397972
273357
584948
568348
708613
644228
498353
804592
28491
766097
377640
381896
658465
832358
596386
559767
623980
642124
2656
589246
775696
288248
283413
713516
61149
776473
595666
970424
459357
814952
345258
420805
263030
890689
970714
667240
526078
177703
244248
40726
911371
904767
203318
995412
277262
623297
527283
685303
325544
249175
624676
74896
186916
540636
505644
575719
354047
944280
239738
583228
292289
959182
213067
741874
53954
856226
971390
921566
93695
952072
339106
844479
86262
589614
305005
125119
680835
761488
640329
577896
504339
29252
869769
336077
314528
53508
67402
485173
211114
620491
742125
393390
669114
893826
138842
720959
206597
939263
875036
846701
697792
133312
810565
264941
467895
135695
315667
959025
731541
636950
375994
674005
844214
415807
474664
394724
635078
429365
660618
567551
577925
578908
237171
843429
73808
19406
743154
865339
400391
873047
864220
57427
914169
910765
968259
877400
32240
396716
658980
419924
168631
420376
758322
957028
178027
598138
960468
377045
261741
975827
302579
676313
640477
110065
199312
769051
226346
928866
86964
911419
485894
930459
193414
645992
70641
547551
956366
532197
692925
989919
837546
440340
497619
65074
936150
943707
50975
675333
351466
835729
442910
340629
71334
952414
290063
126982
53754
985595
90438
963433
462592
821128
783098
614792
58657
72554
260410
766076
170267
922735
800475
199761
61336
285716
188914
176229
210742
621974
716128
549084
441231
195974
288215
825660
911591
714304
654646
967604
595642
519384
786966
311213
100979
537106
457577
914083
122940
75899
97167
1389
205163
258173
736578
768741
492719
841960
356906
536297
288324
626288
596295
20960
410526
854554
135276
739381
147396
162277
371179
814455
58673
52416
569061
345576
735173
343655
785997
955807
311459
497920
529657
461465
500732
539174
840168
99525
919266
497128
899097
830180
485924
603048
59768
586274
253793
787884
284401
417965
672950
198208
468874
583120
241398
294865
805353
545128
842931
336155
363688
256534
360244
21307
213219
217426
486523
433337
18511
821138
423351
295156
703775
729499
430710
444483
961019
993720
253165
29533
767105
598662
78392
54593
406744
162396
900006
801132
355713
175008
793615
716192
528880
370545
339943
818174
863965
574598
797041
717201
754168
595774
745971
137009
718792
218318
10930
627515
665731
289943
825334
857234
840022
214787
99250
281586
373100
140866
638500
749948
820461
948544
665455
768581
244617
644123
179863
236093
588041
992226
591682
171690
952234
757873
334975
270194
282087
543817
801090
993062
203817
666524
319033
860436
739440
196443
43919
143865
929208
212754
653886
8217
75801
853621
707306
535384
161826
230029
37348
670995
447246
758086
747799
974727
854166
534798
464380
546978
820936
846879
259240
154133
194688
260794
833881
203427
100498
933549
980795
743864
86099
756818
925718
348666
393218
491492
102700
471572
181377
896828
421240
149746
45315
481525
133966
6613
240448
228515
866476
47265
175154
281769
710879
178555
631523
705883
661625
445631
237697
811365
305857
958292
964733
557356
570856
286887
366089
965009
826701
592608
189949
564940
399781
103562
339365
563784
784290
817502
731411
548448
915020
575088
797977
666526
23099
332458
660475
593689
9603
706031
779608
180373
584565
887789
614918
835927
755387
593255
110323
725149
147086
817766
565846
6499
70602
823722
726059
554858
896643
936236
288517
803887
141136
56366
205799
493084
389741
641785
403953
708812
720883
80891
921258
956606
988231
155310
189170
889448
791183
475711
25686
550192
316280
478662
911923
96035
781069
806511
918331
427989
223957
101507
922428
176859
797858
88785
47618
330926
871434
436366
734496
652452
259758
800511
492825
407858
380620
197715
948672
32360
703717
548290
656450
28260
813793
116376
690107
970445
914627
175795
190182
962240
396787
917106
921916
111867
566997
263136
235865
34772
47220
21986
524479
569090
841559
79763
125145
489114
893931
865066
461675
748601
915681
996861
418671
716781
294543
553136
895500
462756
645811
988685
611249
430857
183827
156246
987598
513079
334862
738535
643316
803801
497882
273293
840705
245216
841399
824378
411352
507435
912445
994419
876038
403120
789385
23592
613550
16868
307234
970320
676232
164580
351674
828007
982455
548020
849636
73454
320256
927023
841690
326035
814271
435682
240685
649687
732433
525961
663199
563749
611909
724262
928577
908514
200871
480928
725171
510313
90108
440503
792915
780126
538244
291445
258586
891545
815338
261037
494372
947284
106845
415410
994101
438335
466414
277864
18207
273674
367987
216002
278445
179611
125366
880021
800289
444086
787545
110371
145623
273676
752012
901279
677832
446767
626755
778230
359518
948048
590982
107199
939943
46407
170708
525590
252661
448144
539635
764017
961251
776728
529231
984552
926465
281546
936410
153008
965904
343676
6388
746008
325694
968415
831552
433644
544094
920792
176721
112703
492610
242481
552764
764349
589887
397713
629735
76942
518855
493640
655540
705460
47980
259217
896409
842577
781165
898336
815139
999400
381931
235971
265439
998692
404906
738036
905619
417824
743953
610669
757025
279976
792109
461912
53339
349306
13312
345723
987559
610910
136699
434175
44472
829891
564512
10045
156270
80446
380966
616128
234493
987662
845299
761471
673870
503092
512361
88395
804581
492600
938730
932427
90948
965679
697825
474865
732111
683321
370568
836590
588
842176
529627
119408
502667
279575
29143
477029
789030
509721
800648
786315
158552
402382
712460
611828
836093
649122
84501
708672
895979
792632
625174
640901
630390
146385
158945
593941
55549
634614
455676
782636
937765
114040
732207
665201
645709
665240
853118
504966
136035
21189
811752
457092
803648
530651
302283
863169
927257
61738
364137
244040
966086
29715
30574
367745
117037
933411
74369
395778
172908
333156
713469
239667
653285
301902
637374
445923
35902
53105
723978
737975
55921
722020
636281
377717
655564
909228
360980
298554
212939
785611
650758
864835
801308
189334
148063
239712
300465
545938
241441
398476
894240
454615
42153
537151
790964
908243
155354
920816
545052
307525
337673
701247
194985
918835
896758
917243
55386
736926
512766
185243
441592
187746
460045
648457
137099
527329
53864
334763
549160
469536
121171
17325
29284
429703
38210
341342
549013
627919
750382
488226
196419
531209
734326
970952
767761
79215
504866
608495
847691
682410
489085
122913
991975
846522
348046
578994
898843
567630
452642
738702
659315
114164
203367
633662
914082
685854
940627
539320
880960
25297
364223
162911
535986
473048
318192
331255
546619
56729
209189
381257
348905
714619
497568
315087
316277
878523
469672
820363
743280
815935
361639
920666
542970
533702
236532
138115
207372
843543
285108
622299
268995
485898
93891
408978
151057
860390
392069
543512
250400
610771
566089
594063
358232
344652
397100
611968
31602
884328
577277
993241
665533
220796
572531
256889
199309
702031
610272
637219
748987
28
815091
891577
387934
271490
218772
23320
11897
589918
127429
327548
820310
936191
477114
904527
648792
31060
427455
32492
150066
87326
904838
801036
47501
629317
13989
15465
957121
396880
228027
445083
587849
298065
100007
833003
196304
938995
787241
693906
383121
67315
709939
169429
381132
704749
129837
241685
417979
340567
238848
639392
726083
210931
915225
222941
240927
130002
814061
972111
805915
957875
421591
41530
386314
822433
976346
632558
146082
127200
151078
770499
290924
459569
208670
665110
20496
189522
209096
385733
264006
658518
543580
366591
176020
133612
928486
143021
342830
227936
606800
531726
789606
181138
638085
273693
586596
24156
321280
84147
590434
237605
2043
465148
296782
577156
981628
202755
175706
986957
26857
266819
607051
650813
492376
744946
118377
813289
412496
318830
831981
429251
412384
974897
946138
454836
695043
887203
808019
876489
849805
748704
544180
776974
942811
508258
513643
267111
197046
413383
325057
21011
282120
891538
309359
436347
851144
260140
367873
684705
671550
618548
485725
680842
207416
971413
190004
790739
975345
779627
664805
433379
793465
945944
393763
459931
390960
695821
794313
592062
525468
87322
687316
812877
187278
978778
206374
12828
18575
433592
934671
987918
146723
751348
148464
389816
225290
857148
235714
363011
245126
675501
779228
506768
111757
83090
713303
736760
483696
512929
232416
975409
435077
539505
590011
966444
216288
462139
375027
222516
95803
527431
711079
346865
766996
549732
577823
962924
180600
872984
993012
952639
794305
134830
961259
225004
510261
410591
567907
509175
954657
133373
62904
212520
160926
774688
752822
194353
383318
140052
540907
310775
984850
119792
108153
78506
285025
405656
431918
203385
330237
579950
138578
596211
567860
757087
454206
720938
799557
622020
414291
208682
221000
481565
538766
935824
987682
343603
913812
22919
496275
936945
313838
581623
949303
23212
752975
51505
200936
700579
968343
786123
194414
715078
967924
19808
83382
476075
415901
646321
916191
910301
342024
700335
38333
556675
228595
227308
441473
533960
114990
574963
467121
962315
63191
273223
13775
638157
772296
34401
975050
507160
998413
443230
962023
607861
998055
453692
747569
812343
29749
170735
791074
603456
7278
657241
183793
163219
855845
715732
638414
875545
384272
301898
20517
307397
506539
953125
170986
456638
341155
464385
917064
81884
794804
334885
211132
18112
874983
697267
280907
460371
462883
277780
538434
246811
13417
695200
246345
87675
412822
7510
768513
32966
865941
112510
5860
691367
858967
293257
94859
42348
456215
312580
645246
200994
607049
332567
132497
847321
534317
62283
600935
825227
506357
115607
111007
674899
413347
214655
950520
793960
441706
344953
138620
495678
41941
582506
808148
444185
285060
827812
566608
634545
671594
147052
37421
162437
91488
912276
269372
445026
875198
810311
645405
390348
348672
792207
365123
714868
842301
739713
171464
936580
438687
845917
168438
41949
53408
293853
186509
232639
889503
81917
565094
186265
57540
957266
648051
940768
541582
866648
89668
221953
735934
488908
792441
799865
965632
40180
225836
789190
926789
253088
858579
99399
890163
10292
304486
761512
167049
758916
508923
711863
977470
947776
590777
331517
454287
466697
109318
724911
106356
177790
917011
986861
976067
284192
574340
536030
999437
816579
68682
896415
736694
984785
411900
636967
980005
149667
793334
754252
809812
2180
772186
510647
397017
403521
603285
976596
366313
897680
332786
705272
705636
872482
68714
57218
782006
699210
128867
354213
979366
69031
667253
724874
896306
479074
340851
158900
67947
399478
293718
18234
309172
679691
92415
371001
65836
691590
47807
383539
707012
327414
675662
448360
646013
955957
510789
816365
342177
19018
316086
875775
496410
74000
465357
308680
753923
917548
520621
123746
514575
518780
131320
676173
560514
301003
320969
692851
751261
771406
812300
490924
390136
778121
829372
99614
285873
434709
317328
100840
303757
562479
757994
214734
859839
110901
883354
160100
73565
325809
607913
866866
186850
411880
786930
835036
208294
496184
945225
412525
552960
343353
45963
69993
895184
801780
335952
560937
458438
456453
65197
827642
966538
877092
454859
371703
377079
244655
409336
711044
129691
278419
121760
723816
486275
867547
394355
830425
686074
986265
363215
986372
403948
248995
281280
744114
412689
835337
37409
998327
901345
416452
606336
340908
119203
449454
252754
530557
425450
875962
697938
131920
679635
150805
664064
73471
337240
529683
451540
156488
71910
359789
564896
988486
207496
942786
480591
848879
833842
548741
809571
251703
875737
559853
287040
716833
806610
367305
652592
261581
396086
846827
106830
785850
402730
562662
602129
489925
285326
816235
666201
89851
285648
336309
989175
309743
600981
760617
187578
299148
990965
300895
531772
184154
605865
288269
369564
316143
806506
397837
575517
700200
715671
479301
373574
588111
459402
516114
179395
530831
422070
377856
874119
467648
986465
341039
935906
331144
186599
496964
489670
556615
414949
704604
522041
883856
827654
667754
273109
156945
684802
735062
704396
244319
372900
765229
413334
395369
848284
505578
808134
8163
563616
259506
453055
137781
771230
520386
558930
925865
848691
698591
24752
326373
734908
338580
236342
601012
853219
61193
575266
577945
728026
687182
585517
210409
963746
679321
377545
198322
94636
125008
794096
938700
587334
682831
86781
723587
163057
291190
150978
792963
186026
600012
887438
621408
608258
974987
363730
698777
676031
819412
690953
520749
861788
813623
692920
137071
282830
869762
513988
430932
333908
935191
529131
821165
279879
683592
323115
841799
399700
396702
296541
948133
858721
565727
872648
158587
981547
276019
214472
37619
52019
389192
33032
336260
717333
182863
916656
208529
513752
627525
405409
946058
630898
670868
594003
368055
999190
816920
35349
268670
449314
333334
204258
561386
618810
666111
806443
179224
809657
493875
58179
309688
945536
60097
22721
629955
725317
367939
699471
384672
904658
168078
939513
785032
792517
941812
34083
778468
899507
626729
58946
213155
167712
726329
995818
551726
675577
774029
427461
26224
38464
39147
771005
85338
607952
479575
459041
570799
660567
343216
991916
826699
253307
79089
474225
749255
105256
333947
14525
202759
613794
642295
48425
9078
861577
246331
379733
580902
874350
804010
361565
869839
374806
898830
996318
540328
103547
345998
627920
58047
264059
482486
812609
268064
13297
132363
954904
467973
754049
337084
703825
513628
389852
763605
864954
880199
570378
936145
631000
663504
293282
663179
646271
851173
5654
863983
831535
859779
691541
63638
552750
818096
589194
915569
316811
65570
632326
825502
187161
678869
612710
810349
516688
538854
823644
394865
283624
795828
750410
916676
385227
766543
893178
778681
774410
255604
464331
214320
386745
303461
126289
837636
661591
990515
300644
768465
798512
909626
980193
447882
157295
49360
849881
614175
349176
695357
476373
326530
931205
403953
132004
876773
161865
479307
881508
67085
938063
77798
95713
536381
888823
298481
537363
86910
354122
406773
908203
186290
16696
855471
518989
541457
229008
468647
898256
197492
560103
698499
912087
807445
257948
826396
982307
945254
469247
860278
496053
724999
567958
414571
823818
399002
908321
333595
332906
2062
974048
276673
680649
713181
183584
48987
236192
960245
626708
678892
480903
268630
916019
901971
734772
219297
771993
133378
846946
881818
596968
327799
107454
978143
617425
19293
660235
30554
117083
372955
892287
476927
972766
353879
532417
71171
840927
171453
324588
368166
773677
404120
745290
301494
222423
566685
197797
900914
751260
696105
929062
501016
60051
159173
104069
827793
703632
42595
6751
89803
105639
864701
99847
914685
959991
994638
984160
860791
715638
10632
347839
351746
452669
324073
208676
130123
880569
969921
317897
108376
574600
384810
610844
916806
491067
673860
563212
378763
736549
556764
650881
58996
193198
7147
776118
873976
357923
452842
120148
615841
977772
382163
718505
492534
555478
817393
859495
459406
42462
366826
675
806546
627531
954830
576792
468535
336378
789348
575845
599656
72983
943097
907544
738342
860953
508626
865792
674548
565349
730023
356935
448154
192039
475243
477424
609295
479843
577795
56959
247986
887369
80324
512020
362248
922448
445373
700071
210850
992611
179289
587925
949551
697112
830017
719538
985453
502906
371114
366120
689841
100675
369248
314299
32587
448583
818321
445507
724621
199691
694694
658347
397239
135861
576226
793540
371724
689392
825100
582106
826696
839810
951423
961781
75625
286862
979980
202586
468726
788487
347630
454124
391702
408187
404768
339798
739905
951789
525078
477631
810143
163362
421360
884638
29354
497466
782855
766233
196546
8295
485174
412819
901508
911400
656114
968787
557907
165607
525327
610299
847850
662263
388575
819676
595293
188684
540038
151392
37137
242083
933844
447003
94596
303171
810829
331160
919826
162560
708408
149864
411279
236935
46770
612803
298446
306330
937448
622237
184853
783663
685412
241183
907245
447844
107720
845145
106007
768080
599501
285632
994693
195044
132098
894111
647385
626807
561665
943968
475148
733786
556487
178548
210089
912202
942084
837050
991809
64019
2935
848111
693280
401410
464768
752492
835714
837553
318123
339452
890783
474679
416538
895639
980947
785988
235009
551291
750160
552687
583756
642110
700643
486322
879290
472583
347174
978018
575854
610213
354101
805798
415835
252088
782011
550924
38200
919546
408729
184591
205502
691688
457171
567624
335598
331269
711146
420547
335136
699238
384680
642187
321318
485468
446772
193590
721610
879333
681665
585661
512202
495674
819091
994334
211712
933436
260482
937197
506920
347655
858963
476992
542300
849825
783707
964298
494762
165348
675791
975404
109500
413683
89844
958369
552293
628307
710349
266118
797657
827161
945788
658817
575962
670423
426314
847496
918869
538423
120291
347856
60338
690418
447798
629456
276369
158141
496488
631113
350235
791042
388254
574672
155406
543391
727629
489375
23118
741900
328309
282054
471294
32296
84779
937567
311968
80824
21627
306102
644497
70557
770904
132423
683894
987526
463568
438466
827828
440909
831554
553837
104176
216976
92641
585424
384768
400600
393821
84967
611605
888787
875938
916651
608872
369044
910882
528088
228902
482357
571663
822160
207289
388392
415135
911259
567532
656472
925426
176541
421329
549072
49456
853519
71137
630295
944800
983768
571131
172937
141405
204691
193239
115645
962575
620203
782433
588230
143612
736717
539339
568919
306952
571356
712326
343295
834731
626054
347207
446734
655752
553946
863539
572462
443168
100242
930198
832142
155977
854515
186422
458406
781516
340117
119802
661628
331747
565515
511863
87842
51734
344514
31395
886649
157164
32048
319551
999460
202677
605949
172768
984233
877913
400853
207995
172810
353415
945386
606619
162422
116727
299082
113692
518548
492264
905193
179337
472072
757369
510925
44998
837625
255571
273617
742244
800582
368261
644159
23240
472533
297580
377341
395256
24948
191379
762628
552265
135886
880961
177730
725673
49387
566636
689293
817459
788292
877093
168480
335753
872996
121235
26023
574718
901143
666544
900763
44331
53034
473244
42879
876987
327531
7214
334479
853313
944654
544625
8837
866530
808800
442739
841785
593987
825809
182926
305753
616965
625264
595241
195550
698064
692206
607022
957041
567064
415557
82806
124498
595484
717482
451473
956035
585567
927087
982984
72392
676684
184352
817839
178177
50426
315576
178100
95976
492503
97038
756088
420914
252238
362456
300449
886633
732995
333085
537492
422394
804590
856785
214953
785183
213718
333057
530313
713350
604667
907873
848054
565808
733800
827184
39769
643932
560865
691245
313448
430322
858660
14427
61671
475883
138499
374368
601405
497949
181509
600069
236190
241580
226413
19829
25743
461742
193172
978683
588011
357747
980906
476524
666759
362145
922981
953487
462680
949555
494305
602139
884126
437881
333387
83552
404391
522619
576120
900488
871842
595912
732663
533463
365522
688153
605886
192148
108587
656185
571189
323023
446937
550987
323372
251834
658272
421538
804582
246237
537222
866841
571054
685367
200517
397686
561053
541996
127437
403896
912783
106480
722544
30353
198241
227044
975508
683093
86009
553331
625587
766729
698203
1463
967193
805422
841949
322464
606551
419339
91370
693636
56651
647743
455021
245457
65279
962280
296475
178632
678116
973695
11828
396669
737263
123014
105923
20115
239611
900827
217102
633412
391006
771595
149040
631117
454904
494723
865438
397038
406199
470458
408893
186062
216989
26758
222349
38798
155009
948698
692767
307968
732065
758621
778876
832729
952987
995130
139599
323604
166450
250981
136865
810981
733226
576713
759171
729719
726534
966991
961319
128444
409600
574669
561797
383729
505773
827031
239356
473969
648290
31083
303015
717623
361864
129115
704686
756139
515924
402738
222867
569188
365091
481997
386295
126180
605979
817848
795649
572101
331730
588873
989727
428542
257865
180222
383520
493270
464379
98352
650118
481532
229991
672493
467380
602623
522215
404452
265931
234179
23918
429273
715158
953939
52739
880683
892761
929715
544344
367433
985555
951506
467835
329260
65269
523835
265596
519429
709252
30861
541562
286033
592747
272373
713760
341754
810607
524737
979023
60386
652689
980761
950263
122348
502442
153044
5103
753299
395653
279602
2329
941754
987749
649487
262014
326436
598631
657786
54464
154522
992954
360377
347584
418950
735887
847811
514464
848020
427753
851630
621174
156380
140431
329385
410909
405250
142030
992013
955734
450915
917145
192347
291419
107723
932906
804649
968203
190363
65128
767269
412283
176647
337621
821334
83188
394505
167784
792987
640967
196947
474976
726985
666123
346676
915323
988329
344827
39811
304156
743945
323509
853933
539519
931273
852984
455158
522373
209643
592670
677581
342776
353222
482051
586369
171502
692549
119965
680718
137134
972332
585417
788008
406201
976911
232737
829897
262187
827523
956898
436818
24964
461360
214446
245305
279597
741556
702324
640321
211157
820559
936042
385870
310742
476982
833230
718731
138463
78663
274291
593941
853593
912904
205913
973059
834787
687297
907557
468309
298907
581620
435491
641578
259433
231561
810567
613383
245477
439535
976948
487802
737877
967705
899365
668316
208268
469207
468672
416384
721948
1064
397296
388673
450196
763557
288551
167311
359174
898584
237277
267596
107107
950144
606008
908877
390743
895971
663006
914061
360541
702145
544166
944295
539141
2429
325587
494029
248405
285801
200429
748710
748155
151514
411629
467154
464434
565725
992930
741545
382537
742813
557667
581820
258280
935923
92958
81426
997960
726577
529463
780003
669418
848889
723599
607694
866644
883007
415653
497263
840000
376554
146837
935098
372972
403717
632170
618813
683726
731461
759653
134967
185626
640913
446005
597480
701591
50372
725099
158312
960547
574735
166985
388291
463144
6613
131858
26599
92918
890068
677743
630916
381765
294063
522385
585375
601657
639826
216973
402094
940112
439893
107654
141255
391815
782465
125808
337352
846287
695695
211646
382084
934333
527583
865921
797391
935217
196643
466565
986196
75803
897747
917615
915358
977549
934870
294528
253923
774669
353166
281451
880034
63714
234311
123385
238447
391653
89445
858058
482160
382691
422412
283351
729381
410636
797306
343628
855856
63367
995648
822642
341924
723705
494832
853567
560497
349147
697988
535320
613105
876692
625563
236000
621737
479087
629377
369489
52688
60916
722317
772857
67405
40055
758306
959983
956905
661454
110232
268597
539764
387201
749966
935007
686362
97452
81298
627844
401309
391414
452769
341973
771404
775705
43063
175229
39842
14117
646084
576641
817661
949546
445941
805547
241136
332342
210600
150520
759306
157042
69759
630256
377760
411081
933989
72339
310354
485779
734812
689060
5938
326009
870632
29747
770548
260509
560883
893633
850546
667267
725244
959094
68251
764321
153087
471927
854944
848688
931523
981003
537594
189125
145319
430423
210494
910262
425266
393004
698678
2895
875558
549219
354072
754667
804059
433138
841088
439778
966450
223389
306509
638339
459261
265218
511740
131964
639152
929040
605436
728258
256130
805728
32041
722481
434116
930571
710177
505854
380667
809158
145553
416875
586692
84267
630890
486096
853834
338065
526679
676253
56947
394425
216420
700805
82186
631709
226593
846543
849587
9452
993201
660906
483708
573256
619492
263125
363200
546070
368970
722472
91735
803079
781205
982091
280253
61518
260236
61346
77441
913189
775761
754289
577281
483242
13681
494436
679402
277375
666333
284532
566903
628900
569803
196631
658921
657323
948539
14336
798028
432803
324458
482900
880894
367393
511797
390584
995827
359725
492305
163394
586522
806673
454847
511824
51926
803017
970124
173231
63081
947090
568601
364760
907717
991082
346785
237901
911653
309370
749865
21333
929275
208495
571970
140007
718244
136139
191402
317598
987020
404283
429097
7753
177033
719752
622879
201836
389361
643563
674222
877776
12678
279096
90255
78669
676619
339582
317701
297349
144280
387174
992931
617495
685039
558092
433461
322238
709548
83447
252476
749418
584014
353777
473049
432615
642820
66727
92284
685952
715353
799989
995100
181753
796162
190223
279277
122756
481498
929583
40
664785
631095
952818
221273
712227
552459
696441
91227
933860
922438
307249
999436
161124
321848
910278
437535
321277
427882
73263
44115
344084
631449
497082
655294
529545
854024
602967
765178
919670
510818
606077
863679
35914
628039
563962
852529
606839
268421
865081
576859
570797
277664
116121
583433
147334
859172
638519
615086
202588
879805
940281
318938
610561
790221
661941
619103
943236
448959
357032
253795
423594
593070
719901
9596
228799
876862
83317
917108
796095
681310
232239
394759
738339
139174
694345
954288
350138
194340
769212
384563
830830
492857
788137
351886
241178
315514
602294
967554
117179
805763
257222
458607
8241
741241
65355
217240
984420
717520
756208
543408
792310
54917
587326
20991
80872
713195
811457
315069
150292
122035
293989
522686
995210
594916
807051
323797
950593
156733
369678
412906
14829
231590
948465
108295
614781
658612
714950
469297
154287
597017
3648
997271
150224
723668
737142
503652
880312
852916
916497
896072
511419
918882
311474
93399
344174
690347
458526
775811
761421
837726
311825
354311
378970
256470
571263
1631
346586
53399
558484
11842
377594
334154
371591
760974
489799
131419
533032
581337
461223
297977
471370
314182
509081
478015
389777
104520
219224
938294
475685
319660
350915
341779
651499
891533
108630
859436
448893
515647
586736
320098
493209
154456
986606
156671
140545
611986
869440
770085
147588
451421
7809
185972
135353
635390
216002
698936
921286
423440
127142
64054
342239
627999
524906
794554
977727
173355
64144
340025
882632
348891
468621
231463
706584
871707
674047
714490
288347
643749
641782
671381
842824
762901
659412
101334
428783
752989
982397
477030
689688
53375
484048
293799
763399
715671
562632
662218
149878
492711
438373
280845
774054
501262
902886
495903
136922
647794
950581
347808
483416
398177
679921
218754
729885
532076
176377
190215
500369
859915
754105
20639
927103
95678
894593
518707
901446
728015
817052
384144
994706
374790
885287
84199
306074
967795
690973
647968
427981
808289
248302
500726
305017
710763
339338
935295
269666
699713
690388
997584
927533
772618
842730
396011
256204
343894
635732
654486
202743
852249
731025
42447
534386
849868
847978
921637
746387
827135
262432
366665
595832
320984
688859
915690
224675
783061
463182
121566
860706
824115
401525
136292
853500
236954
986370
454993
353469
848347
115105
860894
56755
964514
908615
8682
644839
114122
416548
966400
622888
101317
386679
487408
390449
225630
990225
624119
775489
741020
624299
948192
943202
957117
163390
648284
272103
283303
522340
15006
117965
258019
153412
199181
963617
771192
542083
778632
193466
843547
115083
270377
114653
383882
144863
918347
237306
250933
471359
497823
319276
56494
402266
586667
478575
431170
834133
901222
916292
408057
989742
98267
237577
563532
413493
770918
551841
453527
772496
285784
991502
832347
778178
787324
203686
435162
582112
757416
133815
185742
754922
859210
631188
597429
889963
769084
258614
471
363512
142650
833523
454760
692693
831583
535326
296
543797
17111
187939
454420
471489
911976
948159
478515
383035
414474
740238
48275
967058
217299
659762
598685
775370
903869
735360
533710
410190
190354
472908
875620
718872
986646
4239
440900
489421
270438
183781
79277
808886
50323
530396
289308
826253
746075
847486
404215
104520
69538
864580
63475
739625
937595
195916
148783
320307
747579
18955
439029
790173
733316
203715
977531
344484
707765
639816
473180
880912
151560
450057
739439
852486
588898
825169
168317
927722
405671
914887
787109
198052
55405
263256
138592
409276
360796
458082
904641
978600
914742
849583
164006
415063
797443
733305
942633
60874
764962
242540
615339
663413
309151
614305
8504
89165
503311
585288
173338
138417
561113
481516
833441
355708
920767
44735
939495
571434
122469
742287
510972
33956
126962
571213
672378
448278
218436
897586
410327
229415
255587
440318
919016
576550
676045
643552
96915
504472
452228
483971
354128
496630
90904
82483
418404
812208
908724
211985
222191
479526
971883
439642
430078
774075
916751
556323
794423
456867
751303
70370
578601
464288
255989
953077
996994
227471
935404
377963
4708
803037
739502
129236
969420
736677
714879
340444
243863
690260
903080
123141
165057
926984
354610
30166
551077
473815
185182
580744
604893
870799
966864
727983
857207
851329
470460
583001
424574
932787
580478
837562
464395
51011
128964
674707
270983
225414
592180
103151
18389
173032
681252
469159
493867
365348
817508
404494
313969
673264
69599
87497
904170
428581
416726
107781
961985
598904
205499
810420
779993
329379
120329
971413
453770
735815
1045
541666
957627
515436
939458
67481
465040
201122
522871
18255
262304
351763
15314
318239
216599
931278
941730
964288
842799
473423
710307
421320
189164
58387
160298
778040
620503
193993
301436
868112
646554
918851
203489
693185
792222
262604
346030
544952
592746
387516
847244
87567
356928
194520
418031
543246
777065
464680
495
224114
351733
361282
302712
545828
7931
279158
467732
745142
112346
656456
987651
195745
577999
795940
221872
652216
170164
533365
913286
947721
245963
76423
146730
147032
346900
670405
182501
501647
903074
665400
436827
643404
664374
118047
97455
174709
120933
793781
890697
881138
765557
529652
430509
343158
26789
363836
569464
266741
174359
572778
13951
366354
248186
192279
252011
171310
364784
143932
410730
958996
301265
615380
652794
206355
405882
806977
2658
795990
211010
262400
770086
464789
142643
360856
383083
27656
919653
829701
252122
288680
679358
778735
307433
139993
512308
743201
834314
886304
395955
272988
202015
739540
613390
197790
909729
572452
805784
766768
745254
815462
249494
604644
979571
609546
959313
366162
180673
526824
393518
500668
740927
507524
875302
433991
438891
218536
129367
566216
120568
63464
678032
678498
864604
196797
53874
933868
746698
689555
197129
504261
452373
914475
693470
439918
30011
140917
413195
166546
693501
633662
495563
193603
385123
544413
239363
410199
828718
807076
63565
811118
239172
290776
432359
279463
861726
321760
602341
97404
57561
161598
739758
970523
436696
305465
142194
636619
208108
828000
113310
652315
689576
147656
919596
405380
543632
117931
625076
358494
931810
978147
195128
972777
48303
730216
730178
947110
841850
769011
823808
441487
736473
501673
142638
834513
17077
928489
180613
319549
300166
155977
869640
364391
963251
769655
385462
671041
6420
379897
2834
238149
668647
318252
668451
261052
632436
558119
572971
104528
230452
317182
756617
270508
271266
27132
197877
956668
141494
314680
536759
364020
941959
992212
585394
370374
837855
527070
530711
637568
15822
755906
897371
840393
4800
804904
305803
930441
248045
508529
747786
22844
317464
462626
874354
490354
367026
849409
662401
689789
462550
870763
624458
166722
483087
69604
108550
228182
936837
674394
53039
572070
934556
478453
409380
488052
180181
411044
918107
178126
151167
332477
559403
415624
28454
721784
179198
941897
45444
815371
804277
614514
108355
838820
261622
468414
952200
122120
172700
707297
210290
293234
261846
532552
875889
365719
450500
226540
791219
943545
939684
679762
296080
427847
988272
295269
990037
184336
273993
598371
948633
667783
13191
488078
401213
598828
449314
749777
197010
931833
82518
456005
350042
310359
839260
662989
408279
954856
545698
982324
852002
593532
231204
931970
703531
705226
391641
740151
285036
100984
430655
696303
142498
210467
887
889735
9619
533475
945775
648834
452169
948227
583893
727785
684646
349550
622509
565673
376724
142380
617307
470402
492579
623171
972476
52213
321043
76327
717608
148645
64019
96743
676593
550371
640371
327161
792662
72628
275961
277729
409184
302823
788513
281334
537155
669018
865820
637400
167299
748429
252984
850317
958577
140139
152028
369809
116568
266398
737040
2816
86567
144599
232558
280278
914996
336819
397135
836683
674726
423882
420602
72947
497186
496426
20379
860019
337526
815443
365506
383030
889857
557810
502302
166924
170984
710195
755812
37280
930886
426374
774902
4504
444351
691880
126017
216801
198223
39256
439145
603796
354623
371882
13224
403074
614531
276288
410061
132802
804760
800561
274129
475794
950770
576327
875659
850201
477674
929288
41861
934611
667323
61815
104664
198925
258035
286353
156760
642453
740674
749245
268014
199836
597621
159146
675578
962756
930862
436371
898538
970240
719079
410475
804914
965035
467677
181675
437195
841549
450882
14338
162628
287198
899819
416489
983249
352010
391399
989110
518318
483524
373119
348612
305086
608784
665133
666411
319414
459384
180391
377659
410042
773394
251527
617687
54006
930867
219750
443924
224363
889205
738910
34894
817605
648102
394322
292790
505142
760499
599324
950076
268417
282167
905735
3395
739572
600712
703201
821978
231755
230422
62196
380339
340477
4610
407856
307354
642413
871910
274603
683039
198549
109318
579602
883072
431416
902837
408822
267160
797530
340743
446236
174802
591448
693121
796185
773429
71749
451339
355817
95437
527156
264167
506749
259668
145757
174253
493214
42693
172326
450458
578356
781947
34681
793529
43423
178801
688575
609760
786040
555660
913927
450842
317582
769793
346283
192785
452771
725663
222360
730120
367545
436093
119137
516068
779594
182984
556886
914813
150437
420465
91212
226764
153842
173967
763246
327722
553206
48304
425273
69008
383918
301328
283603
708559
386363
829885
356105
958476
862583
33258
842935
85672
58366
895150
844032
313895
25788
564274
846315
780999
773697
34309
942204
611863
166248
509729
292054
411242
454994
163379
218672
583655
716407
950630
300403
909372
150628
981781
141762
314998
969512
795097
516747
270289
479587
802241
378304
271336
727094
996346
67634
189298
7186
860394
605022
30078
727097
597854
30143
158443
973231
957791
97476
883124
87402
460403
45716
431731
404913
276611
439101
234431
912243
335155
110475
432119
222782
200620
500881
231393
402263
777464
487727
417690
208000
187898
300921
558912
578071
945082
578644
583809
57559
87096
194433
591882
136175
607133
197080
379169
224133
168809
297783
695384
423549
559639
711907
329214
464404
409633
202604
105481
715410
864796
434036
435766
5721
13768
108338
396316
62771
783370
448940
901670
64959
401730
829691
342639
676688
312679
592209
550748
930037
746655
77353
233988
9793
403740
697771
484619
737934
57554
301682
535583
317606
357087
79311
529235
598501
561912
923854
64103
838652
896967
604310
338880
202900
992795
353625
250093
774790
35058
863848
137158
745230
902511
607510
628738
145823
455335
955494
245986
830107
428586
147905
900273
351202
125155
496486
194200
697292
99889
786079
287693
521711
94439
701879
404416
208614
955122
880780
484388
944751
191763
36100
974986
382106
859037
765456
618684
698495
36925
453188
722706
203850
803459
119693
20186
205202
500008
303017
488626
498442
156897
662709
712848
615837
255435
179262
707758
68133
740413
469620
856152
308742
170470
937665
436001
832966
766950
516196
821873
91899
100566
263081
296699
331730
360434
291390
75857
457357
26148
243231
877734
957136
346188
809332
955160
769926
251331
90562
140329
377791
945718
833061
433702
721495
905769
489203
195684
270549
718365
870745
257531
610228
58109
842800
770200