509203
806497
326337
710887
454461
997173
708786
623084
654537
178863
819878
178638
617847
194262
211710
937832
231027
718321
190921
875883
921327
884066
259681
430900
354325
718101
663400
946000
111561
324671
240123
544215
359042
983131
141259
642119
191762
298256
116744
190773
50666
526336
750161
440331
522739
909347
322532
952382
394965
50039
850277
860570
453177
600218
382984
311251
717807
376968
422465
775516
387193
108463
148279
572387
767282
425208
270956
413895
102478
721809
872359
181575
578865
545200
463878
458513
19662
318967
740483
206182
143968
430526
24990
88898
107785
538885
980921
432359
895130
486264
302128
425359
748431
641160
254465
501167
688205
506999
499758
934980
812627
309794
63534
837880
667920
138606
160767
534105
846471
361679
622710
459141
747403
228368
220385
989903
330516
709099
690912
183121
778953
837179
80077
899747
682392
707645
471333
708866
145041
385433
596198
703422
952814
712125
827012
509789
984443
487745
84482
861898
570753
223377
107001
907179
948202
131885
708930
939280
786701
21795
879020
609483
954902
422394
913328
338673
861201
140504
397352
125074
587194
747100
353160
629888
785251
842139
626056
370675
247519
890038
604854
383064
900279
162194
338838
677337
402998
516895
208106
387590
193991
283396
284923
827250
75558
693328
739395
989599
180349
684121
490715
996679
694090
311927
440461
968804
960318
561991
61515
283441
784377
707185
652716
274908
550403
601584
282846
51852
374755
972971
163426
111167
328772
423240
331243
749657
34633
355320
79467
147748
535788
316287
155431
64172
842900
162926
984232
907013
460794
195974
813350
35779
715316
496238
18674
715646
848140
785631
999019
38848
151839
551237
241852
194830
213956
698676
683457
977428
761318
938693
256524
74612
611844
939098
803621
151324
224811
871270
703328
250156
367397
980723
480490
766594
313685
830585
111363
304586
726088
376712
981158
176697
425784
732310
571958
321069
526670
907772
867544
541935
403701
883678
534237
632855
855811
320854
198637
661923
163881
582930
521057
701583
844406
696810
975643
288773
907320
469745
398919
341578
914810
334994
959093
563155
881664
264987
302319
465951
570085
450475
795594
335749
937008
874573
106192
774118
943852
999565
37452
945783
224740
370826
748239
295742
360078
289783
554529
300584
840485
63402
44013
266704
679236
397975
115432
306533
91959
4454
705133
938892
244925
359894
699643
398172
162329
694330
545743
911070
988344
906817
742959
385886
396791
317079
884989
720883
408150
417268
242827
141464
47704
834812
20414
763875
635234
807204
347672
167477
116958
990390
138398
188846
50700
725320
399162
370332
574182
173061
566969
565280
400281
351023
323307
434441
81372
908031
658127
223344
934374
211426
683226
585110
999416
817244
525512
531502
639644
920804
291529
64945
747216
659249
183236
426902
109306
665640
852383
251477
82065
752924
745644
383313
597491
364840
35076
97685
774825
508977
433847
189069
510497
256089
982717
789159
814939
232868
179064
254635
244838
897095
718390
972147
354267
170300
878659
15074
100859
214213
770419
622046
753820
977833
167969
460471
253746
227337
810701
611320
824615
27789
997988
906173
285328
245790
946395
256476
46015
936531
869844
36783
478087
69782
137964
569113
827192
520101
837225
155633
944497
314378
437715
372471
32211
851401
387629
709195
681953
606442
256173
5733
246919
979301
565283
624481
81907
690595
393753
705694
526116
449132
620568
382883
938007
425019
76853
354728
751898
297570
961227
385038
335418
72237
154171
987780
942956
867331
205933
379568
928749
10198
653028
858754
26501
982659
547005
53628
475212
934037
478359
345423
962607
798428
605643
472943
665827
812681
665233
757707
567147
119213
677501
987796
416110
391255
267341
157539
712636
497156
824934
196092
779321
845632
158764
944639
479960
911208
640462
924727
268476
582522
420177
916893
181943
369332
386775
609975
356260
204095
911413
685048
845916
894894
398605
131307
571693
396054
95876
632735
691500
289372
317617
369712
233458
442829
80405
874626
58916
969280
443015
406194
865617
599432
723713
6246
709740
897328
324467
767801
742377
735790
920656
737786
972494
17610
45426
8447
505471
747683
775657
202567
123198
81191
335177
622710
574796
948999
413250
934988
747920
754809
406298
882848
120017
333864
795279
911207
370269
75801
590880
836080
147787
601777
819993
458086
780162
518038
235034
765170
768015
287506
860601
709163
709550
849321
123000
925952
625266
775451
158670
720623
430011
300213
302909
735921
682898
736703
243069
293722
255810
956106
529321
14948
661474
968621
479918
73197
630388
832778
453547
807848
205839
34752
450924
513329
518815
747441
671002
238040
552576
800716
121878
499459
906860
118781
248239
138662
644554
195882
755549
407756
844804
236991
884750
149774
864683
547666
260327
84448
791369
791858
567496
752306
444346
78735
847678
11545
108688
287307
885522
725974
148921
31400
105545
773381
304538
874988
885301
801339
452645
274110
864981
707603
555736
624665
800964
492765
432223
189565
253359
552615
478194
432385
103203
339490
19001
124569
556
953049
239503
809666
14986
878517
522134
173603
138736
814650
273632
5453
459434
402526
527745
46270
816550
671444
77999
609563
518494
511006
736044
557304
962210
260515
512457
77830
368020
220928
585028
433833
472687
711474
509142
707576
512561
379512
412718
621770
942150
272639
682457
469099
527494
520558
720077
435130
6892
439977
770669
56295
108950
276574
183743
929425
279400
285383
487261
263820
125886
694638
151723
986492
123968
388212
156553
505949
985804
997152
8502
447484
411267
857686
861523
827661
289953
731112
944173
588458
301472
160206
962306
310784
236965
979805
124318
185886
647693
865604
432795
391974
784201
935580
377659
572911
912470
39451
669199
861268
810766
243563
810885
670656
367345
252825
799242
930750
319830
523835
524471
771830
488533
221622
821423
791531
801489
745321
850438
813989
730325
131633
778471
740239
148095
582762
104478
464816
639179
598164
921217
864158
893369
860855
362694
460926
443642
811771
935069
706867
603678
622080
570118
57365
528925
350124
322313
862644
863445
815725
316246
515126
453675
785797
295215
765220
789959
193378
733966
105374
652476
862984
408372
131285
137770
787539
157893
707762
780330
18252
233588
368108
268521
575299
683631
977540
590904
892099
545674
596320
669150
505720
236120
989498
831917
162986
981954
925567
994970
869949
63306
938532
220694
276241
386521
511414
255204
914689
399067
140361
891861
221508
240526
197354
767876
278038
191944
325257
119254
435539
9995
892917
369595
768161
428715
860985
533953
141855
833522
966557
960043
3598
605903
963566
143462
145884
780833
511963
731239
484144
523889
638715
762521
415820
392107
413538
732562
478368
445194
577894
894503
344588
88114
154318
909270
414032
719913
562990
627978
506515
893048
144442
515097
487231
212917
966915
181718
424173
282871
832666
170811
382273
788495
274549
365882
807050
510383
716997
919155
885173
19835
846433
331116
627286
206879
602014
776279
760507
973452
29462
905042
492067
675824
172742
193095
946583
755396
865749
683268
503639
337529
467677
123844
39198
911249
441246
31399
120323
886540
804787
516418
60428
910340
420594
969927
333081
818195
338038
866459
407591
277021
122439
238505
103491
884176
105247
243416
563370
378704
796022
242767
14699
240980
911699
110806
207019
471244
308361
667166
482401
397320
633086
662111
626468
588127
641507
267378
774894
880172
646440
25169
994877
630546
373327
10349
994118
173380
185392
821518
407466
982480
194634
595786
382468
249597
462269
305902
577267
781997
3753
188636
962963
546258
566295
852394
481631
46823
183741
234518
145046
450962
917016
12219
113324
716629
531165
424573
340707
782476
987454
829725
206025
986454
567306
461174
628051
323098
819640
406324
13859
243282
317928
176193
899096
676398
510506
829770
117104
663884
263529
414396
817515
746582
742736
443287
336588
82887
4212
845239
202111
739376
495687
442046
440361
311754
929116
370024
191303
722425
453664
531053
706561
912450
730850
427314
169813
205159
776431
8326
607803
576705
260823
504171
64784
858529
382364
166026
877263
89890
520140
785469
295272
406320
699681
44916
873684
373931
137883
75433
669220
991079
253950
668432
438897
529979
798444
532054
596825
131542
386707
354203
338956
700767
29378
749270
782269
34448
245108
439204
570691
47099
759976
583984
908679
201471
595810
784626
828848
783777
467766
561901
729333
591783
228281
412362
426579
394186
106401
352695
888676
793032
843517
670217
796939
341106
360160
937472
929755
4209
884710
702766
921273
535967
54142
715378
334656
538495
106042
967815
774358
855893
831199
453847
32142
551829
477636
637708
753067
529205
147657
125313
670130
318160
918604
79427
20351
886294
959934
15195
116158
609487
23462
286128
580477
416499
327110
493151
676471
481351
115723
50975
406922
639713
942158
183941
851114
509771
667129
301768
571220
964784
213396
125618
75238
22072
276784
264263
728273
98631
224473
247571
853088
999438
647660
568886
370067
993305
810407
360896
448283
144622
774573
766746
3907
21463
956855
59644
744027
116454
607580
545679
390351
165991
924260
598011
386244
920668
975422
235689
392113
739229
13976
23212
738697
296213
262831
981568
430071
48298
781473
687690
947686
147254
662414
502424
955685
881369
735323
721160
170461
742829
188154
68663
584450
905140
198314
826300
226988
541881
424198
218469
618208
787118
835758
902836
792087
19435
494957
538591
820350
840931
359348
612463
29335
315074
953612
769580
388215
479834
468799
385408
406301
36409
443680
64950
864625
665052
521316
900312
448242
945129
980614
347016
590400
709852
273400
840906
338736
756686
771776
800157
295604
529709
174293
737411
649336
127559
379413
486346
982523
452954
38695
990644
563750
87031
278238
862655
195552
145018
400662
878490
919415
124228
546646
881733
694987
902864
150953
589564
70847
26568
266144
542404
397443
451719
893039
957202
742128
237213
260724
363618
2762
569692
123532
343130
609193
890214
112982
369364
803687
70895
224300
841206
885028
249706
636546
592965
8142
966704
459285
526467
986012
798443
896658
36665
747783
198462
74426
10602
95561
990013
269715
523576
536911
248604
299863
165477
816461
936648
876185
203760
135899
927925
660554
69822
566278
505782
450547
7468
82137
517682
492793
142729
287022
511912
784766
45114
48685
689301
975468
713767
645653
159020
442779
449532
477315
568656
46285
961083
265979
750671
240455
984114
807093
403511
415402
444811
557723
987106
817790
969566
530821
126362
503706
69790
934664
136596
998592
809741
699913
894949
326277
145912
359177
853979
231198
861602
415701
675482
699967
713937
411627
374903
877786
436361
775128
977159
149860
392648
995904
324205
313347
263889
510978
516247
542735
321675
711051
573336
949139
122192
876358
754941
49230
376748
848808
89705
711703
102971
361387
792597
131078
954413
379076
701894
835989
461838
384367
890092
325141
207490
545595
589514
736415
259266
942442
321792
355415
150151
636476
758754
744955
704163
179388
404270
905616
738862
333661
477582
203862
947704
882940
370745
971160
813278
745329
762967
625203
168252
437580
537375
794492
404837
338149
869185
629360
325516
678630
924305
982266
885157
460699
80846
756169
178729
33441
149344
850900
304391
26096
503288
460771
246936
490401
578693
342571
211494
175125
958472
972267
829820
89678
525584
690558
566644
451826
391343
807245
896424
934260
356311
255940
817972
109181
733935
732605
688183
235728
354442
450875
450920
40379
33867
731733
107291
737408
170836
453181
966411
183672
378370
695634
921486
929093
236622
833315
164157
723876
516790
885833
877493
743595
224471
786061
84080
297400
218411
435256
991112
79939
338145
849724
317612
330033
406249
278163
56423
20344
936020
978566
721986
483096
215466
938709
211285
711831
325260
542259
460383
121847
910519
683117
362355
911413
900999
955197
757497
556189
112875
98647
596153
671105
343210
941025
101683
540564
811898
939612
223027
767547
198741
317520
52818
405443
688367
137936
528913
35537
9591
351034
896997
283406
189110
147213
632191
474657
838186
854963
289319
839701
76821
471237
949780
666557
743278
744984
641113
185222
614754
539489
828571
575515
223322
323440
154533
308839
496549
78933
924136
338897
927940
493141
603663
468692
499646
185351
670908
466015
619375
75240
111313
18242
424364
945505
865467
452872
531123
502626
378646
82014
455075
69262
793381
178058
125632
520069
988672
38888
365039
673607
604634
264841
29781
701688
809743
529055
116263
997561
594654
36314
753615
88104
346958
892219
739096
420813
16763
785313
527701
268317
384342
138530
27318
599820
109637
808200
812812
387833
448217
603926
511588
788846
190484
19424
686823
598719
456472
195223
492358
847875
884218
521578
168671
397724
556914
467013
134967
16866
908866
988963
425192
481828
647300
110899
153486
529432
71039
188720
53026
199339
728028
49516
591603
338352
395422
817327
650805
106211
826839
155619
464688
330355
161997
573596
53455
997028
870488
872417
776082
156223
712594
250120
919330
176871
446507
114210
705924
521313
702161
927475
109880
39775
256325
627638
10478
36518
423107
678546
813962
581992
821052
127175
396172
740057
417069
689719
219147
780086
658080
470887
566331
790154
867844
302244
431374
376680
936187
938068
138677
376113
895621
731220
973459
264275
591324
569827
798119
715067
739529
39832
436493
276452
747344
57920
874038
420042
394567
654608
340934
233162
891191
99844
497194
61012
71638
193003
172455
580417
906348
237227
729846
466224
903552
784753
151404
684708
90109
767956
697273
590392
439997
600542
597731
207016
873781
921194
943652
313717
887340
702491
805757
636827
283690
422961
808468
617483
780645
256179
26114
179037
89454
934852
703765
179264
54211
951874
640903
299507
106814
717545
517940
331834
381652
321626
826034
835008
132281
571402
962870
921077
423879
52044
689465
465480
790000
386367
845117
722360
314792
892466
633954
806375
711238
522336
71977
338053
539918
579639
216677
861636
183314
895459
470837
559992
189866
199281
447579
659861
174306
313492
769155
819359
703242
77779
807982
36738
854588
499567
899888
749710
674656
157970
143946
93536
286540
744891
302385
56421
96671
550943
993375
173286
187852
872346
106046
464056
306925
7417
157628
952686
43961
276742
934186
637976
399112
334154
447407
252427
790487
484035
791042
102205
722742
704870
917227
548391
158830
91758
326656
833389
527951
79834
407382
7040
637865
96951
356986
177791
563020
731124
383717
440427
592479
58253
741849
55765
882694
980641
321340
920788
492718
555344
907996
500841
817777
11132
428521
695073
717072
327269
680847
748956
924195
645245
832782
259352
557350
433677
440562
909110
246907
645612
919527
80445
184795
265351
934384
692586
898353
379581
952605
477232
809584
597520
518609
478563
188762
14927
120259
495308
743935
535926
103876
875444
86144
328957
520383
868601
579483
812117
869510
663271
482701
947402
48940
91433
935779
174396
285063
329465
571920
846833
548463
146576
93789
979852
19051
384981
13350
57838
152110
342533
919769
301302
848049
475201
389922
898773
333875
58045
654340
560917
273957
123059
571006
256523
386507
116613
815669
4393
305396
762899
196232
146929
966773
408764
373502
656958
396032
363504
237042
6999
59315
213975
492408
359231
432429
91290
314485
596423
111680
273900
348352
533700
266780
119062
305169
76752
887139
518847
57378
729107
639562
481319
328653
847817
205891
902918
947212
616553
294086
748686
531436
881751
428080
671253
620536
623244
26768
832727
655402
781561
264526
911282
360493
686108
458781
339593
580805
368973
762083
776875
416703
590712
406949
295840
212004
541589
256906
176947
140897
926286
930993
896713
410583
958366
490046
625244
314646
493206
927076
34726
6745
980099
741829
148078
231879
841208
158732
503534
702124
618331
178041
80597
252948
354307
544697
371132
477218
954298
419403
34351
187788
631776
660079
425805
477912
71772
754867
301982
314257
107038
520622
969585
370724
400931
69641
436381
126114
404787
57046
131087
350597
340614
379686
571957
191729
48156
956779
945907
274870
394363
941483
460732
840394
302676
21498
187502
210689
448717
222952
280821
556877
225183
427881
331488
622938
569144
707609
999101
472916
387629
390956
339237
823833
557045
494384
85537
138716
978323
111274
448734
911921
357315
852283
259020
395173
795400
935743
465236
168452
454864
806214
862617
586445
842619
70298
166445
741192
226647
859888
318129
792674
921092
908701
292390
741102
489193
43609
612315
47360
42588
485151
494630
286102
884923
168705
515015
577209
897080
68534
624954
149090
836197
772504
174276
770671
508464
10991
522217
942361
563307
415867
462074
34842
648549
908116
672572
70972
697097
94122
809623
395887
535176
447866
754766
176231
368927
910145
234112
533028
161521
48949
6352
539876
386683
252902
468595
316727
995070
52492
364891
446141
920911
678169
967094
851621
703574
143025
921321
577869
157066
551006
481187
59113
988151
382581
443851
471571
990427
729334
80170
167482
885860
961943
387834
147055
242710
519603
26445
148959
715419
310634
295653
982487
501187
972370
69670
351184
543225
541347
372430
406642
290127
189540
543991
765128
279293
160175
618067
183004
444900
191801
334266
347227
398184
376307
323323
451031
715633
627635
22926
826292
83283
736277
388945
271391
28943
210778
414481
193360
364721
438393
882433
620837
375322
700687
227218
484296
448464
706476
643640
422207
817744
613759
88938
714079
283042
759656
414088
787623
840700
570282
868953
583672
169942
154401
664306
376295
819108
621051
717777
485603
763855
259416
942242
87108
631627
900432
382464
25116
189823
434094
246414
61020
855112
955330
532200
336586
158593
863008
76913
78666
366055
984698
368437
476895
296277
990987
80050
825510
271450
348505
402551
703745
257283
869431
529994
832294
488294
57759
294323
811916
140133
331730
754994
154587
824660
566833
513592
328233
980307
668419
422352
488187
677497
922510
671071
532694
622269
826846
762959
518341
486209
431110
90192
806196
138393
886606
624935
842486
83173
695849
242371
102715
83459
362741
737358
374604
169857
422992
361900
479362
62822
621410
413256
63385
523446
948867
461326
32142
155883
184684
203423
850240
865366
642976
4970
618166
677268
285394
84925
991182
354808
275114
681407
650598
541546
983773
715961
116565
98393
569000
510673
532808
298279
467985
600423
713317
95361
274460
931132
15615
294296
481409
479043
565805
560246
603521
47625
684399
657622
863647
355355
623976
71020
517379
542917
962549
599497
62470
886444
224690
335614
384642
118924
40831
461498
540670
823279
175464
907942
49284
460563
971806
80946
856542
166781
542805
172129
209479
993196
971509
678621
72389
419777
882168
815793
263805
205305
476362
655961
799851
170561
953858
884579
637678
33179
741793
135602
629027
406195
965238
556856
87013
322208
988587
845105
897278
695545
219013
242048
520882
656498
421876
613672
73346
364251
598568
449293
684458
110654
508631
57151
868660
831778
566258
367375
647550
153939
347126
339381
862413
810496
436957
789570
572271
180227
587497
329692
576784
358569
231656
566659
190801
249535
421216
99924
208628
247349
920313
909233
576542
348929
594743
546811
371587
275675
953750
253782
689720
228341
85178
289639
219643
258368
966158
298316
465961
217923
842776
750071
32474
517296
646958
436108
115228
378186
540712
398096
41672
58119
494713
93083
806198
155934
350908
855573
160529
683126
975373
853445
223112
394324
369849
913338
473262
29162
516049
777662
344833
570904
131034
640818
175933
243519
327028
129155
856382
549254
639513
223038
150874
99048
895802
68697
571928
496279
149373
874943
693125
298023
755941
169604
154746
872790
518264
782219
863555
261057
220590
825126
618930
432051
54581
960817
319337
648819
283701
230516
999412
57508
670454
929585
171027
573380
978890
867405
887302
270149
402254
279066
849013
626601
365317
785001
339908
449927
234797
493562
283215
741148
939262
485169
804551
785394
242081
177764
452161
413895
277927
817002
249615
407091
324088
284884
928917
397133
337274
684983
628128
301370
121620
213804
653570
4213
656230
290196
999369
526373
223596
529005
841923
608891
500276
924936
694199
370469
186163
145277
967158
487822
894803
685027
901382
988285
684951
560030
559258
870287
733317
891096
945296
762670
965877
101715
508289
956265
311295
434307
355435
446695
129066
170863
410620
53086
340533
985953
669613
600788
385530
813800
664477
202657
447779
264249
974738
828044
326243
530904
741719
364384
815279
9697
23088
982163
368023
526192
139217
443903
899292
594472
679855
692601
598206
898143
460109
931250
627933
16589
675263
153257
518508
983605
411706
20901
376879
838278
496620
955391
391576
167882
337278
254901
71283
988381
772084
869335
644160
606085
118800
675918
439611
977484
607318
458843
735354
539011
992955
927659
790662
178849
597513
856721
516415
948272
967172
931681
338733
481410
982885
489657
89167
75498
407815
769800
116864
443913
925154
684843
812643
417276
740272
24177
692944
516486
897081
931310
483552
993763
677430
542479
486060
735149
291766
349785
879146
799267
647719
557184
694211
877654
700017
230688
46438
558407
71230
949938
321525
835152
453077
910548
529208
749090
698916
54741
774930
619173
587264
527542
690483
588262
952040
534355
726474
811622
313022
220617
134908
252545
63923
877843
88285
588062
396943
393884
759357
776719
648154
830668
516485
612275
704706
387705
664347
407318
602093
305547
199500
923274
331730
365160
932284
361583
295863
518733
681745
940333
141928
663100
212444
353197
480218
654090
893829
588236
514415
379969
494178
579742
620
902352
23067
117179
542175
737208
408071
297132
468901
144991
711921
766290
566837
472624
199815
224195
700017
562274
589949
503987
532599
135017
299267
695611
711597
387155
323669
657827
612505
935482
349791
381844
336637
91163
547602
775353
636282
691569
507205
642750
364289
879098
380007
585380
174314
495935
79335
90746
826805
766570
442897
853876
771210
300605
619229
842592
649134
878603
939972
447567
866221
488915
391387
641827
911745
515775
686838
386294
809220
476897
118810
827165
287794
694262
619329
282385
535286
94536
493191
184246
87604
552358
520222
789879
970567
530351
382784
942630
511057
813554
543412
517068
376138
975200
488832
85850
569886
881688
702422
392772
17600
333064
296525
683563
653442
787740
975610
729118
737134
957018
934659
645125
721954
3307
877301
681668
480108
743677
961950
865475
181995
975425
718659
561179
992570
883688
531992
891724
135521
815024
112840
67461
917407
606021
67686
250914
642996
163392
493156
27294
923988
405991
435256
756152
238691
681856
22247
111618
67976
929825
257121
401015
878246
890599
885074
805699
205538
577961
101313
890688
332321
307918
2092
183717
781544
978118
442209
520164
625820
141988
607175
888386
537298
426839
353732
318665
317617
105636
710923
953070
406261
507864
243323
111304
900282
827937
338646
989886
277567
991519
441527
683852
90791
36217
75444
530835
928706
859354
683791
542554
442307
113802
650084
920283
375798
396915
372623
422177
97865
624024
755966
595893
399640
908528
291369
710008
621990
546330
598597
20501
473512
539561
25877
78650
163243
149639
784109
322562
968409
601968
565348
628777
464913
616569
694947
86321
537953
688482
964148
274856
537566
358230
352673
774979
39063
253501
810644
978878
636340
222300
467900
758830
143256
793694
794561
622929
600931
639796
353403
14504
653440
916855
53357
466627
673911
660186
409587
559049
408391
938287
244835
277898
629085
374684
679383
118491
202685
921123
381902
735467
744881
340063
991565
618323
850841
546705
15723
467814
29562
597632
897536
709250
64324
453919
753802
724393
209530
651684
268059
851839
23304
350745
488627
189413
667378
467741
845767
410260
641328
674019
41331
382880
892430
889014
602849
978097
642334
522806
867022
28108
278309
294881
190522
984602
408347
874398
908496
39277
238679
831891
425032
950424
171413
247921
888840
649939
638737
348164
26190
898728
315894
613806
423291
705793
662593
42502
442394
420596
888314
426996
468799
417583
553438
690379
357582
213354
378515
82751
285954
864446
108622
60027
132671
764351
596383
24612
610524
50980
811799
303094
827579
960866
179919
876214
775152
852915
336448
876515
648526
840603
657983
364847
609656
993292
41006
397176
4515
990233
447379
829996
7029
444125
78982
927912
632457
124914
203098
608935
703438
919956
845719
587259
218713
824015
701757
923700
291027
578200
879558
378810
149772
530296
50240
443932
248415
95545
46505
205261
901523
337955
316572
282000
263880
656298
232544
122185
284147
629030
930238
666053
624757
903589
660844
280425
721845
895241
239089
280349
3023
280385
52390
379703
550111
213918
526029
856107
130711
926470
27747
468002
794695
682158
664240
201306
360119
714639
553862
152853
786358
913083
257137
139054
640245
933003
877443
699989
160697
940202
198696
204077
473982
929751
27122
599841
975501
310610
993126
47743
286535
457356
474024
108776
315680
677565
445665
90692
902396
314662
400200
987614
826610
28182
320653
899648
813534
966704
540176
53514
693824
905652
698074
92016
567169
41090
876215
434910
301404
732187
825299
923375
407227
610750
783697
542879
976158
675764
106501
739755
262029
554105
296796
4706
617394
136461
818286
678195
804868
650429
213413
957662
264288
173003
660533
738464
723157
36025
464958
532607
428785
275812
686562
198118
30990
636305
499943
845190
385094
881091
872298
857237
830173
283312
692864
929423
485590
701350
277617
782627
947296
322178
743805
868077
900362
26845
812514
307098
839889
195183
31256
763421
129448
254324
897008
703292
372328
538889
142159
225757
763558
410178
928425
735737
90714
275089
779001
20253
932028
872265
984359
272599
215978
330125
423440
112296
561148
764241
456413
240968
782474
116949
176646
898319
349695
708575
735715
846383
469186
707337
233760
908478
135390
151389
634746
625113
617563
83671
343218
328581
845675
374000
766811
495655
176514
826377
413951
863937
135757
713096
254477
548332
964561
684019
951983
803828
409707
975616
704958
712916
226727
185824
924298
561999
474616
626583
433732
448177
598366
512701
405050
978179
510642
825196
339625
949476
834298
783111
103883
40247
455144
796402
31904
593369
463217
724858
913493
670132
798870
115559
524208
438899
463879
294243
414179
46328
458262
639749
71635
832272
249645
214187
686264
296368
716067
521638
426487
176423
603075
138552
455096
639591
922745
82786
110095
916491
848032
651309
734935
987193
545264
358972
247009
629802
600009
87693
267250
548383
493303
868052
387837
119956
365911
39336
151332
520367
432457
857861
397636
732065
503291
908029
120575
369338
22719
854608
955360
202892
800386
724553
609125
842125
748568
193706
405838
354506
734932
710769
30959
134767
500492
418718
578783
503204
169841
644245
269041
696857
405496
228040
391680
260423
393383
351523
531205
974712
237210
236428
351830
413718
279495
635841
497937
374028
349549
151259
780968
82561
275113
221609
636444
34590
931187
719985
992870
107934
68641
299689
50665
33762
665619
863922
684585
331473
835254
679161
24809
308436
396166
12803
608607
213439
695544
568981
610788
313052
109793
207661
120253
444669
605677
953487
16159
123742
689684
874499
677204
657587
496568
922463
148097
855930
600610
246610
485002
616757
796540
857923
562667
840531
835818
174437
152814
384884
744465
236247
989076
447350
982506
151229
401086
364387
191059
507405
246982
321672
236668
203589
427064
660904
409780
681511
142655
573036
142358
553736
446346
319484
15059
357155
135904
867643
284985
923937
826098
214307
976190
916369
379362
715737
656890
199476
841071
718111
966467
642167
470098
640757
451119
965909
733615
177316
364405
405135
649944
966725
146106
62466
521907
964109
539447
182126
231004
648526
412935
358763
979562
80771
746032
967008
289488
132890
722167
549789
410048
778387
889321
547808
288482
7845
403268
132575
90884
700716
429537
359144
28345
854953
684072
982969
455276
31106
318668
423285
166789
999124
814895
334545
709138
743744
52414
124502
459240
180026
420331
393026
222887
392288
739241
21425
764776
535920
7975
959937
798461
295432
689818
865006
952049
614854
186765
698445
759272
800034
136799
851508
539795
40825
328063
212689
942350
534521
45744
923040
365245
163682
536412
360941
791197
588691
213298
153144
340650
845384
4519
833803
837365
254546
970830
206357
441692
710580
583242
795971
781276
354206
635119
437774
754313
990506
576239
117886
961260
977707
481898
243121
740944
27395
168613
70488
200046
64876
921465
96551
823916
78547
94771
470939
821360
398305
300511
833201
921837
532175
576578
150981
405848
168598
8377
319736
372487
719873
972165
848115
687655
984932
276946
88414
182419
181307
890171
187861
220769
615325
169520
160821
758172
144717
237561
698961
940890
546361
883983
688062
160338
418945
596397
38013
7686
783771
940214
499931
11835
169824
323807
766060
75179
112495
383405
132028
890113
80199
651804
137718
293577
211383
725302
519372
52603
276261
143178
51602
223890
987384
783073
369110
393018
543422
670255
505293
659432
865518
91915
833396
75972
889656
61723
386237
273088
262176
54803
173179
271857
698490
198970
42784
499695
106732
274418
405104
38926
739469
300350
258970
520614
418145
81134
561494
855975
126505
340655
901281
761848
195051
498978
686495
938060
866899
418079
826857
445138
521190
368840
893353
535149
430422
762308
283359
968489
132317
261841
177817
729759
727176
750060
145852
681718
331058
712936
737687
384795
184885
382664
357557
289653
945760
833644
681191
269250
885983
540448
564458
315330
106745
403400
796350
585737
747254
400012
838771
528821
140244
273761
801418
25204
642891
797911
819147
405185
86408
28372
99947
83547
215993
618589
27067
224320
415652
43968
831731
405735
264787
330356
877826
151774
111718
972660
641086
671229
618159
454334
918750
988080
98995
293247
843572
636810
635179
440983
794964
43772
281310
911184
521140
91492
154668
873364
848538
930704
16750
171397
430688
242733
246997
380715
243330
170424
361359
215248
592967
222713
663478
711824
896392
86294
510842
692651
646925
981023
378034
975514
863964
416153
494744
319873
377452
304095
133717
745895
401038
843622
918960
279929
274598
516797
848024
628192
758758
857225
438817
643428
266030
156882
339513
98471
291190
408698
500920
570712
537247
240679
13855
135174
764388
952284
517137
24982
149517
296254
306202
125546
790320
364246
390327
514523
566229
144530
260251
497171
410452
329666
126710
56204
187662
20468
512024
278160
979922
187913
918962
772672
356135
762853
434328
636287
167767
456817
86421
580275
349471
710204
849100
157468
807853
671731
573885
996962
892111
137742
867354
935425
327126
224010
101970
537363
686930
593225
926582
613372
852513
444640
347335
132703
100788
872219
340150
752531
551282
37900
217569
9949
328254
461570
862179
339
98344
534514
779273
650425
155009
707212
902827
151501
75734
704865
257396
841096
224241
425611
46748
847887
608039
246938
891961
28462
750478
402781
542798
244959
416290
307988
121599
866124
250915
745286
831194
260270
193974
422175
506190
471520
182165
143918
820947
91298
894710
714048
534524
416722
755152
344342
545191
403776
339334
710528
703911
147888
381260
312470
679382
626638
654738
186531
685413
194483
918898
261700
1561
43150
622999
445600
629764
118499
651592
340262
681340
808116
347955
35307
297770
874920
384267
336732
47816
650251
122534
899582
356877
945119
254397
751023
516930
154800
549420
716668
595572
725995
840657
801413
46924
887374
552580
377387
779372
92395
692273
831961
935744
288026
85788
622170
770912
605209
972426
68216
860746
857912
535005
425515
72445
336839
644005
160471
281705
261121
989664
130535
321127
912931
687568
713139
834710
161476
977951
178466
701162
237482
327063
993445
317936
976324
362672
166065
608040
952920
118158
638172
458095
872483
439692
608296
348920
429328
709023
697208
362287
756472
28331
118168
448621
560639
486335
838623
453418
361226
636926
687810
359907
468030
192319
196723
156582
29407
496792
937151
763658
75056
509665
34763
316069
171796
105808
859516
304019
112335
953966
39939
800800
962215
647993
618695
833991
955258
204553
621923
605598
367724
799526
158963
453482
973156
999849
223663
185588
644757
899252
685086
485138
571972
884907
55791
921665
309262
194466
800317
857230
916906
498877
412800
627237
219373
100836
440171
930438
82835
278708
996253
344021
274097
198921
462358
21589
448353
242036
60803
744027
924519
213020
518949
963882
496237
525734
943858
695710
951020
48237
971678
228535
551266
59184
596853
142298
712113
894539
82783
387784
123528
892249
789472
363172
14994
717804
760816
261340
666665
624484
243150
933542
537669
21919
137642
576831
154834
777794
211265
932093
443265
216446
309844
259520
807232
824885
889240
63918
47793
897536
798170
672077
729169
823351
151382
138706
159360
707040
543650
542887
398914
746537
358614
309870
14500
620826
538414
888509
404535
283322
129679
139730
910726
389375
693674
387480
465452
125144
942615
904075
669725
626321
655359
386655
516616
459644
162045
762741
53887
399236
964530
545944
46579
697030
318739
96638
376029
136206
590614
495585
110575
724992
485823
734932
453855
510787
405803
31447
110225
922054
40721
907048
341955
510827
89911
966499
484346
370570
202447
573850
940451
978701
525769
437969
940337
271962
738979
401187
290028
251524
162199
865074
785689
33583
994027
488761
874509
656047
910880
175214
462938
841932
194822
344688
159195
404374
28691
794561
470415
83
340810
988739
269076
884321
332055
469189
149910
17960
84704
959596
109278
191049
930599
837552
131820
878095
900471
519814
932478
662164
967941
492579
758105
897752
167501
743655
459516
854850
945390
891568
625303
444704
56633
612645
382789
856489
844029
481294
584983
29522
398662
72781
881944
260994
302205
580895
394819
538944
905052
597409
521582
734975
263312
205640
779238
595386
925324
352392
924040
957654
979025
957162
435822
189851
826506
378323
557016
68310
351902
74742
91356
479346
49448
776057
714005
236873
70751
366885
180557
566500
88465
588537
500456
528670
595596
859257
645277
690679
889540
327876
380653
319257
128322
910027
494627
9818
748575
503855
472884
876196
537522
149601
115182
534416
169755
166249
996086
573857
214894
869119
381590
904202
834524
792303
365336
154166
668577
400678
695229
908671
260497
219586
160899
380030
360807
518975
591159
253118
309553
883028
657062
153907
346427
5663
503512
45714
346294
920426
597508
785411
141018
813613
317478
23665
196870
581117
803046
505350
697586
320546
605525
575284
487276
718580
497881
864289
887870
69726
35417
917093
207118
57128
216552
396557
854324
375922
160572
201009
388224
127629
253247
410647
767758
795033
123968
384710
877953
820645
332707
563529
552658
135247
895990
75351
49791
30628
944398
50836
42845
454133
493946
18451
908401
994365
843979
735603
85179
265836
165497
290609
673344
627570
973478
231356
835844
404995
659024
769138
881149
77095
267981
525292
27086
93073
868764
757330
139943
689656
491676
207565
994925
588809
558890
596695
979497
29474
430776
29614
823986
874672
31058
86715
707337
921977
844930
654108
451396
242413
399831
38290
969292
389909
455596
635404
105847
616045
706650
814174
366389
294518
966973
416216
502380
746566
453203
385976
660893
183304
204229
677126
953844
555869
120771
31880
28329
494533
970007
345576
941939
952738
697740
400371
867464
557520
325583
538043
73792
684143
666811
436888
804510
706345
760650
506272
557654
844747
949471
220054
711648
594519
262825
444706
835298
775641
234758
225575
45236
29243
24086
308688
503152
872194
406674
196895
191939
10261
305137
771797
525421
11399
338686
271745
284201
109971
915342
912439
684139
314546
955047
291413
702496
576268
157609
380140
389926
441607
46359
8161
281252
538326
417894
567674
640508
706717
801763
785704
345699
201468
879243
735395
963939
698518
644439
347283
40408
916287
810796
423206
361973
229500
898091
790096
598351
968013
744994
818136
973258
578770
565200
172286
8933
175569
363632
619945
758990
244153
857434
232705
206352
429169
575065
466125
424191
664313
703141
120814
578749
20023
128970
302889
13923
951711
277232
925877
815394
647512
333439
980003
644576
95782
652591
762576
927001
359544
67940
437760
732817
179285
638553
497291
213604
812075
305049
344462
96917
987272
412574
15664
18683
259375
906559
307002
476675
182242
529134
643048
803540
591649
91511
861776
465346
826175
736614
498735
840772
518739
292693
49476
975187
210452
111530
850452
202482
390996
419789
574620
495727
825076
614304
50830
216293
526487
771709
883490
445127
543319
809814
990180
308163
528832
31660
394845
533916
814519
883712
122269
520851
945342
673633
126807
372286
262824
773234
434928
896010
264515
577321
26515
57759
688094
836561
629440
945955
717931
24326
913270
645738
57059
973784
258237
144113
575830
763640
299803
370519
956229
98619
888316
635860
669312
75239
830150
707303
134655
15974
80328
897828
659479
168512
759550
578274
404719
419327
660643
311949
168917
260911
688928
592641
634490
485534
166637
986066
769664
931633
126879
595980
453323
995085
153558
625823
339003
14711
944780
682896
247819
92382
80393
775874
910055
45245
901806
163921
485143
752420
713814
856086
181252
194808
779891
176647
87238
579108
188848
461657
343586
501160
70056
507714
937822
111075
983445
664918
980428
118274
261774
919088
281527
99940
482182
856468
250557
406731
200319
568699
819398
810660
139425
892731
344872
311505
6159
485877
745051
876964
565743
635257
690356
654623
558403
683724
351098
214260
715503
777543
78692
49529
640527
290523
721982
789132
69419
681883
106739
665512
893857
742188
916166
336542
560999
924360
924283
753956
183199
420019
140077
879728
944373
401492
140812
915687
141937
868706
746572
394535
994413
124960
577788
254526
823286
254459
597073
511810
640705
804766
201871
988546
948985
67164
103817
901976
434017
524291
818944
266182
919094
106274
445028
583009
82502
715666
821366
238754
775195
89658
375495
604556
3486
919730
861956
723365
326055
566122
795395
699841
946548
882697
963544
505195
122147
571451
447269
725376
267732
811630
574145
164347
566917
468907
257185
926940
934757
375337
172006
546334
218116
659057
865169
278462
926869
401667
26748
472742
579851
753497
737747
695989
258939
557816
398725
38336
672614
936204
621647
413261
907773
776860
564943
895965
273673
533169
956461
198965
26334
242517
347538
861445
792778
389876
967416
522342
800305
303070
378128
350489
826773
865613
856665
771359
105299
333160
962572
941475
922532
502243
190788
91372
28875
677487
130074
902057
424395
215290
617371
2452
884023
457895
190577
196431
110945
751596
675851
969582
583824
242371
915071
243411
858004
263188
242641
317429
402898
303547
56397
434055
428966
230917
455543
208122
708298
922759
33368
219385
751121
205995
923014
956512
876197
62414
404967
780420
339869
14732
196813
865818
397183
881862
986944
322092
706046
474375
754419
78239
537229
135915
603151
809973
645344
86362
116848
230034
354613
941958
557299
212289
729476
186765
397128
598296
981416
24351
792195
188784
10571
906823
101424
859403
639256
141611
903237
709427
950589
729856
470744
754052
604025
739546
485389
503237
362105
713415
507180
451464
994174
747747
901348
612348
9418
681437
412884
327965
70039
677330
423755
842993
98762
864269
865386
330594
743455
111896
188901
322031
491897
946876
290139
676748
33605
355530
28436
448673
902010
743389
272903
931352
268082
968996
965820
355280
242306
2179
317266
736041
327161
900519
296184
777198
973005
639380
419651
340018
506916
664692
454772
161618
409855
888701
189445
74652
62738
286036
510993
411775
387317
930731
153883
528454
292099
370447
285196
847424
172239
391532
67326
258696
826716
932659
700399
547645
719725
450735
237374
456014
180724
907924
363486
589255
584689
484337
876465
808009
148989
999681
83523
341383
274882
957739
476807
408778
635986
854439
506886
193009
888965
842150
139638
259024
627735
903575
703135
616217
460035
197872
536139
915543
510947
358709
677337
906558
562147
539825
714337
507781
269409
733550
281126
960545
538707
246257
175153
369582
157988
623961
1523
187086
991960
981345
280944
266373
309386
58387
842390
155018
562886
703546
421777
978661
711181
883788
257643
619532
860936
67716
503941
394247
76915
31367
722744
792432
968173
781220
17477
807737
254256
523887
642456
107339
230778
934041
416050
87138
15494
739305
22552
678273
161551
228409
212758
765458
486159
406967
665272
453737
886140
852869
977561
575094
54393
287615
355850
682583
465677
638255
886514
357173
314417
740546
452378
524209
76717
540658
695724
559553
486553
64057
886425
357863
836996
114144
812474
399323
314169
564740
425136
422535
704790
463424
221219
545454
708215
261574
687447
683864
393645
828520
803744
89280
785101
197872
862597
138921
932779
952215
530452
939559
431961
709971
286402
331637
218607
792017
122616
637574
946747
617063
270498
879205
367328
154197
653755
800770
87700
222694
349171
203655
890361
825591
511371
176702
45892
568957
339299
83725
154616
557468
741617
653983
29
200774
29973
937055
482525
814672
408923
140536
101877
425690
485066
65819
14174
281122
957054
889599
930509
771048
31526
301167
629309
975747
362085
996145
248018
52538
752852
461454
332341
901992
235982
856334
956937
650872
857240
744410
6687
43913
877317
972208
718099
776154
17563
490490
36826
369222
252805
968300
528876
401283
36787
526019
648723
546201
945569
388790
744498
731628
143642
715148
891660
862734
222896
458722
234704
412563
165010
424360
241122
395807
379698
834574
182637
720724
936273
950008
636953
563921
841385
850741
28536
665624
280150
220077
36484
327239
356036
978068
41417
970216
338867
326375
951958
868792
545873
742264
338468
632534
266938
543132
338008
850992
294951
252814
255934
364363
328446
515274
953149
224673
343663
180457
524298
504117
252432
655551
405822
236134
431730
251611
741359
292584
278744
681640
584227
70866
721478
103215
118466
783668
463505
43061
442345
974100
585747
10949
492759
529894
775658
189792
189958
570088
786679
695522
12125
926686
974044
918965
806558
691495
278305
352447
413948
288561
212428
23242
293435
893801
321164
354400
729869
896956
355564
613938
295844
157584
761252
341183
771666
478088
686437
787366
542618
270543
232871
904445
75762
337810
213544
343360
371730
487676
590722
810487
942939
682801
430461
576363
482348
404960
720948
288753
982514
132394
939157
120523
91231
915291
148638
926383
177658
567968
134813
708574
682993
626214
808617
743567
154102
883962
533611
915154
749763
723470
872217
256633
731192
739944
665211
152579
247962
846681
70291
527986
470104
674598
766259
311478
223717
794187
546741
58817
865417
657646
31305
966142
805856
988537
823398
887163
34593
559603
577876
285856
856800
311687
368103
106481
850276
629700
643199
273310
942925
730593
160413
262005
605436
451361
580900
34649
238361
385767
653059
78286
213941
28692
587272
665790
190039
127287
774139
531030
107294
449
802558
6755
178484
721884
372390
300816
957808
633486
342433
522932
234813
285963
699620
854573
61525
898092
914271
3261
337331
520832
663679
923544
878551
433483
841890
957354
671033
515869
404145
114896
915492
872713
297473
131733
453117
437098
864622
490052
960190
563049
261564
469788
753379
387977
582713
543369
275871
890920
252319
50255
484372
706516
367377
793764
534156
74077
586420
753931
943177
112141
397743
87083
850797
766937
255077
199388
555145
406171
202661
623341
301860
66455
132862
327794
123263
56715
857521
945038
325201
110121
211800
865056
532869
89799
828626
932572
726122
166398
936424
953204
177533
111621
700481
56550
373998
797653
944714
291021
209390
442309
227119
556802
930708
442287
809556
606668
75295
735857
34291
633164
483506
512195
587705
34478
278145
683635
955223
362170
860143
883969
607260
243285
854273
325430
344096
380208
377445
789490
841603
767890
151533
643293
39111
555820
923206
130948
83810
781546
619077
283194
674426
663724
25653
584500
520633
200048
131942
569366
42767
918692
957732
854213
426772
423131
896422
531885
777092
632675
283198
96336
80397
42898
192132
835550
605023
767367
150837
988537
483988
681367
558436
65164
563805
93264
941199
330367
63920
679931
498729
27710
164204
616297
54547
226177
180803
624595
925278
549039
949615
547492
268839
989094
241208
126633
531028
34354
559768
81818
789115
153623
973042
602258
568658
310417
792681
521781
964055
995980
706103
400848
255043
67403
896187
914002
291529
400985
179438
546269
222878
660653
35446
828999
360666
347612
842079
413196
760802
134416
656781
127145
61085
636180
984558
251177
15276
292796
880986
567815
184034
681562
167798
986574
622562
344455
859738
636563
713805
798279
811192
532684
530331
505562
441892
235229
396525
394102
734609
891804
559940
513111
447879
589266
334604
628499
341506
322818
811828
164877
257009
866298
577873
280180
512646
336955
241271
674902
265043
55416
158366
964173
557339
663697
330589
583330
571681
518268
238997
51668
209120
762528
919568
326733
457030
59367
599736
964060
922821
372228
611664
642643
892607
639755
24301
776115
908075
440521
718731
355081
102098
444183
683791
399792
924746
15073
211473
640958
233233
548162
62145
522970
276564
553113
396988
541093
362937
812140
983774
293350
457015
476906
638633
887463
473277
104162
949487
303322
360873
401064
763730
168827
946216
228652
379884
984539
599093
778678
49852
647898
340395
828433
232093
840579
652830
757662
636117
799972
524262
320769
101742
498098
817227
416506
505503
25436
207308
799776
97078
661415
857444
723806
949019
961677
41214
290959
556500
589044
665254
998593
320403
871985
822176
19080
661665
679347
744027
874741
483187
668571
44801
537869
324934
735563
49166
206598
30022
160461
456609
80910
323643
984719
789516
95587
890737
177314
71722
341177
852360
970572
985113
544712
466687
514362
387098
355574
165667
563772
387490
789644
656961
722362
434666
885702
807659
285402
560735
274284
276472
866665
813753
997305
267752
589275
153037
634665
756999
102306
280771
251927
932864
397582
301550
108643
287625
462577
343712
231405
721301
558240
69567
211957
346961
560837
504914
304080
819691
765364
842749
479419
673403
754224
790081
920949
252372
247781
796351
531422
424800
960155
456836
500649
139559
918689
787185
733229
257966
17672
274106
935915
600240
779885
480480
450651
692204
929749
321764
246912
637375
20514
97457
875535
837137
292580
525399
469448
650540
877499
413690
113867
132243
683842
207877
337887
932846
326417
900530
442941
638224
190469
225459
852276
925049
858081
646533
912606
523538
171675
905445
771812
304039
87769
388470
114347
772064
905554
765353
312986
795749
528216
376804
79648
947724
176643
864628
572147
735057
510451
603728
27841
194375
218085
952724
892809
740171
525531
949811
585195
921260
107709
36670
736048
798211
502106
565624
200191
462744
186968
762436
622664
528905
771440
363463
589617
276629
948011
669847
996694
930976
72339
657032
359832
143783
937975
546152
52670
467261
515686
814644
711214
362895
879020
732692
85250
880857
735447
317714
395223
60069
170188
588542
483734
320067
616345
716417
42440
877845
308197
953657
313321
296663
311463
131512
778793
918474
77110
843252
598410
219207
676103
833261
651044
173579
613207
280228
260357
924561
380225
976661
306528
161392
896508
38515
745903
154628
466216
526597
285755
785311
345260
195019
569038
793992
875146
487782
726801
579944
128028
182657
949905
450616
703517
11877
558389
277222
281308
440666
547652
563659
541300
492324
813004
893019
279730
83095
3472
283718
628405
716924
4485
134020
803249
185531
304532
697329
169934
387758
586969
207558
518661
852564
577093
758254
511008
153918
290084
307298
857613
223126
753185
380628
525973
549020
202813
586173
507101
29432
135729
690459
496217
955818
519424
417670
231764
872502
315726
920418
615262
321690
547754
6640
908613
886852
742680
25330
215109
782
552397
150507
108104
641594
967125
581261
171753
87096
911599
518796
802331
212640
626953
823945
240811
441258
702397
456699
608272
104703
602990
944870
894030
694866
221577
494633
483545
93154
32811
609039
159421
697807
557328
682640
472529
715926
630949
641832
115175
375708
581124
916258
465556
9584
995283
553254
410432
266414
434265
603232
127773
678335
626282
456866
484552
169444
698836
544468
321029
98892
261072
328762
415081
640756
231111
323409
293621
664893
72602
574548
233713
974988
771909
426042
382743
380405
121391
62147
690361
212925
142643
514211
123577
615301
317980
978583
442201
658216
855806
18895
307740
19819
846241
906279
367707
777087
725172
427951
227125
913528
660034
417581
85882
161865
485178
280013
714107
908134
857264
5341
964833
628462
779111
245880
426960
140824
813164
716433
634601
119661
791893
767693
946228
546850
744226
875292
405913
457063
500066
628634
487955
954393
62252
818585
508260
303810
822890
800956
43215
189784
884220
204890
912154
617622
697166
665108
820224
487889
72351
602368
338467
226342
517084
573925
324469
165628
720466
892437
425023
951526
563855
491039
336762
91576
807342
695353
467375
980035
293143
305142
374184
656971
733494
314083
998111
686549
509264
441129
918753
210289
759242
995657
377163
185862
781979
381223
983671
366232
483695
665483
145069
908412
216104
855766
449165
63259
201812
23691
3859
959218
383491
456290
706115
915240
169782
668360
695078
998593
30819
150678
785525
236402
977649
845406
639404
718914
625651
225151
220573
505810
139286
6008
251056
527648
152412
654324
885370
551362
646595
333186
777682
518147
333265
459647
465689
227649
523389
438204
936118
735213
697756
23259
712587
249637
237082
471009
957304
313230
186453
979964
258723
292529
305943
218697
596238
690039
212018
922517
460472
537839
14765
838290
903073
921714
70148
687057
405351
43088
28662
346936
978646
967799
346164
28377
956147
738613
104632
688166
493181
939504
257703
341461
13608
755153
31100
66123
96501
495216
543752
929017
767984
766965
415922
965140
136866
774163
150097
985200
442540
452304
733891
95503
887209
939317
613767
164124
568314
113410
715252
543043
860296
139292
40027
84171
677670
43274
187878
807463
233030
99154
125152
555374
248854
990050
128513
245627
313075
270919
358838
112787
467826
58339
141425
192262
501567
186249
147165
527098
236980
987709
267265
514660
939894
501500
35087
444731
14106
214894
951641
905185
824098
254137
218829
280089
886572
20227
742621
828546
36081
100313
60033
530810
440682
503252
576726
543181
922555
607673
661506
761499
98089
549593
896307
98787
930405
818973
783867
436730
817007
99456
502714
740071
931085
367157
495591
465039
38740
580904
783554
785904
740680
856917
9922
812457
864551
745024
533841
508345
677940
112036
678012
52637
248877
300923
202400
60598
545600
687536
463062
93413
574587
898460
418039
434698
844223
205226
123942
775350
96964
632632
648403
203605
829162
173467
107394
842001
450784
741730
163871
155942
64282
803616
879467
601438
822773
243149
947317
138290
360912
57439
329087
207475
229050
333482
414803
101440
688679
22169
639701
566267
777000
917419
398122
881515
20887
507913
237826
604698
156621
143910
937463
938885
662803
997252
508547
8867
690257
885300
91371
885626
652409
235613
687154
251687
765220
931279
267083
41846
670724
739870
593637
162524
241422
289260
178501
386974
673052
743756
820833
951042
346391
476702
205397
542168
950329
363980
445626
82541
680136
475188
158836
549781
961389
643883
486101
732018
509132
210054
51240
882838
339594
573248
969777
757569
312686
878097
828982
768535
446846
837235
92983
550027
255082
143975
540464
494986
781430
692533
136927
435825
37605
993201
203263
503308
967261
942648
925193
389736
216710
753046
591722
469432
337817
416972
829260
180580
247692
941720
830285
607751
536977
781665
563598
940493
701872
802190
704986
56159
288857
134736
838105
42714
197076
610883
610292
957037
670233
186062
331531
229476
728824
17880
893712
954473
723944
498765
278276
348975
728570
605736
39604
117907
610769
407582
760108
548494
785622
382994
793640
625229
436832
578368
762892
558859
259799
58260
520719
877441
272674
811998
218062
753089
64660
548926
179498
343252
493497
113136
312151
570424
397870
696503
155182
314373
576612
747320
153213
4205
751696
348678
896983
742545
658949
716279
484049
311924
961211
472980
805290
590825
312383
397458
305361
10808
724381
425804
50920
816711
875209
563208
403478
984206
270607
476796
866777
663693
723374
905929
271511
305271
472141
248182
72199
120274
37037
307522
724126
795418
336064
665447
928048
401205
110043
808957
975959
588230
438083
36750
185761
554885
230352
642499
197812
274232
584290
40167
752934
654533
729672
706813
102502
131763
429091
789449
706212
22314
528519
250290
240384
286206
592944
681380
815128
178862
872294
770653
272212
648704
482078
487670
351514
878478
450381
225386
341223
72620
267612
58298
556447
56891
270789
355966
473713
655951
307338
174711
275397
269267
595269
783171
699455
567572
250127
683010
368555
18029
527821
40474
759812
861424
935825
521295
646
154616
977378
649463
6199
153705
74851
345833
988028
413694
912051
371564
855798
656265
902228
400204
759557
195744
55921
449327
821263
381857
914083
630611
394284
635384
850663
529307
311245
857975
718669
783735
524503
568148
173633
941870
418873
119948
645206
520867
561028
950547
494293
146874
909785
677149
301383
986452
367214
265900
738498
226443
643915
148663
716352
780998
580231
832875
751964
569829
643047
868617
771822
438197
109384
353649
769103
43175
78402
9727
607329
509946
578999
143399
496423
343315
974286
994587
273335
548299
116768
278462
621922
636543
637422
521637
842409
432397
920906
762108
158107
214034
76837
961538
928079
688431
243655
370174
356323
606387
946494
295220
19861
466661
158208
212870
286137
350360
982733
92388
45645
45830
899110
221616
737553
344362
380072
457499
681440
268672
980128
371477
614449
449297
912413
380948
68349
646365
435126
781633
112136
713321
677448
99243
756822
728516
707479
712452
916229
399898
719296
219894
777711
784582
330790
773923
881832
114533
738931
591850
228957
545024
331752
370661
728084
703582
716729
470393
662981
953502
927745
811622
409574
659628
756939
780412
166831
104682
797738
831471
515984
714977
897737
860266
642738
883994
559539
6206
338224
888889
4058
328601
226320
465254
753995
524657
761123
772154
727606
668032
840586
628985
125708
846432
109680
248266
277153
696302
382103
528010
239374
347777
768528
946486
125786
409671
868786
693482
232020
787460
99559
155505
875271
888379
69329
917893
364409
298254
382532
366137
532957
642882
692292
828593
670086
420209
156726
619797
801398
678500
575064
537181
891574
459997
758800
353168
638639
783545
953892
748847
19827
954721
103014
920401
991348
306626
173551
747022
854861
988374
249687
386235
927510
736044
234724
273213
592899
727990
101107
102940
221881
857273
11174
391817
982569
661693
734446
475798
227659
46936
194685
791007
218106
396101
344566
897678
348788
145567
145628
85846
568963
919331
681318
101329
586602
394322
309353
790616
992508
493398
285612
916319
67103
763230
362980
724880
207334
324749
905968
206700
681192
852512
476078
862727
29451
432560
703919
125934
985355
483032
116643
255736
419913
224305
814728
376108
772835
814707
474402
36728
147410
654195
324511
971406
515727
293001
862221
814435
308958
496581
395695
433338
210718
762671
80701
25581
407699
944483
884178
593782
200114
457091
148435
432808
864828
300591
600076
844856
864736
6024
426383
812947
272016
618334
9606
649010
789610
637963
466238
933494
694712
467130
705528
221757
121336
165060
470912
914385
395751
866927
604614
243429
893518
157687
954573
498372
115696
624750
369739
593092
48258
569901
569702
142605
447199
519526
854433
949655
319533
175164
894925
952756
999458
315749
98645
413798
2224
801034
970366
468423
492313
260186
538675
871383
7623
504091
164843
947548
140741
381780
632454
713693
559575
438404
101592
485808
632116
171274
972223
246590
509
466055
271854
564067
471614
880772
403516
210744
351932
829980
594992
327057
359241
722610
723918
713746
352653
802849
940835
78975
342894
800399
176666
131864
1043
60306
898009
688267
816548
157427
158245
129774
928217
271387
128798
837519
607713
83326
465252
496859
947916
388413
603689
980484
35752
436303
553005
360914
141464
117697
604776
802812
779927
937537
88587
59713
737541
162159
706974
514198
671010
65198
55282
761526
441169
520409
102978
951934
148155
214343
550319
200118
92387
595464
384272
175416
261925
804666
647108
645069
892020
183429
900350
100684
31961
685359
720176
33041
473693
13847
480436
159497
591734
62877
300954
144174
610387
278634
478649
944075
847862
711240
737826
901584
209915
892456
493601
602310
65170
619897
649092
902167
9808
53923
743745
307881
625197
600094
191082
636198
562505
760949
411474
541841
934455
663277
564973
474239
99277
262401
526337
87043
739178
55408
576668
248732
150450
338221
140217
661266
230642
326564
177672
733315
249736
347330
597169
451073
780154
413734
181164
139424
115824
780815
612201
516359
352674
611846
267618
475905
829549
826605
982845
413233
370856
88693
463566
149061
172815
863526
322438
976539
89453
163432
238851
463161
797826
616577
293302
266042
688744
591303
99309
240109
747512
358632
10637
885652
494711
569665
79449
494888
998524
166216
146540
679841
435346
957648
519250
658102
886865
115806
678531
779825
155674
292948
707029
370237
708762
532441
264173
300834
895323
931317
113912
886932
83944
722241
975307
827085
914555
534523
515726
942156
142838
189007
175466
733374
775646
422349
413885
410382
17609
737880
929303
517054
89345
795188
508953
568517
926367
949048
222369
446824
758932
445545
998961
541761
573934
862247
70063
672824
246624
560379
819517
521614
871487
74950
916762
126464
304983
725192
552779
364739
466291
740936
605306
185163
517324
170564
364035
932458
346572
984735
872684
181549
3768
427697
501545
204841
814142
612339
584243
428561
992349
835240
741864
661621
802461
996593
592921
948290
805808
814967
305385
39979
770874
319844
387592
787549
100978
240329
751386
124622
750832
522601
275651
695273
86177
570368
754195
442496
345583
295042
361519
72270
737442
724084
233385
125795
653343
46324
317092
775292
236783
525370
841710
132320
685726
238866
2722
908764
867231
420842
367754
431264
549536
651459
285544
198689
17078
369845
537905
549029
402631
873830
191516
962055
610857
796226
575357
778333
533085
231376
770746
801153
803843
514873
894750
505328
178485
991493
655768
443459
246955
752538
1552
751872
38504
941840
227552
517705
675708
262304
291156
68600
226422
917926
33401
315945
442433
765697
715466
691009
107773
234703
225886
868679
96971
969249
729736
240284
968494
298778
897403
829978
303885
498340
766994
412577
188760
55584
517941
905060
250570
396751
161116
798157
803111
846364
420372
615108
852305
424000
125572
816192
297559
551774
24656
17924
269329
774811
985435
587771
921822
267582
958749
741719
791109
467614
90005
22807
1526
218500
465201
989662
734264
821783
971143
33294
910737
91595
241401
737219
294319
626367
445270
761845
973726
224465
794422
73247
824917
744685
438378
766539
379751
188906
264670
751652
829085
614461
295342
780487
632446
78408
940269
97974
156593
655933
484524
419876
688014
677065
944300
61142
732077
347878
178322
975896
384360
438472
937543
842306
218796
510592
594002
884147
415747
721196
515261
286021
904819
311432
309305
616841
580280
516123
548344
889705
602044
455340
328923
9238
995721
506443
143781
818162
294247
26853
432399
861121
650837
391683
949448
903272
440793
110127
484105
999921
418933
385841
195887
934027
469493
846126
326938
916644
372531
572125
310483
415673
526541
701274
798888
499222
350187
185009
776594
32994
361028
649070
478059
224395
453107
851758
939446
945950
734074
89399
118264
352399
474721
247776
837071
920456
403834
559151
898133
890494
408747
714442
421412
59337
777174
152047
978676
85587
928510
805724
564114
17708
929212
390147
126270
834076
876049
734544
641246
140199
925053
255022
814726
853720
923779
94412
29241
67535
866940
20528
266581
936476
401197
595626
636277
830470
815106
109980
535625
706084
170783
79751
931676
147531
877548
508623
534582
789188
494611
744609
73403
728385
381566
782648
31869
174649
160536
968136
940890
684201
890338
429278
810844
437652
882690
976757
20931
560560
394596
682289
871062
42093
498775
829374
35898
119622
997044
474637
87956
15078
840113
366768
309412
830604
324146
457123
354343
939269
67178
125544
132704
840957
339934
203453
574014
372355
533735
82687
753076
57665
939532
417139
148040
931672
225685
632722
767249
59895
828666
579864
424252
165418
584285
231997
981634
71921
334975
349000
113798
131379
683480
828031
50288
729293
83725
121283
657098
280226
920343
245660
364514
956022
308096
537311
12319
385575
763391
564716
201473
417880
170768
576059
299726
86305
325571
668117
364060
415329
759935
738249
204221
276803
719040
874585
354885
344802
790088
821248
585091
45959
637503
495439
228752
954772
586182
74365
314594
146680
169841
62696
464106
532259
697216
424872
700389
935408
859150
649425
636853
517416
814010
468460
270900
710883
859698
136948
904064
238565
567932
421766
756975
116461
445763
46631
323378
25956
716768
780053
83583
200292
526970
566945
481749
963854
863383
332078
671072
823208
500786
992727
20178
235549
839597
257966
177092
645162
200130
546313
807331
597994
922953
805718
225101
656046
921940
880543
97206
237281
691203
751657
781227
313464
664859
471637
147954
245746
279396
802910
181378
220140
244141
381878
128705
766379
531600
630202
624347
246483
439452
860284
773717
341031
657103
837933
370530
799830
7012
619756
831861
214188
795802
175993
832946
615613
868677
970233
4974
877319
564732
198890
884961
754805
259626
696649
604981
917541
756899
397749
556409
945918
109729
348745
697957
706769
474993
237623
473625
522062
874965
340137
722720
210811
34776
678092
143935
818735
205879
395079
928835
935456
150047
135458
31023
973214
941031
21763
545003
630592
335549
646051
764970
940006
980362
577840
437925
550359
104070
153352
908544
128124
669761
218020
33718
749985
990980
500602
92836
543309
915882
306139
461578
462779
705276
577587
258286
87123
536182
200187
385582
8449
235095
863406
656829
806428
171960
793010
114353
344924
67011
483888
246672
797296
791208
363918
139212
535514
664143
960457
414918
77926
42838
42816
102394
196999
484858
199913
480275
289584
859614
120412
212325
164539
675439
570321
607861
664135
820750
525128
560847
698749
574142
404591
948491
444728
792804
91954
827508
864322
126595
572612
779067
925034
194480
853278
986507
724561
527653
409313
828990
917842
776611
610327
350413
22644
664031
11181
169291
21286
984059
640563
155745
613344
773096
671282
205009
553911
504486
952536
12268
459393
697733
351818
354813
389854
97373
778993
539750
975608
81549
973574
968671
632543
642993
532930
68308
772915
176961
406263
875731
387194
494572
199307
262516
798012
250615
535389
754659
244723
728552
378117
477538
145424
672191
525991
232464
646506
498407
519646
185881
198927
415276
373552
382693
771151
264591
432565
215659
71489
589591
695800
843170
247769
382972
446169
825038
893524
587409
996910
982473
774510
18093
907434
64885
981239
175399
338481
919164
42690
642300
314851
477624
143607
618353
480072
526923
965046
573027
609718
845451
40747
203708
117943
190547
334230
321996
806124
374457
774922
809224
839369
657161
105251
131072
134027
540663
916018
865996
929446
173099
236193
473438
26834
883264
789098
455171
821512
223084
958799
961311
636084
937188
788633
667190
401474
139711
21880
769455
944424
880417
826771
971996
923121
940610
846154
171041
682893
84076
260538
73181
750898
763427
320
427997
527407
390979
837865
221327
41832
329044
542390
699202
659817
503407
788926
754235
406700
907949
992631
614261
875291
103589
995271
170402
707080
463507
685805
680917
687463
365518
786967
618440
983907
595444
78455
631109
987244
554987
215140
458460
898494
345878
480139
346904
993189
158982
230013
444277
481659
34044
103732
95010
66504
390644
935399
59694
204946
868002
931431
56525
131371
928853
973575
923794
841835
825896
149593
976004
390914
822221
789097
486523
452109
657238
133899
397642
918319
610734
365386
819061
390719
485879
617238
215931
235753
471264
423680
577569
968163
303044
36172
153869
231539
619215
90179
753685
440861
40904
467642
674770
561241
451008
191636
476865
857959
694355
124326
235624
699113
597477
70007
871707
849768
755133
813568
677650
82259
63658
322296
393565
243346
171838
7878
838503
962998
463173
485928
407155
774395
11858
538343
295868
938996
47349
674832
499900
368868
794102
989122
608628
189749
902360
141485
16402
755023
857453
205102
338971
821474
120856
879885
208992
39013
352620
987835
473071
550396
288121
177685
306133
107468
398445
872857
701196
264277
682881
671717
395989
865121
81003
826763
940935
827573
339528
522635
369895
892015
105315
344159
270638
539445
36852
560389
873684
519558
594178
578957
692335
310038
174795
576237
552858
683969
63821
704614
426983
307750
278291
955855
864127
828239
186904
981807
532319
440133
678088
870285
98155
898367
448046
446399
316474
378976
380152
658378
118398
775792
524412
947205
502558
264711
25338
567152
650873
493196
438183
455228
647213
959902
801965
781722
852160
225959
730194
167662
974428
303131
275241
70093
986861
162042
264379
520235
403842
239846
611329
763220
449913
802475
889630
376915
973652
571623
520474
847953
913925
680718
74379
449528
60788
38444
284087
13437
174559
241056
877602
283954
180204
366123
91313
827263
542874
84538
974173
861576
267194
428010
742949
619229
751125
438011
903695
181572
646076
969347
105214
158100
354295
635700
812757
623197
822021
110633
969064
408711
866452
593385
134357
925174
585416
889556
902672
748199
614497
970513
328161
773105
211364
783809
689636
174432
373145
515972
441039
724568
642765
513705
402247
443189
249446
438309
559508
766394
800945
273772
601059
938862
762833
673544
87347
138676
647716
447805
972478
987578
68220
796617
544943
175227
798984
277683
412015
21583
951173
945161
784446
361690
135398
7170
746869
755177
121871
150458
846783
416589
48735
486667
718305
452815
441189
828392
425213
830071
173850
911154
223915
566661
990317
682609
140678
801990
152144
922106
751870
741331
887833
946349
988542
266226
275974
170881
978021
268709
463092
514013
13932
525755
199617
94177
784228
883115
364057
97673
951293
816424
805280
859301
4753
6197
27298
199418
879264
931051
48543
187387
810919
423519
842482
222694
156547
265253
350715
501756
284196
190389
287791
791266
411923
391890
123890
566925
872232
659331
331580
729220
470633
528659
179012
868621
911759
150978
714101
848554
899806
460726
923771
180719
392069
698693
896672
476284
766077
878442
467374
302961
851000
987333
659486
824154
165037
976864
79040
9210
239611
928880
263709
240424
370960
173334
653943
400862
579059
384175
345329
884413
805135
417382
269820
78986
662493
100566
708842
417033
494808
288057
200487
218237
660615
200171
485782
338709
455556
208568
91474
169
409184
703537
833754
871445
163051
436650
366483
986013
381047
821389
899664
743670
614014
88450
635910
758514
961350
873285
797759
92330
948592
340254
652624
667565
440736
858185
985090
243334
942671
14030
175645
269891
96514
283093
591078
30554
739337
103418
799941
769129
240269
508547
531428
978552
293177
691011
788561
686139
963635
431655
614521
626493
931076
128991
213204
132546
922839
727281
450102
665168
558894
974917
254937
622699
492092
23304
676574
929241
549935
521767
240429
830948
305185
900179
494170
851894
545217
385520
131741
587668
88673
231009
547717
293444
302250
227893
511011
171747
505298
217711
148386
249885
142719
539321
946617
249922
176248
931667
417246
510486
592847
407488
993570
233161
826389
422207
17459
478063
554839
993915
978338
836046
715272
826561
389892
266807
856343
159154
331551
991648
357501
282721
871576
684011
384666
265264
480747
158030
205822
592793
676785
623609
780374
485169
810843
270392
895254
645435
27112
464525
285454
899780
411936
238813
385945
665171
554018
770938
348831
353545
402107
66682
929277
798767
493407
77251
31257
92926
621
502729
901265
984882
44744
953237
61982
377352
988358
118103
940498
754091
339246
324804
418242
941008
284115
65227
572773
4693
856165
758248
228894
119934
120604
726434
88761
503356
271765
490731
879134
708546
391115
521540
937908
382739
818538
469281
747744
611833
96340
217410
315631
580498
269016
458123
583746
29819
34593
719988
493747
47599
310553
315978
192233
885182
516611
459033
451593
824997
136113
976390
458616
348862
401875
722477
375919
848738
479187
540290
426825
946160
151701
594933
153662
645092
266225
887936
546707
225181
725576
180927
362002
346094
892013
610499
291211
697818
891134
968284
492734
744793
928105
914987
63762
276861
461524
114292
194948
176329
23311
307524
28521
383321
491245
215649
87110
648263
879976
396031
841439
852307
970228
755159
543150
837534
995885
546474
744443
145421
94573
321876
850559
44884
503474
7419
674457
963895
80285
972482
160782
778514
65404
667061
277377
302497
203241
664282
84187
444570
964669
275376
918179
839127
140071
880187
612478
680817
7142
667482
787686
157835
21574
201680
755224
709079
783268
772419
50296
210847
117861
546289
937113
462485
807024
721774
503926
847118
734293
417436
215145
114291
506405
647831
928226
403164
420319
544884
453095
255584
826195
166763
223745
72609
982971
267788
204858
40756
371085
225624
791803
219
472802
857478
179949
365306
378624
768487
140812
141101
368527
304945
53517
814591
522305
853799
473014
523196
880879
597906
406448
404999
736595
134294
420561
569790
690034
323807
53563
793759
558443
805364
622185
132836
84852
533587
725589
628430
364089
452331