576387
143502
323746
900819
817731
496135
71287
153002
466114
954856
359757
450987
64915
911789
213556
326008
700939
345416
943148
139034
488287
236552
109796
151202
847555
297895
259060
958709
761029
924808
170023
795267
465983
831183
28749
870013
586534
372622
820028
3088
515514
288043
883142
636451
722099
53719
987891
4876
766039
182228
98314
936857
675157
839965
230211
763661
870729
662358
385537
261684
448512
784824
188471
202651
68352
145647
935297
366424
765985
772913
42534
803643
844732
990454
334487
220217
878742
610392
355277
553770
140431
651925
122074
986818
580124
64830
363323
251806
815339
712532
169957
12058
261241
568046
669917
652839
652489
751723
816155
853363
158061
280999
556545
713809
25848
33673
927425
660220
235103
439061
889610
715371
755812
701778
3210
216199
334873
258066
307546
28855
301254
989904
660784
76196
528509
466738
619657
694031
820163
658130
75125
93048
924166
10652
868878
693154
38444
279285
615796
339627
848482
657355
863504
49738
165439
428093
296592
229581
10827
338130
541684
92065
475552
859869
744107
260200
466348
871419
704800
40846
715971
794762
97478
64389
677210
413884
419973
770746
994587
508518
801616
538845
549064
868765
84478
702737
742413
664157
47590
213519
331459
374396
526600
123971
667170
680485
642302
226955
439469
956568
625093
536070
221456
454772
221251
844340
282986
252823
614181
911286
693463
332950
708658
774878
314559
37362
458223
85107
273275
616976
362949
893894
63840
548924
358988
775637
410195
183821
683323
257811
636645
969665
765667
734572
677625
400741
389575
381783
675691
7661
241008
197356
816688
726008
960521
549292
773007
926451
550908
733666
176524
409363
382485
644751
769585
15428
52036
583584
402743
176664
43294
622115
748958
267189
894551
752036
140282
608370
331519
238274
365804
561098
373711
721695
948250
945383
877303
477209
775980
281671
417903
957308
11834
581372
224172
433860
764865
100037
201603
817281
995720
66482
905171
619610
386837
921200
201291
135277
320914
971314
736271
342379
309824
343668
715864
882317
427615
751733
261903
715051
571042
702088
95750
701255
493650
46221
932049
305232
192932
613961
297493
88815
462462
39211
848955
625330
511024
818118
597054
177418
279136
333193
875432
221423
284608
969215
673551
321452
674676
725739
872746
86319
246279
472968
78912
252902
266218
652189
391554
476249
580270
972778
751402
598826
662255
862525
452392
935045
336384
678162
679100
677469
231055
556043
615242
868966
729248
410206
258683
780397
466332
146096
294904
944828
74825
304360
598173
349555
886366
496090
424427
605269
317402
399263
89147
254473
179209
758891
738044
434542
180963
994766
36228
93059
640403
955278
781802
656331
76868
853810
815135
252637
666545
403735
38603
641896
347208
592905
238653
714820
238421
747054
673530
136676
812647
682071
242982
351294
494038
187897
620741
532724
300983
316988
463952
730037
387324
358645
400830
86415
189755
764725
930120
749309
131110
82270
471930
756724
367196
687302
706564
782477
594681
238590
403159
983773
657323
507469
978303
612080
9989
774567
449518
124388
580787
553010
991318
298081
874334
36118
947007
534875
118619
275596
741149
143602
687226
580522
566789
870774
859461
201419
312409
921325
294506
955378
536444
94077
58902
761678
514273
33404
197496
204322
756300
397245
684268
751782
693307
859699
669029
769147
558183
137894
615859
485582
166175
25986
758924
459555
195289
460395
584975
911206
286121
67422
263565
289999
180622
423890
83434
970260
762071
517796
226609
322896
304365
427090
730134
912039
540375
588179
22851
188378
731381
164575
949877
145085
66635
658524
398494
688519
889436
181063
692034
874091
381026
389309
999077
319619
55270
534460
419458
761820
894683
169435
53127
196644
978967
793081
751907
416966
910006
765750
681157
124667
848727
320099
929624
321633
793777
964327
106234
469949
447646
611551
872395
555034
256372
614918
612864
582820
790931
661824
640963
858285
475189
956958
328452
952284
929043
621152
698356
632289
420069
394875
387163
888217
718798
925532
956512
215791
762979
451675
80360
994891
415515
820950
540698
163325
273110
640361
71762
995962
673927
508491
732494
226839
547498
466788
39443
40374
135229
454116
646120
456910
913411
3272
241954
664891
262649
460793
16362
379474
177455
919812
673602
860678
592314
451139
971178
889098
428368
159402
733960
767037
602037
58293
254518
628072
130569
778903
906485
617061
513929
404136
527859
7813
563267
11202
151936
76677
953676
744024
338973
766044
934960
814882
166678
906151
767366
309188
448508
914032
404823
973220
461206
765586
696458
745853
77846
688703
268386
711350
812890
899678
954611
553707
441619
163954
210421
670159
286413
504713
391384
279472
337470
662687
25948
535755
795879
589950
929220
817053
848957
414860
236980
691076
195655
391320
720041
486110
513345
197738
602965
179067
947023
606193
41333
554908
602466
639665
403398
82546
49250
373418
20833
692058
359816
203285
755933
482846
35962
456128
80689
951487
854389
184813
594899
557907
558442
57957
934969
817647
203400
896961
464843
444717
244496
600089
41239
881247
72068
455645
20997
416552
618655
80215
431178
528275
503278
799672
560300
174063
955551
732476
617111
679444
890446
624766
699429
514966
512448
324454
830691
290169
129190
176791
716448
935165
218539
481557
254771
945411
894789
687046
17748
709233
343970
896788
871029
856114
539618
289422
420249
388654
536306
465899
983175
888205
556138
403934
462082
55789
57488
322009
157012
696518
845230
159203
731479
877860
814899
37136
131213
762182
328201
958693
77341
853648
111278
222528
537999
580166
896448
295884
947602
425451
472060
801240
457725
9816
604733
871490
83583
485643
205850
598159
874120
945375
558756
78963
581805
823196
590211
410438
930364
792880
518006
48144
179649
835335
177632
828498
771337
805918
35887
494388
691041
698799
123458
808172
649708
297913
269184
902672
747939
840977
331290
556846
170067
947742
588229
90964
315538
865616
467050
478332
300561
732535
184331
375242
462992
405029
966044
37653
468581
887303
320966
59016
827835
418802
535044
75344
363793
73132
851626
499434
267366
843630
419206
891441
94902
352875
219021
489637
12649
679793
193783
597014
457644
99164
557511
603817
970205
158657
62579
945423
575856
191980
214245
160088
821792
529199
213862
429213
855869
69475
601017
33752
941095
122976
862449
536747
100179
823842
342861
213693
204380
954482
924148
883791
560973
103545
454657
927549
409461
612814
95982
556005
985746
886361
147871
150427
59660
330168
845899
227447
632167
726588
635068
201069
309659
684592
207333
704090
571351
331829
797597
475890
161505
591006
239117
610600
511903
713535
926007
746502
740725
545068
515467
506233
769701
107708
169620
721
654314
576609
833830
320706
692065
199119
897191
420936
620338
732461
38630
120998
123447
526672
460112
653556
516914
294662
904285
73527
23889
732922
169803
830421
909145
928149
742138
159077
414744
744022
198518
218457
297900
448494
856457
574565
399800
580000
827781
666709
737757
571627
30884
392292
607974
262468
695315
131971
385864
397924
837400
951191
508851
336859
392807
722181
314847
688485
294292
981723
784345
833278
489647
576522
974387
467288
631535
294963
514758
60379
639738
180156
696610
519825
97467
160005
368637
970104
260089
70848
515481
54420
731674
26674
972613
495199
422692
870003
125575
365703
716827
427136
129739
518469
219300
646514
16644
317726
854761
334666
563991
979781
465193
25360
856799
642808
687800
115093
834570
280960
693985
674265
290208
292880
473070
797538
268975
575902
891044
304966
564916
50250
998691
119102
691312
473612
100644
135541
33737
239142
3628
146214
217359
996672
980802
971355
465649
134879
63937
432546
326647
856846
366712
171804
890059
473438
667677
871576
804993
778819
679453
966740
454710
667883
164435
24456
953122
524481
733205
323047
414511
573354
663286
912710
17651
478665
618404
326843
103393
587189
141969
367740
785803
609001
246283
411699
19884
294202
821042
79946
738991
355416
505444
547706
566217
208425
884601
177558
83755
22968
980376
863555
995518
609870
925075
171636
226490
936938
14649
321530
462629
201267
81453
393502
734414
168651
773472
650766
609185
967008
393590
368996
302100
697971
545840
540121
524830
927012
988606
373954
156021
416799
154910
510683
826423
752935
698709
270055
460674
761132
130491
992163
717691
73483
956228
950649
173392
124305
987785
812683
723656
344959
435240
651081
788922
693457
459050
984903
925858
814145
116440
201847
923437
833202
751455
943385
911264
326649
586915
994622
416731
687234
563916
787975
973466
237583
107141
436066
253390
329127
526605
302796
472649
253636
249566
449603
774998
26666
619412
891430
80574
759134
61250
820466
86220
621036
184772
263882
957610
859400
555357
958785
865444
7098
86394
516322
501453
301308
487022
853894
526534
76565
165040
178512
623030
976748
794024
939882
259763
536783
110707
812624
198479
894495
566188
643400
780592
234981
836608
857338
582126
25280
500876
232975
542909
527674
189876
886707
228617
29573
548317
136884
99483
990151
238894
854781
789281
932649
932356
604139
516975
24603
463938
756498
438513
194052
526688
461377
266168
124224
85931
415507
548419
371079
950245
4970
669376
207297
410383
391243
73993
261966
421765
165791
34566
860814
518934
716366
149700
886194
725133
256565
790877
644022
414718
497530
957001
141066
131392
519765
146450
488094
971776
10169
256233
908347
203294
741388
869378
440008
665132
997846
554921
397534
946737
273626
218270
38858
421172
831888
262164
196190
820100
853539
298712
702339
792024
813523
222170
65984
174430
87087
619907
623421
322841
636289
522389
958074
303402
209432
650383
517481
816430
597899
675297
984475
88204
757192
804549
181248
86340
443020
961507
889025
10926
83710
686413
525372
411754
334480
198707
286075
842539
890227
178413
536231
307050
600124
905859
501470
377817
184156
538120
2889
293294
187537
240118
103859
872512
119105
54984
55715
35174
549725
338470
857782
635669
785689
568707
249009
215045
159505
751682
742022
502901
922268
380935
961023
525415
799861
124867
75159
82211
114939
481797
516079
730411
813215
842173
794112
413534
772425
735322
80321
949626
931719
763749
800189
711762
501040
909650
312959
587409
277066
77878
856371
323772
798245
483977
299754
52046
601350
96083
749811
276165
582422
205583
40526
63644
589959
775138
8282
474912
764025
943061
562743
105939
101304
227116
633175
382786
612498
458624
832886
247749
957540
949801
158877
924715
520840
456675
391975
8065
89460
498573
326359
364190
984095
443313
235958
243794
359729
168604
153836
768952
855054
185578
325348
926168
480569
461573
884602
323353
812333
813791
240491
90532
771380
384628
297185
205628
791956
149997
877542
441681
110738
857401
627725
676747
17947
173511
6300
601821
154039
769084
60484
725989
382742
29561
59469
825723
72689
771608
821602
827225
132085
932499
516960
911536
667317
262836
581712
344990
833177
289658
919883
234914
260445
972218
538344
481959
667567
136685
103107
250912
277904
728803
820181
904662
519299
763785
244356
467783
11041
722141
334227
81161
592798
388755
260808
779995
340739
954720
831617
222223
864119
500904
233196
412075
321859
361841
826135
735377
763543
23813
380594
638411
907149
74541
692211
141815
884780
189581
572582
275192
351589
351681
609732
580253
539080
48421
23179
694402
342607
141808
794379
920453
154918
180731
370598
975311
744120
518589
29243
803334
548453
189164
70310
539969
475415
890263
260054
336998
523044
31861
494670
631562
896153
955604
703332
967137
110971
366630
397211
783483
714348
107400
618407
965194
402203
897363
10289
361151
960316
779405
405158
519996
924451
422814
235180
192681
859827
72813
711935
637348
370921
934714
273744
300196
615512
170090
49023
691768
921596
809768
362255
864790
586904
309962
438731
41742
737437
52103
207200
256414
357122
537228
320683
932265
569737
806105
370107
402306
66262
471605
422307
741166
168263
897978
139004
78841
577251
542161
954740
273247
242277
347917
148424
911464
335957
254087
95285
508920
924030
814625
575013
783943
580262
142852
943715
131192
969991
913767
1522
408205
410468
980704
808958
103232
380840
882722
520937
978447
512119
244058
742430
828752
986357
476885
164494
7311
948891
250486
865770
950955
509577
85841
323349
559197
990864
855007
414835
392806
121267
314704
998041
51368
51647
408020
169562
125208
939379
198722
153402
784747
865183
43803
727479
572971
206675
243224
492866
874464
769029
261940
941435
503657
817252
888859
488655
9214
854283
672169
801867
968283
572796
130002
932900
607872
579865
166161
635511
442787
234222
284515
252312
593288
756186
460947
876797
714148
904807
326116
954107
554103
275262
491111
614153
559475
573950
529842
801474
292357
775696
117518
244032
143534
653394
949217
214711
437762
110313
206747
296779
461766
498787
975046
987546
310162
190555
539879
466107
123346
215141
778431
556294
634741
34921
417373
491609
740668
704739
910841
268758
12817
181234
830393
378545
405708
303237
205986
635672
864758
981844
972541
518513
923095
762589
392851
463325
286873
882216
827178
474273
533716
776667
304343
236657
507702
981945
260889
467994
98412
728443
856247
798391
64029
47401
679015
466798
605316
267429
294780
382366
737926
951508
421707
683930
799901
359596
374005
714603
712161
35839
575032
634508
574859
603564
295253
228186
234411
72322
648262
816458
52598
136505
769898
178652
197163
677
383160
860554
689719
362153
991084
62493
429389
518579
971983
139134
474920
986031
251843
990374
538059
10474
604201
283205
111745
279291
994504
278001
567462
76872
721624
597071
109748
704440
790863
993786
774136
627643
779378
917992
857408
659937
964069
471859
639962
592511
366209
244681
719754
510348
274915
744098
685758
874079
592669
595637
18982
997413
503025
867924
641552
851700
234592
524073
555125
696109
536801
55542
350546
335738
669610
350737
933442
815185
27426
534124
322625
597307
26937
113243
323154
234588
334645
281536
951849
861077
411341
42110
794744
524851
57076
719269
677866
594017
958784
506947
846620
64930
679381
332850
514770
357616
591227
474473
805159
350811
861175
516663
580662
469498
151081
721024
954986
864139
666591
6156
538443
743674
350669
676311
845684
786916
856772
419277
401828
50425
3074
35707
566467
197650
38209
198427
313674
439760
705558
648843
931294
554767
821591
36672
396444
807463
600181
571660
463777
652436
180112
402615
981974
805137
203995
854873
669919
399085
307640
463947
176759
5530
962494
500629
712299
573633
13679
88700
856402
105181
229764
872669
820718
756552
999951
774678
380742
852743
201258
821315
583127
450958
779317
681616
256964
766150
259241
271325
400072
929249
365438
408400
337400
233083
795095
929367
364458
289046
102291
14818
730040
366382
647562
715236
182597
91180
903134
637864
281493
683848
270216
362936
848001
702156
358556
491495
309708
877534
121416
269245
801522
925611
710266
759547
590832
304943
283071
78927
403513
354934
444074
600245
113372
866507
779919
50344
569749
251459
558831
845200
29954
192691
145338
847608
183834
249897
376579
455390
962771
276185
328461
368013
903198
1617
300474
216359
247101
976872
969688
261009
67904
784772
385056
41377
797825
104938
339770
2994
288845
310385
554120
759496
543491
875800
357247
465629
236895
304130
167160
256376
710872
247278
627583
973524
468401
626845
18023
177730
719811
786519
395009
799344
863253
507373
865674
361025
334408
65335
733428
836507
584671
438019
840411
782373
85889
383689
704585
204045
482009
789120
838705
769252
22962
24712
711137
541444
175789
949816
886629
818054
697812
609741
722843
44784
221648
314315
670177
166654
983052
610860
802
289143
848224
591052
84934
133082
109834
127024
117936
954819
489034
720590
688461
166803
326624
488231
787095
804667
985084
901872
576860
693460
183795
632383
795029
355679
301438
209770
601470
698351
817978
685916
457512
269064
635826
876146
825657
310091
265503
600482
362024
10912
496502
44095
21147
159388
726682
753085
584393
743503
29596
177919
780341
53324
152462
723159
846319
415042
669159
242530
909297
650622
975422
330330
740861
908788
893908
834592
288420
103833
507561
862926
721735
780331
903661
317639
632292
927106
821702
859092
751548
237897
140671
195859
962860
763665
477935
118617
893455
952494
522099
150299
453640
135307
788215
474291
38852
544686
530337
982994
464903
794325
146361
39176
367833
150177
372890
249841
408577
735355
861437
587896
781524
965768
537752
267577
37780
681047
882439
704113
723506
948466
267937
671045
809673
729136
137549
951464
508631
338118
590158
169259
760007
337457
267326
201078
63798
844972
649244
615865
244462
303871
462550
654281
680297
601678
539225
891570
510308
580762
774003
235399
206195
86288
275532
458976
829405
924454
251225
168463
258795
129722
780638
902186
19651
916114
731130
684071
192276
735310
927804
98768
175834
927701
645763
560789
459757
326725
816180
627203
187411
731588
790596
645078
586786
950242
8999
188305
405442
438324
459146
38122
373238
475564
747505
251600
765810
849639
963311
264296
852880
139571
249500
33833
815402
405850
442814
589401
635668
439356
242268
671257
896613
787374
35608
323092
651847
112783
559244
580494
470478
671700
604318
293773
406864
107783
337387
241237
281497
175421
422472
360291
270948
489825
975145
913669
220821
244597
433061
9481
315277
534755
871474
509885
304618
872643
670464
564984
222959
553955
417149
979981
59547
829018
225499
674525
146534
379714
343234
680723
455176
280055
422312
549908
232468
647188
671987
126468
540288
546601
775958
533243
126139
208982
953255
457372
860688
882109
743781
229819
839170
543151
143620
163003
97675
471063
779884
715796
194393
404787
442346
663172
537723
596322
462612
473731
515056
491880
347388
157044
696718
335101
786864
897905
320820
298020
870728
117196
284275
513791
192785
267804
4185
325581
347033
880346
680046
590003
470083
422564
782737
930600
894990
725313
44075
587490
260164
947892
86951
101814
380449
530198
351509
998114
516288
749951
444016
490308
521236
752114
444968
435630
666373
626276
403266
487535
423328
610566
207489
5403
323547
881611
481666
915732
660526
908327
456479
584212
981311
302511
494931
109240
21773
720876
743947
336151
774699
198500
918729
462813
219540
271456
682221
856466
173813
389231
89216
609198
791506
549368
424084
586988
638781
152646
254120
958021
665607
909931
10178
884845
405034
341370
536899
249592
366283
472232
757952
15590
283431
215591
388157
375950
280583
983382
931608
109763
87347
457495
98069
15811
778347
381473
835659
484155
261362
604118
833873
650625
31932
425364
623158
841933
435647
291231
690592
298069
737166
153453
929728
962050
925774
276993
204663
998994
767872
641256
291522
897158
965642
805088
112758
325647
952451
939963
783757
885314
166481
424893
225346
530559
427180
324255
662063
892764
423397
908343
212168
356879
287366
689489
941691
821209
833120
967708
751194
201975
525573
162390
390837
274675
698218
562175
95649
790148
494153
229149
204490
246514
648370
487664
99862
332663
988901
166680
408542
298078
751167
786010
350377
526710
24334
526928
639371
902043
286264
394780
553849
43355
221632
786725
940854
12560
567707
359658
305017
26813
152110
600826
929579
234777
808263
13787
397291
255275
263538
841676
544130
68653
770932
214502
390093
189708
943870
42540
929270
791128
602943
161605
962942
72199
766629
173925
242320
451120
67934
525451
828817
637141
563164
731670
714213
260003
242743
695534
515684
732596
607636
711614
171190
123597
31499
699485
735340
843142
292592
806275
396121
36227
913156
631601
954250
736239
251831
250168
918000
870843
202207
53687
68497
959882
609343
418057
257831
831638
797868
125889
402329
300951
427645
954436
825351
377520
995705
939877
700079
908224
798284
727443
101280
314476
534965
851671
550771
513984
685048
212916
279324
216018
808626
329129
353434
860686
280967
246205
516186
194029
125095
912642
840389
619786
167298
258754
424046
300905
926207
652103
867048
775525
528611
706248
101910
388389
899576
961947
829492
75234
679143
494739
617571
602861
211426
754871
27295
121175
706764
353230
921187
454772
157634
149948
377497
87899
432909
90677
67708
178046
256476
668236
240467
775714
858061
859920
140619
840216
781430
47042
905026
627573
88199
127655
396341
224747
311017
181361
469844
747867
939978
696277
212034
674989
944169
944822
876101
820910
192288
612172
93310
618866
498957
646656
137680
689581
372099
70625
999609
980293
254397
449533
746627
430359
673339
859172
998726
138331
887171
710074
20167
541221
783206
403166
278303
40754
947386
15613
536427
19710
623602
232973
381897
563568
755345
790297
556371
511939
165334
746950
960738
547731
652352
333896
306020
890743
8337
654324
213213
486193
520472
626834
293960
489619
75944
334126
449754
157586
609163
324429
188841
800155
521814
716595
494768
206457
241827
772867
685236
827223
477926
197419
97495
794170
200865
390509
561137
590258
519018
5888
241717
351711
275122
407337
664274
799862
23023
526693
895483
552564
295931
790363
23043
41932
32830
265381
207126
996778
517472
829477
77240
458898
465158
117509
58302
396492
552979
754948
503264
137134
591549
435672
562984
198072
633584
571542
199528
397482
770389
201107
108046
128269
691040
88294
687975
772616
386063
725455
699869
281717
764554
22500
710390
489647
743533
309914
284961
894965
535623
639026
374621
234317
891267
815777
49403
626762
961826
334760
85163
172668
393207
873927
990168
360230
641274
238252
762869
3363
580604
867394
893359
328068
427633
634903
3566
37222
685884
529639
854185
878456
846444
261601
666881
972303
344798
833021
753111
110956
412499
711301
128526
903297
48242
1374
163315
873770
433356
949165
730092
70022
816331
978096
912038
982904
224952
325475
947888
886495
387094
623634
728898
468204
235923
815853
479570
409405
695663
959289
330810
325321
13682
171792
945881
458996
326391
507077
403696
963615
720269
203797
916786
436368
129373
528383
640019
164437
406154
154353
929553
151845
173322
450439
322857
481313
622833
623138
674048
955654
904591
594090
739770
93442
636645
194366
621877
975177
605563
48755
897732
977466
319277
941667
366472
99679
919491
26644
747358
571394
492512
514313
545048
445110
708375
571110
34
888871
726306
129361
876344
532266
228824
976667
951810
37443
963732
521479
413854
825467
478701
147751
772944
436916
233505
225711
498232
914702
764850
363041
148668
664446
834825
19445
887015
873111
410757
759632
106419
261652
646052
991775
607953
608225
882990
699812
692806
447232
820358
433201
975794
249352
10412
752462
44586
466943
502195
692201
787878
112887
721607
67237
144655
226543
206683
212367
132515
238915
565467
328847
577977
839453
606314
970325
399202
537923
760217
56669
340004
109095
247114
708076
224381
349533
935156
275047
224506
210966
511055
528596
764067
697183
696450
524696
82909
711643
182011
333059
233524
395774
314824
944935
599513
633127
511348
715926
471595
725258
592909
634005
972426
709526
985108
732901
9076
421767
279698
206050
58465
848908
912809
946131
412915
796494
255099
892839
124198
406757
333604
49669
944428
560812
7081
962682
182642
110813
597043
830621
162738
753572
120975
15711
155246
800621
490227
355401
379368
92611
780832
691986
981426
583435
539030
348885
115583
884350
534454
365071
86866
183911
711821
109006
654037
307249
981169
439153
30013
682713
668195
756980
205486
476226
721923
365604
588722
726361
188260
203907
595226
251110
849380
925885
564207
576930
804199
407415
571598
968482
358771
643919
525187
561843
716677
253730
361831
947893
236940
533027
33664
299932
558888
965139
79943
514090
435848
633542
278835
430309
686323
877178
824880
403762
164567
534497
155633
652241
998134
819891
554555
726895
630580
232668
80578
454880
279525
668311
957901
87715
554851
225491
654815
80924
970140
369562
649546
102474
537967
558034
904964
486624
621794
514189
593626
909335
416388
526404
814199
506092
502590
181917
464272
357646
224606
813795
366899
231552
766724
325511
1652
746757
394743
227931
973820
161588
552709
280139
81129
684668
543681
935431
44847
715875
740824
635779
446447
671215
231139
219723
36719
469409
848053
356781
805773
537970
319991
48830
692911
135545
35809
820385
682493
645009
993734
719975
487740
970702
268521
411392
22363
698165
438083
329110
63555
277024
344086
781982
630
508234
721436
105022
466054
550732
605
841051
105741
438257
858483
1228
506916
342897
61048
646085
942579
923209
842624
223866
349826
528646
431091
576110
529547
95535
524264
226152
750358
554227
541535
150357
812347
832903
892335
744243
19157
206325
472519
528091
717633
493564
435357
81630
134571
303640
118195
617801
811804
825152
31690
24496
704177
899920
351557
371470
943599
185545
271494
568256
193004
256700
186195
666851
317078
901957
230132
107046
266120
219056
731836
67843
443770
314744
855767
564476
915814
673838
409765
600524
929189
818937
875097
27664
567694
67303
621158
145627
555998
106962
766212
290771
679933
410059
320357
456181
253717
28430
511500
968305
483719
722351
741576
21573
319083
281424
584129
869102
497089
595647
657894
593510
255081
305882
550099
808102
479164
823830
468958
339829
495740
794277
33524
712259
945491
620364
232720
712749
73285
87695
614363
521389
815712
431821
265269
832062
892638
552477
534574
622896
353919
767619
325389
324418
579696
356203
9105
532165
507840
440646
789327
780252
69787
481362
611916
695395
312960
772400
680085
563979
799449
114969
663245
331752
850379
224511
134349
699227
45388
726651
881274
363460
114133
350879
978278
657681
497398
907185
851731
908843
666664
724490
372163
525780
262291
419895
543485
880632
935041
93420
28954
842969
261815
762591
973292
964327
202151
694966
628738
828728
800686
871619
833645
16341
147633
372710
8275
172606
545977
470282
72510
440126
571425
612114
72670
625266
653111
505856
863793
555622
383898
629992
766944
23458
681763
814982
963195
397109
876608
725341
562817
235626
953162
259421
695036
863
641178
590502
890071
945709
229627
691622
241543
308408
787768
407835
158910
864019
920306
660689
901559
250952
704221
404289
277962
798227
927866
849988
552094
288234
238367
825867
412788
136974
553584
141451
910989
561930
73437
89937
194879
703029
568777
623631
215592
391969
142629
359540
373014
560186
57281
239613
887805
685657
878721
718689
165977
655963
271556
883688
418620
856677
820232
973146
531192
472240
560010
703752
486585
472597
153333
554171
245312
607538
180100
963043
904909
115602
586741
989873
789552
886273
433598
528659
154156
853305
766830
563906
505102
181740
881707
260395
247630
72558
192675
845078
907681
151687
666777
290568
50929
497687
437585
412664
568961
831262
665084
841376
788225
20993
365072
187497
19191
335338
709892
799755
550906
59532
654402
429391
674981
693642
550375
703458
28719
888906
52286
439049
369735
425945
570680
104539
259357
389626
18447
887765
994487
132488
809747
921758
476238
999270
511233
926758
719698
5578
757395
767629
789007
975146
667177
691816
844316
446352
565580
932384
334342
14813
801754
790838
671533
196644
837636
111022
383452
292353
956999
372204
572736
930775
898742
355041
24084
404846
30255
169180
477504
463183
263852
928549
192249
492267
817802
563613
671952
871658
946635
93609
75126
487962
821391
847568
205700
412085
668803
326935
466896
609158
623500
593847
85409
779982
545779
981743
508201
370531
299816
382282
945255
867584
188250
246495
783200
775252
859279
737331
338103
112279
525012
603306
426506
406220
801041
703993
214603
45484
969932
596419
24930
80681
556961
872738
144651
471837
843592
19913
978239
517962
972265
135349
365551
7627
263874
46577
882222
96116
898232
888315
542580
857824
873097
590002
473929
156656
510499
838503
457427
794210
304843
619615
923116
341363
409278
815444
945890
70781
465834
146713
111692
437042
812497
632782
250464
909729
756010
526385
183172
71519
275839
881964
284420
227001
34567
961895
893091
888727
240968
50339
385360
828012
8570
74680
230805
175423
910746
130174
280805
227149
98581
578019
757734
804511
219665
381702
719094
363719
222641
991310
382237
441906
750165
879282
865250
848054
522731
719074
546074
937732
489159
738997
748382
998918
944405
842453
102128
820442
548097
910008
627587
494202
661198
120286
4538
267433
311538
549172
756673
21439
660803
197234
238832
630056
574228
684947
260630
744663
772840
882048
261761
420507
724964
394914
490352
480764
330569
195283
541692
478568
235590
695704
458785
706922
489139
632807
57646
771941
939815
536573
389761
218824
996943
679730
492590
84313
861216
738878
649571
38321
786278
844318
789276
144027
343862
278348
619011
743995
540048
855303
809141
47809
795455
504103
653466
787738
809510
964559
214311
947364
171858
991049
473969
37794
191777
580023
936355
10818
650549
947253
983104
752325
121034
719198
925360
203269
86119
990735
596931
389219
262742
458634
514318
150404
869371
20769
290804
500739
797142
978038
747984
864556
325954
517685
426485
607709
729376
483503
684578
492360
909995
366845
322476
948693
459750
448667
67749
194711
767396
181629
305828
335922
105912
113488
511201
739640
35503
349562
487305
125388
909250
272460
16769
657905
274910
647550
846117
285944
697854
297325
117461
868083
393892
677326
333654
562412
154672
318110
944075
921636
299503
821720
225504
553712
939293
697972
437233
442556
916224
252872
916173
155703
810029
326867
239042
769498
806317
654906
575656
709080
921968
181985
388245
528297
830157
910850
547256
486385
692901
295505
345572
203595
45685
835236
135626
925296
81491
304163
608486
63187
76036
810479
558729
273174
608138
973242
849218
388899
580613
690809
47075
897782
111342
184351
218788
664343
35556
678730
739990
284560
966999
58866
632756
916237
559365
976225
355260
415411
15348
148559
168269
118885
43315
651626
304711
640024
931779
935184
454789
131170
147574
87659
420221
427744
346796
83690
833978
73253
454975
127261
628591
164971
587548
627703
898123
418688
838468
588590
771317
244312
828932
757791
985274
748718
110921
976280
667585
40659
739419
889890
277952
516157
399528
709122
865527
759932
235116
786990
845617
183686
576815
194502
166152
48640
774775
620702
319189
390271
851796
492575
720219
460055
232913
67146
704683
455009
627613
539633
11962
970217
791255
681258
111782
601611
22706
387910
979355
198448
163503
827253
250454
887741
391735
620207
5761
390087
959343
302916
504752
99898
439664
418728
873779
678141
746715
537755
912999
136766
993015
321924
953114
904033
822086
174176
416568
312890
112591
165183
375677
371118
929960
181258
406998
887554
136166
542062
864388
513841
707825
348026
275821
928280
828047
97900
573275
396046
192031
650813
875246
35753
912529
469785
780846
613567
140348
602617
239801
421343
150022
348967
441123
77234
986560
879823
124103
502543
134796
895628
778273
7309
910324
112842
561116
488274
598720
176420
994440
161139
19359
490385
484368
419680
524393
526727
54610
460398
332322
99515
833194
31136
376251
529285
874709
539501
609748
654169
946451
141225
296669
433798
211554
575479
873366
679008
656526
546981
53723
963383
816851
618813
159606
638710
379986
638429
552875
885409
698423
738546
570737
312909
491243
835475
626675
969381
787020
126724
166722
304056
491518
466709
631777
120999
145297
551012
725625
250523
30788
106774
165296
993698
563460
949496
669813
328910
275800
181951
505695
118963
199772
297659
70264
450253
607613
770752
643669
106401
483423
314490
561252
19171
991189
979056
259865
677473
223658
677200
594095
566899
944233
237016
119034
173824
75190
949170
862131
842458
242353
237032
126677
699031
702737
952073
784733
387056
624489
179888
161430
901128
238004
253312
375727
415277
200361
769980
291349
523778
774564
561927
495732
894942
254571
629303
879501
390446
705053
761464
310600
214334
968224
963944
750825
659374
182886
720175
308038
408661
91840
324405
17962
277501
57617
646901
621345
810954
699349
519345
355620
95957
955638
912679
112567
957371
992656
455346
791020
23701
414279
253003
883937
503959
396957
149143
83960
118337
548188
673822
371305
155595
951368
216497
959475
202908
571185
945015
559105
725965
167870
238776
814336
76747
639864
544461
602409
513213
657357
935002
297194
680674
701613
489538
505517
841254
820606
616263
505741
812550
313398
596572
960216
388745
461422
110938
65984
462687
193271
419639
576099
309725
156648
212870
146999
642381
505124
403888
599471
381796
889829
916556
428471
666914
248062
304035
496907
945804
775954
911900
916248
500829
452792
119831
605011
730377
806618
94309
372010
263299
327561
386214
518225
826113
42834
751594
854177
489930
895171
457224
651069
702000
275135
383298
218098
741915
41063
961029
544859
414691
709492
986892
617996
659716
527416
483929
249022
476238
289154
100739
99301
8449
293384
785240
511899
283200
287463
485741
372595
887421
117908
98755
588935
158571
762986
1904
808755
967442
827304
495998
367535
608603
861204
826391
281441
706647
752615
111821
395173
356659
730593
747772
984311
362206
891885
612711
362180
898247
350144
286693
29116
217341
411219
804202
601799
249078
769546
710867
51707
756401
387911
805295
795848
432869
496585
25995
413830
309087
576744
269714
519181
581625
728201
365648
37956
525985
616023
503516
452860
331657
693587
385739
785758
200231
283699
780608
111774
158035
366642
10520
431776
46703
85026
914254
615358
137855
340828
906937
625599
611185
894548
408155
797688
793175
385679
744036
892758
500299
580139
324109
246517
271764
2912
986342
868487
183152
435782
16914
904945
950370
609840
142714
11479
531846
208138
360542
235600
297989
793164
338384
925118
914480
329603
982400
991920
994424
21841
792494
981201
36762
154390
648862
483339
150466
412549
838099
693836
912539
789067
961663
608272
39824
24838
820083
786699
535025
558689
377183
255020
574090
777400
984174
902756
868623
349121
778892
548710
946915
546474
328793
671854
543019
804548
46852
718406
731443
761224
218570
910351
914963
722025
398520
493962
967631
881742
187445
309786
658814
625613
148180
862188
463984
77039
477888
217355
425869
647470
14402
664220
6026
901582
556078
713096
109548
221999
522016
428127
552684
639392
443601
159314
458810
804679
361156
616516
248311
883259
285146
419611
738395
158435
750079
115978
314279
197117
554820
976504
188330
305102
536594
524265
907959
955410
997805
580456
989407
231924
482422
301035
286322
517057
522918
205846
885966
331
63411
912488
309615
669337
524378
877355
301365
844052
254732
970893
422468
192300
758218
794547
89264
658576
572675
846689
617592
633544
671186
524376
55528
199566
255346
343569
463311
949504
374375
824499
298905
352382
154335
670830
883318
339392
928088
343928
144656
89456
298764
529384
419844
415969
945644
257404
655410
267014
55513
741724
331007
167363
712884
390442
443764
382565
217403
733500
959784
653563
166553
982621
97959
974568
131381
709229
185870
379275
465210
263747
514722
972072
802346
448356
922207
368694
722811
654133
217297
914013
798002
762390
933003
134594
323634
976275
331164
603393
966840
980516
698748
678671
727540
199219
580480
570176
25504
206208
835284
565445
696863
264693
646421
910897
947765
345450
674010
727326
928286
81568
465621
266762
93893
61585
583234
831319
101589
721688
889375
903665
569299
198803
988611
778097
987343
922181
345768
962976
398610
669459
100186
74227
412982
416039
299761
449158
596594
253761
77889
992684
426209
886332
974817
882772
599731
212535
211317
737309
540034
139366
74185
868815
272047
777476
995112
831407
844853
991744
201963
707649
628002
982403
261949
600403
548130
582153
934211
140496
782681
789481
100532
588763
852588
138794
3697
56031
735870
809006
782971
930321
702469
944449
767747
412871
178009
788111
995982
259247
725485
689663
586072
995699
911191
916317
514339
26491
14516
753725
175515
15060
525598
825026
308136
409218
782838
69430
919875
201040
30589
16988
801677
979134
448735
454186
752114
902695
192230
444661
749659
531487
730169
214924
381234
34704
453158
69063
723759
893054
243218
587046
485435
690765
678378
160967
198172
454484
579826
79145
251786
711889
575864
160381
360110
646202
157993
622528
486338
764012
346774
325087
757637
560389
315237
731660
518322
334982
917744
286460
723817
276996
92379
493641
635184
752619
991639
110139
639407
816473
508323
487955
443220
999350
133783
775073
968663
852233
455839
501400
803930
586449
862468
916532
109295
727418
556135
4234
592911
221264
186994
145442
729290
745449
581677
413879
627304
814811
54533
364504
63890
956058
256548
737193
770010
348071
564276
126371
63897
542023
352699
688679
360525
244933
564452
323263
72776
362963
297827
533301
822635
388574
730159
606722
35667
356285
262
633762
790787
777116
949341
894227
512739
986499
919490
692849
466702
355341
290072
382653
786991
521242
991976
485685
428172
290495
184922
657369
180777
683531
696533
424646
815720
993668
81671
671800
71193
264437
675815
470239
883305
266208
900651
846711
60320
74391
424949
68271
207143
781406
858953
771217
307031
58232
186093
12087
237277
667819
125334
662037
358723
121228
148627
839642
706581
292405
208155
935594
440573
707312
393345
517077
618246
153049
863768
198938
623784
459916
743297
477445
429604
812086
301960
914596
337401
708654
101535
997413
703042
298383
771079
827159
273910
923794
910103
155410
211062
741464
356881
949931
519285
979943
905758
373337
52687
9580
361334
898645
160146
875134
256455
6680
332418
527787
236385
311213
897930
125299
309877
35259
186521
877688
52894
472731
125615
973622
626542
94574
853251
799354
505317
387648
884248
96337
223445
664391
488176
527218
364487
560305
885758
467036
764509
192096
570606
618496
489132
212414
20074
578389
221643
444237
601151
953955
552120
486289
853461
823117
179034
588639
580456
931778
553102
214203
33679
58257
638469
317223
308285
420311
367551
772141
471593
881528
323226
287003
201072
249589
766137
72797
790971
257108
787150
619084
95453
701185
635069
391185
906099
164578
745825
452595
444293
889649
889901
184706
454369
740470
885231
175310
780543
651059
378792
446617
65602
422782
549246
859881
93571
834408
904546
299382
438091
496362
639376
235279
171272
475296
270775
679223
114808
117625
372893
467350
532008
414427
138884
813010
370635
11619
908708
348654
51128
677275
609425
419614
907416
855647
40025
31007
575144
86414
698677
834268
677126
252681
48287
640587
922288
989284
675558
357262
688707
217261
430127
421292
37237
38852
877616
199600
720237
566285
355427
523518
4271
797709
486544
339616
975986
73767
240316
39089
927700
989192
235967
446245
604956
468205
268118
296262
300574
656526
838068
397608
824446
874891
336397
155604
908406
613625
278574
578073
414939
247018
681828
546887
942312
815602
118170
807642
57518
46620
239520
940403
574481
939210
569787
70737
988836
171075
845397
97446
229836
762230
195726
808252
689777
381035
541108
647681
360625
903778
294772
801705
185651
290796
781349
278990
780828
909193
330904
179826
395330
121771
460397
603737
540063
55020
268185
314315
782757
851531
118427
268020
559958
99328
527377
381144
333270
327677
970243
416519
506029
923064
275529
355391
517155
12042
426145
661306
41992
660729
515185
816940
819130
12075
35216
92933
11718
409123
416944
275170
793592
375422
363223
900729
551431
859457
620025
368640
229527
769848
991548
395997
374898
190138
906146
438946
458723
321511
382308
249352
605400
619552
960164
442993
699769
949239
144067
106278
298893
258400
788898
160850
54699
32303
553127
103826
74235
939313
51944
654735
948223
993065
565026
782809
577867
845203
640033
379053
725977
525011
268737
183632
263814
168083
814239
478373
606499
682688
628572
340801
946393
879479
863611
393995
461730
749059
511867
727428
379165
363461
473518
694582
144534
211613
177563
51988
801433
940571
892348
842684
764263
649842
3579
463113
471027
994875
941362
680884
82076
824181
409119
668249
285169
336083
271918
157552
502114
260938
467639
598295
61039
271988
278395
947565
91950
243028
391630
868880
418597
178714
184454
527626
590998
851393
536953
575997
621504
731191
470161
234132
386522
73740
136364
994018
982998
646817
613027
262638
536788
389597
218074
660170
942146
27285
48660
127544
309281
668762
157973
27583
252740
513778
446031
684659
563275
937758
559753
153005
306684
381106
170259
453971
187638
653082
745156
212891
169137
957181
806169
166965
519362
261324
348942
351964
975041
412768
823624
803727
19006
879736
508034
522214
14748
469038
724348
317174
951829
350451
864600
32264
429062
758270
95316
221625
765730
684196
829531
730787
513432
432659
66632
113283
613401
593693
462856
447496
114678
881836
500633
619126
999541
158968
99321
613995
449361
586057
880845
851750
367251
234627
613154
305328
736752
164326
719419
998263
849740
452802
483459
808520
64622
739154
372137
125942
825479
649308
136006
281795
665674
345744
704725
847780
355778
422764
472943
823594
660291
502772
131141
235791
388780
831752
844747
817455
28502
27611
418264
572215
562077
458414
82795
593534
331399
589442
468220
746657
930740
551152
251382
671615
788450
738428
993065
465687
515820
559441
105498
944110
386396
66565
682782
124773
324443
913027
588356
330268
468143
715018
342536
289453
230847
906366
117601
987955
981619
860731
59366
778410
847869
320667
521923
992808
624976
720187
801300
805981
363793
994074
526192
308886
87374
703344
138715
614851
621593
763203
82004
493836
160791
985038
764858
342556
267910
669328
852750
313691
914196
109226
750749
695642
996012
426793
753543
408654
862986
989336
920428
53381
591477
939499
617355
534726
944790
105364
713436
458707
27737
261232
992828
510834
234310
71798
368806
996699
4511
457586
474405
858036
71584
247749
435253
278673
692671
87269
159632
571493
133763
684236
21852
656207
424228
530699
554258
827776
956750
943004
202050
461331
629533
397586
405203
426290
329398
943069
23994
734594
434960
618372
506823
794900
264384
723920
713976
67190
697012
824131
20795
197360
107411
60746
455891
301428
936484
882353
473481
891159
493245
225325
708095
487310
666143
186031
131383
595512
730477
798595
426478
326050
828410
608431
256494
351219
384984
453961
340261
854867
174154
284026
113597
49770
588738
413654
92761
564309
191033
528466
479019
726170
687527
640428
52633
922675
633520
56249
131078
509129
354033
718483
249306
226182
163138
300741
249405
179383
645987
61949
375507
991914
73712
648787
867466
757842
396117
36477
224005
893566
999072
296561
825974
434069
235649
640960
18603
883696
275842
348252
49597
270396
225726
555403
642842
322645
137256
341600
21332
346693
409573
354898
436495
641307
132499
404341
313699
63554
920790
320895
857837
626837
171832
553546
507891
287487
150022
194232
47707
655209
367446
196170
191339
923673
679904
102927
990085
884254
467556
775145
31932
217231
817863
87399
600749
686704
649491
321855
163004
985643
873021
663837
393521
852311
998898
727943
918238
23316
944189
456748
360487
334998
714952
850181
744468
143404
199653
610157
608246
229260
512574
218001
820517
776466
525879
604268
225852
400532
46178
579502
62633
95553
660212
400493
486291
625601
551981
236395
690797
687000
807905
658158
436157
284715
808763
513280
275968
149257
741587
569940
249006
985850
968092
821714
462240
128578
718448
834392
618281
716492
340563
510390
892458
848278
198506
308338
355109
14345
716864
565837
180740
791163
225781
833135
497825
538331
84971
544912
406735
78995
897348
137729
301388
348845
665614
559496
713683
426143
771679
265610
951398
800216
779757
748520
175362
538498
355543
772773
385761
540422
39762
66345
970576
745541
872351
886908
138494
633917
179009
555389
583376
725329
336334
827759
364863
680815
716474
315204
908998
976507
306911
661052
120453
495715
335959
115230
649794
954820
30473
72336
894574
992974
175737
966332
676489
494027
955564
373877
455645
765830
887090
953124
416357
159187
444536
212784
560598
658355
671989
835424
912305
564246
894285
209639
383099
830624
201005
500001
45425
40980
597296
347195
953208
846177
352986
494153
716692
598057
898227
693779
287813
520322
397582
370005
191415
886154
878550
291758
130383
758054
140802
640106
904196
176221
601958
20826
627973
993249
558527
114653
878032
417333
390030
81455
434193
779947
742387
923187
636945
814787
920947
478839
703239
186615
10735
624816
344009
320948
221308
882978
628723
226530
865369
796535
64815
934497
246527
59247
613593
401684
943637
650804
881149
724490
233359
571718
66223
270389
306156
41162
922847
26629
983736
185206
556296
436448
769314
303559
541216
976906
791644
761215
369908
516612
195795
905634
393636
430014
584694
431947
444610
341800
979061
995885
683517
769750
331749
573521
138542
621259
396554
233915
736314
327659
781888
392219
300731
761981
219244
150162
663841
828588
60909
503746
422007
214973
239957
711054
503282
577356
865340
260550
418904
639125
667210
156860
613438
768199
739243
447601
308074
422445
615615
865692
388897
469587
350005
36214
962856
861921
307327
37098
426271
631621
559193
522329
403394
780100
128335
566572
721042
636162
261524
629031
88750
958843
899820
994677
902158
291405
295418
321775
49925
18759
147017
440389
559641
773106
522494
581181
238660
751421
790094
903742
184663
330430
344302
939033
117567
521516
834489
450020
98374
90168
906857
128342
13560
346350
575884
277537
463362
960390
644266
43476
68294
592409
961133
647450
76684
69878
876789
34944
567710
367102
6912
304976
686514
923453
718419
791757
930701
931218
826207
452776
382506
952094
956710
47616
817945
86393
450731
733189
491107
500121
792565
795388
540863
101459
190495
100629
843438
865579
761594
167703
970267
504765
817455
330258
530561
978302
43747
959089
841812
212037
258188
139906
837764
781280
283134
691475
48669
781897
480190
209304
437077
993367
758428
641017
836740
520301
269874
151425
447914
458179
383300
760708
878188
363421
27640
943231
333550
44568
999989
604522
574082
67880
700416
802907
643726
385391
332601
276843
725115
96278
331434
926600
889141
195045
319230
695241
867125
180737
267465
32387
726627
797239
642718
631581
14632
834775
317009
191876
532807
568694
485663
727718
704954
435585
780912
150501
697603
797086
898987
798947
159399
903856
487821
471186
871085
380631
708702
111709
45374
165499
113377
562448
441356
487131
330829
573424
376573
455448
130536
79023
818549
323794
476565
258441
143761
42
163427
951330
432118
532047
181709
596204
552466
76769
956238
907515
376773
691441
286862
506342
27734
208470
135455
839835
934986
770540
379022
177841
666226
815993
306924
95522
675299
651972
503819
117815
556336
322740
284950
451593
856574
531193
962148
540825
962650
402125
247515
186197
437650
575446
91719
216007
149910
466519
829215
834065
357562
73057
687416
688298
86871
938544
766802
333590
840448
130775
166150
569222
56461
706273
751056
491621
541530
499389
190511
603724
754148
215652
602240
863578
113591
326417
799257
269811
617414
481144
161143
556413
99844
376603
250106
166596
499030
745190
73475
755264
897682
774014
325635
528908
774478
13170
37664
431729
748781
925343
178770
459746
479768
628555
179997
851785
39578
402249
761460
906363
988356
393162
721439
186599
182697
548547
787658
398126
658881
813762
772076
616912
408656
120490
931229
443977
124351
890390
879135
462904
356676
751923
311183
749706
24456
919704
365065
118612
863005
967604
928522
981892
736134
785538
897418
412731
749822
144528
793305
325400
606632
563881
379281
283846
849543
127331
472206
609443
408127
929467
897421
757421
159830
795562
863120
167096
589364
787957
767994
949605
931518
420037
315097
349287
300435
105261
727315
405674
942369
516925
258822
674948
722635
352559
284345
215324
398141
947592
761468
250894
311404
665362
438558
360304
14813
398545
346797
548197
810727
961979
447821
438497
540088
995383
485916
489465
854070
831654
428133
916530
737555
77107
617957
879181
42783
665213
963055
811867
296279
345173
195160
450192
651784
869692
441823
659985
491784
188502
257858
18011
505333
616664
150626
315452
610399
165287
265543
668485
697996
80572
878906
560781
429766
915261
342200
579233
911924
169219
681410
913082
785680
321849
648534
643348
507690
871659
255213
395322
417114
453975
923025
713478
562928
88670
930311
878564
113764
198078
359805
389691
148959
609396
634812
114403
677574
633643
908813
336072
453636
78226
439380
679822
695052
989828
530599
374355
973000
118021
424366
665954
871499
707986
274373
157502
104348
121334
315586
716025
309545
579475
136938
164228
69876
690327
192807
529211
17065
556533
528084
48429
330990
396708
787254
503778
571657
354887
926913
338478
434307
605106
930158
414469
754961
250580
41842
907231
331626
707744
151407
625188
381299
997257
873242
826625
239039
716433
2052
146256
317076
911943
17531
352057
643928
655787
93440
570756
983148
240761
478383
333724
340697
390701
791029
71058
889574
625882
142526
487948
958660
2658
581556
418190
412205
689401
387842
828676
165114
95756
582013
278261
291482
673457
407794
787827
416900
612756
28676
513138
666184
841510
613582
767961
384629
947782
123365
694658
431467
246415
71303
593412
387409
842379
775175
480144
423461
181092
366546
302200
554484
807743
559921
109362
312436
956082
336697
929639
406804
620229
105684
912673
977400
938500
942608
177378
183971
595823
462486
767010
91980
299388
996841
701239
118332
558464
529559
532820
962940
751658
923828
804719
308319
61061
626069
856217
772349
362403
682601
329915
95727
147284
816210
404453
913035
354913
499026
371388
893167
218658
136892
747275
961663
677379
303983
806226
738268
264015
871167
632620
997858
252867
938792
739287
308747
787483
253603
939641
343367
339647
726041
296091
756953
738953
427235
456080
915392
693890
224200
979056
19846
323422
299510
623821
616597
266469
31630
60373
387785
467556
518618
805249
619204
481217
677611
242326
398151
617063
410920
731
394375
595078
70326
292792
527174
320953
716597
280791
452482
947522
274436
775889
734317
259161
219929
24794
953252
966040
365205
43510
343195
276477
511425
231980
88687
440821
588665
128449
24592
240776
303564
183304
774300
220274
962142
318939
67670
485872
265715
655557
892424
146
55394
350475
390248
874950
784025
379695
152561
732097
507484
594926
534526
147405
260124
356254
720163
238386
661757
754308
501886
621411
728865
988485
734335
678675
159165
684498
853662
72490
787570
101374
451358
429897
271367
654699
722558
16929
308570
542373
164469
76535
799805
808793
663387
75799
628315
359525
65421
946440
197362
130524
798808
143590
975230
874908
834333
241429
970911
123528
724074
646737
475427
985660
130054
784711
911592
145288
576164
90865
793025
973255
193207
85327
458800
48930
120960
945499
716897
202168
604069
925061
467520
250561
139592
539128
887187
435405
550190
935571
822098
714539
435971
521365
878454
945114
65617
933954
357096
567181
610542
537363
42385
505877
484606
372886
216142
128098
249372
898776
956426
726761
449406
108989
206533
803452
205762
344950
766879
753400
609513
154600
41461
233464
739518
136892
966383
606947
268805
113015
145734
684118
510637
489960
260496
867952
781730
388792
43943
282777
865730
338127
445137
879428
660533
63207
643803
225433
917350
548200
571021
631066
4268
458224
179271
238508
527606
771048
42120
886183
977209
965269
337825
17048
528893
582332
581339
981908
35686
702394
654202
905937
92856
231107
51077
300685
774630
660946
619426
720609
270616
221202
918683
612192
339396
957662
568474
891350
596808
705106
753572
568198
631989
333050
183640
879458
530019
944852
735092
370233
847025
347769
224182
478211
344420
186742
97305
48367
780883
1695
375991
227432
773340
492911
941855
773014
289023
18370
376346
514414
269363
5002
627468
689806
706552
751622
604670
155529
474948
310808
166695
847688
913272
512535
603900
408963
370555
727927
33225
765859
254053
779229
351026
231101
364837
804495
354811
528285
631428
910254
119455
608376
978679
714491
669726
897473
681212
514286
812956
908239
978563
722492
964244
377067
422289
475262
431023
181675
535052
689923
943274
600753
284727
299510
872453
86261
512982
307416
511437
549710
833229
896957
463619
382378
208065
906034
794058
99422
393241
598210
352320
271543
13086
952032
943607
427025
759646
992174
624789
29046
603044
334914
995138
364615
972188
274807
490971
419309
919406
255627
996645
535757
32753
694509
650151
614480
990083
579439
331227
988936
814340
996849
172841
797692
635381
51541
325878
605424
818250
705698
701889
352536
862846
103243
71696
390856
683150
366965
543905
183677
808653
470457
906889
760
505699
802890
240883
799335
768097
271275
717828
57179
89543
253161
700492
174491
347071
154456
645196
809070
739609
620183
14607
767418
536265
828735
760546
342220
203495
528349
272598
277319
881097
131830
333544
584381
797589
653035
95926
151370
442982
228804
337905
760147
743829
563120
948794
557378
517936
731480
252548
824749
361181
39801
591072
958567
597135
133525
738898
708298
87555
473961
291336
747224
51905
199156
173281
652710
781663
841012
854986
493095
784415
530554
594234
363210
358236
236138
484841
408365
200630
449593
893557
959927
379787
700294
97948
704577
218361
168442
981455
868739
843245
299066
753597
439432
945799
663313
954838
263992
265826
846590
212244
677472
814770
379435
813800
889744
219796
16637
340514
501760
652006
185822
548641
16209
408794
950661
645793
898405
355115
654139
939813
854154
58312
645876
185477
831885
171575
633413
611823
994213
378992
241167
77163
713547
356037
408952
723962
941147
458298
514650
541416
309683
487046
395042
169874
101145
703677
401459
337078
226447
538444
594115
687795
562295
950450
350961
801156
890415
898680
87753
470814
368153
854809
425741
248532
307209
813222
564075
488297
397526
245942
7253
684016
31699
54889
794697
429585
934144
540689
832904
53949
937002
43450
473492
517962
279512
807654
565926
136627
108717
642347
536900
494222
475131
881875
690298
591690
434934
147212
938484
954295
721359
466015
844092
54097
800697
422397
68193
602087
900269
147856
583505
988456
725715
615753
956180
592391
447128
276777
350387
907814
331636
346817
988695
338177
335585
659709
628637
843152
676172
368551
359796
525856
100849
660533
256045
93348
335038
136450
961351
381549
911470
789145
53596
608696
594540
316359
414025
233494
15211
193747
541457
12919
648422
370279
589086
767227
441024
797298
451974
811186
214722
364519
952937
329558
614664
758853
348654
754135
99108
787574
196774
788554
972375
999617
88084
777942
149214
466786
388279
89600
372190
715810
130841
996208
281826
195228
851324
740591
24611
176800
60529
443
153365
294334
879430
501369
483221
461065
56782
743798
683359
807903
342114
772778
925149
525296
368030
558987
317909
120457
714612
979646
487341
298890
711137
463993
770960
905857
600019
733632
813257
688862
63690
198345
550377
90307
510952
844805
758342
765560
906054
729015
635898
425024
303750
453143
756091
164866
286124
198559
89946
566458
20921
222921
580407
534359
196384
400118
741177
158822
605283
234554
889706
435987
784771
678559
770633
520889
330371
676189
488131
386498
561846
576932
900387
781545
621550
35251
150557
999031
459366
913770
367040
791831
32507
302233
182100
990284
213175
937566
444258
329649
85798
713823
508698
127085
705253
113866
520349
396028
662388
686739
531552
934549
92910
541660
133169
649394
192011
576927
502950
55050
684421
451566
338588
686438
705205
36822
363943
687898
978615
424449
271160
182433
403899
675045
544842
558172
149930
861055
649598
930932
341341
95978
667031
42379
782199
66349
741579
32183
415216
546693
27646
663264
376472
570448
118272
521305
748316
97253
446161
294288
480686
742930
49070
78418
554929
744677
890961
981874
758292
943032
558303
856665
98904
39422
455382
504677
630434
314031
397911
751927
793175
31812
454096
300883
339049
863870
86173
524905
800238
71315
263327
893329
587555
503802
739236
828329
199258
149464
71106
544888
439245
631827
538811
749970
848067
806328
855077
282210
947641
952495
73883
196031
437270
295902
402900
265236
891312
284908
693076
158371
738019
903475
185826
33745
248578
781644
924914
810063
66313
947755
610956
504462
86504
81817
363362
335222
948424
592145
147569
757474
251304
864812
988609
791434
965069
603803
42944
100397
53500
464735
334843
138622
155958
637766
956197
127057
675966
271534
892413
163252
226373
629316
35257
990464
678734
124114
744807
31190
353144
387501
510023
640201
141471
662031
318819
879943
269987
535072
253915
270422
350950
138498
718390
923043
559338
641021
395431
927707
281641
951129
323497
102850
476255
712054
213131
72637
177350
103918
392223
875118
739124
198005
495193
341796
19850
148742
172942
501654
873561
951729
374509
656056
135815
225256
79989
599457
94982
650525
153736
459597
938937
540357
300308
998963
997145
488394
377028
206507
265483
274443
833064
832235
566829
573935
738663
405804
429794
149087
987050
882464
710956
273254
463450
93011
517627
203123
430502
609529
252399
595870
258070
974337
373899
35775
539736
718435
228700
368147
279564
63836
896590
295645
560365
233348
14900
371536
10619
992751
217550
154867
947537
166236
927616
713013
975743
551554
54008
76855
888858
714882
130150
190175
118258
244783
560596
876938
573469
857795
679698
850172
469193
852277
123225
385822
980924
704936
185305
970666
586337
30584
372665
904184
460826
970426
530049
679192
870045
640539
55705
832912
375095
165441
556984
972100
985780
438591
858479
157628
233563
342655
351417
168909
560855
197789
827287
749715
407812
57745
384338
433206
397751
445618
80830
974299
277944
124691
321449
193337
461646
371527
694551
620756
674378
736703
909190
860056
848781
753205
875563
290598
151181
212780
868747
555785
792946
51984
655062
256301
660423
18680
452944
964914
928122
564195
617030
305100
607083
35468
918203
972597
918204
252588
663712
689093
337864
653185
556894
260322
669458
456177
763227
116925
432042
870523
683357
328861
217449
290389
321335
463076
173382
68266
436531
455405
49676
507719
43600
969579
962144
263904
301421
688353
75518
192814
242710
848360
945552
814504
514437
703209
71792
720281
652692
57218
551706
627205
333124
223369
583595
422046
186929
525582
883242
945436
616505
38872
106027
440519
84469
199951
940682
371553
101185
176689
297771
844289
633546
718248
949869
320330
34579
643409
132815
652657
32957
204656
490455
975217
752189
853313
58311
58553
950838
665692
87428
181416
298394
28364
375735
494457
357887
874284
381405
85039
368682
850300
690708
316547
911095
112305
4791
325138
492516
133503
923897
436427
397255
858050
409037
916741
448382
804036
301433
715784
821817
578635
814050
530337
265337
165219
52261
541068
918554
922695
947443
978188
723924
373970
938099
682382
732573
110457
706157
902953
865033
990111
743297
203012
752219
170780
6273
430694
207773
757468
48119
985550
573774
496668
728415
936782
471380
838216
459097
41207
829790
607137
730644
864753
171899
967913
6293
323185
153030
883835
570967
677200
44361
880864
716353
373979
710224
408290
5602
181043
300105
753435
717345
157680
881681
612779
857028
672359
407544
615500
253981
712998
768928
571773
840668
979622
294854
31649
391395
967560
635157
984214
310491
396967
185857
694040
162804
99487
240821
461289
182293
443054
625516
475878
647466
820245
262773
779540
978877
880889
935615
308746
582892
588816
597617
989666
449613
980812
860635
945829
684892
395284
461576
481324
874975
660731
738596
189371
710322
895126
664083
688696
868621
781843
919938
524440
389275
921048
129997
847537
85982
80673
788077
329869
507994
498237
821252
574396
185406
205555
881572
819620
703279
842573
644473
575664
462960
372833
800726
980220
804117
919725
999637
396480
961603
548630
300434
474580
35750
319290
338547
706554
385890
864223
898886
840712
79111
837248
74569
40586
787816
545674
694116
772209
615358
643014
756737
142762
865221
835318
573168
661166
906309
343269
255036
651248
461901
487810
959663
975356
17796
449120
98266
491824
694259
540114
182139
814804
53308
952619
820289
479864
586043
852301
240213
488377
394915
60386
194980
785006
564242
263146
939572
280091
411352
109929
286339
718766
247672
804427
193445
460499
164118
572626
376688
424210
762909
196383
65445
517293
50119
493382
984167
525196
54103
508558
247205
156894
541380
814849
195381
662416
636326
790813
56045
58288
621299
469355
643387
180181
99271
707613
664729
976970
486673
396796
241150
700794
819466
561471
640180
498686
485480
799548
170975
967701
541933
793855
77986
516409
917038
556295
451810
563472
338487
710808
470906
744972
752544
481085
975972
991935
106141
290208
921091
743389
527158
386314
323905
839713
21994
465560
626452
725522
694067
37661
946912
815555
149440
258180
860190
978158
807660
753194
856581
151046
628813
464480
912888
764069
81365
342421
941333
765814
5028
991029
790210
891464
784883
358569
683655
387151
828806
720605
242139
819566
316248
910702
688927
364190
537233
945180
331133
135405
219061
425824
314931
824327
86826
804806
163729
966799
899960
54219
990696
218112
542184
486014
537530
85062
144050
360685
297884
973404
62330
410696
597264
981045
199364
294568
883877
861623
530717
470040
674145
342194
785359
729648
904052
431336
603281
316640
290749
384843
56761
86152
42817
849448
845789
10418
752137
997517
66060
755765
393367
902155
454615
58748
793496
199521
734512
171078
313645
156932
122765
324312
597157
106627
811082
227514
470559
396741
993334
249864
200684
798221
407303
907979
753307
371445
852745
277373
264690
48031
926095
173394
178308
13061
502960
412171
254037
536641
220717
836154
313333
984763
95410
638179
441528
485850
603247
32813
201788
619667
451366
33110
802825
225801
494385
722081
221817
131174
628442
670440
981227
720792
768429
691200
739862
419482
122428
120300
193790
580103
423934
219534
691054
263834
964467
976683
194568
384645
904627
770604
522142
976189
560755
440796
882208
71571
994701
223163
920456
144894
778091
956581
864691
281851
110462
527146
574225
776811
56107
415028
335782
45417
477951
682061
737773
327292
384296
63703
955076
163536
983571
529081
571855
839701
336597
649565
390924
236660
464276
509122
712634
686382
511494
515429
86324
833894
617724
893629
153260
228304
648754
535931
45194
875160
346300
149058
384825
176022
152565
912471
271414
393686
219191
866667
834872
273074
946248
619393
719358
919905
419611
277109
337630
468178
971735
161662
920807
320116
481573
643339
192357
710099
661911
454446
181141
424770
390319
58025
86200
101533
531740
127697
2008
866952
273776
145203
241620
503457
960068
264542
635427
741621
882934
644980
784330
694853
849553
514831
822855
928157
8240
826575
240098
991684
969537
317151
66493
489650
493872
860592
707659
774914
189375
819616
945564
830852
405907
629547
589898
963571
512276
216623
921807
980548
998
549376
961694
938747
268002
501073
870353
133031
306303
627560
156602
616737
89759
244366
315990
410611
826349
454889
94254
753210
768170
619542
543661
169366
108291
685781
538564
481450
941717
298064
785746
264106
675197
171553
992739
189331
525766
509568
137605
959692
923672
357659
186224
352489
491971
189522
238412
719056
34947
965983
280457
351851
530312
551669
609282
643761
286347
777943
302665
643920
235071
936257
217673
297083
749735
640617
957557
664317
857356
682768
937569
508692
621116
528024
824063
23641
626024
432203
430860
428928
510165
353808
893593
937017
149075
230634
1821
219625
282514
820239
275071
729614
225040
581374
438220
191620
116529
830146
806001
166544
579671
812180
449532
908668
479334
810763
815257
676719
540714
401015
959189
752416
708384
537349
522866
360802
936277
498867
342213
25698
398383
194830
835546
980126
63798
469482
869475
972509
609271
691339
935938
214233
647944
436184
581456
921484
388608
912804
304823
892997
440157
415068
735514
969210
634301
618492
710960
785060
76680
402817
148320
646223
649938
810082
227332
83290
694586
687282
359083
661145
472366
21785
608405
624893
16894
6399
887880
42544
810353
273189
18995
858621
154551
890442
326498
316572
480293
618206
80756
869055
463734
383238
997582
171031
300106
120000
763370
605867
408538
461991
634555
409182
939442
28153
901372
364856
547241
886924
158027
376696
708169
721216
915331
83415
88102
76828
655522
488074
920953
328105
31891
348626
261687
282516
92525
606656
228352
362714
231647
805280
350799
80167
129747
612827
316222
380456
5718
282371
526370
561817
658967
345847
496142
196165
760859
932654
532333
88660
346300
339916
183389
101683
738493
984777
786567
424235
95622
101279
231634
823046
321188
958147
897256
607145
972732
939554
529445
659388
980679
711807
114848
796199
361177
590304
761353
285855
127561
821295
856898
252572
280654
989115
142720
704978
827151
348242
609633
101987
952515
901093
184258
350654
189530
622872
715367
721687
310018
901074
876408
700098
958519
179784
514169
840469
878896
699941
550759
369154
918846
929830
882271
305815
133478
27831
180173
393863
38219
877900
398712
786827
190353
99745
232265
152962
775748
193700
62349
714395
244187
580765
45473
543372
985671
552498
490174
908477
347418
957684
70649
21983
511092
493949
534671
479907
316705
555137
367639
175270
503984
538042
29859
629568
857989
615468
322484
232049
626825
118875
34013
870565
143488
559500
777638
780317
155317
665998
579205
488136
227075
147214
301222
29421
274006
609140
147013
723591
141312
152216
644401
782138
490255
796567
648433
798998
628988
533482
493377
741112
471957
422023
803827
787805
173833
93250
618471
710838
240153
999358
404942
387981
95315
507471
839882
463248
263421
604523
942536
988218
380676
497920
615829
304413
810204
627903
429425
473136
644047
374239
562022
123313
224451
170794
301858
243310
444706
339814
630652
234337
555141
240612
953902
395875
379310
219865
153556
318506
570951
779969
448549
423929
918046
375072
753632
158129
362247
360672
613835
2023
283196
405176
394075
184769
432563
94826
947718
45032
224517
828653
445544
931307
302186
996760
771332
151303
65430
96310
857022
492834
677842
538857
114706
440437
379551
191515
412144
28822
143789
270822
456720
640604
507013
606838
297226
875754
826341
640258
884204
253634
60597
438760
502138
483615
9347
46701
552062
25056
398827
153423
527326
54445
258693
657947
820840
206667
335876
296670
473063
427816
464769
894131
912896
22970
671485
518307
232816
345815
457885
504536
767651
390588
936216
623317
39005
734583
812532
224597
270775
31770
786191
997473
402611
739371
202451
99514
936545
517359
389009
628495
852522
98731
217316
217787
911700
452174
974704
266796
460479
87779
485431
477799
138773
399275
463525
30525
677855
992731
586716
870488
696133
36882
71693
236971
512756
178550
635128
746072
303597
206314
820503
778082
249491
556451
602242
496439
727743
580179
220840
533243
571514
325739
613277
528584
995382
352093
8290
793421
251905
445795
68535
476748
950991
836376
906972
890076
705761
929222
32691
753256
149872
700961
246591
120507
830889
7753
100422
379802
327280
451395
401136
707879
745670
596860
532066
915269
754980
949357
391006
271101
577060
824323
727084
528383
184998
287105
708494
12077
590841
677385
44039
43650
54955
176215
176017
322083
553036
564581
69495
7804
766059
438709
465441
464459
297701
576726
241137
347666
328994
949807
392423
368758
20402
540931
960
808996
395757
196802
200354
456650
843781
559665
61290
620246
593665
403145
574552
258540
66016
906573
332727
165988
889737
994521
139809
356207
947702
988181
49803
470674
118098
516232
735683
96439
437434
150320
156694
698402
580921
953265
513765
328312
394406
367453
530174
327274
342789
932243
275041
531174
696707
387343
490134
60284
751982
418469
752675
883018
787410
592929
729739
568340
329040
381300
306483
632913
157650
46391
737826
607625
171272
707932
147724
160091
463950
601064
370954
493368
326401
45128
883982
951915
435559
390445
759230
369372
309157
274811
944414
962381
997256
485267
861098
168578
211719
579325
27346
143097
471413
210579
798811
761475
577445
146220
467861
44768
319425
617753
377264
255627
861053
647752
638986
440186
848962
35912
117347
757463
547018
128112
163178
733944
326944
423714
93742
906611
277567
4054
515937
759586
1528
460192
953018
648611
651212
319610
590430
861962
432140
231881
695177
500830
166280
412871
903691
345057
474142
312588
960376
222071
696315
358952
57329
852815
502014
351478
225539
810271
773641
491610
659310
97237
15150
42170
891378
860086
180190
943992
369117
524755
717754
827498
732472
960944
203979
767732
919103
984833
375842
113452
590022
811381
523507
553098
443079
477931
945693
860598
561005
340470
644782
770576
527728
347576
133397
953225
164989
949344
924113
843607
317568
438316
349130
431607
546840
529624
299725
625312
435178
407365
265415
756805
942948
218561
31514
866464
177317
868518
689319
966195
284876
750340
301346
227771
349727
86577
112282
783453
779186
888125
252613
868051
303262
444058
982414
73065
151410
621107
611355
38334
837230
508725
968666
477872
223050
309928
508828
590709
955023
882268
351595
30498
79040
916077
294166
7656
999368
514552
838264
483806
732801
864963
27471
559643
494682
524346
356032
862935
145186
404608
982454
819967
504911
794984
357991
217026
424471
58401
647626
86459
26421
122159
832102
649845
684342
472813
408183
334163
943062
388375
837557
583740
784608
53964
517636
554617
207863
419205
990169
267132
253839
723856
679577
464967
855933
639714
109568
346548
560252
685321
164116
305014
388465
886100
153629
293171
432175
384005
727461
984138
708160
712811
602173
101928
931263
219768
946124
314506
483903
876701
508475
510308
687214
958182
966591
307935
896680
387029
133549
340686
512079
303485
649140
40865
52604
501071
207005
329303
368842
480447
10231
846795
771724
212544
921457
687395
435482
293187
212001
272187
513793
722491
577631
294180
121246
433041
959351
712390
919057
281496
900349
180121
16244
178862
147163
490821
955305
407237
869191
679642
815068
801318
679832
810769
889362
465491