333961
274992
831960
50168
195155
726869
432323
403166
207786
119183
24039
498396
910578
246185
331198
705551
999806
548924
885226
331160
244434
363528
150067
309508
717433
348811
782442
561469
387717
198804
881198
38139
399739
742706
335590
779268
914644
646974
981767
977739
487986
349118
896419
467577
506193
456154
155305
969535
518814
12614
470152
400890
428674
601958
799248
199294
569034
486272
173776
773865
445088
100866
281746
527755
540034
336357
434723
857522
131839
860147
426589
619538
80525
874552
642156
562446
668212
543745
620556
210575
856561
530502
931671
76583
732027
649828
506633
965372
846830
512690
811529
216392
238088
80414
710579
745289
973225
731396
417503
806984
140640
325088
241809
93466
839882
831081
650636
456235
430384
235159
871264
387281
317907
778644
86639
701039
138384
597144
477451
106891
308433
656683
945584
895130
852473
101091
567784
215667
248000
827414
97113
763184
560028
973
657567
407586
79097
101941
948152
560635
785089
425667
11716
40252
802049
234901
694626
189945
395440
850394
174116
969624
140900
340275
785655
905260
786789
87105
832386
247293
849477
774575
318583
550806
291468
284709
598656
185256
500993
91377
62288
459384
736890
490439
944240
358556
358424
559399
786298
919742
874137
548189
833605
306956
562756
965915
445545
748072
393500
176967
726974
339968
314553
248380
335823
146567
757849
953604
32429
105819
390253
578759
187455
348453
984371
171207
407815
249593
335659
912543
551444
496150
293796
455286
749641
728503
944162
549080
593928
69178
230354
262329
532565
682364
964332
542646
846812
58992
682219
995962
74359
363031
28364
216620
715852
142196
617323
286873
610722
130780
712188
456650
899254
931169
647629
128817
880003
777003
784502
152495
229583
453702
321958
427874
547023
777524
53589
160618
805276
288658
561721
144267
285946
376786
642277
916168
279253
476140
334371
931717
481149
735190
259690
897817
298154
602392
186350
676019
792145
95764
423452
189573
168475
473520
593731
412217
892948
368304
885544
381443
162101
616125
455550
710360
796719
698298
225015
934050
479184
475266
848963
766937
186255
163404
846381
53346
469297
103184
557792
431631
703566
779596
895364
771729
651051
593472
867593
695628
353487
610495
846232
547878
275966
242031
573717
95916
374714
489996
534312
758856
563896
972071
999824
592524
629015
946474
317067
610068
81588
773001
781391
119461
359986
86239
772640
896012
363498
43809
189990
581263
542417
189088
312560
89028
445805
607363
310954
762850
678653
330874
174944
878884
649488
134616
953469
813615
401046
914349
132684
58294
371316
965896
344332
265922
740300
819446
665503
419574
71924
267666
732162
586008
286438
377592
47962
791818
761569
525135
184278
87696
942089
47416
985734
411571
857033
346279
194801
181503
458709
722565
797034
564032
666488
55036
536398
377950
571012
227556
265473
988841
709582
742444
592816
983811
8613
704884
26931
901019
140586
504993
748777
581211
782193
541498
897939
712699
146474
24958
317716
372247
193582
239225
937742
586493
369589
428850
281517
159113
966871
155327
483366
295157
395439
695918
956151
494305
264152
992679
130881
831640
862058
701124
203338
674543
882878
269402
40619
7767
178586
344353
751103
895108
26977
867811
600532
521426
924221
57298
313023
166560
860193
41439
925343
114265
107315
179385
806763
573262
772994
42777
337930
588561
627508
226404
935143
761443
328861
406656
172621
661402
491328
997903
728824
931799
294167
450059
11129
348707
753188
283606
625680
55503
432922
268803
875633
260031
985355
760391
731441
790284
346488
290888
802387
904348
815126
562789
716417
574480
691747
62493
895748
295747
351085
181658
390839
334116
43326
459497
865120
355891
883333
544545
613950
193539
606113
599671
892883
913065
848782
492407
332106
364219
229804
439260
901380
223349
567130
361264
286462
114111
167324
233408
880707
100616
954880
899106
63642
632441
126183
935595
872549
353791
648159
554433
553273
857806
631975
176150
468339
923227
901051
95772
913813
581184
533527
158848
447296
969303
13321
7953
8179
770618
630406
912535
232000
312121
177861
10423
973536
391407
984729
887113
954345
607986
423527
728272
665256
956544
547129
381130
879291
158403
284724
58338
324047
170496
776613
16223
597237
654773
484943
943519
557047
927322
576162
141980
932428
654864
152396
850364
69477
265692
231522
808568
540963
958880
478023
133471
647767
670446
326906
856123
254401
870192
683749
632534
551988
364824
579404
950716
89618
797014
676557
718795
385393
673849
508196
220877
45605
962111
476335
904455
610862
126492
245143
261141
269419
560757
353253
109037
89951
181521
975204
696606
608308
302083
934057
623318
292468
957000
80948
560995
791906
893953
109808
384077
986146
433237
544292
351172
52976
757347
651964
899712
807109
303222
454045
39348
686537
111997
377887
34257
29385
804141
790724
230187
221192
732419
302616
567974
760842
720128
349720
758820
512816
500924
741954
651258
515441
887316
890029
320502
685643
188008
648618
913265
705669
670969
142878
757636
739623
916952
929697
874982
434944
15687
375905
154817
623023
92929
444586
606659
782111
375876
506146
132962
547486
354317
63973
840287
38399
723287
109293
145940
145630
247993
328007
43358
432992
657226
681451
915028
226569
536900
679665
897297
280239
61165
146514
943378
59154
920562
485
166810
888063
956183
632147
164110
38467
884885
805616
33681
205125
846443
860159
796218
258400
299881
549678
883074
772877
135426
332230
279525
497103
250103
578514
551297
108004
620301
961841
848705
918361
154849
681393
440702
664240
437149
608729
971506
669833
897756
933192
835565
936043
717248
415328
459509
487237
274655
202948
988704
99676
588648
65985
949738
701136
269103
800540
475852
551782
848682
623991
938301
259152
293788
191314
569570
622542
916112
620222
298995
872364
677034
512440
30682
191694
691044
654751
803001
306169
690735
369023
124139
110117
667414
135137
446150
834767
391022
121826
883181
717267
495111
272500
746570
256972
505343
230306
130734
623122
122536
933006
517394
560476
607127
61013
636159
500604
183086
730041
438512
554995
524050
485854
854677
963234
782477
561249
241099
410588
186228
760623
320357
64738
341423
208016
724369
702703
281296
628304
705489
556177
639557
893910
807486
61895
557733
557462
598891
402460
4447
961009
750109
229922
380317
178959
241144
13371
579312
16482
560672
827745
540340
718290
757736
378902
91066
895573
678273
437677
692679
681238
251900
668208
182442
371708
602415
41248
692482
766703
78319
926579
65968
800647
400149
642452
894431
189240
130472
484059
651645
766339
116069
702802
559054
745214
401878
964842
591570
589614
844510
893416
335006
339866
466730
635768
464326
345521
102334
482380
752555
427406
606332
173788
991477
162073
337539
729611
311160
583903
502886
885915
737383
222599
607762
112242
688032
382474
751451
632991
804350
602227
689443
375781
91797
72423
191852
14244
598415
472088
187114
112978
276698
442834
674617
883746
247429
537232
653774
493508
664132
829729
344323
694142
987159
355895
627107
872726
554412
914898
48801
630673
863857
530775
190696
893542
466307
487528
464591
297290
901633
98466
924720
67308
830793
222651
710247
928252
682305
243140
68281
711278
436378
713750
38382
816821
703289
370545
627458
76134
138850
729027
139630
518941
391610
582715
751450
619727
125204
821083
787443
818590
210561
58337
667854
207348
444946
250244
331586
943272
602161
452604
80733
532581
273239
544436
762361
524578
460529
682400
831538
550504
289203
454303
738743
509559
308087
480816
587600
470250
456433
87616
284277
807692
75685
265250
542949
284055
287475
281825
737208
460409
44536
370740
199364
52309
709882
493833
911422
323826
92287
593977
900514
702313
781052
149996
220077
773924
368031
770543
825730
761977
43004
484835
89682
73966
844154
814502
261122
621591
186357
554677
981708
630172
331677
466394
899198
193069
310998
424288
130250
379244
946032
277854
459328
206828
631394
925959
126230
20474
989411
125475
744113
388096
996230
204325
804113
409680
663215
728692
45092
146160
679101
60989
540492
549112
483408
369897
508426
323639
545415
229385
586707
433626
29333
314579
576297
213939
832150
319128
43846
294490
251910
332916
535196
966543
20531
147868
399793
409298
132218
485923
754093
319979
785674
576579
979860
93018
96885
471985
536576
566413
757829
590964
205188
385640
106934
555903
212529
446751
213950
137025
168105
811082
632842
913120
701467
619176
295807
971511
43879
665737
468414
815992
358559
903371
509501
970034
720517
66357
203628
172561
868673
251125
841747
48893
497986
391294
67986
747964
111985
800466
772653
411703
140212
208086
422337
614408
630152
61489
409233
839240
934758
516532
185659
713107
852072
939519
695376
980056
136290
8558
111530
318880
185465
626475
109357
879055
458965
693152
384180
264600
26825
465404
826193
397810
76734
298970
675351
305248
570011
781091
457408
401973
51047
604535
697889
628503
336200
572797
888023
969397
623090
918734
854518
92360
889491
40351
454270
620264
337034
973109
719027
690495
46219
152438
86120
549116
874405
212687
212816
381058
728876
440444
292504
547049
17114
41488
821173
805417
378596
98080
602576
467356
239536
5706
209505
295512
24692
366390
505865
314931
26427
524502
713431
767886
897045
288597
825755
460628
71629
951028
30125
684221
52544
626474
635752
392094
820981
905978
160974
224049
795824
796035
898140
391358
750104
19337
150001
476087
675612
428783
37239
723645
279904
74757
209982
148894
952009
519142
459831
597540
261245
638938
768570
2551
519257
77528
383420
977200
527986
223115
446269
107725
686629
219312
781329
430446
225094
660922
668664
386983
43378
473813
377429
319710
856446
318134
909307
145238
614411
824731
712624
493922
995376
961016
31589
129141
953386
101160
266685
751358
637180
687492
88648
4576
768727
718002
762569
364640
994352
666326
18671
9584
275832
16527
441225
688245
641385
794461
94220
835364
166503
794153
155683
235603
221264
64836
647438
792082
602688
691467
627467
214194
304365
114064
641224
990366
470215
96920
199128
18649
807574
224796
419696
203363
718198
482886
590975
691036
261576
945638
600412
914664
628764
171201
529057
816973
291796
883819
758620
35433
81789
464618
42617
450199
59006
684480
641911
508180
500330
580536
884900
393286
239290
143766
676518
226545
158193
177438
460356
304336
925455
737388
352851
928094
818302
50372
881116
893603
329043
579593
38327
695196
191127
165095
362803
686127
938232
124305
444870
512382
79093
178596
133357
703736
635654
772241
366664
165426
701537
54895
541009
519046
156836
266299
593954
402148
661808
950297
837511
500654
507590
319414
1894
421363
483943
57356
392489
221389
46398
406585
333798
524156
71954
920062
518352
400775
798979
694998
171892
553696
230071
18479
434487
621156
659953
632537
461229
1133
98433
894284
30062
723590
325862
563522
3881
351503
162888
70095
652555
877044
708834
60896
352183
105755
268325
75766
94224
866360
619433
499174
595446
500712
653211
351339
168816
300794
310364
984303
802450
398094
733013
851455
921700
530522
616268
32928
219167
96622
314314
349804
388675
764153
945234
903857
397988
926908
150518
301646
742335
110236
978373
160026
857438
822238
205743
11505
68177
633640
924446
798695
992505
83887
596794
355251
446616
613391
998539
691363
251471
768607
660401
173562
487357
855129
313888
241153
867490
799765
957070
114266
879780
967505
57128
995701
534411
311433
486091
719322
374464
760780
126348
240257
111513
355736
327450
362134
160831
479347
772366
427822
68439
260952
584620
566929
757570
894355
502681
480283
753508
895645
393458
298135
358842
423204
251563
581764
139474
631582
407849
546090
205264
294362
36929
184212
173260
670147
778230
78057
648042
246899
286349
476598
439168
159222
804647
146824
586604
233174
202228
314019
544399
476516
117338
817857
402119
56412
587014
607477
51467
350024
760101
371552
57410
248642
312280
284941
948273
643662
318480
861149
372005
335637
960799
33688
117383
403532
429989
654052
933037
905214
238056
982599
382689
501820
922781
32328
661641
855872
540955
309833
971165
790753
456714
444831
111970
215840
545289
428881
823781
439062
377760
860214
254052
404935
668138
886338
224028
611149
84914
932793
119687
742128
993679
597376
629013
353257
337041
806394
318020
901879
883839
104399
697494
4603
327793
775122
691347
6272
347038
522020
41613
990663
630565
535629
976162
740695
105896
807964
597659
645364
93822
613249
216908
386101
318750
865568
746535
942743
431296
75500
86427
953673
494518
325777
932634
580235
281321
183610
215370
822768
497862
979829
531660
448269
131712
411517
450813
573835
361861
44214
820800
186398
662007
512145
767693
752285
223910
935697
280629
960735
673671
234619
403581
61404
42206
608681
923944
147002
106726
60440
17679
347274
412076
880725
93901
925699
770608
939725
161907
975325
761165
941555
666963
867225
734711
280526
668132
982861
425424
584464
482139
742498
988272
435586
100800
136848
125066
558009
733626
669458
631195
557999
137890
747487
641437
761604
634895
964031
769850
267545
347782
753409
108472
810096
70746
517853
883707
578080
196326
660004
352456
351855
312271
397728
947880
991243
615350
144579
858536
38073
536781
108111
209728
322637
124394
261273
623341
857289
906928
858577
115091
739276
265700
714397
44703
32478
834442
253709
218864
459460
847148
317125
512092
255275
403201
347946
46209
648246
192529
92441
881145
123192
201741
711811
568587
3893
3163
247867
748962
830053
487016
929133
126994
259220
484983
394990
269399
839658
299918
387220
927784
602361
950712
344431
962659
937523
201579
229595
900492
867105
510826
771551
639572
732169
99361
68196
875009
285518
118830
575448
302689
170629
222901
466075
377649
722726
627058
352358
476525
875416
945392
539498
774989
370086
268290
445999
545545
861718
392658
556778
762869
511434
198147
970319
826301
228328
189973
709390
280561
253521
935154
780158
128437
947615
676802
784557
139891
902614
800908
623173
271430
912525
162686
956659
70797
290249
39606
256474
551985
133666
129833
130394
390508
302368
790796
959396
242201
352765
659200
965943
440084
97787
970648
169736
889122
957441
355304
678269
936674
691434
54416
9188
122719
756152
175507
577779
328891
786793
454147
566545
456518
993107
905431
707649
604521
388706
592143
61950
782552
491412
176625
617965
118238
554542
396818
177791
262544
766483
645819
784862
558326
918851
262737
888382
784270
769163
130829
213960
515743
665217
548788
901248
514466
335934
392046
222863
661441
167689
679619
67180
606893
443993
30139
689904
780431
393752
594739
512228
868849
159169
689537
130457
14389
913725
999778
674151
805005
703454
433155
844635
973687
859928
744944
617362
957233
871828
283552
244137
381642
349949
201321
662048
58863
167648
536370
318070
976385
827083
878925
466627
304506
176382
930192
866759
885387
296854
242311
206455
912991
122656
633260
542760
525268
627220
33612
64586
824617
344163
587881
547244
980023
94990
449138
993281
806149
197603
723127
179167
293294
363130
498806
478398
521819
298415
21840
963437
351481
368143
946862
931443
737426
689922
855269
937096
325233
362970
160342
296318
966321
143968
9194
265412
631052
22960
459211
894457
434527
979426
524207
373775
995762
849415
945847
536163
481125
549085
7846
984023
847712
127109
178691
935132
77336
921543
455964
719665
321425
860458
936069
407075
689297
198251
466015
204470
513461
165319
525875
154985
817189
503701
698898
643437
120863
511951
543065
824308
794975
917927
386510
185726
828930
262517
973059
126207
138653
496210
201385
571356
681840
136982
564314
991765
840451
586173
680947
540209
685922
305650
883212
130138
610800
945605
332563
442568
829244
393648
6704
399904
454759
649986
838696
929565
515467
159977
734704
602763
889430
876302
529919
141152
647364
362539
534209
293305
122059
11684
93529
527787
703062
953755
325850
416190
173026
223705
108708
355046
129370
388627
381401
873384
233144
416525
446731
792123
626261
385085
299407
185539
557172
140280
304569
111512
257177
40181
47182
123267
515724
541051
460813
520268
857860
621205
104938
388424
793679
871650
365573
303839
932446
327961
299604
679317
237271
265510
710527
714002
967050
890187
886180
5210
117849
420122
866175
553834
363538
148466
37659
824580
97938
131717
772213
182686
693359
464276
772503
890009
92359
902978
54275
767387
926442
991117
249352
859440
170366
743711
110370
643677
844109
594252
551955
839360
449598
570034
260373
386537
583962
528237
585080
304077
722924
890208
973376
164603
44329
997935
115416
650230
445478
841720
429516
458140
541644
415704
593236
462714
975516
609699
837816
15926
737878
950152
759271
283701
641778
69163
346013
871835
261884
773195
687176
306035
921964
573701
413498
671350
251154
45602
644466
658332
355685
764114
517068
115764
533260
535060
810549
943257
485771
169911
724074
234465
404252
893267
832357
398324
649251
452890
241450
79413
974443
632254
854142
879704
142503
847687
322332
372510
854618
255779
512753
964806
68620
538470
720737
835090
949841
391762
398532
707988
373369
518649
701834
125167
597346
857601
421507
365842
497993
173991
273989
964152
67929
981103
545528
849904
823801
582705
527834
621654
416159
812094
996140
286402
94514
375641
390518
350488
927372
293323
754016
190665
151040
6156
956755
552558
356647
787581
255145
931025
115150
935874
462164
744096
425835
792591
611373
996003
705447
732431
973561
579458
280516
368673
556872
191257
824732
823623
996560
818447
741137
16784
127739
782551
209562
641085
949047
177582
399846
104814
654059
121702
205115
402854
85740
610680
482102
710767
372774
659361
194790
481670
36684
383570
802441
436113
432506
916867
121838
86319
174095
281550
278758
79167
910941
955520
8294
796432
760427
310425
896403
179514
456893
83171
357056
927660
135119
148434
73611
952660
618965
548547
747465
281499
465538
389431
576586
222357
318161
560959
586506
232055
341601
8930
480144
620757
668391
482398
452295
125554
663765
298214
446968
596789
228833
735710
920091
797401
566540
60985
478026
544540
723788
878421
714942
892039
563475
930902
205998
797726
204596
1403
422904
530507
695266
516301
186405
350287
300415
809047
404854
662371
974920
871063
590278
938196
45239
564238
673378
966947
575473
457951
41814
651520
331311
774620
765069
262150
909269
678554
658717
545231
976637
864564
392394
380570
714323
651419
550987
102432
837649
422494
387982
610115
178419
715971
414140
301048
434234
690077
891805
579381
54131
513510
681079
830720
203866
148037
910653
733731
606729
183789
558981
193589
171290
320583
760249
201821
910463
83691
84838
644072
125644
528289
837283
331678
894713
493943
440718
27658
967819
301456
869182
270809
105606
650072
336331
900891
459484
238617
941477
773460
313628
781358
209109
428650
730393
416394
297115
606228
524957
26416
917140
427744
378760
597642
154064
456391
25086
124817
579979
26637
241749
48610
415301
758158
957233
828953
680276
644188
43750
189748
335120
15343
188094
9534
686657
612418
356806
180053
55130
323413
399230
687968
317951
990192
876290
294569
646947
252439
36261
599845
825428
590791
54155
287051
168097
50423
892808
986254
107271
499657
593640
949905
176140
14878
62520
412107
398103
342810
255187
914877
180210
623678
320317
587990
608395
292299
561073
883472
537416
443349
60868
985749
512541
130746
786601
359546
284146
375972
143747
350570
340333
221833
928362
33105
57937
167204
464918
491970
878803
127763
170876
907187
365548
185768
965678
400678
97123
970773
822960
337326
50020
500442
204113
286933
250252
904199
849955
387929
525631
300686
830229
632555
35804
838182
922429
707341
248051
53073
695965
655096
707576
572825
145372
70814
464376
764090
612296
643553
704772
715899
849026
977348
917113
912762
341749
253820
770802
641804
338672
565271
667099
270337
218713
629158
187615
553354
562315
248509
545379
566326
624809
786675
791089
872481
335086
407992
73738
341072
43719
945053
259535
518033
894532
274974
262122
73748
213353
204169
237614
641675
562056
891903
568871
784835
273512
475168
612307
579595
434252
183617
899479
130821
542352
268880
59373
229004
947549
985120
852381
436137
674811
183788
974956
568223
550920
386867
24449
597022
445660
574953
463170
313285
867103
60213
942813
910508
889600
155630
393470
759106
540528
711534
610786
627019
538332
662126
827898
221600
251745
32014
493210
473368
296148
596406
152624
512135
119334
713208
594310
726814
303978
387610
349029
449818
233523
38360
292580
395596
352119
846919
170288
111091
29066
110678
473796
888490
495276
45958
364138
138149
177981
748909
516314
226351
242422
318325
407435
910376
220952
664933
533648
438899
432883
707409
575526
405575
678249
31895
848329
599957
935997
29356
787177
24099
461692
467722
433136
928448
743811
207687
892309
601500
660084
628179
402310
420998
624699
792075
359582
375411
693331
950034
237932
696115
427947
102731
790331
201929
254511
683331
677537
567561
392944
964510
842063
29728
297536
739217
435199
955574
873385
59646
523680
796858
402492
602165
236593
341950
549985
737189
485103
488965
543685
126633
514540
53922
951934
405544
754099
285147
756334
843974
639088
524939
540189
701968
26476
42709
526149
830266
74620
837192
5800
161932
742515
294427
345976
987463
206654
795308
810256
27270
627957
2704
960529
460500
30353
686101
462216
757283
32763
349380
783973
721952
283866
110785
12171
627975
648399
784596
821289
559432
268419
637567
951628
986964
246434
490811
283913
94683
929799
824481
508836
541908
358179
312721
365916
282152
594445
650785
626598
15411
89065
507171
196001
257002
736771
684181
516371
134903
800267
495925
456046
261282
361076
127872
628237
131749
730086
331218
611870
511057
321914
541390
833345
818261
464089
932892
985981
627328
839045
27557
358635
855732
142433
383182
767814
609045
471756
129118
826592
657057
516774
903439
54831
443159
7971
291666
401571
242533
531073
918095
189612
763552
963404
844031
534770
631006
154534
345727
708320
237289
905207
141881
242902
597595
765491
203140
327397
970811
815136
480097
580365
216839
349211
72121
768561
733580
884534
13161
269424
674852
834297
778937
828362
529417
4777
674549
577887
782909
597478
395649
219103
113182
410623
474926
380689
996255
744551
182984
312657
746666
398387
604411
639224
522101
484242
234019
224963
338332
990487
299410
679455
77146
590602
687520
626266
636906
197442
172679
140604
392146
517665
731106
75243
65253
226299
916624
302797
446407
834823
979531
877045
687651
48138
790430
589751
827586
833493
813945
319861
781767
663924
623245
152037
255800
839891
790504
40003
355570
999271
721993
628619
123305
747317
830126
243003
971772
669786
219978
587966
429568
40846
361204
42156
589450
64933
898796
636253
982284
242649
835604
657540
300199
654065
935672
144695
997381
335797
761454
28550
693336
997710
697891
976244
957962
753581
525249
702185
316101
453130
853436
973992
871560
236975
590431
78961
477066
378122
339762
8919
206118
196928
672377
981010
669189
507691
165847
37943
320892
213475
36836
756748
5186
650844
973352
598406
894107
576083
468212
662703
992308
54291
247918
140095
434937
466955
392553
501177
244868
762239
647134
599958
826066
157131
27955
59158
85736
563630
146094
186761
45103
649610
72948
758821
52106
143839
10348
458647
695646
892055
563157
689476
719067
829082
433791
718507
284662
686191
889470
899609
49410
802316
793930
388951
810057
237490
971933
678063
255816
97025
239960
365327
172287
2738
252969
986399
591181
546865
3524
892576
29757
738956
596476
813163
174528
271814
923211
882353
130186
748162
301371
271953
377051
467950
391671
139028
172595
398367
447808
914012
347604
177819
984106
133748
190551
872405
879358
328227
596940
668080
513354
468411
407858
893759
123069
475016
370846
148446
947643
976203
80823
349517
158209
610830
910655
937066
314429
219562
875236
889350
987585
16241
710614
981812
632575
530187
269131
636803
85191
25282
317807
967026
643882
409075
683883
233910
970818
214741
421354
37256
636449
647782
419442
337779
878409
694609
586063
689518
875961
336311
939731
855283
751095
475050
311666
191634
58841
64157
744289
591779
863898
796534
57344
888904
979514
396873
853647
506080
327731
891514
230571
270445
214097
762690
31700
298836
247228
303621
267150
349021
274200
449352
515273
535498
381605
195474
46305
848615
993891
451648
313955
918373
368936
408589
418076
682065
186945
324298
443145
348114
317217
640533
583297
117140
840662
122291
870135
340787
275358
877550
652569
640583
758664
985954
438735
306444
42632
503459
383898
289188
389614
418277
115227
60333
449469
150983
52030
336606
958729
288110
26615
39596
25746
576815
665976
385753
600655
854303
640097
603410
635049
194507
428796
401029
409596
950135
31857
741363
426517
43284
436304
555537
30684
921338
291067
443512
383834
269460
303624
538703
579384
448971
31019
827023
832483
216962
484374
812130
620013
928119
709993
852157
40691
323309
945241
410809
904372
576152
838144
24164
782627
896534
88232
527834
927257
174178
298842
281198
795888
16527
789704
381902
92173
670129
608867
775412
207123
926745
299197
327280
452233
936845
244369
654707
983593
636060
560374
526314
79885
902926
423594
225790
166042
430411
664917
856257
762155
771472
355423
19633
12116
538424
458167
381676
742322
50411
425632
393144
348820
13397
717504
385203
450825
547337
654435
295997
15907
625355
300919
382585
967701
597790
253471
761803
761904
781074
563195
64175
857007
393151
824208
953857
94199
203407
525204
546256
311192
588133
581610
739543
152713
274604
561039
87373
155024
623369
473307
483820
978717
901095
455025
445005
874141
123034
15199
255697
788462
372188
505991
375087
853638
329924
231643
491062
547370
441203
69703
829052
735100
208779
344757
949852
185390
391310
160492
593503
860303
897086
610006
605591
819528
653939
97151
176861
179970
68761
12984
271312
919583
604041
57781
20467
481813
15371
748966
110924
81070
871324
229448
246437
814963
780751
375540
823101
184285
223193
153087
720618
570326
828419
562526
103227
479206
299701
282671
201078
911351
789293
249989
909521
780461
482453
835900
410606
165401
701015
123797
779406
979172
233443
239952
552938
956030
347706
342746
568124
64270
47862
171272
338734
386660
659639
977821
552738
401414
530683
807273
846307
997071
612960
712020
636584
355554
139363
51412
937956
880483
761349
652533
699754
757236
222516
306885
286770
395235
839174
607122
423420
44454
923200
599101
253454
829528
428493
802253
119001
956165
873296
416274
407923
545014
235738
706164
632117
949154
912205
28780
448028
144687
128960
615091
483100
277208
380724
659028
199632
426261
814955
729841
443648
472365
933621
740614
970939
114908
821775
224997
886745
81864
911463
508942
430258
372003
158815
708416
932528
818050
827532
714891
538030
136496
953084
4914
246209
649489
175649
616657
170090
866941
418051
882676
361684
896734
937994
416994
601745
589790
46304
872749
907267
71509
830268
701812
505168
979620
125835
593956
505702
364816
699332
390401
467030
991694
264232
299120
854484
737810
131136
199010
928186
991901
416393
471308
743780
128182
904820
83927
287957
66443
34741
644687
772177
756919
116125
898740
235626
703705
724992
382980
116837
367817
268780
241456
299930
43475
208676
952648
261744
451188
376816
7511
531575
347419
62852
602762
760471
456681
54995
349334
165822
488052
942651
41675
861563
375665
671563
19868
194826
398325
831728
556244
525094
397061
814548
960675
706057
733723
399164
741496
230859
975263
754408
451290
352246
12146
510686
163878
423915
138475
987234
110360
363422
714130
121437
28047
878096
32904
492642
167479
776743
640874
644102
92531
146659
164025
450959
702571
393489
32899
858612
305939
131519
948202
689305
637707
552927
549847
695035
819405
568427
764664
842157
782881
487100
304539
231885
624438
894906
925369
189363
732004
50516
694069
600011
11790
340502
367640
723788
285760
166172
804202
297957
823630
938734
607780
464643
104278
631377
243957
907073
191817
58480
182108
275247
354141
347406
123471
655822
818297
393802
574349
458753
61765
341759
264449
294927
510792
261936
903221
347131
587202
602793
69347
612228
18949
978146
931354
513293
328015
626410
287728
139662
632591
275383
201157
946418
281814
414722
840029
935694
209930
359209
329062
44443
877359
328396
493118
51401
566068
956913
22449
137456
464395
395812
685704
410201
125326
101917
349536
127257
104870
400688
353521
218096
922260
122645
599296
386532
935473
800481
288023
91561
262741
506080
519929
258351
145543
887931
374395
797214
678010
536417
866569
219913
705474
271090
143748
898418
119241
219307
486440
789036
890890
554871
845956
393580
262309
527212
2996
654279
340272
259658
193537
735750
752393
814555
415460
775240
558140
131899
544926
260686
494388
676042
81108
426982
947897
674089
993356
803351
635951
337988
852096
569605
222071
564779
93661
446855
786023
857829
647255
6538
96616
377348
593808
799006
566445
59707
300056
900556
452908
933847
297495
939576
65506
89283
778951
16170
572730
286194
784065
887634
637367
611041
206976
243653
540074
505653
663298
393223
103613
44333
835509
504578
85944
683299
883172
632439
729405
798510
862581
869971
645980
363966
644386
357309
941455
832628
683027
936191
532718
599573
957019
529769
668843
502595
470231
196210
672180
922481
176905
313541
617966
271768
522290
10290
773140
603126
631736
18798
448347
670852
598354
418780
122785
638958
156109
3769
857154
748047
397637
838690
357758
616498
809320
339992
93679
708341
614923
156711
570482
194274
264532
562029
815302
427597
806319
285200
121384
100298
562834
990546
375001
665398
350933
359517
229403
308388
854251
787831
66401
506800
43805
276548
116947
284783
735041
780961
436427
387254
906270
611469
360228
897423
664282
750854
371081
321125
600724
689393
303042
440869
769232
134519
935716
624853
769632
885349
930375
283245
559761
733206
345939
352943
446223
934935
774148
161541
591758
977112
968111
833671
497881
343697
557494
175582
701553
758232
402026
97393
69856
801849
169409
663886
842831
195668
409145
419133
690378
212061
482600
356050
244135
150408
432216
916625
561764
234420
102898
313690
650255
967195
177154
700205
136240
812619
101721
954760
465829
528885
218148
186318
734962
106756
28097
756457
424456
66822
871355
746359
684032
786537
123605
653739
550256
783010
132150
835031
379293
157141
188006
708626
11420
694404
134535
49463
340110
371331
412805
450038
739840
72614
142381
508122
304606
241004
365367
694863
237378
598224
609209
207475
917075
80320
981979
91623
649114
256887
14669
333761
621228
884889
611739
693635
560085
204183
523911
89055
24773
670638
326640
606002
879991
891307
245437
199206
157126
366247
970651
738995
513593
76542
862717
589442
400214
527493
873271
676259
442302
762806
272541
601977
363738
422219
73580
603045
82032
574125
701604
613497
764519
378255
275589
244262
827302
861013
347334
738962
772002
561686
771593
108632
736825
199595
583177
63891
379537
968996
621209
669034
307388
929359
445883
888756
609552
181843
635719
829545
840400
303410
390779
420143
225410
357843
863282
875773
538341
154617
782936
675943
743261
116533
765762
843379
744348
514744
344745
878305
652792
101814
117708
643574
408410
931634
705841
987283
571047
144106
224869
572898
203173
41580
824528
718729
41990
407994
977038
635199
833852
963768
295035
690721
992368
475126
654156
477493
905617
388314
13796
618384
556026
762829
862700
227303
692913
94387
929857
32908
999536
910580
533249
211528
400565
243084
891246
608837
941805
352659
647690
257158
47614
63145
775105
38426
183822
160235
69511
868031
278371
194941
128479
633956
573711
535006
384306
128296
625390
387618
676715
887112
319354
346179
853932
813697
600437
672292
709524
639854
228594
291409
83560
372136
83245
551147
109694
902087
546029
4672
666687
684740
766772
553313
20445
764833
358830
89257
312322
553441
905525
402051
732406
541125
301538
139221
227952
387496
627182
590902
397334
764826
597976
942267
975069
523777
865001
473714
986304
518248
20168
320710
232128
212466
24481
329041
551761
693432
82778
418407
607662
765847
819588
814542
483017
641731
79527
443492
665737
819079
754973
842623
216317
698687
4581
448689
585243
219053
645049
30020
16217
542366
525747
389403
936862
130177
411348
285503
209583
166813
946992
720675
421747
170296
770474
722530
261861
621456
887844
491651
389128
814346
770827
677616
477850
416309
697096
820620
318449
889774
205071
567552
434549
615513
442186
460172
427762
661915
517274
929526
992483
576308
365609
445295
378038
903387
860445
320382
130137
854728
337937
252949
525426
342778
552419
801691
221673
657384
88637
485463
285946
251158
774742
658948
922274
615669
692857
461271
310335
269162
571559
347874
444549
771486
206974
841009
176384
84508
328181
940772
755782
18698
480446
462492
327209
330571
404956
240848
828253
234271
364924
555967
900702
343200
942346
507762
902043
217357
910041
392306
20706
520558
291179
757053
44346
935532
96703
125269
48253
211894
599454
457961
370297
794902
236417
642983
865455
446796
127401
246888
484022
384926
926402
632353
871281
373854
542678
473138
300528
118509
163147
998161
630684
756052
939958
841723
26140
76936
104777
344650
710796
381811
707784
414839
337158
160712
384844
284710
209846
899304
191304
725686
116160
533704
582106
531649
937881
273356
218507
225405
942646
987701
908696
966290
967510
548288
393511
977642
73503
863705
457818
581779
54607
215047
234881
639705
297540
345380
792193
690110
83959
271728
311005
816317
259588
26294
871005
887160
481613
656205
415655
70981
427965
455646
748289
366753
564884
185579
515217
109157
846005
600188
292309
549345
421601
255714
742640
565503
881793
96974
939429
674364
525256
330762
233027
647387
84121
142734
234580
950929
207500
805708
783444
936737
984030
342289
834090
128529
655175
59982
525822
538650
757091
167140
146417
55978
612443
547203
885425
796129
647889
678401
981465
396763
140991
193754
718606
703949
937983
794241
971976
284719
621392
560224
694305
399929
843067
706327
523512
839939
84266
825017
195020
493749
590198
418677
498388
317221
128242
331501
754853
741409
946508
507325
679801
39343
619089
65551
660927
579010
840124
686138
925006
13355
496901
156551
8201
963709
598050
546512
645633
616228
450684
964558
680218
744007
37701
954494
690447
273992
256733
283
688062
509691
695917
625643
809549
72717
576314
338428
711875
844153
94682
849882
286486
823820
804018
609330
807474
63064
597056
717301
972200
281601
37629
878095
143314
687711
81952
355364
950192
419299
621067
626284
954274
326259
189246
599801
894023
559360
741013
376244
96829
20215
824373
208913
739508
699639
592260
531700
755504
125244
899536
233926
467465
550706
358559
651282
470446
577308
796392
383869
436085
259067
785986
937172
139992
480597
347137
903579
236113
432982
174289
87395
870078
897990
15289
356019
32123
842366
812596
334056
602048
269930
667176
998366
361112
769636
720755
400395
990290
548825
585636
754750
795154
237355
68956
613375
24616
673762
865996
496304
524484
180530
277773
533077
549068
354322
490194
56887
626843
391525
529404
688143
147584
30339
464679
344134
698349
697274
466504
386247
675383
445252
28308
150632
930803
63345
143968
979938
50466
977719
864293
624484
304226
43198
710882
633882
725101
486369
276501
174611
683952
904916
392007
589644
478983
882104
603106
810391
482827
563541
670597
624305
650136
731718
521521
571987
866103
690476
246050
391406
645946
192765
518132
573518
766186
348244
434
409004
836189
934411
128223
244415
657216
725248
751419
6161
391292
64952
797755
200219
567426
377094
792157
775307
645070
190230
320858
221696
196079
184239
650473
587572
74285
394827
527162
792637
802245
948698
174456
480293
408455
159394
1101
458693
484210
364963
906245
829241
122868
876413
651199
295350
138293
274600
711755
364610
124802
771386
17057
505272
901890
623255
679216
184554
184158
120115
670562
907542
490941
813208
343429
818980
880535
297407
311367
999644
41662
740952
167616
548204
481263
970419
377750
337630
153390
130494
228751
47565
749139
204006
639067
833214
997406
273482
460553
182366
852478
871756
287977
461133
605925
780910
323350
719124
785189
147683
735374
884772
940749
875259
18329
549543
630234
611816
264918
356237
190310
962556
412859
151445
510338
536805
259013
709784
801443
350891
190627
437121
14779
787834
480326
793334
107797
400150
856619
824216
207820
631803
422219
324648
819884
47074
358197
587218
219361
286786
770143
114518
301691
463824
650778
53686
104747
248151
535601
733547
274006
864371
706907
825304
706450
352908
590669
660900
912697
227814
742221
262644
373483
63619
288007
494422
829632
627769
974025
283351
533821
232741
196621
965296
924748
382613
852983
288418
122934
561560
34017
416778
106488
597598
694171
253489
942078
933156
936119
615693
468434
398272
682360
728037
804759
840017
653878
349326
811464
692591
477644
892319
857496
622086
242573
192428
549234
661985
80483
434211
937994
16202
369406
595597
440871
754057
195954
818070
946161
224857
439846
69644
262387
959766
878363
542312
499441
428059
393293
579574
520257
628559
387825
530013
81469
93049
39738
466523
681885
885218
458196
298949
606064
12161
913826
814067
531285
922151
243786
303048
845971
783907
919379
285482
361580
545066
58657
46977
22404
807762
164750
389296
964311
730263
715640
524030
734788
286016
558881
829298
972563
426705
862410
509060
111393
721923
604435
665964
771252
264362
761859
798117
315223
48898
745942
147187
293328
720590
996191
391461
260706
615468
432360
604046
27559
745908
634745
999874
774220
125996
272134
310145
86474
990845
627302
959717
981238
160155
214396
726719
771748
509802
247567
451016
406211
670464
617221
452691
691585
980293
607525
302376
637793
957840
830952
187233
732683
819020
193287
117355
53860
934579
125244
293969
364459
767455
654269
312174
211610
992034
460057
932702
950215
185291
806245
758266
3735
107695
226506
47602
963270
554596
876373
307817
228750
975890
399021
950318
727027
601050
804640
511413
886885
981815
607361
372243
979678
45099
24274
503225
587465
67734
984359
314742
437389
454414
338593
872310
330865
14019
353549
688507
100660
836035
896043
551921
713352
352884
519409
21555
562319
445126
511047
724113
715805
763930
23669
312578
404035
407098
306013
113778
739732
206207
616304
864921
385636
199664
33590
704970
279328
737076
418719
342636
381797
976745
189391
248575
282724
282505
8811
482660
64325
555919
549925
933515
71505
862998
346287
9583
934985
816879
691684
905007
950846
531084
788721
249620
877113
176621
614846
172961
102977
488411
326342
296904
757551
500961
203614
653211
747001
581900
138508
448394
468194
593335
179152
422404
291758
134100
218247
516405
589245
5088
222264
549861
819518
202454
136383
613109
451535
687213
359887
38227
421783
114698
820909
194430
882335
918563
302647
440588
510610
884958
282801
881041
347981
412342
329488
200157
407582
727869
591682
904134
381912
685551
571362
810922
382070
684666
797779
607251
425539
613868
965091
208002
660224
384050
587271
237479
280355
530325
392274
220864
727074
431633
447241
875682
41304
22281
288091
233419
763142
139058
714815
690311
329706
431766
475956
21556
862995
459731
463571
781711
529052
650517
221770
668030
653162
495102
767966
143618
146309
774949
801711
45536
189525
254488
971938
530838
903102
185813
899829
235103
882569
449688
83784
721111
257415
595888
877961
900188
755182
637030
57898
676004
773969
518789
204059
180891
685719
848940
243111
488334
148172
569169
578831
926926
478570
852869
85323
198466
428238
958459
407711
588588
516428
171419
61356
394535
771032
931077
275104
993638
968565
49694
840056
183169
543905
601646
719972
412194
279645
755128
421094
185975
808236
444979
512206
572974
899819
810017
661157
20586
416860
231662
467791
42588
696431
54567
282047
450631
862689
210636
764171
212979
983668
936814
237312
546651
415576
766832
458071
425277
531540
591013
805720
6284
360196
704318
349613
814138
296823
329948
661909
580185
600391
888974
157660
867310
667724
927257
145421
580843
842825
504817
787736
829626
498660
245450
993459
375477
674777
963330
948598
28129
412015
376843
595175
168422
393671
69114
939176
623356
395617
422624
672431
276523
780035
335872
839594
35631
447861
19243
743823
493144
454702
810165
839154
372834
292282
719411
729345
744408
791696
962176
837252
391430
162938
50730
190274
311190
597821
749503
415220
314843
183702
769227
142702
984722
321558
47638
222884
829987
555411
836632
53231
492583
653096
696837
233458
847537
31797
898516
462352
711373
115361
769200
130992
728002
281674
477384
925457
811260
939569
245055
870802
479140
432575
695283
796373
894485
875082
934866
832493
131213
567599
67414
83246
443479
825097
983995
662113
81057
183243
521186
132732
360748
639118
219081
557075
226494
646613
450886
344905
426529
956211
382721
720637
369247
464898
858163
283034
683449
260806
257647
62062
774810
487509
667244
22813
779448
811575
864280
539580
805570
573531
516150
753863
882735
921726
276273
358299
551249
260928
712295
156778
616673
900054
674526
814478
419852
994566
844818
149620
919075
121486
512880
211364
756727
225113
381118
923780
801164
867217
733601
497177
985866
404847
465209
779836
807212
332498
466626
37553
937029
811245
244807
89086
670362
454774
726210
85078
185248
650887
729000
232807
120818
246343
868928
676321
369943
122185
26765
665105
948268
63449
856666
161175
929872
96725
24623
641533
718724
463796
86968
579826
54686
273277
371655
251619
636420
956735
780932
151172
170872
576293
165112
448317
913451
750848
794537
932195
949232
849927
592298
247549
515426
546315
798732
983805
840692
231606
451391
727240
140782
293899
837572
519329
279406
876618
632032
812994
216482
717965
138784
485381
62710
569508
880650
106145
856297
106061
998294
146182
762325
411591
671727
455274
320763
56740
177028
755546
273515
601390
874133
66846
714779
677942
266544
806748
970296
649428
432753
205075
632457
658218
773095
716368
385714
706501
227308
819800
609335
102513
509242
241863
846265
202404
147885
77959
322549
385266
840839
29485
486283
528434
443893
133921
98468
956656
374803
638805
169667
360573
584372
795640
653580
238258
789376
927235
695928
437875
519959
913138
800874
285344
37872
697011
478289
152309
702561
555491
890992
440432
705902
365561
41903
379267
16471
402631
588736
922342
477105
860288
143540
537521
492695
220451
591146
578262
797437
784648
732181
742484
622052
949320
428506
326381
932390
413929
889388
11265
309478
126275
353844
641737
375546
24516
867155
646021
352429
405600
655138
274425
681480
593075
349209
243678
669147
863584
619494
54601
124531
227506
954587
942085
529168
94865
376825
321774
137071
167959
910739
798277
792419
548262
760080
320543
254298
913357
125952
529901
671767
870081
561295
353837
113720
309326
951880
866467
45248
485612
716309
376952
131718
325403
599906
852929
534759
793032
489351
23768
504117
402982
702809
528975
632539
338221
689150
788879
269187
371865
26250
61956
973143
243211
456771
420465
736405
409052
756078
787139
343280
424841
356081
108826
310107
574539
208209
304527
245490
736552
854235
517220
47763
726704
817594
190184
769399
666320
240634
527130
133373
704527
513691
514486
892930
658974
824853
811621
60198
491503
444545
300482
76582
427286
563337
678327
947204
100845
340692
352424
352347
594942
935197
772018
350749
777096
72210
710796
2535
219556
404753
329753
794379
860758
501770
188679
617641
891202
686217
410863
885026
866550
587398
277482
709117
606194
987612
426181
276320
85714
891723
785061
499740
762185
825084
183002
648005
96875
888399
116702
825477
77877
798038
312718
499891
501404
22895
237570
673751
169230
372438
864657
646933
998168
262439
881388
732561
501227
981559
136385
204803
20316
949189
453343
296445
47297
703241
580741
698655
46848
408582
437656
903515
818770
898987
457059
525779
727114
612912
870986
297145
843392
71045
76842
100152
436724
169124
862401
872811
121463
331081
881254
666554
212174
998800
810186
779126
495914
237580
409004
725396
324362
570090
942397
550026
29175
720757
567606
472318
505645
61325
116589
949304
845685
633454
140496
653444
139219
600453
767167
147176
524831
744122
947723
973085
514483
902185
145572
327335
797667
934361
679194
543034
837193
86384
750206
684989
535119
764238
415470
379248
967259
429107
411791
461398
278857
781929
226155
95628
669186
989359
123657
755264
751532
28361
490418
95996
840025
694372
678829
546271
217438
433358
331527
71712
478222
228288
766114
125143
740070
18231
573083
66271
604496
463571
434816
107020
93298
893875
926478
339725
714617
133313
766703
107717
129896
819487
928803
937059
753832
435586
46915
323899
418405
766734
296005
152489
842059
163194
376121
712102
338747
988627
495518
922472
219082
482182
919933
304749
768123
572088
197738
905885
956766
497738
711895
662377
38108
295060
707719
504199
395883
311287
790806
988818
957767
729475
676188
967096
812342
450977
270860
703008
407504
839481
777320
880954
905011
244315
263422
892747
721080
967882
445115
871091
784040
138358
229801
46391
791788
738576
823544
420502
252364
585924
957761
932350
495215
562507
700979
380630
864725
931374
863424
879275
838053
804843
989070
569241
683591
977237
336553
423957
481018
763128
26490
738929
102270
868520
889177
946818
641081
21356
860468
352872
660051
184809
220295
926955
210577
70832
772551
354162
939971
193571
521922
771642
463113
952679
561051
583169
339365
684379
432082
725724
422586
610192
142983
380755
462790
722568
384351
498697
195600
27638
617910
564579
772428
394499
806457
618294
530882
957446
61045
930977
895790
293779
58640
769435
527777
865095
640608
951363
998413
212907
465385
117678
808015
428294
107846
962494
781624
730863
271325
739916
404071
615753
517154
80904
770156
200705
611134
322564
34769
662457
47311
637418
663064
231894
901619
769816
56588
496905
192628
631162
247888
198191
749747
222476
29666
358854
982433
333627
165851
70733
389068
863591
342802
281471
80318
936659
723555
788047
516716
845427
114225
557141
598869
758791
79957
850118
892030
566751
574107
729891
631257
161844
52942
943464
115640
780166
355914
758539
993707
160889
773398
199064
108495
771555
519083
322387
171732
363275
577782
514367
619075
78360
646678
745390
676150
380841
612164
683202
938860
311393
306417
752500
808058
501139
698320
720702
372614
186717
541681
746068
845417
710876
790121
803350
316596
160352
210863
899383
486808
235427
931688
711797
117895
170999
833307
957503
938561
820240
819318
372222
706592
3269
997062
766021
974438
307428
922300
442296
678310
41649
107251
760246
98797
82948
295842
843191
948518
414511
837651
161739
423760
229476
533833
837206
849240
525879
114375
327727
201357
881684
942184
143574
783438
529263
276283
174791
324220
776657
865855
953813
245007
616054
799758
759441
814607
489305
392229
653349
272152
789802
228226
838130
663001
796220
862525
850240
64087
196255
382656
627717
765313
18150
301899
41856
930157
816502
631065
211318
59802
871675
420383
540387
796365
227375
242498
468728
891916
382303
899348
522881
810930
381614
976681
445049
948123
426865
741276
475053
354451
819767
896802
597096
931389
702157
488598
522158
647762
395166
129171
942556
554362
546914
304374
547632
782566
812216
313863
477319
104820
858078
132420
636547
731868
224251
168036
47625
999901
191504
27616
909978
562941
317388
180344
527497
577586
594636
107391
956410
859880
352894
504207
258405
707420
57307
942366
130058
749633
273816
38913
658104
616815
673295
299345
498939
743928
633800
346608
125102
326225
705454
452746
720035
464938
841831
865321
856060
916410
245271
767372
630526
617517
378864
58359
893245
779286
551331
398594
706900
590200
342076
897493
819809
71631
636897
537208
908716
884625
181489
99011
312033
376075
290235
508829
856099
253293
683121
314755
280284
103905
566144
659450
908483
26936
32437
92236
75569
979278
647502
951652
200215
247531
807259
48245
22088
133709
123080
587517
304621
331083
21378
518476
606869
101730
20098
120897
879284
238647
159962
780222
365499
286876
446111
554887
135837
859826
476753
221263
582782
290535
333748
625413
630866
933354
383316
129273
516637
44805
766069
896954
548097
14218
691546
253696
776080
931274
607638
567334
983042
257878
3104
478990
280446
948956
535795
90266
587978
489817
836205
66861
55733
224296
442250
225283
363515
124946
442438
543980
637104
698153
381557
463211
879364
385378
852517
84158
10686
602966
437099
938078
88693
178418
22655
340044
487320
60326
179117
377319
396646
174055
750322
229264
509606
802265
107391
135674
63450
134886
731747
698292
346809
675561
106295
362355
366228
242618
658035
70093
28989
492229
99305
210357
497991
996159
824241
653722
372423
556300
770334
922635
176697
291630
893285
531941
858472
964012
344410
956396
355203
418331
877814
302674
715057
686013
264861
556085
35367
988720
699469
614486
22227
603969
710366
591207
282240
899178
980515
965810
522862
578571
680230
939893
935433
670787
666229
186577
226968
595990
500541
870701
270959
372035
199017
583248
170311
822448
510925
246814
370639
764913
936885
712640
266576
349503
697340
132790
333609
14693
654901
279942
672849
470114
230061
116255
37232
682188
807569
248356
120537
586547
162158
788864
934803
111870
274753
759715
826075
813237
567973
803823
64066
165438
434508
846394
822390
182615
752972
243083
157379
976964
29738
223061
471454
694396
40543
476890
791792
734767
653274
716403
419213
529883
665055
939620
644929
737299
21291
885657
260424
49978
540850
712414
656180
357571
506183
941081
148229
674569
414686
493268
813391
742922
602741
539420
454120
856410
606185
300243
34864
255372
692841
181529
47943
292216
632913
554249
621130
584818
745839
284470
91962
605963
747699
836359
679465
818976
670005
475835
162742
47858
346162
817829
777341
988345
749153
346176
491083
415644
369493
182092
447641
677995
477279
622393
154874
610380
807666
787548
488046
281256
465962
402718
168158
268736
242554
791672
928798
99216
248981
14051
449093
838434
251782
40461
617167
660598
278676
27459
304462
266472
836933
532541
842179
809373
909570
610099
236795
154931
900487
696449
887595
994139
652661
983783
169604
797951
811324
184277
527828
97114
78480
652579
662166
559299
14790
276009
272569
818889
572971
280767
210540
782336
781802
7482
141616
660319
962815
562466
48885
118253
279364
229192
239204
52237
733315
638242
734196
181584
747559
920431
156166
598922
420224
963347
418766
992701
251287
756787
99147
968560
492983
628288
842974
392095
133039
816396
446978
496833
477582
735095
137780
495518
441955
600462
164934
47831
806235
86517
215687
738027
7955
154032
336119
34570
748964
432856
29491
761981
441770
25853
861580
504115
462824
467536
449384
91962
671300
386912
417550
576825
261804
666284
763142
873596
722046
368798
313690
272849
229986
8382
846865
589585
773387
168199
200258
855151
667184
114636
951515
276832
571938
25182
650363
303621
848225
373416
820693
514088
250867
691973
24891
915851
534407
743702
263805
289871
525706
392626
253433
37578
214993
329942
563536
269032
159450
972191
929480
523418
2506
377823
799847
878199
578982
202298
682836
273084
646753
39439
917817
895191
388753
679852
462972
780991
836851
241673
166103
560451
766755
133228
382421
616149
267158
505889
358263
297207
83861
990578
114493
706676
889627
250513
467334
980634
938466
766135
641209
918900
597988
3015
174449
50096
861249
337175
844450
739667
180920
777371
589271
187639
557450
806617
821544
211680
68587
971147
830667
564978
332272
182444
583070
210344
979221
89996
815326
702699
54840
422260
457034
941409
467895
542768
29344
754821
704815
916848
748775
102645
81773
35125
263558
863600
782949
792181
500030
544097
949479
893145
865080
21645
5748
655928
409791
104155
338886
381902
695886
728829
808776
210931
450281
390506
326082
874718
310486
652923
395789
934989
225312
413671
107868
312305
437124
69529
420566
103735
396078
792592
200006
499121
637385
591265
446994
494080
530924
825565
92048
806686
472027
101989
177813
16771
472965
319834
670001
828279
782356
339103
434285
904366
290189
30683
191599
90822
55424
898896
688403
45107
972563
116100
35057
315620
112182
322072
924780
756203
581377
457889
655793
224981
118483
716355
774410
8236
252
272421
272228
399464
185040
333229
988715
77843
556146
111977
210238
500579
937946
167989
578486
718091
503025
693300
903046
462213
860826
442889
593604
611415
761458
434892
601016
190526
752657
867257
657691
95633
205962
248187
625645
916150
128058
444372
537220
642704
63813
167844
670187
963163
138223
204818
527377
221713
313910
755021
150364
935209
463888
20349
810925
749395
28638
89441
289838
863651
265478
312830
696321
973122
171877
93662
511760
452665
953286
607530
200763
642610
757208
511091
476591
845163
484085
594831
163516
829820
637888
389790
832378
37888
242807
251808
727614
894264
786273
784371
694880
416707
41396
703188
195752
64974
236322
47672
381061
665932
69529
2135
998457
318187
701587
805295
965639
347963
565375
878021
912120
122059
11633
579316
927782
88766
296055
663998
383621
784354
493849
141763
260438
235264
998530
257728
533607
721300
973204
315926
621056
89026
785557
841486
791906
259107
574110
68406
796384
639604
952917
975412
391561
870476
258632
558027
680820
612879
711858
267245
303408
244116
332126
849290
939808
79771
909524
841791
108288
171987
237848
875352
230912
631804
196543
116955
530740
546004
488595
926983
574574
177327
239401
151177
670837
617879
1382
849921
249091
509744
652547
39518
450964
48288
171554
830091
480342
840439
589801
181424
387772
120640
684602
866234
926896
46508
168992
236476
710700
369849
490845
326648
44652
842398
486322
534595
175964
535204
537893
184015
594341
235625
736333
588160
698256
253106
793500
85080
905156
243259
997999
749361
399270
310735
615791
376235
712626
229665
559680
45881
61616
810820
45773
341271
53589
763880
779375
361598
113081
993597
602417
347362
923787
994803
410503
494419
449439
633682
189289
94696
344721
921178
836154
860931
735611
123426
336748
208955
787795
144324
183268
445411
963800
87693
192131
310263
364155
369006
176653
44440
216954
154218
214335
171111
986263
382683
199030
595116
230322
423242
255443
24771
341414
558601
14707
418279
661390
343605
448875
619976
164249
946350
982198
745061
792987
240869
36010
226022
998389
513407
104360
933640
644114
269793
811358
905599
957262
908752
153264
968602
972188
228307
480081
757854
133209
568340
780480
924654
41500
435506
460708
998407
606829
609268
343114
138106
331809
457519
440228
643189
275912
116343
392711
181445
349504
93834
347004
756179
740172
245225
224294
844157
131883
961954
439634
254236
205955
340050
151597
854652
217825
128415
617605
17347
689339
411303
606602
504547
107699
408755
660450
87952
369768
964630
937150
378898
927389
169432
830190
432371
258312
976717
206939
719618
93289
505268
349927
732147
528124
557471
215541
259079
191749
520400
816028
116545
717678
762568
821974
378269
724355
662373
922408
650443
872997
741344
719867
417550
114649
929193
476799
377337
946932
632703
551905
682998
597939
344625
52949
338331
106241
39973
423408
166163
769032
343513
275992
218773
163106
990351
168064
104370
503301
898791
476757
593742
675735
902288
698867
163627
924526
759646
276195
979648
488588
837284
311946
321848
282653
835602
248685
976358
715422
469579
240296
506022
47725
485883
495844
995526
312606
785613
754193
466644
650505
551606
354670
15983
179371
951352
171566
251345
592423
849564
85760
760501
259402
84001
239361
775673
252042
747859
902165
624843
132584
26424
188924
228024
678736
498597
764738
361663
755449
554733
159176
881456
667936
708391
921231
707916
13915
804753
129911
328880
899511
807995
634494
836560
55334
755338
48448
568454
891973
840509
60019
602280
310851
733648
645773
778034
248178
200055
727774
206829
319034
982240
59410
820014
889769
705318
598564
895825
677701
314470
473975
967130
636558
519641
830590
105534
749500
858722
562963
120929
876125
82735
951364
505416
356601
324632
211584
107169
570211
959654
98894
999052
607840
267588
983184
71179
561290
269135
847428
300924
66156
101583
21910
847485
960875
262625
539612
513438
410262
386287
882600
105143
601028
673143
119767
289441
480320
9999
734485
301275
360
139540
702990
875818
439155
52517
115784
845784
379540
936210
753557
283873
505425
434915
689241
194582
649717
663677
887433
802221
309379
355707
626384
805646
309672
930297
224622
353528
552880
892715
262497
685912
446903
20234
655316
780578
245851
887643
555606
598987
753790
334529
302358
124017
158617
744394
97468
699505
565094
268857
813833
230794
282154
632858
1132
449196
661070
406691
134293
210419
825450
472158
909351
440254
133506
248139
65232
697693
727795
625818
506262
120187
485575
440425
728841
891752
502662
151521
338646
133983
580301
39907
477348
252571
946999
115589
776515
764349
189817
536586
928817
661424
631973
884844
847035
817832
142481
176915
399760
560820
666367
845886
281123
521621
155417
624658
502877
845074
173447
198660
562210
695774
618863
915165
532847
59051
308430
323452
666007
745690
754929
546105
253097
45630
913226
346289
652242
51419
509276
765231
139770
605264
698001
998184
163628
778958
881604
677511
544986
292343
173382
687206
704048
225978
806139
419752
997068
677760
973552
349797
301703
703622
524945
958496
591445
325294
686184
839091
11143
561596
936191
459038
973793
517861
760232
737977
898565
97202
327694
183285
631826
959609
256829
971397
366844
7520
454133
270173
971251
431107
806013
615369
969417
812067
583564
214982
521227
242662
122423
988787
247277
215001
359474
861055
856995
689588
577905
437556
605873
936941
836783
274621
123835
750028
944676
774057
488323
129860
726054
711073
706198
510504
938936
537931
793488
589176
704189
757908
335015
905202
370765
293272
401169
499034
287167
186720
863061
162637
683458
759056
805083
224384
384141
147458
322753
954835
169248
106023
915135
453455
264228
570522
979642
665145
682706
161155
728126
83841
416007
242000
955178
876456
151987
736584
401879
361497
974526
477720
58079
576391
597023
945630
327483
840696
679019
316925
917055
210691
828852
827714
262546
821840
123089
517521
803670
862389
174100
844754
682686
354191
712138
667845
437206
384939
87136
213095
421054
512433
813889
164355
817327
896196
335589
522112
726078
895969
958250
599750
758384
7728
525317
288326
711480
102869
799854
736349
606339
610588
576474
451764
259267
409568
783336
534000
635911
393975
586144
214183
574331
65474
636208
422777
696925
711458
904249
719744
201061
891820
891774
635537
972719
581246
286623
661318
313491
440754
960639
640109
56492
878143
350968
645169
468158
994860
222616
32244
397944
931428
372999
169760
255419
188033
778971
232008
675257
224815
206570
662060
390863
915970
555368
433367
12251
335981
679359
440257
714595
160711
741243
137593
523079
484531
238392
62530
846565
332831
916228
170872
513822
853980
598279
779388
416055
777039
324641
107015
355665
475883
226903
536319
670531
668617
809842
534983
545086
999261
139225
626744
24889
596256
96647
538523
712619
93098
219485
918972
93366
164299
420279
313262
756942
664920
142407
353480
16892
429484
675781
375672
140342
265667
17500
694208
146954
83554
315826
718586
190436
352454
375167
781854
301759
921417
19115
922616
905866
422615
970142
738155
239138
989105
792094
516480
464968
695530
740921
44975
826979
729076
686571
615268
171799
71252
439228
724125
991162
236118
870626
831967
291591
955523
755273
563364
640461
555861
290939
494024
111450
27638
272987
997095
999660
501699
323502
37177
788361
682521
889979
172965
273768
920757
407243
113270
952225
821630
985347
888606
294474
113340
619339
351637
74484
294586
601374
75769
906178
98756
886194
272130
16437
130062
343121
584011
434800
958126
397003
805124
749100
973870
500295
274639
163186
946205
560758
908488
917533
973074
62318
909974
975198
899973
979141
133837
252876
922863
750879
838739
719231
268514
971953
436577
30695
446228
109480
572903
940967
65609
81586
379868
749135
902064
149797
350528
763825
760308
490760
367956
889627
846110
15655
994341
825589
227903
260606
505610
530704
454581
588733
52128
429762
346673
806604
705603
650106
69884
112143
564343
365568
33834
489985
521962
821415
756540
449521
342328
822922
683882
779492
855591
764300
234406
193994
863345
5447
632103
228135
303184
94821
938929
213270
549453
456505
370386
841018
226826
445890
918050
930530
896660
217108
495820
721524
365913
698188
991741
106392
925819
91087
798163
793179
844606
729571
778447
698944
182596
473554
978907
841207
843027
208125
948028
282335
760172
27683
910284
829154
281915
526869
817529
16626
638031
468543
33434
659163
622573
966105
780888
303731
341878
309423
202372
117342
369494
392593
918843
492124
89294
407724
400314
361816
126997
551280
250882
169257
269780
399861
244476
919017
508894
124460
948586
78376
509915
952937
859544
385401
780553
640927
194980
454017
496653
142385
642152
440870
463407
986435
823397
740391
672445
105371
34996
780366
85876
845297
94393
676267
780171
337514
896232
867757
287297
792141
638319
152350
732446
274612
680955
876609
14431
564097
881459
579437
958211
806827
77660
198782
970956
439936
734105
78473
654110
57966
493454
116002
657398
260768
560484
279329
292914
301754
670586
319491
994846
651027
295188
714946
105741
710561
644126
641827
16229
799441
201212
140405
441336
211533
345278
984094
370204
789594
738438
473773
759206
286213
513960
295273
176146
970209
373636
813873
588181
166643
327221
677020
610776
919966
519895
988954
159080
54754
959258
776471
174032
132454
452365
321324
534640
583837
938390
861031
871917
104262
614352
362112
346856
878189
828230
797211
406749
884960
456096
837023
523158
858454
168976
782436
153236
17715
289300
183645
578477
839968
190423
131201
838924
961703
232757
518182
390150
543763
679939
86749
469319
700687
355373
343094
645559
500817
784541
162843
416505
270811
638463
390648
857601
219527
397163
460904
430367
472148
322688
780211
978974
536971
696733
95998
712951
522899
73555
670822
731505
307614
669116
265008
281652
331638
432506
370838
928740
868942
568772
281253
230768
631424
52877
528085
724797
30731
309610
535550
457526
680783
399873
899477
341065
393278
5191
537333
904245
530518
563058
787673
781405
802736
172781
306950
349261
961612
872711
925078
473450
428686
942563
672402
124581
900524
231443
977311
881352
542209
447019
395906
603850
864900
226513
914747
856659
39156
515489
136437
149259
5677
882696
286115
901526
338154
68734
176100
201073
396762
790989
185499
622054
713204
419854
217712
3804
141531
692885
456315
700981
260337
827481
802185
595612
555828
651417
653816
260125
919080
50432
782347
790602
166386
491377
660367
815752
104268
358971
496665
446000
356638
862161
78870
447692
109540
929120
963998
459381
327138
786410
402075
983504
562547
757330
660480
538106
783555
206081
492316
178747
774562
101301
65920
678566
819424
391367
872585
67815
784478
617553
726553
839322
377844
462508
869667
166238
265506
336872
572559
294979
186676
164416
575940
2066
640759
350446
446674
399533
421968
233892
436285
761419
338350
878266
501670
5497
13994
201340
334429
893761
232651
610972
716325
523913
154263
712969
90566
684415
462229
478727
988043
402612
916975
783149
202565
102577
831583
727928
734590
324695
870094
874640
96142
864935
331791
138123
290053
80329
975986
552392
258532
196155
213493
661291
941021
353610
489097
20947
743951
251689
15575
789738
387761
255995
252163
329566
50903
229185
107697
621780
316345
840446
560475
900900
514184
995187
722607
389585
3914
209072
663545
138501
459718
529377
135421
748571
104277
710628
509835
911811
948573
760587
219441
883212
147854
366635
855205
59047
571434
142068
152202
459418
689264
121281
630224
460382
101186
188024
233614
721073
723958
754508
555246
385976
725569
79997
537804
641506
686957
369729
927657
110556
106356
952310
901229
390371
956023
548659
794785
341754
83978
830907
921029
540621
934510
614650
61975
597626
535697
1360
126116
317755
236818
388082
439878
560627
228575
13985
42805
164925
2256
161967
131847
406807
995879
535230
16088
550328
339714
550611
429834
912190
971731
312060
872020
616074
445548
896882
105158
587698
996222
218598
198586
985015
854856
60703
851347
213906
482177
928108
171557
495486
551919
552628
509668
926505
786772
468514
217492
847233
549714
539299
914889
318447
71415
111752
647370
230363
545473
213092
245564
206775
823584
764761
574343
133666
538492
401956
597681
494565
39019
947856
506592
928792
304735
765226
471094
527792
173440
909847
909114
915553
872531
480736
630889
849248
612992
425544
358511
67883
832862
322528
648796
145231
357511
728829
75439
679095
190954
794685
635879
173277
606239
422922
518132
72734
872013
407304
945878
762431
70321
574697
998314
21958
67141
717155
714356
601327
294882
182521
607537
148215
894609
270200
182274
702946
961663
735029
170587
604789
962925
789939
114395
609908
456464
695386
568710
275763
586492
102581
840614
870024
386399
405920
104508
53298
947880
506470
729091
884618
459761
322146
367656
781182
581332
666766
868455
302078
558460
693119
111391
974763
428543
686172
561816
783777
575821
630314
249257
809063
739213
888318
131283
549844
952717
664355
322627
731428
367074
749591
27882
290933
822356
837618
804256
472182
365624
852044
292128
856297
86840
294395
26946
800507
220461
287504
877863
28137
215412
744029
986167
829935
849762
828825
970185
673636
705545
454303
622559
240560
73175
728172
227243
447385
476296
479292
243518
16603
535659
209231
621562
504337
739831
816983
853009
112799
64970
158610
676891
173783
771703
875955
525589
526653
622027
378396
92818
257595
625771
512459
633145
318425
405989
356896
905523
540978
739484
425003
69854
224499
836274
33558
559376
383736
266616
830715
631909
458622
264760
602307
390941
54422
745816
284747
686710
497405
114932
284344
577052
567004
49193
420006
760845
923660
677497
544041
304201
748503
340517
43751
206858
991657
432017
632834
719621
490922
696295
29320
982381
594185
429982
621810
2230
139643
191741
667236
918683
856123
221331
988473
600254
300324
505143
551173
378529
567475
329657
484093
638893
727836
81765
802652
80134
95441
62554
214778
818542
653168
230137
617994
535152
950785
914510
870332
523246
315428
929346
181228
405375
839100
80255
612329
289958
919117
830654
599114
654584
205597
425866
300856
345615
975471
124202
4923
415382
123524
556426
435319
722582
334520
390066
81516
597095
78414
515401
262990
626884
439076
535101
636605
689362
374337
484940
956115
676478
652449
318839
750715
377272
701651
224521
567679
123011
492121
920212
701664
458588
562646
645787
390121
954813
866033
18302
685512
577956
775472
841036
679255
118958
883888
141230
664693
340108
979380
526680
915216
316854
869977
195470
965105
641174
746000
284853
366536
414796
338435
101865
726978
221374
508581
783980
266417
203685
681148
479470
299041
664363
12746
481439
483347
785459
686289
346548
866231
84818
291470
634961
5028
727762
76627
589386
328383
995025
352785
379807
128677
352033
927935
103638
914220
555894
46806
707200
292045
636387
403428
900339
655725
225178
95027
256914
982413
964720
849933
16865
891459
834618
467474
976199
83799
449888
464935
441135
399712
86536
206364
201846
531479
62645
289895
145529
361622
821235
442004
191323
470459
158828
942018
659846
181639
643844
842588
580242
80468
761371
666446
249121
720400
24205
797631
267589
715261
805425
577525
848894
350193
33401
691301
788994
751070
545155
485671
733698
145450
780123
114561
629161
612810
740238
988930
530531
981747
196716
848809
966985
464219
199451
946048
320530
560535
783436
193495
295455
592604
731535
250654
186503
687654
317371
379933
75232
540618
736082
328938
371027
817531
828054
614648
311029
534971
343274
934938
278351
185851
762174
663700
387878
436406
909304
41603
314936
57153
471785
289150
893836
566025
806174
449366
404221
495710
260738
428928
583308
497902
452181
787845
73615
801423
950405
502389
461291
268954
939648
631109
291749
345961
759005
865518
37935
33678
808559
63430
755558
545585
612399
483213
337647
392367
288205
325167
344457
75312
821153
842619
928452
198134
384815
771285
954552
153293
403148
169188
467915
517274
953879
459394
182857
376056
147657
523701
46780
544212
447590
1435
892361
842066
291662
852480
972185
979405
485275
656805
980120
480739
986081
935441
570701
457635
244462
868063
135047
534477
996958
968442
5747
37
259334
297681
57368
495807
592770
22196
190160
761348
672366
764270
606615
677550
934971
322609
674807
272735
254463
763323
880775
953260
528505
817965
690020
973624
727579
676776
791666
930395
681834
111937
103040
398
310917
974688
413209
656856
516675
307088
597135
644557
874799
216247
973668
653995
18592
761955
249648
690414
954879
260068
612594
249667
503664
18100
424059
356252
67668
384504
131982
310621
746854
747979
727743
196934
804770
643585
839350
304381
657563
342653
435492
244472
258765
339171
607978
582164
850379
393343
183582
474588
380238
755018
871297
611873
279505
714734
963910
454503
591516
431419
360565
759444
859614
129
231139
474681
825851
249614
363026
183818
122289
329767
260505
316169
447354
729729
676864
354252
211608
159299
982379
593717
232764
106195
437635
594825
243090
607696
634080
352546
78995
962275
702762
801428
480023
489101
107281
716252
391354
471903
442650
719540
977845
86059
122413
15734
299324
324929
470756
420335
724791
221606
454334
722305
70634
972781
829291
518966
989355
225175
719599
351107
646672
419312
246961
921817
105906
658324
958464
9057
682055
307177
380273
58594
758509
51538
357743
11191
751392
476765
450550
424924
296056
633015
341301
965554
996446
414248
43146
41775
136382
565732
560986
1177
579736
102592
312163
772113
546925
705656
400554
484616
361968
744025
226111
613396
949068