122367
844787
211924
181605
179560
296262
890977
206832
309123
57499
280333
961388
801157
884285
654831
269689
380131
576784
967612
734991
749691
681231
785381
67506
734481
964526
56976
546812
765477
586349
830545
634596
557351
282347
687862
194757
68883
147510
652106
925835
962346
354322
178206
202427
507272
690593
451013
541757
442381
948359
752201
924576
648275
349338
623312
710893
91577
73364
951220
932593
330742
161252
464938
671162
919133
792774
194553
93286
606614
777522
458330
753109
836186
88837
42531
864762
160177
18336
14401
777522
295256
53627
197781
616412
179659
711116
492768
745761
287997
743803
904211
323532
815774
528033
538918
772450
815100
78904
833404
743496
467023
391526
697323
657462
54929
57146
412482
564962
218131
22723
237573
387824
723810
53696
197906
615005
904171
38432
469226
509922
753558
266000
903797
650831
508989
434546
590315
646613
679479
186983
910946
514189
570133
267865
223827
141574
398512
612661
584349
579471
931221
994759
740995
61216
274106
884649
754458
162755
894176
972504
632065
328680
122614
670319
902965
894995
3779
620885
104554
749765
930890
410956
811620
219300
227707
842652
94611
341528
498571
502584
983528
636795
127855
924346
15123
203622
853049
412918
202997
754298
576216
937309
590546
682413
41190
1749
967140
689610
988572
573972
19309
697392
737727
139327
197883
696145
269559
891291
590687
223795
940858
867055
197835
105099
987286
975485
754967
26822
450193
718135
378927
623607
984705
13376
486385
413817
506412
150487
838448
102595
748848
932505
301779
16239
478829
67407
511008
967166
545460
225102
432127
910907
483368
41504
392740
878347
661249
693936
156346
810608
737956
404440
236322
541379
295299
713172
596777
972428
404923
367066
250232
887206
769139
731001
211687
65244
697590
182468
740039
811194
162634
284433
752872
497655
531516
513040
76913
535205
385589
948303
999064
455042
192189
836751
951090
413785
362807
794382
945848
261796
382558
702400
709354
347806
720976
684024
757356
47537
306143
423222
199293
809932
669495
87332
984975
118643
661517
208665
394297
874626
987448
941202
799373
859339
387768
580345
237750
622827
833185
381250
585982
92015
617387
941397
246653
838555
256412
119532
38547
736540
466078
53865
848072
993344
106247
867364
696639
109172
887988
873766
782070
127228
164911
391999
10870
215045
355797
923133
830282
830532
881411
523883
280574
765531
654755
506143
750843
134420
308398
570224
665085
692238
38051
246896
231229
176733
657998
703307
608012
26881
644274
662825
473441
987563
506068
987732
181008
446751
440494
361023
549593
570912
863768
158940
334017
313478
234363
67965
11264
840613
180479
271939
963908
794767
149776
767631
651615
330120
71753
704490
745854
316459
989313
558195
694263
706305
55606
735238
689932
596229
49145
847736
981909
332876
59102
465278
145350
558959
680641
200793
170735
769887
631173
909699
86175
619403
752487
836844
87472
247738
843317
102155
133845
715919
47809
718769
553599
260936
643050
269446
628251
36218
452530
135060
771956
155083
620009
208029
503162
764214
848900
923153
451004
363851
287014
8529
601310
109033
293037
36456
27457
917270
229952
117613
614030
533353
245129
196951
528026
479652
784327
589287
130596
765236
994836
817634
946822
970508
418283
402734
374940
374443
805601
286814
68076
377643
229975
187929
992528
72851
840195
575019
163155
972315
813325
277366
672963
910423
640493
457484
798086
101559
720967
316156
886623
954319
126614
139221
558945
313999
965412
739859
796978
815389
232609
488190
855579
425970
551159
980170
764024
125534
338345
494915
528080
570506
427243
868713
266577
414555
133062
744932
715767
447224
914321
492346
854282
697479
897886
185208
311344
703549
633327
480067
382668
270064
158137
829175
799212
930297
901079
384468
996266
804465
420315
543158
979833
444514
926798
970893
665460
511354
764578
214934
1985
649788
974383
132520
738073
329089
413861
224132
993100
181523
976977
457546
610751
764730
304815
215298
324539
64968
630592
290182
119784
505930
322768
808172
685968
353388
475133
893994
672996
754391
107501
994064
242329
45348
382855
589471
368253
507181
42624
490918
319044
962962
606791
799822
363944
989865
254830
104270
98831
802212
897783
523818
892254
50193
657459
873482
267656
51810
751246
45277
609898
964782
989224
941673
357608
442697
538251
464017
785954
449986
70456
134134
979833
925340
468309
115242
646602
692140
352077
316832
571319
547314
117046
122317
796729
54965
608691
707524
487377
822632
546468
465793
869495
647652
822292
349692
37608
432652
771951
522676
332459
302327
908891
568131
467177
748376
321426
664314
219071
351125
31591
481956
594257
802431
693803
846726
569787
14458
573512
425858
624223
170481
95897
851764
769533
803149
623415
932340
34282
689555
62688
244982
568679
513842
869592
833221
553790
182410
539704
340714
399436
52578
700848
341245
607014
805594
808511
727908
430689
809531
560744
870441
585209
768321
496188
554258
339536
499034
255332
183968
624425
184127
981484
565191
953104
128097
153302
973085
859343
457566
264370
756782
131089
144984
994143
956949
134354
749793
425589
823193
74464
198461
644000
279876
677795
981975
910332
938149
807212
246076
942351
554916
839458
412370
664306
729246
217480
339030
116975
599135
651479
310951
598417
131778
463448
961969
646955
493566
789525
344647
633185
937378
836045
73125
164096
870085
729218
911902
445165
32714
494235
164097
68240
497574
316890
166938
725879
659235
857431
323016
710420
781171
545804
23123
109924
724257
292604
189850
926705
76712
387779
366779
365051
740505
125424
358364
379420
290503
239182
744697
331403
699203
604822
55281
747077
286223
587142
501181
797719
689062
47603
902644
496952
306420
263615
996388
149855
867196
56225
856448
968633
820468
899805
660505
86232
433514
506855
165212
705094
943558
111750
314244
602651
66357
360680
906055
29848
694778
980727
518906
13699
865527
911046
525977
545185
332958
132796
175011
294459
164184
647305
345568
173731
814652
629616
563699
378079
711931
492317
474488
776831
840913
519575
658837
709138
251104
417846
412202
794995
538477
27726
925974
245973
888224
16105
189717
981569
715232
111690
655173
184998
495545
878980
488801
708276
132345
621776
252009
56233
918475
912509
591977
897739
644908
100183
185674
118202
824020
962233
204603
957465
611503
507953
957256
434854
774295
127321
782101
481753
514247
843665
292883
853789
683907
656583
147453
969331
177105
717711
288613
175833
664017
653266
882919
140689
986724
737783
461024
825899
738494
547882
771580
771623
549356
474115
635504
659842
199335
665656
661555
633691
111307
151426
318273
104348
604828
227528
519182
406153
701985
410661
347862
52384
897909
743324
338100
304950
295744
768189
694664
513348
215826
838787
124737
143028
29087
459308
295865
194999
36975
420928
980250
45528
748497
783354
663665
19589
965660
795597
359289
372879
270508
858655
514649
444207
256708
741417
950630
395475
343761
925941
262692
795113
108894
995082
465097
657157
133985
168708
608444
768348
69410
698251
188107
449090
145167
814842
322081
152980
511670
162518
827344
366741
645476
919647
8163
252162
60507
191978
404214
477529
106081
63168
75721
410207
209763
463297
906979
564245
548858
42582
705985
735967
221324
840439
600482
880473
778561
848955
717561
881620
929349
547883
47043
864100
703559
416455
848436
467828
364905
768805
673001
713710
725987
136964
334225
471769
163816
464951
402457
626978
860304
107856
10180
587536
993673
306895
929810
132237
506033
228421
181873
11221
853879
108081
629464
865159
342967
368737
892916
905144
132451
541654
495097
671367
905094
817320
147709
584863
378851
651042
167499
449725
698575
715957
840128
192608
167381
677703
897628
205118
490844
311550
99260
402419
206270
271167
755379
564357
629828
553010
845515
556994
854803
644965
95451
853219
317676
419413
898354
587926
485487
426449
822469
863544
330385
469193
216189
130040
61362
926225
512578
863408
851191
121156
639782
909276
641959
426930
347901
887845
124529
379374
644303
439143
675588
138422
640035
919673
148792
887387
663559
786518
384438
998790
26868
698284
572825
256140
187643
470363
170342
524421
37436
824056
778449
573039
559123
540087
418490
478774
987971
961079
684032
34417
478756
132022
67636
178560
90017
970916
737406
494387
79745
535098
852586
431529
148096
205016
388878
654636
97677
770433
654851
840710
759064
119352
546176
20980
516258
900961
856907
593511
420561
999532
672943
965442
92384
65736
516745
110804
848379
440530
57065
498611
326791
162944
926604
303826
227843
713388
389996
239902
396605
87819
644890
536842
139715
926730
756969
348138
201678
363997
325373
767728
606039
8988
591606
941352
85020
269232
584424
497310
864299
229257
554049
345062
663467
92033
113691
209094
977213
248449
632639
20240
822535
63737
912514
811863
101716
120918
28765
233722
862834
348951
979486
777814
968687
252652
342158
175001
580791
994294
297502
423047
60858
221896
329643
967011
633307
877578
370542
651962
931048
164855
943561
985854
717248
509990
756029
415504
368931
928273
965341
479050
573486
537861
354128
528865
661952
88854
384464
70541
374348
345256
454091
10020
328279
828481
93546
957354
136451
529935
427382
884982
670144
811293
354136
265678
334059
21650
454408
437939
435903
125101
180538
955748
103743
737910
152691
636251
947457
226748
979871
544535
371733
171810
235141
124524
859325
869370
979342
88432
836165
947346
462139
246479
512892
841331
591650
251763
408236
672051
330126
930338
28206
875768
744274
251532
134675
436266
603295
352816
772439
381241
637287
400560
322338
620079
183151
54221
117282
571606
247744
60411
910970
856574
172233
284942
685319
106819
841693
954177
840543
276054
696537
249517
692740
741451
190574
571686
785461
473133
304303
909429
25338
700762
543472
507493
428749
93971
932853
169067
637983
819840
443514
331320
113570
652909
32158
631780
161328
414620
22546
891406
735221
658458
137556
704650
214695
45085
570158
670540
837794
253330
445797
307678
597388
742508
739824
163245
519394
808119
802887
283732
272528
452379
20965
138660
553585
410834
325213
249466
929618
127068
932578
983470
419
823499
334989
591548
656646
338241
510999
752609
342157
875640
752561
594345
432400
905012
265576
91981
12428
710415
946898
358155
659955
507553
682136
952989
572185
167852
379010
519579
314370
652681
397976
360969
975553
149921
801686
830931
990295
899037
448885
35691
399703
594933
281070
713609
769288
791460
324903
516065
724479
45665
129827
52209
698334
209561
114121
718967
573999
261819
713593
227743
50205
975835
430839
404130
521933
546159
655913
570090
838263
726685
402311
33491
902495
873799
541013
824209
159150
578037
771439
430348
525094
310114
12165
280535
76934
684348
206795
334587
967815
897457
141462
966168
201747
374070
110534
799469
972071
813105
135008
880924
806553
640429
287943
698036
132458
305548
370489
326635
776641
168648
179086
24858
380775
543273
1634
928215
247416
946718
74309
970690
941002
58902
854766
425771
871377
985496
893009
743155
665299
676262
381597
307133
597223
197885
490630
870813
906981
827727
674881
509654
246362
133236
803411
561256
54557
642188
805445
415806
848081
268484
577544
169238
275053
342346
708260
225098
798911
467920
909802
192938
761521
170875
650808
170035
881043
750436
287762
93879
637839
44110
511809
443759
537139
96525
741632
219304
940943
413516
21879
300243
870870
507406
591910
133466
9514
960674
985087
283706
117297
628054
693954
621935
488789
511303
114396
927406
792697
128236
411432
368974
692788
687610
620103
106109
272269
414984
364465
93158
920307
850599
522665
13532
860172
160015
647982
665648
678014
755441
352389
765178
967359
925447
379424
994708
861213
177543
840708
744001
392076
154583
845924
204049
344870
720849
301248
869946
816859
614981
32130
568348
145686
619547
954198
376960
988992
283573
120224
957726
682694
806567
641090
706496
981968
867601
497783
950695
242869
227192
607469
743744
680827
572419
685712
408007
77590
265419
564381
700610
833369
686904
842964
846756
951195
204927
513307
494842
388777
100220
310149
823162
254393
661663
47031
677684
567383
784327
114271
827779
538808
585780
673368
374556
629485
809487
367611
446533
703975
246759
744447
981569
233875
652366
157463
294206
376151
448896
831087
60333
700979
609285
557636
467988
952968
19826
870981
249471
610628
842535
602373
776716
472247
592433
114829
519509
568530
357989
895773
970396
393330
620045
742652
179351
245273
111792
188176
177027
843539
384172
197242
443694
928722
559169
634096
516816
692735
184999
716708
780425
614457
327676
448697
466248
302549
10016
739586
613268
576817
251086
320411
193712
530417
903730
705134
926101
470449
95824
587731
730344
90253
351535
568045
525727
85473
279138
226861
458327
463536
130129
244904
333916
873254
622421
813004
758853
616855
751590
377971
352425
364934
536876
599222
447711
956084
230370
327631
305522
1095
299842
195703
599386
702869
775967
310791
784413
284970
244053
606766
941461
88282
558291
312112
681934
72535
192539
612753
531499
86885
231446
153325
712469
251948
161639
364981
391059
96102
87501
984467
47571
66430
893807
311153
810965
860647
823175
770598
379832
917362
442563
875779
155109
300549
521312
557148
326863
518771
990993
898970
986612
992204
756313
601318
807117
410389
387364
417712
233032
165330
281835
620505
416435
372356
265785
174231
52453
948251
139302
750582
528711
470115
889855
511801
313041
647336
236338
358894
713258
895829
958787
456285
390490
75142
538458
289295
489492
697598
42916
246551
29403
297261
262652
571062
5842
380129
287155
984397
534972
79438
969577
431260
315398
352123
205161
69388
347331
805281
879466
850928
951314
892934
922950
175244
237367
94344
35456
448575
172040
145807
684139
287871
679553
294484
370841
50518
166098
582878
35321
308198
265831
47767
635063
427137
713862
981494
700696
736923
777699
980468
803259
532497
399564
63207
952665
676878
577913
841457
673828
434929
861433
52138
860885
649470
278435
765533
296261
766391
588356
433908
233261
327639
650425
312207
470432
232477
936166
1579
39013
196323
6646
792742
665057
389964
940103
272872
87839
540318
189036
975352
498612
744658
575070
373292
658694
167250
675008
828845
780835
827965
679634
610656
182470
492776
303952
291316
833256
98643
205010
303819
113907
340894
3354
108538
247273
520712
975714
499834
79963
959962
509924
247223
299870
282395
112310
488953
616528
878624
941896
850214
20891
661609
534518
313306
389500
781148
576792
36165
874921
966861
173474
963947
510559
677439
965945
705005
852212
718693
568121
610648
327797
176700
289943
610721
851238
715356
114847
881890
88486
168371
788486
614992
120164
800864
744387
306147
939118
163982
604722
427419
365283
13021
639968
138472
620148
545984
583820
896178
635867
588161
205671
191255
234121
21275
736474
680073
443534
674553
593875
544395
138879
867772
600351
337329
717139
369502
866574
924134
544090
832289
768862
755846
973330
693073
817847
684594
153523
993332
368332
873505
956830
939525
723615
452775
346293
989497
608110
829762
900828
64072
522107
345972
479206
647283
649473
116276
969313
215004
81439
661166
939506
122160
717944
676431
630330
654498
357065
584947
296848
996669
187145
900777
730235
358064
86958
251621
190812
447822
802010
215857
265522
851123
754257
724048
216804
216252
164559
918176
440973
962421
511326
203291
783653
424777
707618
728109
240289
168461
178544
613947
172250
930698
170982
241818
441575
32290
904806
301404
315758
831479
596685
296740
135905
371941
882955
277964
125527
158561
159480
551429
808063
993372
384843
39463
328907
488253
229501
411569
125344
294768
113459
554594
183147
895226
741112
750144
119588
297693
907226
517430
24865
32002
81916
213740
370767
575509
92561
182008
571570
645988
844545
360659
124161
475872
749611
697826
444084
224150
166689
561759
833779
63657
818730
628161
338165
921311
152331
459673
691674
963449
19646
783043
420711
964964
728464
430959
8544
199661
326063
236329
430914
606650
464023
769743
102944
229839
661441
285599
305491
840118
266847
822990
396657
625639
587100
44043
534508
24854
189578
665912
183772
714437
183226
272257
664205
696414
609053
441970
546631
181196
947806
187013
922056
525585
374840
542974
426926
554263
981677
410220
660094
462842
466296
143433
70865
259571
22280
901074
530151
253373
93808
287416
42212
468917
438030
965945
587400
338788
515683
641709
489205
796592
830379
56972
915371
416328
791079
475405
757882
408090
640312
158461
130270
43449
838590
222680
158723
886421
695702
379153
230776
34872
885179
935937
155617
667391
97062
105524
329487
438288
44148
156896
737142
662252
347344
533368
956368
935683
469724
869738
404230
301653
898336
288949
908755
940259
897150
95872
864399
735903
843777
232215
468604
988821
71398
339530
106044
867893
806284
917286
870894
485592
134423
863584
49014
439286
341039
457452
16726
376755
134048
525776
845771
566392
551506
830554
609445
997185
622186
769987
607852
485870
919886
292577
988058
691778
507566
161404
546732
553637
787239
126396
899482
894885
588160
661937
997814
595695
440226
334805
527267
406178
598846
75587
638822
732642
140853
479607
906497
92362
120198
105493
149933
221596
135619
282376
656545
723215
740325
41979
350522
575871
220161
39605
477385
587758
547309
92775
132759
839988
734050
325797
371126
751063
718834
53462
561853
126736
382174
114366
674515
482152
220738
669590
246752
363182
801003
927309
703372
678827
402521
295324
476730
8486
539841
407228
911554
401966
623126
719090
313418
236242
226799
222210
669734
262908
276803
661132
127954
231997
125479
624062
769617
520201
551170
812528
555497
770574
495802
769861
507690
229432
439316
628936
388723
324954
285160
646781
511224
919000
319894
781999
867668
222571
444822
886125
753988
891847
531378
817030
435216
825898
411732
732694
433575
723798
659780
475590
686983
180817
479711
629018
241343
655596
520613
719709
449369
45284
80631
791853
654591
411430
963859
836821
836989
346583
250122
527937
266191
681793
279523
584216
931261
33647
986815
81061
870938
438863
149819
181816
246656
584939
29525
567730
288019
523198
534552
764598
70576
538758
128170
922985
423148
654474
420985
813000
467301
406745
626767
895824
218776
644049
856940
330217
29797
769281
791039
496780
870361
343714
247277
911870
315427
513715
413368
763507
496135
48457
457259
673687
536110
378409
310386
203111
925048
955526
48751
583034
553908
440759
307213
865827
708205
418178
298012
711439
775953
228401
193868
665002
397426
724734
148601
136945
796307
887724
524208
789472
86505
818548
827659
622254
673366
756688
593274
325396
870285
316838
996190
818444
454141
569096
886928
961963
142285
76861
772091
323206
826251
367545
577164
859341
323049
768462
944230
964045
533723
393185
204450
398577
655034
434725
483829
676227
903411
324697
386272
625421
253658
409027
95915
629786
900608
795662
110976
595580
87024
554313
739052
722088
921005
19827
624719
610006
692951
786728
966236
94759
396587
113927
511066
49724
268628
525263
207625
622336
542246
277085
380283
398997
998912
974397
437366
176723
730695
515760
317447
263688
991401
610538
97678
229708
624946
298164
545127
717761
240782
428355
391685
338711
671570
671230
557830
157095
343366
969017
797993
929817
23777
128029
557932
121017
102989
80628
696718
295997
581381
190416
719467
292362
964534
275865
301235
834583
24648
716788
359133
587646
674659
534810
861213
299373
486666
574111
479311
453332
39269
501630
931955
626155
995564
501732
515691
124108
535767
346617
109320
662645
446076
256054
472380
113962
736517
427506
297073
863742
914071
639892
542515
111850
565676
697093
272678
483090
735902
953941
572232
117865
785206
152923
281642
418003
55165
932873
977663
201651
352499
276125
142485
321008
187013
842781
656322
101432
306483
762706
214114
663850
132800
168011
197254
742945
639896
849337
761339
392755
479366
313702
621470
591582
418703
643331
806063
471785
12381
976019
207299
557153
209439
40471
114826
708154
220594
47739
455148
171971
373205
527222
710438
395024
118503
288679
357325
510692
533192
458200
860373
45662
91410
875787
337465
13493
213789
20358
893530
614882
861742
593194
538482
202893
5279
217458
644504
66999
544922
371093
531561
339712
722995
849042
601978
767928
699037
232066
633248
116086
418929
522343
288574
651053
443588
339296
281642
269481
260799
492591
414406
558007
869387
109045
139243
355677
121438
627128
982232
849750
744466
876273
881914
275826
22952
185981
616761
637847
847041
219568
364263
659764
253365
673354
8488
464649
388527
540554
696273
839934
777907
876638
990384
355374
179183
977540
551979
78730
594984
20152
202570
70573
512984
536512
712728
729693
339722
457998
478439
168685
768255
446964
751898
147083
10516
412241
794953
414654
614110
495272
91398
226965
944015
970371
92753
370135
427544
139006
477753
620949
919714
883183
562322
17106
715634
23906
42152
877784
496827
102761
697939
785490
902613
288452
407555
579260
92055
89409
255236
551399
169272
222263
434730
182245
107322
221266
966876
762390
35458
312631
464468
655013
128049
471789
909586
160824
399551
872892
697748
557420
904550
905854
302855
2377
899022
16876
115055
64727
616358
162935
739576
162255
54148
806525
800044
174280
460016
653871
442545
506292
656429
890425
186789
799090
120846
494297
300386
79103
171730
552597
112712
589111
889293
546234
482535
310453
882151
910633
707785
252751
111140
643464
950938
719931
662418
122742
314412
719154
511908
541858
175878
507917
50208
37198
3458
667147
618431
875878
106165
82632
595350
471445
797815
196771
308369
985349
988455
649974
677242
144562
324513
555427
868358
441740
613241
815637
687814
328436
828329
914790
965245
457724
652415
595718
222243
49904
137024
417973
603673
497001
266243
970923
806427
925525
597344
711405
560964
934873
142831
695816
967323
285384
195070
591597
788346
73759
455239
373724
905278
854286
46777
97226
212738
350865
566179
97634
333854
745914
998709
241371
876688
87177
876418
518605
530164
86270
541200
441083
532676
179620
712529
733336
36060
984398
436896
228527
64668
340560
283112
942860
632051
871278
908308
903394
860347
647083
864042
76444
972480
600404
56707
39793
275035
852141
922763
635938
82388
975286
837854
362185
653566
356387
246389
206551
359370
53146
984081
839454
282989
763615
699552
913926
373335
329314
917592
137241
175832
732288
3246
55299
232818
100056
137367
193441
788790
378406
36849
172956
504401
882359
146354
707543
18043
586381
646764
536035
460943
230792
583407
498955
834439
93826
843118
406150
45691
905410
866005
566564
304115
942444
853091
386049
748
703743
27965
976207
803407
454008
297275
611696
498260
366333
732738
482788
631319
565750
650176
446534
181823
486349
991133
670595
578565
883298
641905
943288
109643
46659
146731
984411
325423
559547
603322
183118
289589
601218
246869
459044
746033
56324
934976
787387
8668
390628
331782
892393
620147
597865
67801
39067
741404
536754
72036
778029
934324
959645
127619
570901
677282
491747
351730
367085
241163
873533
973371
315230
599610
135102
207218
550639
382116
142180
183272
55048
319389
244439
196687
363961
793936
362931
504798
939095
706305
32442
182656
213878
127459
187279
824823
779416
112286
12205
317351
456880
823694
970859
607684
387460
65421
234586
527813
922201
47623
663824
356054
7768
48630
84924
62785
735191
646299
429033
341536
971367
509597
269241
734895
547103
484980
887268
692316
900947
156785
425568
113148
383076
453484
270721
199507
555104
744716
832200
629646
154689
98673
8210
463849
612475
790272
151802
582694
453531
681688
420073
407136
649156
668955
948762
62577
208747
837694
601451
112427
338310
684089
158492
535849
881268
390651
479537
218817
12807
722891
560536
345325
339377
144987
908357
865747
711390
852865
324370
405675
130125
185955
324749
603482
563778
697824
6108
937130
757381
316859
852296
874350
242265
459893
325372
549756
774873
661691
26393
257334
486710
848725
924878
364312
991566
634479
811857
329776
836650
194910
527136
24521
928320
644433
655831
479980
901306
359278
659082
169375
286251
582288
851434
912536
633530
350766
711950
948841
830290
456619
653808
28225
36146
248665
50789
889859
637397
10587
845249
406912
854621
258055
28013
105581
490041
368707
535809
554609
864676
876272
569250
375883
456858
288360
10159
296525
697894
497327
71547
504548
275945
839053
719691
390356
514282
793522
267475
913085
861363
259858
516874
893840
654812
380068
953272
3048
807206
79137
991565
826854
947964
658673
880212
300746
317693
855825
438466
889511
916144
675538
400428
510683
175295
904180
956821
801168
116063
737619
671071
295316
500920
12658
376663
78160
112894
437079
558671
548385
652328
642341
673165
737693
434103
292860
473793
802021
769038
388671
284536
934391
701932
404455
369899
809706
903649
584078
121734
900259
232050
670016
220961
23901
590239
727748
757042
323670
682299
771389
136001
358641
254374
44413
665682
595698
763281
225026
9141
190029
942350
858662
637902
470201
380357
76179
419543
389385
19312
808754
389080
138858
759622
115640
180679
814583
537950
724469
304380
833028
852473
103770
568928
562671
182947
270444
152740
131396
976037
633799
14514
81283
99939
954406
637095
339415
361589
826131
653255
937634
678461
840830
918524
87783
262086
633845
138105
622779
864323
470436
947786
368089
289961
724837
190714
591752
677662
23146
60538
703879
47753
910474
413363
318518
161052
338789
535093
320236
131178
150637
863893
744762
393093
916478
497250
739148
889685
741109
430790
877256
352198
585495
173105
464714
896374
886479
604442
5638
119387
465842
22165
924263
678192
517140
560027
322763
158485
806921
9310
421065
67555
957581
528112
894966
792501
829292
677093
147454
500228
956155
581598
82268
296486
73454
415670
677009
119845
75942
83285
756173
478762
447175
905758
931794
250280
807902
830085
197912
154695
540389
188471
237623
551093
734018
78352
656427
610734
810828
432114
403871
264018
175371
544195
389396
49233
606155
271972
39864
203321
185890
356099
324422
983222
885693
734588
673613
849629
934291
898248
188165
117920
198092
210264
641312
385139
601079
20622
125123
242269
492375
550838
407940
237204
862215
418617
176946
193341
546595
44265
526880
338536
293628
970388
824505
784520
814319
966687
595988
528532
59945
331425
779750
78304
906134
899940
759329
422938
608998
915265
258508
815599
787767
370151
559593
158773
972606
944288
601466
441459
872389
241555
333611
334667
136480
310738
700623
834420
600579
502811
164966
426467
980966
122993
347332
136834
134383
44662
561390
591756
793737
347479
424270
68900
224190
153355
861508
197197
301132
182435
265116
424195
650019
977116
689820
292232
529116
368894
63530
936646
467448
433633
738010
140102
711316
917872
375260
501037
485378
608062
838557
269990
518020
929462
141234
935777
143193
770539
903150
799099
199669
660200
752395
669151
344754
177063
733631
968269
454886
427295
78540
540276
558916
975205
635009
74011
176848
351494
491905
811310
867508
36235
910933
92288
503055
647150
941764
236133
520679
867522
151387
767432
906965
7383
446039
95965
556118
441324
450937
705497
565737
42060
382551
638991
117074
26892
704451
588476
78666
834225
233172
357374
174867
800889
295980
407125
615821
138124
309897
809085
476802
734419
674676
209992
275781
56816
423018
588730
721686
793322
287832
21331
653695
292914
33469
781208
181657
937543
881813
631859
866348
882373
980780
38372
134554
496943
765009
521916
913275
272753
191529
745428
804796
359563
108272
586206
348520
900655
375682
445411
402761
511706
522292
692619
669272
575816
656799
799588
855679
559877
594734
535949
517129
422359
851729
126651
919
63104
922819
963238
628670
376164
234407
620452
786247
439333
979386
455313
371983
722248
161838
871155
792860
878419
876240
817616
858524
426654
459839
627865
837077
184846
862186
677096
388436
878507
698888
212910
7708
945334
291238
793524
411581
680636
913732
309134
40675
852646
545888
686029
567991
2362
494949
793946
236744
721130
18507
847453
952092
164829
273264
164225
763678
893423
557455
688599
264830
890037
974237
845601
419805
451662
949323
123237
224519
510799
654115
773474
114243
634005
236406
665487
238365
61589
540683
512039
668812
68915
818866
851646
399871
683555
88964
870791
759727
179529
292676
755636
310199
944264
860046
585103
470849
860374
698461
864904
270842
692402
450701
266042
194767
364090
755916
929870
804853
365981
183029
71168
50868
330882
436617
711758
825368
73
906049
788690
574882
609242
619081
620130
549866
487411
189394
770758
265038
648240
54095
337655
949043
102894
266822
475526
991974
506340
278204
149445
667938
764535
708393
707638
741755
16712
193445
683585
110486
181448
691007
230514
955904
998013
733717
238592
691784
394135
237286
523573
385107
267305
15201
973553
333076
852679
914963
300441
354269
922584
332054
738625
208301
102113
419993
391751
716965
221342
64315
317595
988055
403544
960836
224496
73655
260915
861629
634218
750595
95639
394699
982102
735558
85030
241889
234184
515727
502730
58254
87044
294055
706803
681341
749124
49017
660121
485423
176530
627670
814122
217031
192744
144723
925066
314399
959041
50819
493303
22399
570595
694958
414980
907384
790350
465081
455049
918656
822356
308508
49208
336014
78091
188397
968651
682424
116892
360356
356453
287504
780284
273318
82321
397088
822503
379899
179803
550748
996276
636709
775583
933018
103592
130156
84468
839511
835994
213481
693302
500050
229880
90613
242247
112258
713802
327573
41300
69334
816500
890968
871090
990184
407803
126473
793306
369241
510556
489567
509034
137338
559714
637004
587922
539051
40042
584380
284439
680859
124876
202234
507116
516710
406854
775265
553713
602814
917131
739024
710399
696647
529701
186667
210970
214664
938998
702363
320917
405392
898117
224827
978246
395941
537387
11100
819686
135539
737908
907486
633158
98106
366699
722604
760541
836765
577446
26155
726594
527560
391747
376155
863975
121203
918398
840659
189775
131559
678101
961988
510608
269444
21876
366283
777876
149620
332892
859745
894806
667983
590967
634969
436155
141651
997432
817745
978815
26099
884884
190608
683505
700751
779829
540536
178398
422787
642604
281600
985421
461244
238051
837884
9979
70860
677008
325331
948537
404837
475245
83006
786018
521965
411282
830972
498548
118492
37598
465010
660793
838020
345809
977728
173913
341745
618167
885432
697766
67362
812780
403590
759467
917327
526758
905626
213041
175653
390181
131266
855767
44725
920508
515126
20943
616067
700722
715050
780123
118582
329739
57295
151085
163114
32066
801584
660757
660566
44741
580140
112768
302111
605162
660268
138464
628102
418156
442546
498337
735753
158190
700768
932738
70960
792342
711038
251918
45794
969928
731522
950253
283122
978912
481709
475193
712500
702111
954253
620477
381982
764425
632549
196853
523992
418560
478590
564807
817484
665123
982887
409039
654296
438371
440748
526840
496420
201877
580044
212207
277725
975398
833723
355706
947235
206202
614303
708673
186898
668220
67178
507063
301020
929966
510707
871964
454359
126359
821046
839322
795241
841498
519262
453989
248650
729550
686430
523852
909359
882926
91747
858351
298307
225751
58917
235357
283103
363971
575897
104226
879632
483503
187655
409642
550179
858747
987009
554545
639377
425854
133897
439669
388115
563843
965600
630609
758196
251012
940072
380484
900654
827715
57782
4111
894624
529363
782532
700755
998402
88742
274095
736601
919403
243404
701242
389536
761353
664399
788404
294802
332777
627616
126694
124475
100360
536316
921601
848060
657465
986428
978060
670731
734019
578541
170927
696627
967126
888837
177512
209785
23114
333344
512849
880823
478045
178182
817338
394885
749524
779888
834482
138419
551420
554460
959622
295780
652096
190718
370456
409301
725618
877132
298006
953411
309361
256243
628235
523460
767424
283503
928222
226627
615228
753925
854443
450659
725054
928424
518399
751902
702265
283321
370613
991307
729786
702591
766607
475368
4168
434317
892716
17915
787148
842799
831971
738651
15300
859866
840945
301162
757002
670992
622405
719927
425696
458205
609507
916653
122217
992146
671843
1825
209781
180359
316405
358397
290983
796974
205875
27859
538940
609624
15080
170261
248834
854652
777444
505059
433597
888296
935197
893934
150728
448438
784246
233747
562431
528588
529272
270468
254965
968544
26128
884290
965692
321256
744507
179615
533882
135103
294750
160217
343733
556434
826541
984508
328677
145713
821611
588959
585291
269541
819610
178236
685279
475278
87947
419398
637900
651094
5747
642627
78888
786692
63348
637272
535840
600870
695024
766268
433646
4371
543257
683836
91213
241170
750574
928755
39416
213862
640847
856072
829720
500737
724084
224043
833033
700382
509684
352835
865433
877572
205109
248274
400803
123810
281673
911005
682648
60038
519929
365612
20867
102708
608080
22257
141582
567709
674539
864197
292314
992612
435212
640437
952219
564645
546643
618375
664713
448309
206397
927191
813717
564287
228754
952089
778776
640698
883633
463411
506471
278293
929992
346270
752642
899179
75258
294128
699161
795499
303985
970861
508417
640965
535030
123384
620255
925609
197624
729984
435278
492048
50129
850347
861600
520502
306846
419243
115886
662434
620748
310508
15550
566855
370173
536842
634517
59887
865517
289949
622059
931805
989913
484735
552043
72327
19652
700886
887002
481813
275390
844647
918145
746452
320927
24601
563380
224826
645394
840431
959166
362350
217177
182172
348316
278148
976152
194906
570452
889640
914953
155180
497005
132982
924470
138815
908405
10837
616781
412428
482158
289051
317228
316900
678252
517589
337403
355446
612425
422363
809897
777827
969432
440886
249076
650379
63533
135730
895878
692356
347995
897606
592958
286279
309398
238636
413419
464108
261846
949461
458260
386732
603340
128319
657788
696800
797025
540364
482746
936483
513913
243879
554149
465331
42988
411964
526018
120147
253755
350294
564099
944554
357072
57729
667133
447079
232247
883795
473834
840182
805265
861198
459491
794275
993987
360558
630516
127622
35509
498940
910341
612955
129893
521698
643957
397811
108523
892170
272193
213522
916343
149095
642775
361279
568085
141704
437604
363038
108807
2771
978224
508510
414592
959890
428632
536514
229283
319036
446760
191322
29235
791923
668874
826435
780079
432972
314913
574690
769615
137187
424583
730687
862120
699110
676920
355644
803284
592572
861699
142759
164459
976001
397069
607202
712029
227233
320336
618571
3445
696043
481306
125412
685713
840230
544364
127222
909839
186370
455441
930245
878583
732466
466105
762017
716057
147252
188835
270111
474865
896621
670330
656311
604654
914389
417485
974777
770056
800331
312612
330763
648121
90493
719438
789465
238643
529706
176257
58959
390781
589368
523742
593068
829742
692191
211910
192146
188214
110473
539981
934470
228264
121812
339717
494641
748110
507394
353088
178686
581739
981149
206487
160067
381530
882832
963343
898144
868980
628397
914566
653712
56502
803098
657006
683209
281884
928010
961444
937389
926218
202972
214285
531180
627197
162607
727024
317422
578192
564440
520449
358431
617181
29174
182952
610028
347471
792738
251685
72197
200095
217708
259821
663628
411077
841385
252759
237819
169415
67179
749239
757950
442540
313441
816837
276495
270460
397848
56180
242642
790113
713008
651454
677004
982220
624694
487579
276720
89416
422516
97426
58306
348255
741203
300564
460275
826731
698445
857989
846220
847507
693809
658887
561689
375064
872267
547817
114705
951615
373754
699473
605630
640296
150001
456799
967072
270469
954708
434005
657908
645390
435978
876625
461785
786313
122980
207315
7220
670766
418614
451535
11578
797511
763860
195162
18004
297230
866736
246158
227406
750714
497986
464304
141465
264300
187297
879994
946465
954846
758706
538507
137847
712399
67200
745970
200969
840647
722837
268393
625085
472581
305738
952480
962969
373902
380975
388421
610885
634622
650490
807549
758455
963293
601632
921637
393499
265914
121556
324458
827915
550979
708586
329276
464729
449940
811701
753395
389786
969270
479064
387974
441984
466435
107274
767826
122158
396729
581882
940560
950391
210214
362941
980737
600524
537783
543278
883041
677585
706412
2946
356643
350580
821600
850747
730975
918491
361532
587012
862229
60685
561774
621828
964072
274000
265576
595679
792862
583936
112178
660637
200201
177122
46915
343835
251731
262605
560667
636554
519544
736653
870361
121636
510943
476224
35842
52109
53251
485573
593823
647722
493004
923457
854900
680030
537615
447542
519123
83289
49349
167285
903441
154623
211773
716699
913823
719011
91984
675633
160081
664233
452564
695265
710087
761853
909905
320254
25547
617162
442249
310852
303973
482084
449599
905339
921348
76684
436239
596886
23547
969453
574674
418942
281549
917095
414966
709084
116707
679197
795313
249045
279663
669160
404827
641874
166111
672629
999982
767178
757101
401892
356268
375024
501365
825060
144341
318969
937818
296736
966788
375034
473415
719366
969858
314745
370321
382904
344449
472768
421914
938724
962519
717800
54235
723631
129371
791335
906808
176465
76444
499160
716898
731773
156999
256756
491642
347172
398064
119186
700155
769638
86660
842576
120912
174508
950441
227823
361339
179626
44164
972692
214102
160713
718829
145711
861656
231072
996745
40245
129163
977097
283974
946112
432694
326451
800035
1593
167554
300328
376270
415319
53485
489663
949888
726959
502843
471415
86370
141165
288069
70612
433725
386409
282656
649605
483158
283238
654089
788388
712064
83429
484250
194993
796642
10467
591260
64951
45719
301876
697315
990328
951783
146544
377617
567692
829198
353102
930964
744787
182621
457229
161138
791543
418248
248483
176593
480812
126604
634821
392745
942498
64914
616868
799181
24893
658880
37894
604912
271614
538498
220900
450839
740580
185153
123889
747363
350026
445486
467942
195670
990379
538101
431730
957904
214479
722996
340104
308518
840483
894573
37999
690573
366235
782211
134746
612013
806235
117570
495777
606098
536247
945293
903362
315129
408444
458717
152959
820988
561802
374566
750573
121435
43289
609188
109882
273262
413673
145883
852540
626154
597322
629727
344022
10367
935654
563668
348417
169887
805188
160903
566842
570701
140454
681932
999318
634793
506095
30646
672155
817047
918431
939800
85294
400258
407702
742414
377204
7664
915368
848371
462479
295018
128417
662326
575451
356644
475445
48250
900726
858024
816772
364195
813810
65988
486342
15297
683088
171968
441020
118558
314140
146704
739983
689043
223250
968969
356294
15858
979099
661834
64929
668046
459049
542908
540421
596254
834799
306035
688955
45376
851255
613783
179931
356564
711544
726414
979156
381527
917687
562494
258783
397493
934165
622342
856080
482997
822642
703446
996613
747459
738220
445635
32968
989631
806016
321092
484301
88586
769104
874520
756308
704553
795190
611605
248328
588464
449676
666772
911362
950783
812704
732550
237965
650355
196145
558499
582605
898718
565895
359692
110422
528348
874414
827804
106819
148803
35313
327995
509495
992377
521376
359049
148146
800886
212285
561653
134479
260481
648446
243533
477855
184057
894299
665277
926317
397586
653656
293224
65864
286664
699934
307389
277875
553738
278434
255082
311452
956690
996228
96926
467418
535099
598021
790721
285107
79323
696492
287730
309547
55669
46654
379305
626461
505621
583968
719468
694195
659573
608371
57861
983564
903788
860852
494682
468550
657072
777628
138697
732497
902748
445221
561890
433700
20951
698068
258797
996446
359294
247348
600139
122353
830431
619422
528846
59356
180217
367741
184511
64873
416837
363848
515928
849858
260849
818916
980830
718495
589835
43196
719324
284434
166441
108111
770046
49621
720515
115954
345863
167316
335363
804047
140991
295122
191237
507879
23674
409421
593832
350295
23206
651027
378453
496896
932962
980435
341068
926903
893977
111941
586012
512774
79074
893576
616451
652911
89743
424478
602490
756243
709279
179353
564953
47502
759072
438764
351917
477917
853634
220339
534940
154885
973072
384354
908981
531091
151386
605006
786642
915213
152280
997146
830239
901639
317905
627166
633255
869407
458887
118816
253825
237964
887676
900228
422656
784793
32555
703194
331662
176228
533491
761673
103049
927707
572374
4182
3740
583906
774299
928682
654476
858538
235829
62908
17234
469276
928524
972522
745943
219349
638198
850576
374905
13667
143721
281353
658442
755010
878663
31931
570769
771997
433989
974002
5110
907070
618747
234196
855604
461817
838027
286965
153622
953485
195770
523538
898767
829841
43920
607799
287925
809695
733151
298057
65201
631300
146001
387863
674423
481085
342958
490064
337370
110780
144219
786772
14438
487812
892789
102518
616103
222289
712639
238167
607039
764478
147550
171051
265220
804862
55769
451636
780585
379308
740461
554267
717090
385757
677516
659306
147247
95514
709239
240843
931990
727931
141219
165755
152683
795015
5571
374531
94975
941278
803623
835136
531730
526128
428861
347760
442629
507003
790628
350243
356799
944666
987673
492055
974532
40210
611800
642182
717979
638768
715649
962439
975875
926271
4320
761927
252700
208552
628126
38532
133781
189155
573962
203499
344856
274504
652636
642259
127669
543723
730136
891112
421321
512024
623017
388997
765223
662499
723800
530976
191385
434549
552099
339993
969971
727738
931384
548841
68292
459414
517051
916108
476613
267122
178430
479617
899331
806023
679420
369639
560711
622225
85663
991385
341015
573937
143346
404566
566136
18729
375410
256363
330946
342558
33992
377583
503593
61280
842769
856011
104297
685518
874211
551528
402307
307350
327469
621260
76298
704794
632130
133261
673154
797068
123210
790016
945773
740429
459006
566101
183754
487173
586106
639955
889630
509564
234298
443752
797484
168655
477138
608888
43377
185786
686579
730028
847708
881939
628829
660585
506172
585566
619901
517671
722159
452939
610023
906808
655286
424121
396559
866335
10595
807939
302576
459858
276286
109885
978994
40266
927467
992923
68677
475671
750299
362874
301430
491598
408260
340817
811246
2329
444987
200267
678257
739944
514604
79846
537192
972250
213711
353641
992389
531671
784310
245298
578992
873494
18777
508361
815187
593306
588384
570518
45876
736439
703713
823749
786255
749550
554364
14215
106503
640379
164947
906348
888123
772802
100950
478708
388572
84532
389463
676297
394154
766288
652272
737207
341490
426002
386143
451293
659515
785320
39319
508095
37730
323201
738380
404143
741870
500333
845707
761757
537117
92632
732070
123020
489874
381141
771688
11779
904740
549211
890310
728592
909524
992164
885789
596543
709023
469967
303540
653461
888404
143658
743327
394710
225655
77890
113884
399656
346114
65002
168468
62003
250540
148783
886736
274883
582009
275523
410086
445173
742861
724799
217810
373593
234592
475561
54367
477547
399165
668558
795070
530776
599978
245935
575666
143018
286458
385662
126206
155156
974522
468363
790665
60100
257499
352386
637468
799186
413448
744507
252626
100905
131755
227792
529537
338852
807967
296141
977525
521900
961362
113800
826472
49987
793215
902163
840884
961011
502288
617501
968563
249997
719411
980021
461244
908639
602012
676090
389058
644150
412533
531745
743862
704247
683790
801076
516829
793058
635462
152496
160286
698705
123558
54576
146907
620234
859660
643940
840099
376815
870309
942237
844470
814692
71926
315059
31041
289875
737902
340777
175298
979429
574629
318722
640970
803267
108811
796871
737179
235732
487386
770935
494665
760383
456314
331376
882822
194489
640152
112587
103082
844331
613010
693689
186155
228344
889274
285152
18167
605809
996513
941335
238916
340072
126236
302192
524767
868288
620616
469051
292612
111063
278984
706610
551298
329949
498759
688842
803332
905414
466267
960129
70279
849792
39213
225173
822104
807939
220064
498316
777597
864885
142336
29968
830665
143280
184960
666298
628203
246784
378746
764334
103694
960329
190869
597327
255970
592656
790854
119605
375535
423187
427610
291454
5884
923502
8100
787249
969070
291909
127587
100032
755814
864151
173551
813843
265030
423505
808342
500521
891370
562009
847520
831724
826031
324971
772454
534001
137451
505270
510600
719682
670634
662448
37361
352920
859137
36636
122479
653241
518538
122531
641432
292804
200682
279352
296565
877193
223502
59781
415703
944992
149066
577639
680709
72808
508215
273157
23494
350581
170237
728052
224888
165099
536249
370494
19025
47527
457891
47575
391137
356728
234289
1226
653920
169161
31883
193714
460443
159818
247470
497437
543215
915427
328106
332109
29979
190463
984325
80626
941679
662289
271083
306997
429234
324102
426183
495114
713365
89091
892820
343516
65635
334398
327945
212053
340736
991142
319920
572705
768179
517134
825279
80005
75267
365400
44012
270424
799945
699354
561964
857809
42921
867923
80692
422366
280260
382108
78271
431319
536133
923606
936458
506736
618358
780715
920289
782209
371751
466910
777402
530600
660737
258277
767960
988126
975836
987666
541698
758078
124127
756686
77439
829710
879351
201999
961887
788669
9725
599742
249376
373665
782976
812498
711121
546458
290887
267227
694792
339440
699515
924400
89999
215868
975511
912668
373921
617339
742029
599774
813735
700369
891295
412253
508712
161757
721751
226352
367692
877589
753132
413233
911159
153144
855802
236839
150887
204893
430346
802722
638082
416389
28410
641601
633358
685772
369620
573476
601052
750272
789428
911745
137526
524521
514653
818873
152946
19256
74072
581919
100025
109735
533395
485087
397904
665187
122373
936279
925586
684648
953601
454238
616493
245575
137285
116509
212404
141268
676700
803141
462285
755359
615508
446712
932335
762502
414876
253186
259554
735902
754104
127302
899533
467816
531025
48713
638399
628850
482051
120939
818529
534626
192806
953828
477061
429925
592398
121246
350352
347470
668015
102919
705265
4768
780682
651644
998046
110540
492859
668042
45377
114549
573695
486311
26162
183734
548468
241062
302826
755337
667699
85278
479410
547384
747490
774137
884984
769023
237048
137060
832119
770679
653242
697325
448687
956178
91184
760347
391259
582574
308954
164879
726806
108300
375042
921617
256697
213824
739846
113590
831028
514582
28300
864149
760674
700344
253677
62056
871002
982231
880260
879815
608880
158604
51274
637290
291831
7924
379091
818180
917409
142069
153680
189674
59699
453529
223104
30751
286141
776621
37490
68904
737611
86559
265192
329995
25784
709835
58553
886539
666642
285022
318664
584774
799333
381801
708699
292782
404701
885880
610793
771494
836615
270188
346228
536442
928659
734853
510644
836069
419661
842315
764691
472123
766269
972898
380346
437704
739463
794096
785573
698827
528068
469489
336954
634023
290946
621274
216116
544961
636194
570807
957126
172606
315440
361431
932731
447497
335633
836346
515978
353799
835450
6170
758814
574744
742873
167174
689287
922546
709249
88610
554134
998557
883440
943215
599248
389728
275757
330642
340699
790457
234606
364912
631928
824386
269945
511990
806849
382677
980419
28971
570567
481540
191879
63902
806566
779949
739754
438836
288047
225274
574568
995266
649173
749364
91865
459002
192162
440226
539709
925033
40378
863650
842979
873431
307534
859097
200105
413696
366957
632677
98495
528602
257798
676130
360936
951369
75554
658618
563755
160877
152729
663499
913227
637829
436057
216089
783925
808381
366450
700777
145018
944012
12858
481488
530313
651664
570235
324181
145671
924805
925734
743191
336528
27063
755400
784195
8760
659428
108522
497001
590997
539623
831220
232628
787876
993573
630671
171099
195184
239113
908410
749293
967283
799436
378783
140548
991322
385713
919928
331397
427843
773456
664033
427482
72504
855852
835409
845043
112397
667983
109386
210654
26389
412736
587739
30511
61597
640982
700641
337015
190606
943269
304439
81223
210932
910173
432208
358026
275180
225318
102469
8225
641335
319458
423922
519389
360276
256498
256048
129421
658714
961883
762330
102376
465244
228205
705104
900851
358239
319925
345505
194432
758599
530076
153905
322836
18853
799012
655264
84488
975035
775405
936921
591787
152916
243135
160381
393366
998125
893865
165685
472027
465319
911538
562187
41611
523764
933109
868328
506965
924303
422197
917706
843648
806830
835283
789808
148643
100726
201871
31312
101970
149446
18348
448018
54328
158779
860586
337357
62803
84159
523366
892353
888156
279750
107993
624829
432831
385108
44784
294253
858784
564953
867254
609089
163401
92906
183655
105262
112381
45811
557912
175946
809541
381062
683860
902757
109327
987002
196948
734308
601917
496180
745350
18354
345702
272280
519492
587234
982935
375743
405687
418941
286818
981924
874539
822216
420366
949135
282012
994502
929166
750768
83882
674785
521259
491875
813712
365785
970105
593375
846679
908408
224052
290797
935432
239880
721204
589910
532319
78357
252470
625883
347831
741874
855285
265426
548637
694422
272644
832778
857620
383797
941237
720539
313141
33410
716256
299966
840722
304759
152809
899872
292322
690568
52967
198202
607833
902780
516446
498243
538709
646177
73172
22481
655601
222210
555983
828071
994036
969895
722512
203087
346239
601740
231170
450262
167597
197382
402939
710005
638066
688834
50473
528504
461483
157012
238196
856559
408469
950214
516868
732723
668702
848593
261980
786562
83067
98802
488799
217745
504547
282655
12475
616810
634212
660258
251286
689248
117868
38064
674306
427756
840189
478474
924940
908406
718457
162310
594811
803131
720423
271060
337383
956608
116568
922535
9486
769104
709560
385429
396582
99399
505298
510441
948605
995845
275253
308192
316766
178642
964257
551887
335519
26021
902163
149862
449650
662136
468952
553877
660934
355169
317597
369532
601130
277034
475083
585743
875461
304135
800720
593493
457749
895948
82178
278841
952687
805688
372353
247691
224023
682904
552689
144930
6990
455726
925048
740012
525501
728185
888616
712556
606687
42836
34674
333679
116062
973370
790530
83263
715189
833039
112196
785743
283023
224225
681206
613995
437907
762425
224370
394003
624494
789075
960339
575089
608393
207090
323509
693070
135933
703418
632176
414049
448948
668215
42848
497920
15688
385775
533097
560122
724531
712782
785469
878963
183157
486566
992834
374525
642394
597056
140784
157645
641854
667823
872264
959675
241082
993644
24871
851516
856646
311474
182485
139947
87287
600167
893365
499369
14407
59359
224271
722642
814759
377038
233541
790879
652941
529151
692075
574843
621991
833710
616065
171239
74153
661164
493332
589730
932070
277015
373446
467896
478776
546441
474725
148468
191889
805539
107827
992073
502285
955969
903455
112089
228142
225210
236541
791561
729058
466747
60088
53763
211963
553895
965060
420469
319314
863525
155698
533761
525105
946627
754808
791707
542105
686844
626193
503177
708030
640743
107769
440913
867422
638168
942826
718628
896935
503460
165822
221878
839000
406113
418332
37588
839041
342732
427492
871464
191069
248464
12146
169355
882562
959103
328848
765593
853656
318571
648889
105342
220805
603468
99317
73386
414166
384769
861387
203979
880387
967393
845082
251024
398386
531164
280862
179204
701181
675147
684166
843678
640348
127457
660740
428442
885337
954728
740694
24795
77334
414466
776483
373493
342445
288630
162806
707807
454784
115774
721061
946695
521059
261849
766600
208730
12328
559567
681196
2535
945278
188985
237459
796743
392553
218195
589620
953921
388485
127778
472915
212034
205551
949614
803525
275599
237420
967416
137994
556972
35480
861617
826283
468415
339106
9957
840173
408946
418406
511181
731815
972139
200603
520673
399516
27726
827829
492752
914807
935585
375150
432420
535253
51570
808505
840748
614743
480480
211939
806753
269633
949928
43333
356861
42641
309613
243887
298894
515043
491055
403928
297348
963592
843381
305541
768508
646338
344946
42977
75225
501460
41481
89502
416184
478605
970878
864987
902793
869807
844501
447206
545924
233023
738546
620233
841829
484061
976711
708396
531719
500951
892152
720791
314522
516042
385109
8702
804952
700394
439765
252513
357682
348414
64702
900918
449512
988459
889032
366468
212241
596096
856440
317963
427682
68159
62327
708242
669112
748279
627029
417109
146045
325494
858324
909170
46830
947299
497533
722634
177757
611827
234558
558545
367368
104136
831128
617726
785523
159894
606809
530490
294066
855822
757802
148347
469371
811440
626669
328567
292607
152476
960044
660879
220096
538080
774456
637325
631628
704358
395950
929554
943702
71214
638831
116250
905760
573606
952083
426262
811106
880916
445408
382868
821015
129516
213856
922268
403940
72287
975241
958259
133116
215457
596546
647282
821741
312215
240160
961105
235806
79612
555043
201639
554118
753614
968234
12551
648688
938876
742020
370827
739769
477636
251993
478614
219138
729653
807429
501353
740087
852123
733862
794661
698395
538571
692231
482296
680949
832336
358269
439189
857889
616511
161718
292030
976153
959614
690043
452932
519742
630230
433746
843209
45354
819211
740747
582219
15056
447474
775591
904483
641660
513288
854637
867972
250916
820951
96979
595707
376207
779626
369562
525009
924910
881456
483503
121212
486787
381979
397795
516253
177259
331250
969206
302551
78617
218431
549258
427335
18049
495257
91540
550441
163379
806951
545387
762372
529989
63872
125180
802201
644435
206322
272764
945581
359441
734529
951706
711809
67881
683376
119233
859881
115130
116871
778872
102907
494417
864551
970377
44518
560827
727252
784019
364198
912507
610883
963604
123439
142535
761442
552472
192711
244289
633750
430065
256564
448916
831319
839198
154144
114436
606077
855275
999980
324402
49622
842248
494775
728295
892965
639469
831690
511464
718990
949739
326092
997139
648937
260785
58290
122557
791144
479657
446936
706027
797327
382827
68424
752600
444140
194838
648425
663185
636202
456373
172108
102617
517537
938523
648901
126431
264806
438098
708620
587517
608463
446789
208143
49279
469939
877678
768818
20392
875369
880787
730043
444694
284510
120722
103311
648360
796789
708887
943370
695971
109083
406583
571257
39887
420967
413295
229474
411561
480517
622380
759754
426048
398970
293260
106793
274711
842190
426207
125243
43882
384647
851366
413459
574771
363935
95034
253219
193111
207754
71623
665609
955836
702484
689295
334254
942112
406508
958281
84517
963658
227651
760056
124292
297326
977751
117189
95161
719863
736016
991429
606336
186303
746482
971490
831504
501600
946583
650973
710696
206656
517091
518866
259506
10058
347253
48963
847781
892542
26509
39319
272915
300508
341807
636618
239028
796455
287410
474046
679444
359538
716192
591423
410571
703482
922147
353938
204706
786562
662349
568081
403880
6653
907555
907734
883171
112374
840437
843784
215413
237133
740227
813317
979527
975176
523974
692042
741888
906763
421906
674976
565071
131287
983124
146004
363105
842557
529852
876943
482604
91841
674256
973791
72772
365022
340820
488542
821496
905427
979831
718601
884233
520792
194141
581421
33624
693284
967523
307977
376025
748723
656215
499331
616350
212964
618996
945865
884486
235374
260157
998523
948987
237871
340992
785849
344916
503756
493084
612093
144982
289904
801851
182766
718644
926176
790925
597999
462158
344419
121630
878300
493512
571168
960499
299476
844031
748540
729719
375266
315576
939849
997500
209646
295952
180166
251750
247668
391548
698497
712986
674822
66964
885529
88317
35476
78872
384104
748841
625917
570064
358577
604883
223264
704122
190629
198513
477949
487648
308618
505009
526004
95765
424427
643340
529179
4092
126934
802026
741206
852717
909065
556401
646622
179299
89931
494780
714101
208796
854727
384360
852481
196535
788787
789337
311218
779419
259511
201236
688407
417049
144458
531860
737727
780714
783866
522077
464067
929717
327402
981780
856094
864973
771181
151276
691958
210428
61418
1900
27997
253256
357325
496581
218142
443277
385094
986657
761245
34808
368722
36541
48920
766243
182600
802840
508586
408617
283101
701468
765503
294131
271732
712221
798883
166956
874292
617137
303265
257608
114957
218626
938760
79173
668483
559180
745250
385190
241549
598239
652460
793792
48730
413147
659060
476920
960973
594628
626643
980986
130583
878588
65392
72389
836301
293660
382574
757820
966075
467518
137141
415443
336898
452942
570900
817848
528066
568325
64996
119495
264835
305120
87442
876607
305823
447229
807258
769660
613599
572604
204185
511445
410431
836860
188009
609090
972604
588023
768091
239704
711754
196492
225376
585309
990112
660141
68322
747346
284752
226070
763886
792354
99678
253891
7064
190522
577942
116944
580223
518615
697778
647165
981592
488360
340563
41963
771522
40974
878033
723883
673479
80340
713722
769360
556666
369232
317642
327740
822333
33407
982739
269593
486
389255
726476
794272
22025
372163
822474
789835
583205
651198
114582
189560
785522
257733
479773
58507
764390
793362
671938
568028
676879
510066
586673
712137
623691
586446
30647
216486
891301
102104
758996
71274
30581
831686
361958
158679
309348
297497
192463
372030
393908
880972
144831
347941
988422
479392
850147
806251
839918
266078
310567
508043
377808
688337
466343
555934
619294
845285
251187
507782
994315
555849
824133
153087
537737
768756
909279
2407
355593
679446
763793
249753
266718
953052
867323
903109
224844
397602
895583
51356
328555
668954
44355
260604
889531
629224
398486
957429
475945
714978
327764
131899
886423
928259
588520
586933
161966
914210
102540
509339
252844
259228
329127
955915
961510
493884
7482
761927
967757
832824
534803
172159
782023
828708
113424
996384
785395
668846
845154
764570
392126
793723
935190
987843
107537
109303
305706
369687
286705
157210
914237
227858
648902
766143
694105
283420
402902
809454
241826
471808
914756
361694
746358
847223
474499
516055
440987
177779
724194
833346
231583
247992
299571
352155
606125
280710
177632
869716
335695
558856
988581
984400
396884
683865
258600
829622
359924
494874
586741
317951
976638
757220
947279
701270
607616
974800
715563
713474
435910
600799
199704
459453
440275
185440
692643
202255
209405
483422
619180
975965
971532
952815
892582
921545
655908
315469
596156
960441
94515
923266
670160
67594
413420
574143
52549
954066
936282
549404
820710
208622
199547
5769
769102
17248
753958
269533
89746
456858
950380
395905
981166
881776
777293
156669
715353
368794
881152
845396
669532
82004
950566
235109
988831
8506
48989
590430
622925
502294
712787
182138
160093
33701
96753
52762
828968
855950
49629
327533
172967
287880
870306
721799
137708
658111
135340
769461
467319
376041
32618
701400
510758
221708
688748
919626
252784
375317
165867
992182
845412
20681
158753
416049
583442
279842
233980
813298
471741
73326
161954
602187
908499
603515
449684
187850
188404
309492
34947
28928
355973
313027
677435
575109
579168
123224
57259
622188
669818
116767
512872
731306
365704
207833
671234
665971
819936
989561
351600
422313
375318
362760
246078
225919
550731
250930
8495
791480
894495
257928
571971
479139
414372
626841
100232
322537
844024
331291
688612
372498
584174
231492
323822
948345
850849
455826
574033
434946
828173
864855
126679
533190
435319
673632
631600
820311
299761
748786
301663
360266
795723
127678
365265
996803
379171
801923
445428
244167
61658
858092
860380
549052
365975
133576
475152
69064
251153
581015
71672
135261
547473
590705
409292
185581
900336
958824
844646
724938
201833
225664
283044
666704
382530
106831
525211
788006
876151
213577
984933
757659
425793
322024
824080
989156
496147
785033
706996
249597
429858
136171
708474
302677
23402
717073
208645
991609
54825
709022
366729
850946
683263
97893
172177
592224
785450
958694
163116
715057
371887
681643
981776
640066
843468
594917
133548
708989
801598
848423
115239
74720
606940
164284
642984
294965
500944
715660
670074
587893
514160
809957
231451
640512
55682
251965
233997
516765
652297
925175
883901
905771
749065
80893
232800
907804
865513
714370
940046
236155
62295
629243
451025
318915
257578
625942
25959
242393
535033
650713
772882
753688
944579
962050
285247
866829
970984
861837
136551
91029
245671
290399
576755
280705
575420
859851
334357
296713
905257
302194
712192
226957
715207
519469
494261
845524
100785
138324
755822
894915
301254
207636
866355
372156
322532
949792
687572
863671
894498
768883
442606
682658
296416
884150
196905
490039
505045
807298
383135
360293
832639
147688
825644
294112
525562
38719
578425
590512
677368
846803
936499
131424
263464
626808
135919
514085
46783
455727
965459
307226
717755
45662
905114
768657
509968
421712
810876
580925
846705
796708
154135
912329
587797
502698
632096
298286
572248
326622
736980
875285
450769
81851
376683
742350
897583
454036
486445
28528
137353
261502
252385
68285
895972
897821
861017
789907
678618
271259
781514
27664
242413
128475
814234
590077
120000
847171
946477
438470
425240
127609
567824
291796
692217
392353
328131
345465
59575
59955
820068
649879
916186
293970
869010
93016
779840
20468
561384
299147
690785
440520
821941
969553
933262
240891
814369
182380
726099
607708
444505
201823
842180
449244
554329
890212
844386
442795
105792
430757
878442
418279
488884
203845
763951
613621
220751
848358
240415
881807
236294
106867
615622
359222
697175
394394
446227
791989
96659
905826
55691
584280
401010
132181
998816
667844
795929
148027
526445
410732
175461
105506
456674
407941
357261
237743
393095
275965
591825
376227
152644
603041
236501
539856
807804
10622
629100
98967
982594
526480
369827
124467
335783
367491
72445
785885
100387
76681
849632
485581
412745
789105
129090
531494
125989
458307
147133
500532
714212
574224
567979
50073
666343
889570
52204
56964
648790
521156
638620
240010
567832
654269
837
463383
157521
232732
55447
773423
183101
742629
192858
963845
603573
925567
342055
260539
226394
51074
925231
339735
484806
3972
280034
41295
29077
34989
577700
785712
386254
92127
237142
98312
64813
847445
241610
172465
955546
693712
824111
917999
97408
769555
744626
211996
112834
113857
696508
538130
5579
477943
456637
202162
702535
97614
730344
459876
234104
274922
4916
153925
857113
820811
562656
58310
653484
950047
969063
877415
245181
106332
750177
649701
527449
56949
296681
582342
915640
677638
421212
827999
168354
221915
492612
488293
835876
166141
419222
54115
39519
462394
428201
199235
71249
337554
149688
285710
734700
720267
848690
988032
755524
117515
386237
7915
168309
669722
815757
511039
883984
59826
569632
380547
977815
663575
760215
707014
509488
901117
608997
772754
73200
550403
33766
681759
29603
526370
166304
957730
374203
220781
109786
698167
77135
777549
18796
303635
428414
617059
324638
815364
128739
177251
568670
995947
888041
799969
365718
853083
165785
652238
328191
313397
496186
966633
652878
453535
102998
425232
463408
800621
476610
612659
727138
770793
830559
88463
491243
426230
816583
494666
916229
905198
882087
191312
586031
299985
436060
896351
568192
499231
86667
619177
966161
154281
48259
278324
402401
745901
536497
155839
928522
351837
297032
535389
890823
50997
717261
133193
979927
346463
836015
246396
595604
129002
953137
521482
479849
154107
825925
264309
381363
660843
270434
136292
993803
331526
824358
474830
259726
787529
607984
105486
366410
479058
706169
451709
959920
718475
630041
784730
816639
797091
999735
83604
568821
782453
125882
911557
258809
29110
424901
204737
85260
188220
496250
752345
775628
307242
773656
75596
717675
209365
185251
558479
223264
413754
884187
684496
849793
940874
309987
62854
8920
544751
807042
143733
734376
939348
28571
883993
300558
56500
86612
483831
687911
937945
430427
7704
97150
164402
733291
80255
271561
445726
375059
25686
150095
294800
973640
949965
728063
257166
176643
385940
914393
652604
324390
269293
273898
972729
108770
352849
38541
778870
308041
411977
969670
945128
35094
937839
989946
783811
593458
679765
226270
842340
342067
963877
614084
396413
112869
416697
410261
735867
709589
818027
895236
475124
979374
191477
885269
926660
9084
280737
903562
330470
639553
800149
23411
404458
899467
989874
349838
650791
663986
315485
632471
507840
986239
141941
642595
517991
872479
528778
15138
44685
732821
74687
491865
84792
572982
117995
166750
705801
218894
457861
827501
998602
865191
311312
357193
411613
665122
518980
82374
919489
871880
622728
812039
847124
707905
734615
602009
388342
171432
947127
913101
654539
303982
863512
365811
177408
215984
779198
147477
960667
368741
565801
624672
378186
839981
524621
672292
620352
811022
57928
986412
827730
405672
536709
674046
807795
924641
205767
712013
891525
821817
940132
715231
775387
202556
59067
255372
886636
214271
575159
180599
234171
956904
800980
13156
894647
219682
579411
94850
302431
667376
944321
275049
949664
315285
566940
772189
19735
435211
397327
87866
626725
723049
889318
947420
541422
712176
621563
873848
597724
407400
406491
144732
973999
551732
255830
852488
805852
889293
460054
732554
695149
237178
900198
748234
659127
846342
325998
340762
426855
781860
347462
680413
884690
136044
103884
40752
706712
637403
173958
296733
750710
802150
667272
5404
370346
629852
815684
520085
756969
546313
368516
525951
303516
429087
745929
957003
188421
321824
989264
858011
493162
194886
520681
969690
843803
912547
717529
768745
223817
13314
920289
820118
263838
280247
490550
25863
260357
222399
437790
589290
162162
404663
835960
526290
421219
190245
428250
982338
509337
22910
697798
979452
478316
671337
598806
290354
92139
802294
715264
286887
77722
683651
148006
954056
397703
743906
173015
69486
285923
716004
135404
794705
157834
402209
182699
825978
544994
244406
284980
766303
549104
828447
168087
243160
221929
628141
321961
11141
198812
785886
175492
884850
263535
264636
758594
479632
468054
104315
487727
919708
163233
550934
839464
586552
588738
413142
411602
325754
950369
800647
286126
832352
700946
919408
716057
896816
786742
779971
172227
403035
529163
513123
506284
528762
493409
259913
249410
856342
527359
328435
357832
939789
63599
822301
222252
808412
788635
237390
264817
86514
53875
270510
381147
42282
245884
459417
300956
7199
167876
750595
936760
410005
657738
390624
72832
710573
384510
453017
882262
36383
36520
693566
264917
815865
874580
561351
798237
816211
999627
707331
123692
689309
692264
45650
279666
860292
536013
244333
354655
186424
964988
379178
166425
641361
186572
166467
563705
345386
443339
590187
1120
223048
90694
114480
681382
254644
255106
40360
89066
341746
829
378377
699996
806945
714490
180229
126831
526990
797579
991382
821466
546174
837453
734344
636055
269356
291673
157651
794948
826864
604878
210857
589597
358470
293733
652678
798420
143349
642853
564360
985698
91849
318799
735370
576299
466504
105694
200217
736093
283669
424849
115443
396064
726894
773143
275432
27720
972643
787389
695814
475690
254007
462343
513522
273823
185705
888714
632178
84747
759870
590464
181260
237681
418150
209653
677993
453280
962943
353721
28362
626703
771825
551386
274398
795945
128913
712727
69647
191032
847151
462603
399335
702077
151971
291347
484530
753563
210840
302852
288007
1500
348729
615850
342420
932973
94367
302197
199861
65730
810698
198395
625405
597479
641950
387841
794890
490246
984377
520173
619851
706764
361434
120663
128218
81356
665682
499832
258334
553855
788967
149989
686900
431272
936814
760614
637011
938243
595508
928672
715953
447550
675924
622763
478334
284867
304257
260094
213413
319995
32175
979671
991091
452231
905325
34543
521780
116180
49011
364479
713337
378
840752
900971
785413
311516
329083
919904
395360
759623
130361
408017
473105
745441
998930
636511
471783
606431
955744
295186
838581
243923
681666
359659
3998
43249
612073
198899
388283
676849
200721
516713
582881
169858
111188
374362
695644
478429
816919
601044
933948
522681
780948
814929
923945
532750
85455
665067
755720
898382
590721
96718
883521
687714
893668
7020
401376
542314
686092
119678
999452
185986
367694
484374
866417
702663
582441
268822
286586
180668
10453
243258
350770
821632
498633
493263
764592
607735
407447
737712
971778
251590
977925
101769
937128
147970
712601
411981
537547
589793
982726
828705
814486
281978
103169
265319
476786
614432
226169
32695
340851
663734
35049
866355
684805
845025
883105
592212
220390
700621
692600
620268
40059
782297
722965
600227
854850
216714
760314
377083
77864
349888
831285
164717
546970
348638
785332
125808
871261
963823
153498
733375
622828
628635
437590
520726
790046
793564
291792
302370
547980
413780
190558
284458
221569
593452
974463
524187
461993
739365
208505
659992
949862
103842
300680
96487
969915
969325
165209
868924
834165
316962
20903
506787
296595
859341
999079
566444
37152
572050
24070
271127
752604
483431
839407
916369
32206
662985
180960
585442
934303
817661
124745
255847
365234
856960
176283
660534
713247
500682
559448
71497
199981
371027
703224
185649
600474
126788
354914
154949
492614
426037
909145
164589
436713
982199
813710
837727
549579
113719
790109
652690
734371
170718
386467
307546
256882
530863
366416
452180
664473
479997
661067
983963
477493
146455
164042
15194
287048
740849
299318
850604
604746
970663
249290
881230
427422
233990
408045
149165
39717
182536
228082
18365
789078
703626
483775
552429
521212
237642
366683
540189
329012
278718
494911
666315
819183
387242
72623
80676
598699
587623
252920
407341
12737
387947
848933
465426
944516
642898
181649
20742
699270
850988
8959
992457
779257
242053
76946
352387
591597
462981
614961
307137
72734
224174
269152
293525
15811
886390
687894
443639
99181
340878
995434
93975
817574
481825
712843
306710
858244
174557
16878
834653
671474
146177
960586
107331
888596
710034
532767
256928
661585
323188