337810
962231
883808
426467
26686
258277
995007
520856
116462
128621
415835
531755
761102
30441
907560
439701
27369
567068
453060
711817
273869
355358
282232
957102
609948
44891
752837
728230
834388
591189
886640
595343
225688
185772
464287
977390
654376
725968
484492
989738
718764
87650
31313
990256
128423
978256
455879
254470
23375
924767
82895
19196
262686
234664
747982
942636
233955
704307
185407
503393
366121
65687
600489
578395
16244
114226
773497
299100
123652
998725
953012
955045
933076
957118
891436
106004
290763
239304
393033
765285
901902
489569
74412
586746
454261
19149
767785
438393
471457
413235
145436
662483
783462
280422
864412
518586
498446
209764
960943
463499
902761
982894
762922
135701
770354
217142
446120
270044
106907
45896
562519
49743
603192
348232
882948
599126
725147
368497
224634
986600
891817
734548
34485
269015
455771
32757
295245
403160
292838
428502
343488
666765
214591
911810
155766
384742
439162
604764
188957
499248
135532
177174
319627
160163
321521
695592
284640
9973
262527
79046
312714
792866
596530
561721
329917
55178
611282
744219
785737
478860
482095
932672
793021
168967
519834
127769
16824
513597
687430
443946
407621
265644
839766
167850
824826
140777
886903
481995
307671
598640
995129
783813
61514
859817
941533
264210
112673
503189
771476
64618
245065
795109
4593
415401
82715
959738
652166
964913
910930
474589
233831
286940
635239
708727
368553
926218
727045
36933
77116
320197
146691
772938
207033
280420
284515
88507
165984
964463
617332
208400
591613
458489
362284
543664
420326
745381
856203
770656
978856
924260
897778
576082
685228
618954
877120
646228
123302
923477
156765
619747
30162
634206
461012
995938
157988
218855
505040
663510
783006
15820
653424
982782
15937
944518
33074
915692
956699
26445
824836
48881
460412
236624
538559
514878
859753
559984
767071
260295
334121
841906
434458
189543
488315
97553
82052
595745
627574
900300
546780
909512
290124
650263
871000
385327
748634
979806
176007
730823
535082
415930
840211
189071
827186
231051
447811
357736
961717
649731
86082
828546
955968
362769
442076
639686
288126
220347
482615
46017
691319
852123
712564
652253
94789
166580
966468
28823
73554
954814
371704
617277
69520
102287
85017
909842
991811
613894
779668
782560
177505
668737
78402
442085
205951
127683
371019
831816
723055
662538
783688
149692
615325
395745
412397
248951
800643
563900
348116
470112
140932
924542
957314
289153
733671
756564
781232
725082
24518
179907
461344
759468
335140
853761
892132
617208
8362
649869
267229
351080
225418
84364
577724
683643
882560
965643
695334
990271
55873
563671
943414
230524
424417
339709
348472
947764
24945
978801
5612
69601
404682
720405
239595
657819
736356
137556
646965
293153
292891
100006
235201
392385
237780
708000
693512
539105
622597
78336
265596
66211
466679
395717
975017
893961
828126
548462
479770
216897
886974
385151
44543
529022
499128
915004
896449
574184
416280
998199
222039
632346
953430
317441
992181
104933
124424
22765
700306
365034
83440
107739
992171
298233
91065
509112
317506
36648
571449
714663
518972
788938
233688
620299
312767
724928
180388
184922
194370
581734
812575
736034
765558
576814
384222
582478
741098
312078
579433
384921
43227
970689
250150
910841
472198
898642
49879
696884
556369
639187
551055
996103
224086
83972
597068
154832
427071
64084
771378
937497
424914
542057
143955
81688
6149
455533
84231
868932
839644
483061
412103
219805
621875
648095
450520
914927
824719
705224
39614
765576
699718
100161
617733
919959
573509
233928
47984
5988
998268
313058
990687
29094
222744
727449
499337
73655
532214
58651
25799
660584
73929
370597
425809
606072
348796
366032
767216
370058
855726
983024
513766
66033
612716
46688
373083
495088
55684
14413
599028
502750
672157
990931
62526
612979
30863
674108
462662
580363
668822
872193
415548
927543
738648
426076
308800
288988
19442
19807
854519
982214
741029
461422
521349
383563
583309
651816
131991
408473
538861
470617
954160
622004
449371
656640
697240
581611
805803
804146
462104
258850
728191
496644
280853
474470
106072
597558
20728
458928
112439
99729
293567
187034
431979
964091
132219
470587
270740
151096
776686
431998
774557
622300
986628
269322
606416
917392
38125
325201
456021
669154
276293
944159
704879
48436
117720
105618
89231
214464
873098
952521
864553
617716
842334
353874
484233
571430
482267
754492
903889
365834
801538
619413
268620
172230
686425
623540
833149
718173
715714
784715
66474
478972
765645
694456
416745
753446
660058
366676
226874
816626
810622
97991
903517
39403
920024
424537
718890
611729
66329
833938
268436
2188
588419
960494
44210
444200
334168
395250
913299
907483
677955
964587
166034
544955
716237
874708
251625
584662
782440
722841
212243
618543
517247
920153
474809
121784
180721
211034
452380
699683
844161
865141
187334
909435
620748
133553
661595
606315
669302
163025
624319
294475
65382
845026
544346
333252
9373
834539
429295
290030
505550
952592
655717
638952
555612
406379
682882
558452
572858
997796
145310
520580
515822
335448
140208
473423
258043
21191
636065
918003
974300
202759
784815
486231
621312
770354
185083
112806
696300
644857
105209
966033
871936
883273
488303
841571
615063
597032
1336
148790
822783
616422
860008
19092
649647
482677
483391
448620
441962
61911
440578
356784
236726
191022
788297
365758
671614
692842
120965
731498
670008
67388
978592
851470
693786
612067
670827
765103
740259
115918
930115
241199
671524
116423
457410
599512
449882
968560
718745
959851
108515
127982
369858
722364
873326
339392
827672
162259
398422
940945
136131
737261
204229
397911
324132
983049
133545
729745
91416
403970
538682
526853
77217
504697
868218
957469
707128
285536
60990
227247
699409
686904
617935
313184
180279
466542
842939
804518
626687
921397
828643
963757
792685
7262
326932
905083
101296
782291
694923
335145
321263
786748
602967
763912
953912
401914
544892
849313
871639
228661
887448
635311
687888
920840
959788
17051
652374
268598
174914
373263
681009
962634
357202
139576
406371
179456
641205
548831
637697
583403
839326
984762
297465
294286
434238
364651
348100
59942
384631
282214
10447
41568
754173
981261
661716
752882
294028
300153
371289
65035
553272
302166
645206
935795
147031
588311
707372
936320
394363
731057
902634
605440
973662
989062
429451
995341
860802
656515
682774
913804
440248
786654
561259
356980
767884
497030
303530
915454
205821
855247
550386
979204
352270
832759
936509
411939
110708
506167
977022
683914
808887
316735
393536
593096
25522
420791
584838
903960
343450
519057
364140
564030
182044
755811
156473
955242
839167
648222
791804
290219
444116
322306
330440
888739
576486
234829
447283
609646
431665
984044
862686
227009
69314
119707
738528
656036
977695
904255
375751
113524
767569
696231
285933
332755
86287
703745
784510
265455
209723
964887
56133
647466
38810
831868
652044
800508
611320
752683
155240
762927
190752
307792
228464
269483
168161
525280
527898
883947
166828
66817
615456
544504
288654
789154
159403
798836
605202
546113
71827
565220
667462
276629
776471
350553
119399
591505
532537
855016
883268
834865
703129
159592
511155
188110
190988
861174
624546
669080
394999
611768
191413
649008
468308
355676
59312
739900
828023
740208
28178
388673
705688
714713
867912
240141
127145
689661
640963
722838
548889
544479
28262
754875
133925
377808
334598
411176
81157
143721
301791
812244
82515
156316
423738
549733
254003
594708
145187
729827
845995
449310
485660
680437
100567
492769
941813
550426
98071
200583
831193
366951
952958
243753
65825
198975
815764
854122
315209
276428
90177
462022
897215
610074
131419
363606
309629
597189
657128
310660
204565
744751
616733
133351
947487
237578
588121
352535
937222
599230
324247
251222
904383
558491
157487
756823
75236
56603
390378
937052
563148
788528
212652
413787
980432
244969
828262
115646
803405
781198
577629
20813
887288
893145
607176
558182
32532
827709
323666
264939
694109
477043
138761
845883
136707
954137
174699
275632
53287
132318
407671
815935
756432
916739
11160
448930
195524
673239
184615
428471
328534
337451
736857
340014
823151
197491
540265
108455
134532
482995
321464
984063
695341
184072
223071
697716
614642
238933
742655
820674
497287
250870
353679
459585
882400
435355
515223
610846
174011
536251
829634
49707
927006
569749
388772
320692
430000
270558
210683
656296
274518
505458
38558
954655
895368
832881
345606
995669
320535
139259
937951
667739
832739
190702
57363
648212
433713
570199
37748
354605
469824
108425
597805
842480
620863
899174
869055
929160
434329
382965
762225
889445
439063
618308
546095
962919
776406
160055
984636
978470
252291
792390
26793
330707
537770
536654
129624
778592
222011
350123
953505
161427
419805
958485
683568
505182
10452
596920
449044
267963
714409
361647
504678
521101
164145
351685
186882
762367
872509
493100
990611
781680
924257
647581
410695
807132
937037
941081
198770
462259
109384
176142
457677
993811
716964
615770
567051
970302
343410
157827
536604
638016
449825
419561
769605
627855
156629
443109
706662
345303
137779
808946
446670
947569
694802
398859
867260
40525
970710
369722
336400
800119
919319
490779
999092
338312
101617
628011
635094
611286
947949
748491
492364
589305
398879
378113
967502
957290
340726
785883
157803
947664
398962
548208
400829
454223
307658
129494
598753
678869
198722
72139
758432
641653
810193
48895
645228
442072
386252
581676
625865
420723
199259
848189
286530
19321
54253
437717
469471
838003
231835
361125
877256
360042
279522
127303
386781
536534
124866
684596
838376
674746
915787
534672
522787
700095
134116
631352
35222
346238
521478
157076
41108
744465
428441
298696
103417
330863
155708
313595
33322
82980
396234
794402
715414
779736
526657
506577
709786
87748
134793
756243
605654
752842
8745
768594
406386
851397
410843
635967
896241
928100
660589
636376
416612
113832
694667
206529
348016
491468
327928
405462
802540
579
480750
845600
844895
63516
787206
399980
162586
76668
725854
155336
286021
838533
588290
57971
768602
840720
658054
628645
378190
756734
982587
62976
832468
46387
526621
929116
181029
402653
530540
147004
650380
3814
640753
113078
315668
287606
919968
482832
764625
68832
903613
760602
330066
615430
234145
66373
415319
34630
498804
96709
783607
830068
829128
144909
123170
908982
600703
289389
341225
970781
46379
337102
948817
869793
353573
729059
14681
264470
669393
869101
441074
185023
73160
611158
608644
88433
477142
313562
330977
648095
373691
852352
784033
439781
2152
745907
255313
756495
30946
956697
834016
987885
831189
674163
78995
302739
54590
615642
708830
254715
138261
528460
950994
893286
166347
483879
147132
538829
752125
172860
872387
169636
369443
299256
532282
350972
158757
237685
308282
569080
951267
754589
152681
529082
974682
930074
894431
839452
787651
720705
151451
439871
42910
311709
372541
221465
365204
241585
177149
448107
662330
366738
542959
222146
373125
618380
591092
338415
196527
95222
297574
145022
282309
194858
430826
448672
308555
899918
607500
426150
125275
924885
385146
25168
210064
256067
323345
355567
727199
175492
220237
34931
564447
58878
899159
444525
864640
583080
382119
834075
598245
448572
909235
372003
119054
865750
757821
695897
99852
320122
862861
225167
105882
650965
558054
181777
51061
374815
221704
46202
761557
61481
680615
954458
571252
993752
696751
826249
324112
741481
631841
491279
188132
271176
412193
546264
903496
284363
501873
951422
742116
644997
741730
116702
667103
434157
157438
706268
559215
665852
940764
644897
798967
61388
342072
992409
101013
733108
945666
842281
194985
405428
203083
619496
995068
759180
317424
312539
536788
780795
30228
494739
132904
548066
788102
674139
388257
320568
671709
897407
185514
791208
139880
430354
399810
474255
328283
801573
690106
908181
72304
278235
475888
403250
384275
978158
703705
833801
689362
172988
242023
932785
865795
421528
681133
403703
77931
716501
484019
206677
99233
648207
497725
481216
912020
112115
691141
603658
906353
419163
813960
443750
830009
710771
903692
689818
269008
304322
166698
559412
190868
727709
3118
784430
552383
75934
82258
752926
67700
958448
94246
190841
725465
892580
121877
947209
502279
24321
87116
602739
354776
426074
457427
289794
198206
454018
49702
174662
787066
289127
300635
284396
184361
342243
412212
2826
360182
349014
474345
681018
557995
621743
378920
724150
745801
41795
448494
272517
697110
740194
396469
294795
707822
834825
814151
265826
216994
295365
850642
299447
305506
790067
29582
474288
115462
417598
633296
169737
112591
619330
49197
776745
515878
580031
188839
291729
184332
429362
902408
797351
165979
444771
442940
826904
352601
182925
687149
692724
362506
8384
743642
326208
844127
124008
37159
51659
100182
804704
137063
768565
430696
253475
995424
376695
136208
970740
75009
520874
274968
492878
711161
823122
281458
621050
252856
52125
383736
979856
406920
532633
733806
691121
362932
751078
529884
409920
117139
288428
976325
458745
191434
377826
107443
866866
769230
262108
78392
392946
523229
617821
306540
954034
355025
822795
572376
244823
492718
53035
677685
908314
95712
968471
704
915890
84028
731942
216809
667853
112340
301878
825674
859213
102581
248336
150055
866154
331609
881593
56250
649578
723668
639184
160686
15579
531961
881334
665795
413801
945799
795676
37800
60489
950141
493656
442899
157318
339578
699932
907375
858069
772536
968780
420715
702316
305963
105945
406764
377458
993126
731308
773830
649253
276147
966910
154353
879272
586701
516194
598126
455862
901196
574151
642627
741063
399186
70085
811711
507304
924198
438782
854182
237689
224053
372126
233775
17321
767546
239674
185953
543007
674096
97023
120947
901973
242195
885694
550047
682664
851758
206174
490427
995819
271367
316454
66888
425493
664295
734120
492338
437832
450422
144462
413890
218063
113396
586992
851798
820673
275308
326157
188880
919585
434688
763331
988772
360244
966682
169589
856949
708827
200519
923747
315707
464320
961142
33251
121109
428586
989828
869941
793119
870142
269184
194331
456635
95676
965468
938171
994585
842685
318118
142924
541364
335411
39733
679475
310703
42500
865165
934338
176646
956132
265024
591621
945093
939529
692409
897313
319608
213742
163153
625074
538183
633325
39344
771473
362150
203098
502094
935371
766248
75625
813897
48680
884222
538789
738960
833139
532676
948536
251777
239853
490925
707486
5370
961714
174893
773188
970141
891530
581558
599783
891599
406932
175278
586853
485801
995770
443120
68266
903727
913246
860537
57851
448631
217884
682927
112672
695991
24604
84666
819207
289636
545178
985306
964929
349745
361942
15948
327613
117770
85320
896353
392717
585489
513767
149166
288597
620222
611391
529429
743601
354679
641997
473644
451666
936560
655340
175043
934400
488653
107136
65968
319169
984473
560169
443067
567215
315137
214287
51728
31992
717770
611058
347184
24487
604378
954417
561840
80584
463799
725739
770375
162436
415936
167659
74940
415917
464484
800490
911181
739431
613425
799026
640785
580815
656898
494992
762524
56927
606369
893521
506180
508821
623071
652629
702783
220361
476691
895384
494019
340964
554611
965175
708222
763604
402860
185578
732443
896533
618398
7327
684076
473028
969199
133394
866352
526472
719489
416370
526451
746741
922991
604875
124945
611875
750825
889572
674556
18172
431183
999235
970909
227318
588334
735795
726107
619441
872999
247881
828762
680415
802046
361241
620245
214651
797126
315271
367266
557721
605277
63245
172233
718104
831446
132713
779880
766207
623594
705931
924958
771186
666372
441045
187273
972939
446698
400688
37278
351620
481027
59277
742141
12473
16371
776047
640982
892810
178705
391447
242139
315713
266012
182168
699161
916555
402907
697179
70162
739922
415473
179750
986810
602862
325046
445837
279571
199229
193636
545817
800845
250648
994930
67536
570249
714007
205795
156476
8674
790117
754670
985971
532336
1173
45781
521598
752492
465063
501253
628689
870706
619173
11156
895620
982309
767440
869053
380338
609220
415553
169737
21740
410055
253369
648949
2168
203219
719162
317781
372272
737970
758479
593216
432996
320996
709597
874038
791464
385603
87959
598529
458713
780379
955245
472857
390647
323386
163021
151958
728770
128988
292075
242099
630425
957240
947579
758067
133707
758995
3385
241510
92042
652225
299943
6346
220109
752819
150010
516380
200314
23065
1117
754487
577690
121352
753719
248073
11938
514458
999137
354490
344188
213520
938026
849582
561237
472479
384292
356306
932318
364078
550860
46030
846811
182338
623199
723763
311433
182091
669643
74085
591680
565383
652666
389144
622508
839326
360299
92956
828596
288281
678082
292825
101276
500718
597194
531062
178782
57213
122062
33937
701255
266420
506738
51451
116967
506808
775144
581974
1504
881051
801072
635696
671188
719605
795216
132941
117763
686140
244625
600351
419883
360591
38769
171276
209602
975384
412875
912737
257625
811378
311859
379699
256650
151415
118124
141385
375338
215140
545341
361728
357164
150299
925587
337133
47273
101659
738022
210363
768133
431478
636253
401327
487366
391726
32606
686678
47836
78893
656459
692081
984050
527406
642831
45465
367731
164010
113446
291965
9182
41512
203376
773139
999812
726764
263857
129591
307913
59051
546578
936610
605807
108816
921467
650002
49239
243714
92108
360125
921095
966041
189632
434112
672254
903657
174195
180083
675872
810329
294151
240086
824548
813275
426843
881345
599438
497076
540562
496653
502720
757352
322897
638434
351176
225808
952407
905487
954190
274404
662922
71239
196697
820869
827754
552145
987136
194935
784245
756094
659366
742627
239737
685396
970068
792471
411685
513201
650697
664438
218749
679607
224639
598789
976199
827144
984605
269285
182342
744496
641504
975526
180055
366908
320334
987248
383079
902376
38079
715471
935362
221892
957450
884272
492558
217992
655071
872577
64463
744612
842123
403718
969333
854786
148918
730939
144528
593844
355167
444678
12712
905654
712500
875085
401970
746778
892360
544128
34949
565103
368784
604553
617042
515193
468151
420765
409494
866166
534471
329671
774626
497506
464868
980752
289150
940821
693471
576003
715111
105262
990230
357777
476262
252205
722249
226555
116487
325866
342677
809508
778494
186010
732506
173019
561513
789436
294123
678232
570076
809087
551219
382727
287411
662147
358350
303291
706888
713964
656026
589511
824183
153824
817894
416164
165500
7706
798227
151767
767829
527105
827177
574683
451621
387682
747015
7500
876392
737613
558605
710091
352764
548525
421545
934878
84803
744408
534905
10624
892030
471795
414903
559364
771778
906878
598987
646689
273523
398597
20075
524699
81867
292017
997387
527333
986505
444069
46258
350536
739561
556236
530283
856853
153851
843265
588109
491411
703499
275935
820688
574459
859616
178595
820339
899734
403269
678059
995700
590216
700124
536102
249138
38568
137514
224446
201347
776141
459335
484675
619722
829004
784545
793159
437593
36094
420753
745419
630807
370086
777817
610385
279043
157502
693098
112759
696456
577540
367383
792988
896998
364822
873551
227296
594370
16811
25848
328158
953426
149290
459630
271340
125836
383779
706412
644904
542557
103948
935527
821294
910690
969126
573675
66406
908528
437340
828678
256000
375621
475000
793330
230927
983620
218228
185127
768587
547399
333881
660114
555647
685564
168696
929737
978051
267458
592957
239192
39807
728627
209977
596667
61046
66415
41166
177789
207217
494739
826299
219127
168027
268114
142307
465949
984847
827841
975369
20648
233325
34261
399947
292199
164855
648829
546180
904757
377339
461286
657493
387538
839867
933672
305276
626325
141895
823610
642567
966296
636510
573640
17708
76093
198155
91506
174310
999806
306948
841286
520414
611282
309060
85260
50858
297061
376953
88946
107963
439239
626534
41922
488174
363737
289823
712076
413652
675768
450858
175885
611742
498663
861304
231714
685673
40906
795630
148976
126000
235850
498145
787899
235603
427647
991163
620174
709092
102487
160549
42293
370524
810877
561905
467924
256913
865929
493727
52217
131572
148746
84985
924296
429161
846989
956118
96599
657666
687403
139557
950579
675579
578166
598087
333900
869222
876257
457259
878590
696158
260550
260468
143829
258177
743654
743056
996750
250172
535782
715150
198529
840921
801080
804752
530243
317453
188152
151435
802955
995202
935068
413779
880429
934874
661625
902134
863077
896805
237076
635569
788263
309481
284878
891746
5200
574368
981998
640901
961742
212869
701009
207270
707094
607780
905611
36262
896604
823261
702480
876996
359366
777244
503927
769113
897549
571405
361127
616302
985916
848077
201071
830657
971069
326088
301016
400676
548488
895174
233840
913844
882844
403434
902172
30258
171764
516614
849456
598779
433736
712019
280936
136266
138177
28735
368872
438506
287426
344092
697925
567404
581543
76005
763648
570911
144603
323510
72176
363308
547199
121416
100052
728482
925427
355950
17047
585951
104296
669067
171354
745900
318015
411016
523396
229767
55783
125357
685975
786034
49330
414260
192444
851427
192575
330299
29394
282709
608598
12324
614506
583657
259303
294231
873088
447017
708647
388650
315016
634809
349308
292352
625335
130961
526280
210866
828846
482618
699316
663292
441246
940210
651423
791845
11477
125484
697015
682833
527552
508559
2096
222692
975369
816362
944392
306848
769455
756572
757148
716386
58860
211950
938705
45877
322472
391781
104421
263598
629466
914912
615906
503698
103488
745628
580974
678433
382814
734696
185685
569000
410798
28254
442830
605086
749740
850812
9398
701437
181805
539094
62023
819753
849784
52794
318659
838536
704681
625037
371777
254937
585278
569232
439912
878205
852150
364233
676931
891347
817821
389809
32338
208687
18714
138409
217848
290888
661518
80861
91321
914822
951456
604651
91998
477922
787889
765481
525422
792732
729086
137708
285901
826926
790469
142896
817199
385033
272252
155551
787131
74809
431544
874159
497605
698998
879702
109436
310135
12574
571731
621553
792407
263419
805403
278654
645873
162762
5072
804998
434962
636023
252074
528727
502677
311441
30892
234661
581521
19453
138365
436417
126295
941424
115205
665953
299843
31754
531695
932889
646330
569642
825503
751244
202283
107140
367876
42373
166639
597783
115651
550832
494970
325158
162101
719965
278118
515269
674978
881615
691069
220878
533160
389978
60680
229071
204863
675088
963356
502940
342328
45896
226339
430077
736265
597452
28468
218387
428678
671579
387179
473600
848214
302573
14267
521882
432076
325204
601800
854703
523372
793604
740716
912026
181642
876620
57101
255500
369644
12401
222519
70394
507862
760084
603598
529416
720683
739236
108331
341543
114411
447767
844797
995761
739130
167101
588481
911697
401170
68275
320982
364263
759115
10424
418231
369289
541201
732352
894280
130127
8513
258422
24704
831092
754414
515472
469524
369718
546332
818621
854806
710648
509797
41973
186428
30745
766071
873066
547705
138933
430745
3773
169093
134549
40098
96017
994758
889771
799366
895015
495018
626469
712452
759583
671955
543036
643550
684314
118231
296108
724267
315509
59760
228850
43906
192362
630694
847191
648747
63233
499110
97733
842596
593030
954743
178671
756007
352517
157932
334881
996146
401444
336494
935033
41907
168032
998366
80877
778221
10509
835515
64305
770377
614768
239585
635307
477542
50867
606539
310467
779434
891220
892808
157561
501771
516052
743776
925319
773109
802559
221409
39914
701489
621963
512943
356896
218650
612710
533861
239870
766768
765293
166879
67477
629037
261248
213055
904274
826861
685694
807740
774149
645678
707341
404805
649586
705217
629262
449699
420085
824960
551044
810606
460906
375002
307536
769793
749016
902056
531266
882731
701735
432465
206426
530070
640346
484680
380704
341888
452098
776668
558110
784699
962835
240805
2162
962554
366711
106501
598460
742909
213133
484536
774371
786131
355100
623020
185958
226259
833373
215886
731737
345235
569903
147752
692421
491446
825340
266878
357764
608642
302699
670778
879243
441030
693809
571410
55875
76668
317137
979044
262742
740060
754409
854678
133873
516
805701
466271
671494
821723
814527
447811
402954
849353
774198
267569
338427
678875
978052
62605
866909
377126
512349
590968
163018
661943
447826
656430
129213
497587
200559
766839
883326
979397
555961
877554
338026
184253
634351
291780
627379
425089
506622
56332
273718
391911
203180
984080
475050
116910
560490
906857
514752
78065
290208
493281
865728
367799
375354
757791
30367
155958
24971
545093
42429
281715
91842
991160
99638
206905
26552
255368
323204
880583
744042
389214
73404
952505
231093
822979
137098
971651
445546
849795
479305
706805
648866
533653
445376
52240
660995
134121
67363
117614
858714
13115
231825
244559
329532
344969
161934
305407
715360
705279
519065
44988
790367
261206
190236
875778
187548
693006
327017
976775
778639
289387
53926
951603
852339
920520
897394
783781
922469
607030
262768
600494
887258
424321
797192
880488
84458
458238
331106
62130
227737
468891
565768
556399
489194
693776
10386
894259
120734
606986
946473
164118
670675
938645
271850
666181
435160
530644
271451
835301
123453
599278
846927
228434
197142
593548
406684
221652
362796
831558
698657
948676
952761
19798
493016
542542
714825
548443
311164
220154
218020
685383
72718
905927
349471
116497
840773
338056
328929
497289
239637
768961
573040
1098
452049
419690
785661
158284
436881
582515
890847
304828
503547
308498
647013
536215
759186
110589
480449
958749
973395
418199
556898
895220
731168
154418
813394
527421
223354
910872
692428
944135
720772
647334
769746
687243
783775
573081
39551
639767
660575
142697
640692
707100
981417
467360
322245
181903
879593
641564
342709
163259
171123
994974
463863
395725
405258
18540
796471
663959
461935
538444
948083
639484
702639
615110
59465
72816
68105
874004
748595
811407
279486
187
833241
534570
369624
415534
427476
261229
682226
849157
405028
2486
501170
941484
555556
268520
279571
935104
367793
153166
980351
196885
647854
543218
239351
866319
572044
525393
59779
608896
572690
307229
341664
458488
660807
471574
39714
270967
819437
708189
267865
164560
508923
645586
307190
959335
825589
638972
541528
715674
656929
445566
603733
506437
81927
326080
677720
6908
677429
946825
314193
850593
314532
426884
81201
377531
127601
349528
99751
667139
419940
361934
508884
932977
111433
275613
102503
547436
724268
709441
354447
181135
348692
802587
136593
69249
264963
410816
467202
877006
236668
890564
996211
398510
897206
407920
17612
71600
74428
701750
581710
375679
125068
635033
54850
806471
588465
628191
342268
76068
421998
448340
320506
619604
837322
934634
381398
383655
871163
980526
75740
382890
621313
115743
513671
436270
869577
326099
261364
723172
944789
38835
340299
192072
444805
528902
133093
51819
927543
372990
553953
387225
708153
208033
685527
745942
271565
629099
938578
864524
910303
694531
254097
741161
141789
986988
377480
198443
196256
804676
326109
671626
993886
600272
810193
833579
798475
723375
232975
983915
830509
406955
30482
422989
237453
692353
225486
354115
580451
907410
798409
415494
399178
625476
757081
221323
294346
793233
251870
671196
786001
880150
460547
862246
35514
936101
279613
421766
521867
442807
612371
589717
889592
192319
708985
62231
135078
207735
583069
951132
803498
135833
862226
120177
237579
407821
101728
694402
515969
243239
283411
989709
19054
456495
497991
439556
617905
416897
838749
431360
621804
322149
753136
204403
901812
352058
663669
411520
344032
254307
1709
885472
541813
568739
976431
132627
247072
440374
283564
477236
567476
210341
154570
848711
676746
96756
288675
590494
275650
504938
153052
326789
273255
366776
651411
996789
871923
413093
152312
843253
342131
728811
405881
935336
404650
682482
136389
889116
155635
693843
953058
248119
990930
750643
823404
412831
833298
600546
137530
128083
509069
607908
342232
382733
47525
929305
810488
560945
497015
272038
504223
122420
985167
248206
136864
27600
914084
301222
193772
372336
11378
767457
436956
578931
651493
898533
630286
16000
399666
493238
134994
763918
908230
867869
683566
346737
260476
301790
646352
922996
962508
848676
17581
363473
526860
623319
573885
286579
227025
41218
439453
670152
810543
34368
983488
729746
287629
51464
243785
123912
76176
765054
582530
98105
787017
525884
699415
983928
70832
350851
141708
135792
159178
247783
100033
937861
652883
727228
222401
475541
949861
920670
844305
663086
876730
957680
546698
577188
637471
379680
699065
948100
897850
603960
64563
161216
401700
732531
70612
936680
723965
576909
429455
490225
90585
666931
394298
387468
827191
403640
598261
496061
676754
49072
780384
669964
938880
734161
225042
898042
294352
253472
903328
185541
311752
246449
112935
325227
804157
815663
46413
376721
309575
594337
724072
256813
162950
917258
323551
216939
521860
915517
757328
471389
268548
364098
580958
176211
875979
820643
663688
401316
438365
481621
652331
939417
594011
123237
910721
323319
683358
467648
261088
826688
529521
971455
259200
454419
588796
732033
823291
610045
51155
482462
163345
210188
623637
458082
670802
808982
742390
933463
235527
231040
877032
623350
916245
746960
931593
21809
17536
388432
548735
432504
490139
652690
445393
893288
69910
60691
156171
383450
934806
456652
157803
250275
37984
146102
907743
153360
185409
546168
28253
462372
458321
857507
13535
91333
916741
47451
790944
710004
512546
94887
875699
517567
941289
978733
580436
586641
660461
406897
713483
313999
751944
150776
775232
586058
1615
944785
265690
874592
928321
799261
329696
681539
732968
583539
125632
23051
847594
344189
104803
736892
777945
172831
746995
429341
699249
397094
460177
425771
117819
117843
385804
67639
261201
877768
512545
8224
551195
159494
303913
572057
471334
282226
136651
444060
981098
590804
678281
5933
761068
483389
475857
738296
396195
936005
64950
217892
597306
489068
696826
93935
145303
132812
200487
212790
668724
211108
316799
97965
842592
533658
723129
441932
612759
192797
867609
914057
110299
631065
554543
280062
420980
712649
35912
740613
262327
825304
681850
688484
298048
1412
499426
964291
184662
905775
810904
888341
25015
609741
381189
16024
671810
340720
163332
714537
864411
996265
764159
734151
129259
138124
33130
686298
109557
574063
576301
133930
713598
496093
68337
470326
691525
68250
32472
925862
771283
334456
8902
981216
351281
448000
122382
101155
984291
142341
179472
437276
37811
593039
807299
51803
539210
651188
677438
514859
391484
131589
233849
73987
778238
970347
291409
71516
481605
962111
158242
974961
695884
563996
104857
66627
560592
743838
205023
364310
705956
90716
658930
547240
470131
510042
654427
833385
916619
809130
956185
87140
653706
17967
746421
691398
857626
323067
872880
178528
144467
783443
807578
785778
904022
739891
953791
720227
54789
988241
720664
448870
573861
262157
140362
196191
895016
378660
468385
538949
818647
962517
474696
356813
982338
753372
762536
409832
449353
567314
498158
716761
464900
491516
166658
728680
197130
707024
927913
58333
562043
938444
990820
672380
812841
860559
759273
263672
328677
89169
92013
918016
421613
112955
505550
717036
799067
582868
334724
282633
624581
362251
449899
766244
942945
195074
536004
190876
773559
518180
656952
962355
499461
897221
207343
760698
161101
633394
659639
893261
160253
211162
808927
928730
564536
638464
840437
46842
609828
234853
498947
867261
894899
742932
163156
591632
165833
573381
730860
992466
786919
481105
451721
844468
809947
543529
907047
739317
794632
569857
152438
447658
39814
54620
636668
596545
487380
461929
986498
685435
821498
95848
84611
789842
254351
150578
499756
116075
318564
910741
649168
347532
76231
464218
25445
735970
934997
290949
208301
231764
337956
24786
979875
153021
203771
569081
408045
415279
908213
963825
716139
420712
470391
124271
872277
980008
534408
67477
509288
54674
771685
465963
531495
512109
381954
800811
464507
57666
165514
904208
97691
323181
242640
385614
162845
761128
807531
613575
632409
439732
824383
784055
171509
793359
822817
316062
470303
207413
755711
443625
424491
952271
564971
39911
102137
678223
717966
173132
813502
602553
334279
472852
896654
739472
703502
132200
746728
234268
46338
871640
273600
522356
868943
609632
915629
786565
369372
959531
398083
987421
311435
241510
289846
940684
722699
529920
699314
756494
488755
783851
275767
724050
757535
48745
684438
339770
844045
584740
187111
138298
68648
622397
47328
155004
308045
591217
257676
235633
994406
359355
821688
18793
876252
529302
156403
221820
362590
885621
52904
353208
696531
373919
99923
625645
474343
784176
337883
792819
922262
686607
321890
965460
439072
886174
82097
238705
688631
270622
378849
879968
408376
631614
631093
237183
109348
363563
777587
285393
383952
545663
745669
133653
603460
174117
623766
560278
218852
476642
65174
658770
304656
317183
808441
548078
184081
29137
899263
634921
342308
844018
280526
351775
716178
797918
205200
795890
996196
908427
932111
435832
864911
244372
87485
223790
10157
985750
183069
278680
110063
55700
644401
368611
368864
803864
323251
986336
405993
522592
496656
312474
362654
807668
735328
696514
548756
172222
522132
511868
874953
418304
708878
217691
133056
362063
155318
268012
826437
120785
732274
271041
141429
261151
530763
16560
865920
14185
45106
479622
907926
934981
935368
726532
416787
422820
977612
840496
782577
835125
823933
740485
366373
795526
698546
606091
738792
101711
215923
834402
892145
262009
751587
311574
601589
464918
364303
294494
365401
683161
85844
398902
116921
900588
27798
971032
553822
966241
136521
384928
856349
100273
326215
920027
409186
514784
867506
800517
198440
142103
225584
386849
820162
153078
942400
762685
388860
764615
596134
106189
364507
932001
471820
910859
857603
297770
514760
56254
738727
697181
669006
178212
686255
848875
696518
229815
946534
274718
515210
590912
236298
174274
838717
245524
784159
33597
491695
988718
651737
233345
19936
51470
684500
524414
240233
997623
849536
111583
613891
52988
715867
127739
623939
722980
445353
680039
741049
770211
180950
802129
504564
903430
133064
119561
17379
747746
491444
844301
840514
714325
578726
555201
231198
488038
825471
228650
938707
749359
237698
40819
633819
909819
590686
172963
167712
458803
159844
269777
5929
439035
35463
969703
229380
384575
572730
61302
513851
193220
735891
202053
592204
997680
880084
575304
951321
291242
730072
357949
549438
382673
185615
937238
967456
653422
637615
857872
711939
148386
602015
835869
647847
669638
964712
565111
98188
420864
166271
631137
254238
615240
88155
72486
228756
815873
726244
690679
414188
625395
579999
838575
235312
520869
997499
84181
2498
262384
11380
583897
690131
457321
738282
761878
772028
724251
592870
269135
748361
708899
154721
776871
366598
161863
293980
220122
334380
655411
941282
19500
999151
548580
257391
370853
599868
431251
832559
343653
525611
417509
545861
102460
5644
674931
151556
354758
558379
146599
948305
920141
575721
383395
599334
661131
86719
364283
590151
125943
434393
239843
642627
981868
785418
972674
646376
466816
408837
15837
48405
408891
793270
16074
748214
253678
764751
664016
485673
609183
127877
11170
878029
426971
789265
167363
609802
283626
937942
508850
783476
698638
843491
438805
385289
624762
754554
340096
292002
92310
238861
360592
554556
994202
735089
956720
11429
105968
147382
536696
413545
277503
179099
206257
917393
521905
299988
450848
377850
112462
30200
594221
500612
793311
374973
52309
769205
196608
164636
252404
27152
433876
679726
920188
882032
167819
557461
316035
30455
596981
465076
268597
567318
520274
901506
213565
126133
598418
337064
638610
578286
548478
942715
385877
233791
673983
773475
52146
653087
469311
968874
873851
22925
920482
75051
178665
947412
149667
762809
622214
425277
980986
370030
534005
482783
197989
964361
696796
773417
163909
535609
524907
475096
25827
417495
605622
622914
78903
847711
834544
972803
217959
63261
387305
94060
537412
667282
403572
262924
787452
271938
467585
720306
497231
409864
407550
317088
570028
997074
451008
786453
668957
258356
482201
356380
382210
96656
680939
672480
99433
298869
967768
873257
239600
777311
526373
251737
462324
985496
601107
290384
31997
915032
256651
707695
918703
70915
567459
74554
99794
78324
459431
218273
302915
668117
435471
550565
382022
470596
463390
667407
852949
553846
632158
256818
571928
206187
793066
494445
159832
480995
817871
544685
969035
108029
212218
359737
239520
976592
582208
770852
679170
618848
663051
32996
909453
807150
396873
487581
993067
283035
676717
802440
138900
801094
552696
179929
143045
70637
885970
709422
499508
168952
306041
982986
170953
999311
87201
901144
82808
442637
322460
722994
112666
333616
275428
974446
561713
668862
619077
55054
268262
890661
732257
17886
626393
588437
387025
44784
113464
594330
309245
39579
264765
877298
952474
95830
343929
549296
586149
446641
843638
896471
848991
205604
804868
30373
752119
849256
154041
100749
419410
530720
623297
857182
480809
589384
994492
281317
6293
303578
262070
829842
68933
817065
823413
438743
194900
36846
807335
215846
781246
746628
154755
376751
694601
216211
745159
137550
867281
957557
730992
582514
959251
713268
185342
209818
969160
370785
600272
929366
500337
817959
802386
250457
297215
198364
398684
177589
791034
236733
813236
63445
685265
497578
943591
620184
315832
384202
388906
372790
778272
160803
545308
711715
951458
808269
259636
207334
678464
127193
344539
776666
708347
3296
637772
293692
908029
719089
424889
229383
490322
184435
317120
368684
234564
163947
670477
693484
15153
690159
588772
22637
398415
676501
110369
131928
901562
895353
340912
249124
65312
666787
940221
527235
499524
717328
270707
267398
720972
866118
261406
577792
66573
316411
968554
825649
654792
728585
348214
477889
729280
825200
567688
574347
261181
604784
23072
703040
759890
24960
840320
848523
640077
908748
50912
1473
256818
98674
392722
312948
437960
816887
237716
290773
410228
136943
287093
267274
708870
881824
250568
308135
9185
404005
520008
212754
904227
87965
468183
26575
526601
840492
831176
486434
571713
508160
181489
644164
810654
811677
39189
497867
681982
691357
377900
841188
810200
90890
115245
828187
113477
311469
985613
49877
755760
292254
561356
832552
218278
219591
67018
514047
467888
136688
20656
301653
14781
113097
248318
929476
845209
571199
513781
952054
616640
998233
955754
245336
329043
174961
529862
967626
127389
90325
961118
377984
785211
695760
11368
557108
262940
565288
434482
14649
686848
327485
129346
400450
709536
150762
704478
150691
893696
283623
981803
316993
657860
177502
167858
516109
829195
783589
754714
397216
950228
538947
281940
493829
442753
335127
470268
409437
874055
193992
103691
924851
319908
59161
44391
504007
632143
274904
638361
967865
188083
355030
201348
197073
308170
681979
215367
316700
806850
543541
900441
761821
174600
298810
957224
437920
405537
384857
533844
863229
54936
330584
454479
382364
688789
183860
820344
363632
563888
213881
513173
286700
158558
140212
266355
365592
602578
352830
71470
961792
349434
900325
156125
507299
71890
899273
883451
855546
188402
295147
316291
175204
778421
470126
278395
742522
408077
236089
10318
31480
853630
893330
489073
611793
5297
966309
744623
629518
615149
759935
561031
824139
632751
276977
76825
420636
343298
865770
962924
121437
178093
947167
737609
851878
807862
214116
525786
784133
690744
727079
552322
813249
825932
827341
543912
520505
840947
26124
569209
322720
271569
387824
889601
644349
776775
359436
216238
295983
305120
113463
771621
537358
971588
123317
145823
994237
192902
424003
836730
594237
482787
72519
862999
724514
267943
857667
252636
302220
262283
641706
162733
628049
682479
748828
79014
311376
121640
113544
799835
37872
590426
328217
792029
894641
969191
185983
594972
893799
677899
550745
647660
650256
444328
804657
545332
894520
69715
273246
537149
966823
258835
538801
835074
997332
168813
444917
64132
469371
622140
16278
119329
976389
439625
417352
873391
513374
902333
336492
648811
476725
448240
673837
107715
184985
915260
380580
786444
767318
548993
794771
246379
629781
408813
575514
563522
770494
181905
336571
324181
414839
991374
555933
823501
926838
40970
91397
972696
292289
735218
242428
839559
469828
716340
915912
945572
515711
989282
864969
129797
802356
263406
991570
185186
342155
52520
669066
591240
791862
536919
533649
312688
341236
435325
37065
927482
541302
235948
850242
173800
925302
315576
672200
634628
795791
109834
363663
250874
176381
417076
547334
996730
834055
683277
736760
870414
189761
975372
569314
441453
963971
147011
764899
187933
639186
814035
539574
287168
14038
754294
317426
159859
781861
333866
519452
851095
607611
943953
56203
744740
789572
321100
933866
500282
261361
945790
964084
489467
915958
323499
412972
205382
714685
969090
951199
299179
817336
146994
566542
492178
320523
458796
268301
953848
331337
88282
104991
417986
776361
192799
850664
77288
198260
943660
701725
641797
478735
734889
192798
21135
926116
894022
260911
245962
450144
536362
813372
672660
391405
733324
68010
383667
351869
122628
780496
723282
842855
218404
194546
700713
199247
82526
159925
909061
655033
418023
503450
363312
561655
454534
123335
901786
460099
693761
506254
273040
149268
52321
771061
602612
335154
615993
875373
687895
917782
27891
510268
128516
440240
139825
939629
111176
22640
830671
921023
993345
428070
605092
443246
817040
647116
629266
706909
493712
933773
671182
48552
528280
923427
10571
923755
564491
228413
583379
683549
924569
630764
167114
356776
911420
374043
334688
242143
252999
609780
367371
70018
919478
255211
358248
272033
699623
63735
84940
819949
42022
373617
912268
560759
799479
686785
9525
544401
547992
664666
118593
14504
634363
196725
178401
543517
606341
458121
809971
203806
656481
392250
693583
134894
299931
296007
843685
124000
193184
122394
822742
13557
765221
196718
475731
965110
922862
868186
453159
422214
300173
752866
564019
70487
75716
45755
895806
203095
967385
384495
746197
256714
232784
803378
252550
663208
697461
452258
328548
378558
920425
314657
872138
235003
267557
294230
758545
599840
335273
399808
92648
68481
326868
762489
564886
898109
312278
971517
374750
946685
642843
861047
823967
132567
235024
780773
70548
860759
560124
170818
726407
593814
576005
409104
397328
382343
697248
169652
221564
582679
604192
598528
66499
177592
582435
466672
501891
531858
76128
413625
114412
416328
261654
432570
435057
801612
309170
191976
60860
686703
477728
763182
457283
321773
564371
700024
487924
298485
388520
620117
200094
76723
82330
266910
639524
974494
470550
947289
411920
341687
177199
679854
309433
353952
271909
16568
543616
12250
799611
560401
324634
120505
632628
694078
288724
623164
609327
826990
388758
550801
579782
303406
607193
675689
681307
820826
789296
301352
757275
490418
414256
279517
534002
144831
477336
17560
874789
730245
684386
37324
510764
73420
17267
267312
404846
103652
87286
768288
827542
2953
952357
435417
493856
438721
758272
752301
208565
801383
964292
809140
541195
338490
945763
243852
931967
577897
802808
874330
267491
215110
137351
526878
938791
718762
755380
203443
783416
934067
927428
381272
952590
401717
371755
284220
701555
260359
750987
86122
227162
797703
725346
760194
429326
36002
425893
182448
627059
22162
878271
532176
215439
602451
305771
582120
809134
128545
242408
627428
603322
561743
365575
783050
751831
604838
364809
55036
78374
189672
761616
752009
112452
615261
280926
972087
98537
449611
139318
498986
775117
172540
247228
65801
982346
653729
828695
195094
692218
468157
699494
608707
648727
80788
614138
944581
425759
938938
606823
516907
678142
589384
812947
786014
199149
473451
115192
805331
157739
231
854907
808726
978887
749516
319596
268670
745025
850713
792873
131692
294190
69819
760282
829776
883366
101050
252216
410485
167084
338223
800404
171634
293878
483462
945886
367213
517776
414904
85540
439693
664162
704878
714070
678546
689022
872994
502746
420947
462688
638360
634362
495966
323841
933364
892644
157738
503855
156418
977157
306091
4570
188390
186307
842034
319412
253563
360571
696687
279933
209651
325451
928753
300864
453164
891916
239762
319550
807410
895280
124226
815059
200023
89393
677868
116551
165532
478863
892532
78242
331206
227857
674887
423836
51969
409163
870683
715201
635254
6150
389489
650001
407589
95031
14391
601922
60819
603996
827990
6227
529319
218778
470744
423695
740430
350212
437279
225235
32319
330138
661052
727020
685024
633308
522006
36362
14026
113032
485305
681687
414678
33595
101449
727563
911911
373595
618680
144063
38449
370066
318051
802803
563195
60719
957131
749824
339944
74702
700615
163311
880032
501144
142822
746654
626589
908769
836429
548178
188835
155230
571342
613736
435211
167580
339954
684909
246761
608721
472325
17600
680981
34853
810304
258171
521975
736984
135392
583970
314567
116110
66641
104133
698433
398256
269286
725735
573946
379484
971450
369133
16670
745109
596554
276600
638097
480452
691486
733265
271445
395973
133980
645842
284427
487723
415288
962550
496066
742694
530190
91106
81238
496739
860666
198930
47492
504951
697550
585806
977932
990119
346028
247585
587480
833512
759990
777466
779879
194592
838167
516208
310629
588769
928484
844772
272250
858816
870486
291816
806866
255608
894108
919806
342053
225719
500964
958113
899312
160844
853446
495942
48333
440221
212178
245839
70893
660161
425193
875753
880637
246572
50085
62143
752321
344334
884474
175384
883060
827767
303328
540834
549179
260240
980328
744243
886399
938175
763123
355308
239814
331731
910468
260479
518218
638836
500460
662347
886850
395524
290708
490511
284589
722773
569454
547249
257972
452148
957836
867940
388757
337121
486995
775191
936449
55234
943895
394700
622617
626507
5914
316605
756288
390247
97715
706087
485464
485328
47041
928287
616018
706195
633321
786216
862570
266226
940767
52227
947980
891385
163252
338087
421719
953899
5340
596197
440841
528446
334926
505634
648069
15036
440234
934826
819378
613130
918977
789673
791793
460825
782156
574663
860580
307642
863784
671074
930340
767836
860038
63957
637311
310227
967231
800017
17254
166961
312802
621948
264721
465889
901561
820413
833338
93705
777644
537013
147323
833659
931924
45238
102179
424830
662908
323845
934499
178261
60323
629524
185713
776139
918470
113542
771231
861620
79003
319127
483634
86534
523348
42567
893962
671103
801513
620489
384489
418500
170985
987009
469232
219668
988169
236870
324597
351407
989030
755403
518858
167776
30376
908482
636147
399575
266630
939331
962652
179065
282926
628888
761398
537715
399745
433650
473538
767923
658703
699912
22158
766382
120776
377073
24323
125345
126995
810729
840000
616904
569052
918322
594609
99084
709587
138091
388539
32527
641648
30665
598228
870349
789419
436979
425462
720753
792889
660023
94738
57452
450875
130480
654681
964039
282473
989568
513905
893521
433784
792046
849257
491226
86563
927521
589558
552827
652715
894523
786181
783155
84888
346741
485405
347833
556164
597561
438529
965975
787550
812719
317386
350126
64293
179751
621586
314785
369122
362022
898766
137427
646771
550892
86214
175935
59084
397854
384994
778688
387943
450782
339440
627270
769982
930543
475332
614516
666993
436234
389757
466164
653558
679823
916659
190540
657080
511017
980539
610895
103633
938680
354784
513057
874744
479553
61941
668094
19827
633489
830502
94147
135198
892178
211571
281841
627027
974209
438385
5467
285733
434457
257037
400682
430749
37068
790659
166397
753674
181286
495193
81473
100319
226545
430065
60126
487629
402162
999061
509183
489120
979814
297617
615004
553031
213920
479170
75573
727029
656848
662125
918287
944405
435388
220820
809116
276376
673132
402647
936023
421926
525219
702084
747112
753936
301764
564128
833418
420242
610823
27652
631712
406551
946483
675695
900746
133480
567166
165102
482429
5022
881150
236135
576072
390796
701788
742522
712833
772332
852001
834120
822853
190094
422019
128594
631529
840552
249157
986163
386051
827983
758823
952511
536573
230250
773616
821768
939163
467777
39582
583104
949426
162408
184534
627393
549186
327416
469260
368574
503130
644945
668385
245553
955883
81714
928069
862943
582137
602676
76721
565009
704908
556609
174771
808221
161830
130782
158132
438697
203938
983176
396011
418526
932107
616513
203230
918722
928402
154865
629778
655743
605985
554588
918080
991334
373932
701478
876465
329573
81387
188171
572100
328848
558191
585096
140587
92415
704731
898163
294868
338312
318774
399078
66806
522921
234105
992825
650939
745260
616373
111546
6575
241624
413018
652167
246902
653486
437865
27132
464694
827848
270831
860577
41576
957917
533077
266620
293909
125353
152742
79813
297808
421095
460616
512232
138604
86451
663078
914867
542875
811027
270239
485675
959031
485496
693700
701689
464482
670298
870697
601837
298476
430035
524629
624265
595073
774781
91669
856924
939135
562416
567740
575524
669886
486309
971077
402863
656416
274194
272774
673772
747303
830580
417327
989326
349558
304950
148025
874470
287326
6116
206783
723271
863987
116987
666300
115381
152301
279396
341771
879456
520171
984096
732410
31329
484647
617748
651304
7134
818296
665501
886434
200605
261461
705506
280748
906077
659055
324059
265815
437501
704765
634970
297209
44265
423819
102426
550705
60663
917796
288614
372848
492065
696340
340662
990271
971125
518657
820669
164568
723265
488958
398437
402297
682477
282809
531141
473673
483261
654253
673504
47564
268845
943119
404362
677716
179157
550535
234908
865030
959194
965682
92421
694793
381624
736304
772157
552540
671430
102479
700881
863223
6162
885493
508195
554486
927862
144880
395835
751632
328656
142727
586316
564426
894852
818690
344321
28186
360672
731301
800837
847459
458015
274604
799956
973047
184613
38380
356053
284557
801876
769893
889922
781667
306501
666077
222826
65347
708489
454653
240920
34419
222889
452132
410342
404233
881242
398400
705737
21154
630308
218592
368666
198129
446176
373865
580689
390898
837253
942441
644951
977252
513388
791294
916579
592537
905779
834284
979307
965497
163139
705051
364074
27213
442459
42235
287365
411073
284439
997072
570974
387467
84573
133273
425423
262249
825448
957887
368815
646813
990166
682177
383346
734846
412897
937565
353715
79422
86353
9099
435224
543210
307575
899930
204243
767581
358290
851325
771162
36352
563464
360687
535883
882631
133732
288400
15271
824762
304263
493949
519991
129397
399069
833700
427330
526055
895659
731799
7529
759082
928584
851267
994611
285560
283288
217685
612804
977334
151501
352474
276317
753154
531550
292081
357278
666642
21168
693250
103599
613798
939984
460948
699902
42511
692444
686036
540133
817082
17705
731828
111863
385223
858078
635329
988115
19327
298966
942068
744581
620869
561402
240898
660359
546956
513247
985915
818941
723209
281343
91056
876941
77953
197984
687910
154708
572518
664374
414448
564730
482730
432907
169165
827197
748675
299247
498343
63985
181632
504494
396585
28437
58045
108175
41791
65148
756985
435858
819
471710
563652
696694
22287
105431
8740
355335
473195
208356
228028
274517
88785
707916
610366
610657
590053
6039
117782
856924
42474
220405
30693
645948
824874
57528
351402
69121
344902
477139
453372
74294
498117
455264
274110
751838
293744
146432
395222
501027
177168
19375
971447
3282
104234
145099
741615
980162
705647
514322
646689
283550
688092
436647
521899
973680
770758
591825
958072
798091
621558
759575
554293
343013
527255
541014
850053
83792
731441
237855
389753
302507
596813
425590
62177
192530
410212
681474
840224
674319
216240
675344
122317
958064
164249
623712
726472
573746
755649
385090
173618
963066
718412
730754
792038
988561
531332
225035
210053
83579
68725
895748
27270
144164
459043
197206
896501
897892
372165
415828
872454
568158
996915
236459
113939
613756
928425
831890
784642
619318
231729
691660
302121
474054
511233
760733
406405
157018
725204
793716
809882
332877
494156
744046
31475
937139
277556
14939
866888
530796
161560
210530
457296
655148
314733
146419
573817
465043
317015
971767
730097
113094
283261
648903
191575
908005
386364
786596
550574
821805
786369
191850
864293
398344
582817
589506
691855
27373
635213
401729
566720
101229
387654
410843
307045
120711
812302
396553
286963
219370
370431
974970
398363
707739
847375
66850
235634
541330
941396
282185
634633
323336
368276
179512
921228
504681
388184
891420
6811
480060
359096
769732
271203
376562
856345
372064
770678
172822
495856
148535
744908
94435
87336
793160
48771
600676
568022
623701
434063
784082
432626
244598
859926
267920
466098
863678
759442
465963
123110
427893
529151
502358
83556
618864
325591
614161
763489
307819
612079
584225
393937
164030
324267
829187
708380
206717
985565
37164
227460
769115
691746
267353
278193
175319
180770
904498
825347
575556
493342
318778
244086
582889
375332
108069
822691
256155
965949
867558
264435
693458
10382
195003
10510
483239
968543
286272
411098
68336
272739
971584
776742
380196
253212
153307
964119
424125
607171
443129
57588
560720
53682
827620
406278
204236
528442
758900
659804
363258
597555
650413
447895
496893
642171
351720
24739
783537
811669
303882
203702
181631
332637
912481
691450
51649
442832
363613
947715
887580
293616
638593
711415
554088
170064
642623
402110
665936
933196
131291
75174
37227
349221
458897
569605
413094
447511
508596
482622
706849
270712
206725
448423
586020
468708
40294
631932
875871
796092
537670
139465
212206
40305
405144
852216
89707
542655
738074
487825
110406
163225
299744
372836
60124
665960
405611
454803
478204
956083
265332
91323
463292
476110
505014
143165
380343
299707
260442
237689
740311
366588
255207
858539
570273
120873
418454
240595
296583
473035
984811
886933
739147
720528
178677
677178
506806
215595
902186
539504
91298
778660
596117
137975
93207
368634
970351
275466
272423
838787
209621
516352
579228
418129
780830
426452
364640
802464
971252
448459
961346
977634
339162
811943
845768
465514
496030
571355
865454
854502
619878
692045
678882
443217
609920
968276
385371
370927
719393
760551
799731
233450
175278
210877
515453
254185
103308
677498
605223
898770
867232
868450
403242
415757
797303
834582
547044
948184
565551
919336
337002
153778
996709
181544
911250
645623
146324
80063
614517
952036
676681
210284
897389
893338
454105
72898
99863
571041
667889
59830
623020
978132
707907
898228
999314
331566
287337
545650
784590
935018
728129
264828
448413
295933
309250
803700
863785
431007
85725
462485
880082
364113
666709
244511
608921
201762
431426
86945
426919
252896
532825
214809
617106
84812
953969
220879
736890
694744
700772
970408
185303
702941
778451
212569
761949
663496
300193
872266
807999
463182
631683
378088
54799
261215
53325
246440
653880
601485
291132
514795
468779
285445
448631
864949
36938
548247
363092
963627
161595
473560
72885
100616
620077
967673
566607
977302
956035
966057
48539
780774
776822
326442
41071
409877
40485
899248
526814
764657
546348
417708
663665
706828
277131
374123
958661
503698
826880
513751
862760
358757
762494
500872
761680
637054
591110
766154
299199
270521
827355
560520
649391
484257
339714
844629
73576
771813
366548
667759
224257
587926
499094
318710
979098
604569
996270
273437
714778
353394
949814
141408
293042
44428
261840
592627
60727
766116
449165
592583
896270
545659
993237
588654
822338
250074
166435
271181
301438
824876
81665
480944
607490
172738
844263
31570
867112
79379
521066
555253
941173
47259
350393
642351
464506
321931
588506
229766
461688
850519
553109
153139
52735
43966
940889
806345
185294
138375
828349
97419
273705
741004
462201
13226
796734
756963
199406
634864
482577
842588
354779
246806
4704
772723
810038
368248
103054
650868
285361
78177
922147
170159
697273
488263
125813
845919
879612
132258
539595
432452
44403
701154
297148
434370
491265
118104
990951
605256
264895
74058
926488
55084
767812
424672
272262
275030
78057
635639
256610
984365
763182
888048
713696
964020
910831
262581
161611
11210
894799
289101
114234
402229
21064
973779
199150
618586
196283
597961
867953
42284
468519
734791
226029
27726
885467
604171
630236
804678
386024
200269
914026
873155
378790
178830
671214
339563
436990
991609
744539
372996
434686
436797
252588
246080
426126
314711
446819
560735
681714
672037
758764
63631
755680
678603
656965
908985
364702
406946
715655
444925
632579
186446
400944
903780
142566
475136
154549
224986
232385
964257
559243
842021
913204
937228
832396
679052
250471
667692
877276
502905
189350
87546
397738
624214
846502
517205
811291
923253
466661
588329
763650
997695
212102
594306
858070
666488
375779
525177
994003
956702
771060
144310
766076
416169
785291
119957
771730
775757
106375
220460
650142
297708
669110
984154
55251
705421
616366
899544
336681
988133
53291
452139
187086
670781
250243
555293
129722
933103
575013
806143
305428
4842
229785
864992
636713
183700
91456
63954
650374
706141
304748
727698
628860
789526
839927
53317
487582
125984
437493
427349
582875
404148
634387
113734
329714
381524
656620
728195
168701
421370
817741
570449
447604
354166
198732
133378
282932
773776
200974
602977
890266
503608
469210
392176
604268
795022
252507
264830
323996
917336
214290
63174
386092
537121
656358
772715
782397
959286
283522
54260
126790
446764
787549
363050
589180
857354
900395
586855
559662
630372
82432
95885
788773
117093
100411
920951
108018
778612
707979
660955
732008
429281
674573
475612
885121
140059
425853
995620
841172
892916
530180
573107
330706
999826
6644
929012
691070
848184
709133
861885
612460
260295
106826
323451
712904
916310
928957
299163
377839
982287
37711
535572
334820
565274
335309
34477
777346
634296
900826
726576
174491
589831
580905
345434
868301
38063
98789
789958
464016
452702
14409
455784
500734
453614
614281
721338
105978
577461
871743
563361
943599
198171
666978
140636
586935
146130
209676
697902
693442
950030
804297
705963
3548
988449
402348
732366
687403
157815
75541
318977
213814
660386
837990
603243
703535
123474
322251
131365
189436
739297
633407
354502
445706
825885
505573
465107
571281
326588
868936
1647
895837
328426
355974
725873
569858
817597
839440
901664
401491
634035
471985
175851
739139
571776
886863
565230
363972
519214
467305
147227
475998
613259
987466
100311
218133
258328
971772
302903
423595
915417
538916
62994
145361
275956
285515
16666
803965
94533
711199
185886
637491
264463
71012
116880
797277
484648
872838
678161
970900
389668
817380
28043
461821
572041
421804
805179
703028
932376
457677
44312
920838
861724
592462
686478
264030
315611
865030
110467
358549
324352
614054
365085
728284
290472
685650
22442
510226
607247
470806
863297
428201
387307
943364
799880
422739
325686
52180
45469
780050
22891
517614
819943
683404
488466
642998
653756
50084
13589
591226
421797
133783
541010
304374
280710
441070
226352
937542
337805
491955
122379
678681
197122
652093
628807
826779
928664
613375
631758
987000
587215
57906
831723
787056
407262
276127
65770
976701
858099
35771
440357
626146
528519
971072
120021
660028
32560
691680
401430
993462
302405
508519
202474
255000
637212
29804
304871
962696
793607
164590
595063
372824
203036
930650
913522
273734
24869
567124
398120
587526
354995
546743
845075
406738
357281
371637
308754
473804
487095
251184
250538
885220
216409
181420
468111
951373
750758
574570
890744
575617
882745
364858
620795
759658
452079
132928
671626
871161
420917
763547
894816
534052
541576
579006
524228
783109
136906
49544
499751
330292
428152
716025
950070
800336
60060
813766
368866
891821
103812
870518
226440
409422
183624
899474
116956
377067
691888
358623
51863
288141
359658
723932
947388
31849
420605
817275
54930
110156
35680
55501
580697
336976
862260
631215
506972
165294
106212
930593
364287
812586
761702
23165
607738
22607
819590
872959
73923
669479
88748
508616
502420
572101
227420
903210
850236
672385
855549
732713
664010
945112
149860
411363
241106
395648
428465
67724
77903
448109
923143
595739
513251
435444
176942
874843
957706
639913
583505
512730
365601
975205
996930
865623
255990
816808
180301
848382
354012
650182
627223
624061
237140
57709
300809
450867
341392
582304
289130
172699
491473
961199
222414
200073
430455
410193
45793
431538
570363
503827
638077
905725
486548
986409
773331
889013
623898
782560
650827
877551
617752
829519
860491
298066
343259
426999
761994
66400
526152
581549
358026
604180
544810
857419
848069
923910
589886
163109
22541
209402
651900
389825
22884
429729
946384
188457
41533
322307
216168
37816
386741
125204
602859
437168
590639
499735
498546
271619
190495
391758
139723
489216
428402
610178
986700
735450
819542
550441
497160
521385
973464
361345
969889
876166
859242
932342
768386
958668
192570
826323
722608
592808
258432
918741
112372
274303
184981
613370
117184
887106
792764
12086
259633
525074
642331
934900
171487
964736
847403
305022
820372
277677
954575
203823
625286
9808
873585
982734
469920
559175
149294
576248
217466
362976
634664
443526
382137
325605
960181
703495
700404
606089
418151
731066
663645
78439
114872
997522
929952
718854
385604
14318
721451
282089
189431
392388
587453
123205
452488
450427
855169
579630
515328
572067
62881
213291
966903
575923
758881
947275
194726
439940
200466
975002
163351
503856
838695
534956
853897
371355
371094
934660
484946
669732
618830
303848
362703
301183
63782
597285
854946
540997
626669
146388
158486
463355
634335
634041
956069
562540
991143
802924
578898
7440
322843
141152
333967
423257
258647
517559
662955
802329
546116
188614
379185
776308
81547
616314
394896
891676
203719
469972
864479
206739
299607
215706
393294
260023
864705
972821
56444
436714
535801
881791
198451
870996
261792
963878
367298
288645
623465
828875
30818
890145
970142
365061
742322
679385
745126
293397
281419
472102
781940
3839
809298
734271
681806
625360
548560
598078
17232
693056
660737
305648
390030
105915
10183
169208
784144
488033
948140
173663
403869
235136
817824
846889
925496
364800
486857
233364
484697
62913
784886
758139
98754
829208
988255
507666
910785
124281
270644
248696
190007
221964
472245
734016
84664
869928
552080
789258
254870
970607
421654
850606
552884
688664
885551
155694
482231
272769
228507
564127
570323
750627
552903
736629
610235
364295
790094
622805
322111
472853
298105
607105
618997
507189
593203
257636
808166
219040
614463
436482
97695
702936
795893
6707
680857
561860
678512
211324
494021
193164
774117
61714
309831
815082
419710
614905
657832
263860
539229
890991
669564
259059
110059
291509
68789
632307
926070
894773
618361
41820
977761
624550
366450
140019
659195
733749
212564
909810
43768
857436
115138
845074
665832
644472
268617
401859
677068
204696
636833
353893
833109
757921
191839
618502
110838
645389
350596
14292
348417
766517
509440
380139
986051
961606
699213
506169
714149
742559
788936
325912
912575
613352
401732
582020
93065
857824
334969
218572
102864
302869
882795
938310
886180
427286
378620
153594
591772
396670
245844
745880
252020
855800
217841
415207
306035
644275
36290
858857
294424
58122
764075
986030
577718
205223
406183
532800
179486
960502
604476
421558
478115
966695
802663
813598
543101
959790
8995
392854
178772
722599
990110
832917
738184
688913
295213
515351
481017
46121
579119
493642
249090
951946
469242
380762
490132
548146
587958
745803
749233
662398
624238
834712
771768
767623
624284
645912
186512
2451
64799
32241
547800
283272
699834
352711
994833
386475
580965
241310
308929
916163
807130
156857
977236
366001
770327
922595
274546
277299
86445
655434
72969
96302
726910
76134
18807
318703
187948
276663
365133
120357
12616
173105
197954
70985
889592
859247
778635
212125
870195
868080
852177
731192
248167
169628
133838
944045
876945
511958
586605
412233
468064
444330
338979
267794
953295
160446
659454
696113
142405
20222
698769
258877
191287
501267
663868
444629
975493
254352
101541
45607
466329
222479
784070
522761
768036
86396
359430
497572
851622
448564
894135
171302
19196
137976
251468
633141
458453
90967
107145
871882
363925
712557
561513
956303
248274
567146
232361
556988
500044
853776
237054
585459
736012
997947
832833
836020
662548
153676
463885
374351
903071
731933
205790
93450
484880
387974
473827
280846
643005
426338
368095
828917
751276
10890
963018
110072
936535
75448
57817
677058
665591
287665
412744
819083
845100
985322
216751
957120
415550
706680
151864
915958
340399
468221
309409
768344
902748
222248
100878
605826
48112
362203
652253
747601
949103
63611
392383
637746
590146
836853
580376
62568
903538
769403
689847
157354
325391
658416
901700
36372
90840
470593
512523
403663
255240
158187
155342
59838
989351
692168
594001
144196
459830
27958
349960
565220
583511
826068
523366
154927
287523
841603
550480
215508
105948
701117
401792
661496
874722
110890
639485
878674
10288
830357
709151
64616
304173
782179
479137
799959
331841
202725
3055
572535
990153
813094
503508
57379
571139
358120
503158
10431
370155
248478
452360
74632
925028
355195
49262
493891
313088
8123
860845
414548
608761
928317
15122
262498
573373
47941
612094
41316
329037
416844
495199
305732
303299
971814
772543
272632
436734
519310
584522
761447
850801
497481
524879
457929
838568
387414
59822
150273
4798
785113
195181
573404
180889
600475
352178
177976
718121
337780
809156
305840
536307
551991
529787
872687
22279
622909
762256
753253
667423
136981
814944
582644
768515
986011
252535
689975
408149
121262
476151
605027
202197
381374
147772
791256
276546
705705
49305
648983
100896
652519
627044
931414
267155
427638
173413
101131
558467
444282
2152
166461
433425
372483
157333
348651
496366
353773
379584
48285
840874
422375
91292
845155
157155
573710
814733
927114
665060
549216
766698
207630
297090
111236
880860
396924
358609
984189
127367
200321
680796
894893
775287
976250
57474
8189
688585
231678
152247
893055
126819
135422
884170
794165
237473
150463
128070
971681
961472
744964
427175
923889
358994
970570
835211
205291
18885
376459
189388
104216
943175
898048
838121
475151
540719
166245
815966
677997
978510
352251
956656
727685
64893
782596
395279
887773
505517
336172
841335
211475
821589
699419
519442
369547
551306
635100
755111
689553
115531
239485
294104
500383
29116
954384
132244
42085
606703
235108
850488
43064
62972
604374
240093
38922
871353
699302
643009
873844
818541
612625
470706
790171
973222
399710
183484
758387
880552
675232
773266
959904
122381
491410
229145
439988
351835
789747
184205
213277
161217
156097
481415
911211
677002
526753
43115
944712
648420
648552
73149
793180
725740
723370
962503
258379
550897
35634
343212
136506
542195
554450
946252
438014
64430
203249
107845
613004
175005
765387
712063
225812
764364
745128
402964
27120
575379
136574
58275
491349
101600
748628
829798
183704
336339
715617
542883
954237
777505
599283
477867
814559
487081
968809
229057
806201
856240
672722
965951
890273
64723
237863
857982
970854
296745
698517
748835
519247
142997
121328
633460
651974
884396
590946
292887
116650
53125
591195
102376
658675
111543
907274
441560
262248
181944
957693
753544
111698
175087
380973
615244
2255
693083
629491
726999
277914
305041
950833
332453
307120
844571
13395
81742
200019
947175
896694
759651
641891
702270
211255
745734
383515
839144
444473
13559
284039
33025
206147
20212
511174
295963
126922
142466
973673
204816
938128
272971
96999
919215
303626
677208
787299
284164
396841
40452
200706
187483
881154
103378
53537
19161
862097
568394
390878
727774
951643
601869
964717
923333
639883
83820
669707
898465
840246
810590
234292
464213
654799
4318
78622
96638
443186
268078
605609
293001
443995
98111
75490
101710
15455
493746
486187
537721
597157
389069
920967
536841
246617
182573
204370
724915
740544
404386
635457
524688
523803
236988
552254
777953
403104
36760
769007
523831
495696
50947
137490
433250
739596
927492
317833
389071
847249
904600
969605
848676
527874
103689
888686
71331
81855
779725
953689
34692
624804
830410
202139
878752
671616
517729
910920
406407
683282
613019
263654
993739
995524
25492
764880
632452
270369
826134
566054
152922
13652
34160
533475
632402
790566
826597
927855
179883
343425
657828
340105
747384
18476
940638
402514
924487
128981
570448
786513
369859
873126
282322
351362
968057
688496
790731
62428
332600
815010
662092
450886
201619
127943
856490
858744
890788
292957
736431
191428
843007
309169
854574
206911
837197
168420
966944
97684
20075
621331
955901
11701
624507
628340
409131
362370
777324
756938
97227
560304
889553
78279
370527
941877
149198
672109
85758
964591
468018
424138
497039
9292
310084
625695
915936
753348
198052
711692
636131
542727
678986
603345
72098
34876
875163
939276
595212
508737
370428
619986
942013
564704
544391
879381
398758
201350
101659
296561
499502
361686
717749
198756
384490
212207
997515
94809
302858
791985
747007
597766
317189
681189
963689
416729
940327
106485
760831
992404
174469
938443
73165
957683
239880
115173
244470
878472
665176
937863
57046
519186
112266
524697
994374
801727
928526
203201
716562
845024
23339
197063
716373
197177
108325
583888
57659
848183
425669
496462
737818
678987
8444
702987
683005
12453
581134
412170
258263
610522
633128
39657
448705
661103
752783
22423
859327
999567
480734
617475
604109
633945
778550
645855
519688
957297
568118
288306
108087
536039
835567
185866
205604
350990
824371
695995
520878
420351
931890
905502
317557
444293
195875
17886
883565