721127
597563
536397
752391
491254
319019
568025
596148
596733
392550
975225
30389
789723
72209
233932
709246
194524
218916
373716
114791
421036
332097
30609
889306
916464
756705
229789
256090
795253
887157
776305
51073
593957
47079
419798
106003
629470
848628
387094
103348
593655
554018
455749
276348
759345
13158
891478
368322
824499
734061
679338
636932
425136
669849
516661
124463
639072
595088
16938
893299
457186
417653
841602
220867
937476
901044
989140
120754
740764
573452
54306
696431
188922
194838
108780
93761
875715
58336
817207
688418
656247
300735
874383
775112
380170
305186
523668
776658
151399
611240
948124
301969
369693
141376
432010
230297
812356
664050
190661
845576
433252
296283
550014
24981
285722
87264
94989
679402
129259
93814
871907
782958
394170
870855
110752
84497
165838
346464
476904
57918
224593
238962
518735
45456
485840
366771
920599
930066
483872
688362
781759
585897
908799
734644
213834
412717
87649
698112
769465
680034
583580
7945
702804
924171
512853
301370
103828
766795
495064
993965
856500
321198
456240
510866
927347
190210
211800
705246
72482
770989
371074
189452
152079
687550
599591
435442
848080
178436
2745
687179
656413
747437
256745
328433
47121
591238
302942
913043
266219
553098
904549
204117
662297
361017
851879
408867
142213
263389
319314
134843
315637
436907
875163
797477
609833
455233
127729
784049
663310
66939
669776
605820
647787
467476
813706
560975
76738
628184
499386
288091
419344
610070
812400
66037
539113
220141
144270
51020
698518
472781
883931
425769
860348
344509
146234
248359
698839
624173
917865
420415
545634
528420
496881
566551
594819
643479
531990
170914
835949
239200
300720
122193
635341
317168
19067
678007
904144
452260
64406
571115
393988
184909
209602
141703
317273
389463
209614
785581
507588
92859
450905
766127
588942
756860
628001
85574
131788
309972
323204
523291
288561
256303
394084
589332
168107
152610
322834
782851
238621
452357
777324
647096
238211
663243
370754
769182
245684
721283
476410
964063
890120
888724
812962
93666
514767
777507
861178
990168
195586
284741
743944
661219
467256
425244
161811
76529
390529
777629
679076
407881
128158
13782
108275
922745
249948
277456
651351
358147
387624
913893
90869
651812
587633
700641
912860
993746
285561
410216
109163
846346
379680
510055
878147
357007
904231
542986
933855
535815
380747
249495
354264
292201
387113
970112
753191
393684
148544
191366
326868
659083
17718
953000
150162
480522
139595
130534
370153
957700
720863
737723
317275
280796
2739
43819
746916
187598
731377
175515
954173
329309
357479
452689
440095
588274
634875
334227
838315
722561
17162
816639
434343
281584
80657
553454
675128
677266
471820
724622
656114
70497
654498
311287
705103
791108
867571
553461
874208
998733
157603
674043
70008
787937
483834
772066
119263
51902
967795
850027
76912
72210
174017
780885
175543
606676
734399
102060
702499
348685
149306
176936
175875
875371
527689
705686
775245
689915
263801
163442
900730
400912
56302
364878
17803
656088
855882
951999
216947
898697
773325
787003
223849
26130
159096
141737
174133
636188
240363
16669
269412
422030
367631
602484
4031
129865
190707
6109
640932
31759
674586
279497
321506
28582
523949
97216
231362
753229
310623
640934
68332
438392
593186
47115
522527
536601
84859
366211
460110
904777
412197
376941
151661
858613
944926
472554
315252
476640
975711
783888
142799
87363
955690
467406
600323
11284
650302
727376
326153
621969
887678
90939
912758
154960
508916
692402
16241
452022
807899
433188
931309
476860
156908
50237
650012
708080
400355
965828
361651
626456
480656
378687
194532
377926
354106
293842
708182
637930
469055
303961
235682
110418
839971
85681
141953
713981
524497
372814
255756
315942
87231
884520
211335
610631
622993
488776
811555
390403
677094
493648
667080
239422
273512
229088
55980
745659
119477
796446
806644
219063
750128
959449
169900
62990
214368
511657
550454
725942
429836
768404
783502
655297
861016
396365
852859
177588
416856
830695
774834
681369
638379
170058
409724
513835
214139
268598
682778
93455
21751
925466
647283
121686
609631
303259
717744
386565
402377
368205
939739
978206
183513
513309
559837
891798
315955
894987
935742
267900
870238
73652
339321
706821
260860
422980
312812
999319
30793
65725
765597
355576
694532
416308
223515
398017
958287
821804
513855
970805
579406
342392
94647
335808
717966
590116
382039
586877
61419
96121
941632
635597
76197
866452
353787
152183
40091
486475
942895
782325
891197
133204
94354
966552
455689
499749
465914
104800
566063
66314
281406
858547
751942
172779
600805
901176
86137
344613
149957
170229
742750
42170
892821
568637
406808
197355
929473
321731
206522
18219
389426
878545
487797
601753
848065
994419
302770
962906
537617
541198
651505
138861
47045
641530
210705
859514
347518
98106
360358
719655
1619
532447
356503
515989
378180
469273
695679
41106
892927
452830
502579
898240
523219
941038
509037
694764
871244
890514
828970
36349
719806
793849
628471
776695
206081
763930
287117
945230
246615
787854
673266
695321
484024
892737
491827
600931
177720
782428
893868
485108
101413
534110
448501
832936
875765
891937
262369
187001
592655
585614
181131
511939
487200
524179
499347
28591
17496
887347
920949
488256
382519
693308
194758
487516
533766
953125
600140
869873
882185
973578
173513
878328
328150
945059
686538
337347
528862
797522
632881
230661
56883
329720
825677
74337
586963
696079
45515
760546
147787
774963
232990
807706
750157
119550
764780
851715
856109
686797
636918
363101
327486
266563
436668
499137
376282
838542
751238
352991
678596
425055
815445
886019
641395
79699
530032
359033
43384
745522
604908
986924
211752
739638
713248
817227
343265
993246
238099
544287
970419
344655
46542
529571
596544
625928
142574
33984
526404
416269
597707
138861
873805
893317
127772
401704
829227
317069
543550
749689
507257
898632
829486
656599
628781
640218
324044
404534
71864
703550
856676
931158
476381
580091
572947
532686
93281
498875
494392
541376
750111
178963
557042
799781
908120
214948
863748
693786
555030
971362
321306
375479
825066
332365
630429
889757
325683
203706
539203
467535
377462
228092
27645
250785
437486
326828
824927
965977
321118
222558
563871
546599
791297
845651
770894
804470
94610
721271
676516
474972
591839
28244
225464
386980
140643
206959
866668
883728
184679
783712
889780
888085
876581
449619
609224
560461
561933
27219
129764
270952
700868
967597
985248
940370
732483
278956
980086
635879
388360
571621
513559
80970
926767
811702
694528
113249
505348
664043
98951
330125
226934
46306
96423
855330
124433
553846
938546
16561
116853
454017
278405
721172
313480
39708
828971
93124
313505
513036
658206
461615
790991
504739
738781
586758
795252
585649
678815
162913
521297
649593
269622
174140
436935
402358
950635
678315
361037
402799
422293
221968
969207
218281
323564
500491
16538
557041
321098
661022
895557
571045
903006
327643
69770
880733
330751
762606
730390
748709
871276
554855
189836
75577
571351
817993
878611
38648
820358
103990
56088
35161
185590
756433
241482
14900
762901
55981
970382
701243
738610
391636
510001
549754
135156
34852
376783
249219
433430
591918
656232
869905
563631
881734
639113
103410
136364
319912
472297
783570
437187
849527
110875
865666
363929
510715
415959
737647
237999
907762
223281
74613
683796
933973
165676
789942
810090
549441
389886
664569
903412
696335
106321
575734
655536
125602
328880
888477
360012
382771
571332
104433
181771
420438
202813
73878
486024
693976
35955
888180
925004
346078
463588
225166
362119
354397
590021
191017
145179
705882
290220
40587
90732
930008
719474
610780
530804
719589
899675
597076
864184
151318
46286
617048
83184
856257
632604
390166
919111
612740
132383
393968
333351
704554
133314
877161
136114
892331
309721
102934
94240
363057
252217
488284
481386
213982
905225
981480
678860
670312
16790
404779
775758
975384
955810
531997
833251
820968
455824
431814
595784
900392
471414
103409
357932
566881
989401
169332
222910
187314
551039
78125
530929
754014
469464
31538
315914
539223
756564
982013
804449
554831
517516
646580
689594
891300
211725
530951
607589
785329
561917
42770
171507
630998
806706
20613
853451
835243
53460
583603
155903
654037
407920
909893
376609
12126
157338
310560
288299
133867
532820
43890
634163
190512
30092
30631
818925
405340
174140
132119
94565
743552
56991
644772
859402
102159
898595
797879
205088
68489
365581
374826
57418
777795
877372
826066
221817
90555
637087
731433
910846
4858
294360
261080
821933
855681
835555
331595
389438
915795
190947
532696
864350
84584
413590
193008
656812
620240
510194
346741
995594
292526
744445
196355
798908
571267
493760
585801
808736
865287
126662
486677
895795
73780
158439
558626
548234
190201
452742
98298
690559
735920
186529
696648
454624
837038
689794
309551
272813
947098
241047
589535
837831
113112
50886
451586
253511
49257
172460
812064
58256
76758
272292
306565
21
491072
689109
774878
886752
567515
221014
53973
93890
631221
534315
602523
382092
64967
902424
531704
720980
346316
299531
994787
333986
534310
902297
49414
317392
558425
659959
839076
760528
277913
273403
595668
922440
314776
747050
329164
847870
691636
397079
624342
552604
523247
829826
231913
921571
72340
887405
263893
897044
457246
862927
980785
389217
30038
473583
33490
723845
692395
972935
452412
135967
158089
290854
852470
221423
72022
1618
210919
478334
390604
350155
46502
863284
999380
296190
517754
837969
867396
949303
77141
740746
708839
455469
803812
24818
491879
846998
121656
591433
133608
301179
669605
84346
309208
224695
32908
506593
662773
636081
289477
756285
991608
563980
141195
213516
587373
660800
501288
252268
615126
691703
14805
230238
137496
733912
864371
974418
18804
879728
467259
76825
385234
436093
889833
650811
768666
132827
168156
723307
603397
647356
36472
880108
180342
937202
242170
550816
207099
371353
969895
480308
656728
758987
358252
67428
381662
910620
205832
27302
424686
311824
252003
510989
943501
791883
846956
191359
899669
769412
412454
733097
505059
752066
839649
908837
33373
838706
306679
745431
988463
790405
319041
427597
844686
765772
252489
992171
250599
655345
905954
639996
482410
37583
20712
805716
363317
494691
485531
982723
932969
497683
782475
227906
665097
74
278899
43972
786265
522342
17722
550101
537743
238933
214688
900558
872194
939330
572039
84676
97934
682180
107951
705157
273492
652048
925282
884349
834453
255230
838285
318886
184023
436734
397554
371579
907547
921681
615763
714789
547683
355489
851318
708108
153154
475854
661469
940763
856414
871526
912363
863364
587871
49103
298853
398139
811946
492262
506895
79926
993330
473176
394530
715316
304587
990190
682564
618874
561163
149350
159824
215283
950052
836431
821872
318179
625991
267443
735458
845190
41138
629604
462531
453517
221973
337858
24730
769756
930956
668579
615397
896635
993998
442492
5521
513019
599264
35243
328522
461894
648814
696936
441784
761013
289488
828339
121953
549530
777286
689341
512769
330952
775640
914156
485931
182174
597766
683394
756209
48638
678093
79317
636481
673491
448450
767420
772948
647150
26195
79905
289906
811024
514516
909117
933023
396137
245701
532106
767046
112157
824641
491127
85100
500237
674742
909828
162015
496978
16915
189137
870106
157379
61523
904386
569557
403349
205122
121518
116035
960574
544167
651795
290235
256530
301118
607098
958618
441075
669145
681580
452477
414159
149969
906913
134203
697971
334090
98592
968349
963006
365860
209417
541157
109809
262461
550287
463955
193342
622971
597788
555339
968804
482385
248018
483677
925450
374760
169768
585479
561603
354820
344537
902410
171264
644934
880484
182852
106321
774457
405746
246237
345347
817964
138558
928060
955981
157943
245132
776801
912755
922004
31948
905338
129335
187592
156887
553365
137668
638683
486145
639950
823949
401614
504855
503864
432104
65577
818400
252522
952141
584468
658509
283530
331031
841546
270674
545071
198912
190762
252417
952717
539456
63609
92125
339200
788048
574416
231019
90008
160089
82408
368063
603122
762309
78253
282263
121196
482851
138382
415615
918344
270945
135976
33391
618851
887285
500320
277336
697167
669479
420639
717839
268454
14547
388473
855541
526386
580023
154520
903221
159150
244684
283991
296723
741846
908928
207499
199287
655663
265592
757325
422180
618550
388201
630146
49292
3
797056
36843
689590
875230
148360
979695
810220
313876
286795
175046
187865
469116
471031
770818
888979
645667
644479
289913
446592
282747
376379
418834
275732
604758
941588
315974
411536
237373
117500
150316
186020
142989
444653
712202
662186
163483
984920
981097
976086
744028
778416
813537
912997
317651
239977
902441
470210
184055
120620
823591
813874
188207
310705
265853
341428
624345
323415
892626
601534
568491
721186
548937
95331
282514
893922
106082
366646
264885
604232
989932
318045
934177
760156
435102
542569
104517
468978
587877
9914
555665
972492
723746
89649
878363
950183
855790
364422
721738
984037
371797
501853
187044
149316
298821
296199
409
213472
452548
821649
734868
515478
489351
784620
565012
525059
481499
344209
143615
98653
251621
395106
371575
156289
341501
827063
802100
108704
812163
422074
579693
251238
823103
239029
29202
382515
191276
876957
537135
82411
881792
652649
434407
417629
310830
319391
114936
680047
436439
748567
396013
290593
203409
99227
512521
830787
34509
279883
986060
288741
598301
508079
428641
979459
622293
553901
815309
150304
170649
169697
19749
330787
426135
605370
79970
129909
474444
602738
841409
482209
939175
691371
113607
319889
106838
116041
351255
974121
299648
895066
600557
730791
596023
375525
121970
28199
583526
835246
664882
424375
376026
540998
322805
79255
491071
306301
598553
340970
679099
284505
702310
258782
285057
628553
793624
26024
420247
472719
615149
464153
579805
632576
805626
965038
94204
371192
322347
804217
543343
488515
699654
302480
490811
80596
717550
467659
7624
554438
366735
62047
608490
892214
437046
456002
721191
214109
600112
805214
518700
827790
186257
269927
356053
950808
709971
503519
805738
956602
110368
464352
503214
11573
537970
373098
501186
870623
345613
788935
843155
399910
200496
602750
162596
123971
625852
917493
547600
779471
516364
258149
609321
268409
684183
470367
156831
892364
185793
840274
637303
841867
475761
887314
308311
379162
111679
225087
237050
161104
21669
592699
982138
360356
466544
34455
479094
287396
829913
212684
393928
772799
94410
794817
331539
425272
325493
718212
241073
141744
118759
766018
329993
903742
124443
318775
118989
610186
963745
467638
980381
925921
787467
266964
884851
256950
783083
872526
94454
98139
432445
646468
303302
954227
586145
960762
152360
305308
31067
821602
830483
993360
12247
866896
348099
475651
914319
221039
754363
31739
580355
677382
695101
872554
156717
394324
48704
983327
689306
569729
799725
323057
376577
460894
203830
935082
676522
740381
541751
862657
564853
239561
480907
800323
818881
64621
786618
51091
215391
283629
412400
397212
625945
82097
514486
497258
223148
296953
225755
469298
474170
861937
636552
908214
553748
60721
610356
209800
92331
693291
354997
754509
156060
308804
870122
981539
971312
529003
970855
761754
847898
996491
485339
655758
199413
157186
353891
257663
968812
443380
525085
885220
187842
292067
331048
861043
157124
396670
909969
454283
570664
307274
312558
772867
747965
387420
567804
846623
91775
227697
408337
362568
326144
553924
777140
395590
45233
704566
50208
218898
72580
474
373889
899083
590399
558203
930564
688298
618655
786861
394781
829840
967587
315084
975040
908330
111164
662846
995262
552704
12133
462060
502929
720010
961244
148942
781334
158506
46545
409172
563947
601144
816351
339132
243983
42408
923428
860396
193531
608167
47456
163218
27314
416809
596921
841450
845489
611169
231098
839817
934807
364517
424291
95738
840151
935175
209492
966900
876394
32357
773801
429830
450414
465982
937517
405844
531365
10815
623838
663758
280667
334254
526327
716352
264862
768509
755584
845072
50409
892308
651698
129745
559577
852161
205991
705175
490028
558998
609675
693053
274306
849045
892770
216836
813672
223243
931244
140291
950076
79258
822432
742543
355543
862227
272355
578801
401300
957907
741385
346954
569740
883781
26017
804836
872632
196313
773133
84843
886361
454240
628617
299254
205524
268069
528993
312589
124284
645265
941699
799796
658288
121793
228447
832453
793318
840115
722309
139179
627256
241508
423750
970129
309574
166743
822825
873404
739309
80368
151907
17531
308289
434010
672491
935789
665193
200176
832841
527831
10601
297039
515818
789057
274012
639968
936502
122880
847171
994117
109783
412627
762197
240556
576355
572372
976088
109931
716064
90746
316109
130873
446192
135681
762554
982032
588967
232379
238206
563727
392114
654132
967225
206346
930979
989340
101304
356908
441920
247172
194401
554417
359394
604308
943235
707887
674335
87219
148487
571718
69449
372613
924139
908441
616692
421114
151511
637500
986269
290939
813720
211223
617492
811076
135083
115053
240151
443915
512542
967681
617882
18795
584934
936506
786625
650927
648027
361124
583352
632377
594719
707190
993863
557723
365890
59876
633614
649803
855551
669641
317078
520064
339116
555753
82940
279115
37943
12097
180186
160701
801396
848309
670858
792626
739932
304676
386214
953789
874751
225441
541150
216410
521358
3336
795922
987796
777119
855834
988116
68888
903808
778804
715337
312189
277645
401997
406840
735387
911831
506929
94524
259036
547268
53718
793840
497621
605056
173804
621764
366912
109850
382827
909790
129905
999531
998144
256569
142660
288573
200741
926808
670272
189487
54442
237367
659729
634785
423397
432813
960311
305072
752446
770472
571629
434856
828704
986812
323892
973704
507222
91567
509172
433462
615016
780669
388725
94565
398911
505276
68091
736464
874185
85371
641094
43882
675639
9980
460212
230505
812734
612876
481222
853318
277089
330548
947161
527151
52076
467107
953521
525744
800035
904357
366923
230656
924195
855120
684622
804609
95992
247790
329445
979413
325837
989778
909232
29106
973040
515257
63381
840805
228098
117690
169526
54303
265057
235161
191170
731784
740265
179518
3995
964254
825392
708767
139515
285082
445928
46553
296434
345665
945282
716924
653271
943912
22638
818978
901589
706256
658856
14788
236439
342472
469802
756298
270703
412334
530147
272070
901220
548982
963544
331808
554465
388296
509096
553641
232624
459551
124722
891237
256116
642995
993145
192612
525874
850821
272919
76434
957192
285394
587067
447971
129431
19877
714833
13458
688679
441425
405596
824602
29065
343697
533451
986471
786498
338447
101493
856833
574640
885302
128563
885075
103502
630405
445733
710258
326921
319602
555389
573857
710383
945609
879393
485050
105687
735829
199789
856719
44231
471704
362728
546471
883957
91197
832983
16688
591301
618780
900458
428252
571439
208937
805460
278666
879165
755458
410650
437284
952053
146839
690796
424819
616842
407662
19580
255526
340736
849092
614544
465421
542591
448951
609837
379375
486623
925336
233543
887279
925147
88758
99419
95323
147370
210812
817853
22882
237718
970947
766909
581708
378850
425349
431309
586142
651583
396349
561430
411247
41886
390357
955233
1950
95531
752952
237951
628343
807982
226501
118156
370310
321066
925735
720571
316372
968094
494260
202098
884389
921384
843923
386432
219881
897775
943535
758725
289834
671901
506159
572367
407613
190747
333408
764947
658333
650102
35595
831287
620949
359132
953473
285743
549866
162007
800333
922644
121578
407245
301563
832878
565527
744564
892591
997238
280319
926434
311428
881729
110747
66738
316293
259920
240627
942230
215791
537007
48612
558510
620530
299762
926166
161825
363212
246057
394616
746165
602884
560622
719296
332821
70409
375812
421258
349693
600779
441112
989317
334229
287943
373670
477156
964011
183400
42109
515940
60388
105237
496695
593987
886683
698345
989579
165770
149370
458348
160684
726789
551420
566544
918034
58718
194015
126320
788195
856427
141572
455454
916560
983784
915549
594568
498936
809296
94286
808359
591774
985014
362121
756812
630029
416537
777728
679052
679830
308606
27020
379854
846663
670457
597736
825938
681244
261561
952692
720786
43921
106669
131127
772194
737479
422321
609222
475801
241637
198708
607454
778053
775428
286185
160541
225870
817083
87055
169140
766607
861689
488279
752617
958457
278684
829467
313320
283396
34331
824482
230936
187294
885130
950143
541073
882208
264584
656423
264109
978829
938572
966208
393495
189771
733381
24006
250481
812737
92361
552873
758075
730096
947805
819244
40267
77568
951580
182549
39043
24417
322022
218094
518969
932474
572437
768528
699525
285958
239043
949666
975118
132992
480669
724941
889869
699985
456003
797666
287479
983291
519956
840531
972239
9580
950316
322906
127018
928312
859268
909157
947726
111390
625258
165775
330919
968780
963730
473265
901013
156045
663141
381732
882831
409031
397735
1704
850681
520885
770777
870734
84735
117282
60210
718544
996935
243861
556106
15196
250254
589661
365147
744378
271186
508960
157516
729577
357051
903304
672005
231569
842955
494780
502272
550762
214843
773971
829937
953475
770283
156943
623116
800385
158253
826902
934295
400120
698914
614171
617549
846306
633875
859103
467875
470783
225805
918981
965473
496864
879665
699452
778001
365984
648197
322743
835111
935884
542882
498485
1026
796076
916485
621149
868705
814432
892779
666989
243727
178100
163180
316376
865101
502400
530409
676947
144171
937995
146215
846613
939234
599423
201757
493703
368728
298258
459019
299948
944620
390043
177678
467094
445362
548942
398844
324660
77248
134694
963695
797261
898757
418846
298513
461441
869967
130646
125066
581096
886553
298935
993424
819722
181784
730917
982933
723101
315783
24701
673626
465912
555188
305616
115563
497480
680040
577126
267084
44507
644268
788800
569618
109202
610623
909877
126766
478804
242541
854369
272493
52178
902799
989644
697376
86940
442226
781194
853022
865616
958113
538499
869316
472545
747661
475015
169324
859018
856158
352634
801118
294386
424059
882981
42780
562685
885096
969786
610654
82459
438385
735047
20262
685521
65540
522936
120240
205635
229894
544039
731701
775623
812993
247684
644126
273764
389198
781826
380969
770606
929183
728974
720086
72473
782966
664658
816476
132667
393250
32370
229545
464053
588328
572216
436551
102209
1277
476486
305594
174248
296572
72928
890543
765184
901993
8309
826653
673002
558006
782094
90539
432193
990132
446767
308558
280760
313488
300819
732599
841983
64746
35128
433753
846903
742396
947844
156622
635635
402977
326256
142653
360710
74681
643058
359251
767624
230611
956835
822762
796812
172043
819555
803418
190043
509837
181490
904829
682479
638285
568079
624287
506994
508083
358840
419500
674983
626288
617055
327691
137755
558483
735400
921644
103339
211500
758523
318446
269313
441095
883215
416916
512267
107019
998601
441735
178726
466305
523450
581279
501887
306101
868214
241003
47604
751886
291359
826442
858642
607566
550790
435747
71509
928279
111013
415173
198861
914847
56219
188857
972065
732238
368994
65103
903789
876609
423986
593837
491990
53825
161082
69655
303554
244801
498504
924528
343627
50452
639241
226626
670435
378952
592804
277368
128387
36411
578318
57073
704132
680986
954410
755666
106882
469848
412310
877012
262107
165377
451116
804765
6349
528418
296365
922552
546654
973945
815168
102918
517307
477860
972337
624795
974883
572837
835667
280421
446318
780444
701751
625289
677524
829291
896507
472927
187204
994716
445828
473334
442186
705237
871250
252839
361992
403817
824103
20278
226175
217567
840926
246443
607991
706639
39424
168080
37544
937749
930668
151214
408975
662339
841802
529707
226820
989953
665566
182355
190812
983245
74813
23190
239221
30591
601499
128815
668420
549248
825866
122487
322452
417413
800621
99349
198125
188164
865671
340814
864947
713109
903377
232563
93291
642460
132933
386482
744891
391344
362250
235489
174678
241503
196282
733107
583418
997181
827553
202730
731460
212179
389614
136819
459644
414367
652870
330104
819971
655868
452076
831588
246431
570017
579465
531149
323691
157065
422627
512828
477414
789231
269258
80194
159386
849114
268573
932330
640651
124899
612664
602579
559106
649909
215131
807736
64276
515303
634894
846992
201387
301003
528797
6131
552070
115448
829605
362992
60627
326910
107586
68588
72331
261463
169071
404373
406083
49920
779650
671016
645947
485912
383726
465167
198184
445892
838799
890802
396131
647235
541059
31619
778218
288546
593534
898748
90159
9419
374625
239195
483694
363708
875571
983269
915349
169119
217741
983287
346708
578507
175645
391604
219815
136874
889321
735032
533160
727271
799857
958888
376399
716952
95831
707712
207642
762976
439153
869913
563901
928302
339573
563644
36647
168021
259662
135570
89190
392650
19966
122046
982553
369049
836308
696740
986592
298819
704547
226328
82978
595962
880077
346290
288570
480530
518479
10776
247015
136620
323689
521869
536553
721497
465085
936379
101206
381792
763368
776897
739811
648238
560870
133308
28048
650975
830975
69618
923298
203099
452985
839226
192738
749988
295977
857005
321819
998107
875712
847405
821692
364798
723750
206993
382382
127793
570599
960066
960125
665766
100864
702428
386698
375272
356726
247761
805276
407293
148189
925499
705760
110607
301416
518596
216168
22214
985747
528510
132220
282175
902243
968025
947407
173526
301663
801050
485883
780082
684327
946462
882540
287524
697658
319942
18277
996755
116619
163221
26049
88693
527450
160950
104021
880854
203793
317367
258118
964405
453699
472375
562283
483747
383450
843565
717648
372369
564952
342388
878349
360246
922954
644837
879819
519867
95353
172418
473369
327662
358026
975107
567006
622988
569024
685323
678762
232792
842172
844426
83002
9534
293423
600560
456246
979599
69975
747148
519908
86666
646345
684328
519624
113821
80631
94811
791338
241742
590601
695779
955932
851016
333166
535817
732974
885447
678371
581845
11678
833354
122965
892557
793089
662100
709105
290677
760695
244064
966069
674926
253841
372785
513683
185471
683921
972867
466837
452100
760864
572801
920929
503786
696108
673771
589703
477079
244085
446929
137302
138943
508667
309543
444841
121778
825917
82714
976987
646301
451758
545464
556405
604354
939190
481078
808008
657386
527740
93453
287523
547800
4920
123324
103512
725973
749481
290305
812921
98753
831469
774470
899002
333327
939539
523442
852991
307154
474720
476755
325087
109557
562469
863368
527839
519491
688379
491845
444781
753845
906015
737439
397870
556125
766986
681907
577839
844481
303505
577573
408473
655667
812913
568336
125221
35262
990470
62707
25806
611008
783650
421585
646355
476629
438696
421783
638352
457966
358147
909742
506134
317821
990653
548875
902704
276420
423920
395009
744370
604427
423297
650066
385024
131845
768094
789234
406352
607533
953831
850977
213706
51343
804054
663994
243493
587930
473651
969910
921735
667862
406833
20971
141381
191298
896614
211390
910708
348725
620062
945693
559872
773185
426295
331189
318556
707896
510128
758351
277004
459489
425479
169733
335817
843587
570510
723266
268750
421372
31860
186274
761786
965097
985449
905143
475444
935984
254087
356463
642705
976133
641455
692443
208831
160365
912706
100405
18924
321291
251629
825753
134866
891850
42318
176714
709588
203318
153727
273324
161824
770624
185637
913971
185670
662285
68972
633964
537787
536255
807914
778510
206261
103119
717072
424104
666873
290789
955566
822402
710219
150237
819442
296967
841870
925894
828215
628144
801423
368424
749403
192663
363034
475208
697464
301101
24727
667380
612754
143900
862103
171536
351662
461599
248427
70648
34037
623736
349818
542635
796736
881934
433110
957536
65607
893253
422769
524204
447009
764005
403254
25514
649510
329450
210885
666664
717287
171059
881806
518882
990351
327499
115061
798044
555123
690411
358380
828720
782513
74994
227586
54207
230896
546370
287447
440721
352270
405735
920217
766814
716680
602844
165235
276137
722696
330058
219712
211533
611895
983847
18606
794731
637341
359910
58785
665653
866310
461578
326834
926287
299107
119733
293226
321128
701411
952194
216373
151157
794830
408219
678989
647927
199666
133651
663786
527212
753323
12674
450948
812807
267638
606533
663475
549080
343737
640575
661059
765160
717505
908483
28032
66619
229967
194829
721028
677226
826585
522857
734398
199994
739991
430920
638127
934151
394712
73460
97711
725163
616627
924125
497686
282504
617217
947411
664638
330448
755173
765265
601055
929285
527637
861923
839901
862529
468278
710831
448729
187148
449314
17593
902709
250139
292140
812479
704490
41059
630379
600834
221036
634973
535645
480209
288393
400999
202957
293936
891828
299130
147723
513746
11494
251554
29770
864833
229761
816135
713928
625870
106284
996775
197084
143598
752166
957759
111836
796323
822370
720619
815177
674789
158920
383112
659496
426093
399268
446080
757209
478859
218758
356312
423619
112552
468639
221412
51494
588865
933967
316558
480325
759910
64740
321860
870810
442157
455188
681380
535648
566392
608425
919583
6091
839778
755595
13941
826587
252226
315653
232906
575313
153101
929201
611021
236219
933219
258914
269534
111518
255033
699158
741191
835255
552531
56783
542828
893789
784130
689450
642180
879058
13244
211924
486414
873797
578793
528824
382806
657138
349535
508464
302942
948765
377742
513971
698907
294751
334870
932570
237599
243815
680716
650543
295393
551455
727963
866136
336262
617464
881742
370586
928384
692880
263904
658976
86194
962770
728831
631967
940911
637037
915104
122493
245030
311138
937462
655039
832385
859881
649134
248853
363657
139187
942981
288294
651994
786589
875681
680775
779706
363351
475053
824993
83193
915089
781754
148291
411034
537538
56499
621340
210390
521387
149465
268911
39007
795736
18561
165324
225695
631328
382532
797127
76881
539017
646176
307822
885369
855674
247723
650570
333095
897885
480106
312747
141577
672092
676305
453883
450584
908094
953118
205549
670942
442219
999458
726213
377685
857732
836794
935738
644172
173758
736253
704667
603625
773812
285851
648724
884064
218532
943788
646322
55871
352865
462025
505191
35430
74523
25732
850629
676702
506461
47942
425198
181389
239535
447783
933284
487381
237951
225369
855744
822483
463096
52294
592603
836846
428831
994748
675581
572261
690177
979269
315731
397806
239327
365705
346321
177038
771365
228048
116414
977506
125751
749490
803396
572743
914757
208077
812861
82196
779033
5177
791856
265229
714819
381983
625446
626674
215796
350530
160623
34719
394771
749718
122471
654423
965774
367079
885708
81782
456924
975037
718066
459482
264674
603879
612637
522689
559121
295095
111360
52025
165124
546185
486930
782862
705648
663712
256473
845247
110754
863548
957288
416130
24203
909808
536791
49180
291354
173889
130974
457847
35651
328388
89505
440231
56437
478076
387542
250115
340288
247704
888190
620390
658574
546696
11810
640216
985805
891882
304698
795565
177292
888226
170704
910905
543918
703150
5973
454286
905510
69055
19006
267512
86383
440346
547507
57187
173426
935179
852835
353011
775232
359805
251623
56627
819642
848455
449782
899696
417698
711260
212023
481991
730153
748464
58432
156714
889003
488168
509661
226549
30171
591534
913226
932597
316354
984977
5533
67564
775113
238458
305250
465117
690519
830476
518331
12002
94830
368392
906480
499309
904363
822698
254698
140023
968600
40917
31121
442723
933498
709871
205948
883328
484004
535183
141492
261588
802354
226750
968659
810808
668829
380450
351397
372104
559351
531236
590265
670689
817
524450
911435
609069
60055
532407
51622
588903
941867
910130
865545
479264
984301
709740
848655
67201
939525
593979
669351
199676
368808
360554
596415
922331
839695
116876
506451
855761
716799
680292
165333
647695
274765
142124
810001
580436
345700
242688
482311
114804
840290
78126
963266
673054
439960
192805
363571
582777
653466
547807
978361
201651
924546
437350
559402
317005
616766
254333
130347
287239
773356
580069
739633
271929
312866
600586
73991
518078
681350
689199
682769
110399
412632
358049
294835
483277
227847
374450
904052
183469
55939
725448
466655
94774
244016
841756
340326
740933
741301
204300
397095
150471
425083
805739
926689
67377
620093
381382
143079
815697
749038
954203
852348
393037
530575
777065
351546
954404
93816
494387
779914
216555
358161
646523
949707
872987
291049
919703
8036
909547
770061
720648
615146
852285
673633
123135
156647
639213
883415
318210
932040
859793
832896
433856
482715
918148
473381
666435
890954
287138
657278
746681
613387
307785
576160
251485
621959
999286
242553
217033
508923
826554
574619
72114
490288
335617
70677
742605
308150
576274
94602
756171
345514
483790
194138
213785
383185
37482
358329
935234
345701
242253
612178
434342
515182
881603
313075
829159
545219
912848
603490
624654
508893
285992
607243
107201
50757
964859
43325
949947
226139
714966
46769
57381
394910
428841
248758
159973
541856
836864
85152
230164
623212
769632
149283
526654
19826
945663
3326
676367
772630
396810
464625
696252
833973
496676
267803
370014
959250
931242
695618
470374
316439
16966
676754
453356
170720
194427
315118
109804
747569
271850
221057
213456
472687
484575
688694
213837
841705
644934
243548
886009
828677
368023
987139
705190
779740
767227
490312
777218
235800
890710
424886
481300
902974
919314
66669
801396
620367
303525
30315
913400
115561
304513
216917
854085
342805
26604
91503
547577
36685
556716
217519
492649
477727
900110
524452
145822
875849
434504
464505
897499
331588
312769
434905
224468
101684
652783
643093
613458
280958
759069
926263
463457
428909
694322
914584
220743
804806
270376
820414
678958
755396
199352
238322
816402
480412
352549
741689
864402
791250
583242
848201
593616
659152
200958
572092
548495
62841
839912
696323
591168
289757
669265
56216
338185
165569
246304
481824
846514
337190
593601
742847
101840
741570
850757
565196
613142
387617
653181
215823
889781
487888
716013
457719
945608
130826
14795
268720
255865
333843
50180
704931
965107
385331
661757
395748
971185
524377
718830
144855
933697
618770
438933
272427
186869
714496
217272
469953
803275
644883
242701
273575
921092
997830
317417
15242
542714
837086
562626
711005
685488
549286
599878
108514
702560
934629
732272
717203
568761
25487
839462
56524
498873
346368
434175
283822
389404
605156
210273
727933
22705
563031
287505
574736
899777
863077
432342
58746
673541
430728
345271
942330
888445
207878
201211
513559
383358
729344
358064
664064
841913
910375
693304
955157
954604
553889
78209
297516
892941
568189
852051
342621
242347
655556
941529
844121
295540
858410
708741
772842
538246
68866
642860
334936
371861
292408
319184
87689
530009
164808
518086
247682
268229
98064
595243
594265
129830
28951
56712
636504
994836
383148
945821
659343
82483
281342
2532
746483
79661
642528
131402
26466
322188
844833
853560
216663
124081
802376
462922
243665
440687
46534
933010
912799
171388
660619
102152
440355
466700
801062
690172
505540
598835
881505
770675
887894
486998
243224
923011
596962
443907
584453
486029
615043
932434
8222
941806
433295
53571
431567
808901
343436
786722
841108
366259
589023
987063
705157
922388
59936
951056
726964
494299
171260
761340
569650
483836
792874
578775
951661
558049
328672
897919
123469
578051
363812
951804
929997
380797
265605
988045
285818
292882
583340
867826
663289
323205
517850
259898
923538
254566
214272
26045
256803
862449
592660
216476
755226
558018
373987
514097
85294
47860
554943
960399
542750
240435
899858
520656
195008
600779
122692
548214
242475
713849
585777
800738
428591
223463
448757
82560
736101
644490
267928
751335
683309
399960
755025
741143
503514
425531
29505
936487
873972
779393
377700
862813
577052
485521
464991
458288
272209
196307
117079
174240
904638
469732
444356
812909
63846
9886
566020
498229
575548
441878
56609
363940
134716
568871
462690
673868
969268
7473
74118
481648
387563
292400
314842
819396
716885
447639
831708
720351
211386
629012
785120
956546
484143
408524
127766
668189
678839
129178
113337
395090
504966
884034
700359
330746
596876
185985
743416
115953
921295
955725
28592
291716
119358
17648
93384
468231
72783
655565
873231
406610
777735
966708
427392
544189
246353
462321
145196
122733
324584
533584
585328
755694
644858
490594
297666
117899
341048
214505
68027
325512
314415
610064
42687
802826
531133
651499
882498
107989
163838
441086
905442
591571
279773
676023
215869
545921
832228
252931
880703
682690
251030
638085
316411
784054
683452
464566
839598
103249
882972
24522
338138
970347
731172
252482
410768
491202
764890
607276
244880
687007
100837
961532
737968
120764
703411
809984
254042
214759
618609
688557
675871
166743
528572
961148
560885
121120
4769
213496
176228
838202
120674
421210
311762
868714
997073
964763
220361
486001
160702
368849
212487
635403
977756
616044
676193
192799
216041
918676
159266
670766
805315
719689
746620
63310
240471
42885
729586
337622
130527
98291
758837
478250
11494
398587
506389
586141
98340
298853
373974
351813
659116
624510
903060
220068
179468
669057
301042
362616
766178
80127
559662
571373
72827
344091
503685
800549
640450
711432
931569
905555
955396
609535
81696
723474
874250
336519
203080
318195
696864
513589
488802
647619
876032
608679
580486
677954
607299
123593
268091
70152
227216
429844
652663
824558
401100
183170
915553
810677
616233
454150
352992
272023
907692
954583
813320
296606
617175
727064
243282
266302
78725
607141
698996
102094
276409
288891
813896
688989
496584
750626
161768
476967
710703
763564
682263
38848
462756
413540
796420
521321
417069
84027
622945
350133
906395
667799
805477
612499
334285
617351
502009
589133
493593
728563
119280
108382
651501
955498
442396
368238
496183
398832
35906
651496
650443
860440
160905
716699
364452
541693
106888
859211
655871
228477
540218
94991
532660
608481
902760
446577
4655
390771
536189
490401
13120
693315
777414
495873
117117
892233
450252
666063
781461
313160
681276
138678
107452
648707
861788
430520
388233
248929
213114
681433
226156
282422
204237
49491
374869
591405
89264
108563
876251
144667
824223
24248
308808
601031
303789
89702
35171
95489
867843
527955
342568
567529
398775
935724
985375
992750
111412
652552
259253
861516
311118
678273
275193
815795
754600
619875
836634
609417
997759
178946
438539
527319
162584
628442
391667
323560
428980
188529
839601
143109
720663
885096
895887
679525
906798
235458
289410
716298
985301
460196
50190
674404
675542
463375
631323
425284
531822
177034
461306
655093
680657
496117
95719
2732
153427
681811
319402
54280
579401
548401
906934
771559
190304
568455
862934
395098
264446
762096
616544
653960
772841
963793
685567
692305
742834
506222
716414
773436
496571
503097
339789
412041
471161
333692
768011
155032
689420
510053
384515
967078
584269
773494
661585
692548
142792
90896
32406
475743
650319
808268
657551
375622
281081
112701
966666
894562
762129
803696
581941
763893
447067
18929
682712
151924
74516
664276
159839
895448
477493
891996
542938
170442
713230
575300
488313
827783
658926
963083
488806
350681
815504
659826
926454
116040
539020
99607
490733
945749
270832
528521
461835
41255
393969
624917
392272
802754
350889
658928
350033
301899
356392
150809
445340
845940
955259
256271
190863
924292
378365
319239
494292
327942
11040
543683
868024
390219
202943
830428
180194
135269
560678
742176
780544
289782
238571
761264
416662
734935
194047
303280
268581
488884
122555
211200
918310
129682
858457
459607
114460
187692
138701
679418
356744
480686
889784
236120
292759
602981
617662
292092
106724
817643
916954
582409
609870
633316
780860
687507
73516
657548
394123
904992
333955
775712
659377
118145
480714
620077
646617
556326
858885
367429
316318
628118
214280
841803
320961
669143
303907
191141
939064
24428
632548
225073
197805
382056
364972
700141
522779
827570
76594
679465
755599
786427
84539
808497
85020
691467
708861
194362
400307
360724
896225
123161
963210
271048
239099
730780
545911
166579
467988
490134
816186
647287
863263
648333
816347
445361
404478
851128
591986
744994
98668
843166
139449
940020
953610
133505
976866
99514
420270
854529
989731
697929
924761
393715
99674
116920
285031
358353
524726
470625
743746
521895
431293
722770
135848
556598
49621
335695
540039
586238
560781
532831
344803
667063
383217
39943
49
296687
917473
3812
928864
40082
22579
565477
11842
103896
625694
107972
119092
967396
445177
698275
226624
707987
312958
851047
372347
556320
223150
376536
367169
236335
667011
76206
772159
82696
955629
164653
883712
207663
106300
872257
947668
861246
326042
557452
722024
418637
476496
20970
358566
163000
517173
501790
726938
415700
776008
668394
75595
749488
220206
269366
812993
785569
816501
924363
633523
423622
296555
993347
116936
591309
651216
300081
3474
679850
737342
868962
127852
768440
445339
222935
449193
991853
181198
212962
895271
991707
226325
743670
851984
896395
488124
985547
938597
545030
15328
794610
927844
79863
259730
468457
824870
473651
145061
514829
25606
742570
84387
949189
273718
713535
567934
38215
790789
372824
785050
819859
297390
313343
959420
643759
623206
187678
363390
743686
833815
966224
549427
320937
570107
907620
920711
764235
550005
875904
99600
293542
242046
747726
933908
705947
918188
973755
851875
955023
888304
544326
609946
694935
770296
935442
965136
476396
162400
733482
566520
498966
59551
347042
918639
806239
565572
191780
213250
837648
134702
583427
431097
436616
369423
954899
121403
246041
925051
385489
170229
754357
87224
721394
547753
179027
544493
994288
89524
171373
212861
619519
23926
773903
818815
274736
990373
70770
762317
717686
827931
898352
547095
425240
465673
59075
470720
490437
42603
373191
451750
631654
495961
248384
637483
523380
2654
242680
446384
350358
588606
772150
969253
258209
208024
9333
933791
190101
566526
205690
807340
329270
114982
966819
892148
744437
845353
671182
64674
791833
577282
477384
63432
713156
147841
653220
810251
808763
648858
615327
867115
268855
684503
986130
240327
491753
922796
37083
849144
819213
223111
651844
422447
618415
199635
924178
639281
674225
298680
127834
945666
370831
167360
878953
309200
716165
624989
341360
850829
685293
658379
158698
639156
405741
753608
556305
139398
569134
73346
748540
511532
230327
152004
12366
859433
984399
239646
5960
593022
241647
606675
905681
722626
106318
533855
476864
336127
888294
877106
163116
191179
741024
712475
910731
77375
692876
720441
149418
208715
963505
709716
431969
549676
900934
702902
709375
208156
412939
239526
812533
967063
516268
907807
831617
803084
637847
170940
404647
177683
121564
258136
415407
931303
387445
115685
603686
635776
936413
587941
130848
682321
827448
611428
178362
265359
303490
321942
766678
545365
254877
568056
300190
267009
615897
843269
861651
769308
770895
788675
580406
642696
292224
84511
993409
73071
586504
538402
188160
492133
733380
912988
867578
120500
138228
935213
391928
58357
155468
276828
608647
755738
180727
250542
455302
106216
86966
497563
83940
743161
38987
881463
772919
466641
745686
365994
371665
692195
913723
534402
217817
157870
754098
539937
216377
423382
163969
311304
90921
706040
742343
390193
197322
656962
456674
784807
3883
906230
418973
548470
173022
116709
210062
90772
538692
213610
911567
114408
863787
522258
557985
618060
947481
834996
908472
193575
78034
61158
373287
613433
648285
838011
26747
522734
758942
865105
343907
195721
715970
762891
597956
99552
58834
803159
516139
335762
288982
876424
298594
314651
588946
32227
61971
189163
968440
266674
12559
120557
337920
552630
384080
581752
483116
861117
352044
616305
327628
661075
898446
787031
742737
201765
911993
67698
318969
299156
825191
404010
846019
270186
990947
306519
866924
108179
68981
689626
169753
875752
757520
983902
63557
426624
600445
434540
28051
672707
856702
550638
558591
693663
973938
83103
723196
786541
729847
316977
865382
611754
617995
276455
353571
639190
192524
75000
666231
644538
687233
329497
763982
24721
174606
668860
885668
234666
893612
716476
537803
163000
843922
255967
193573
716899
671827
586211
192414
77852
452664
176552
965559
705
329039
509010
140193
4888
64827
924563
385005
475423
519235
507960
765741
806872
682776
392612
381591
160172
454529
608941
329608
984752
652237
377535
784015
137551
87090
680421
853704
568882
338802
823238
242545
484990
139787
538059
533571
117509
580402
99636
368994
929410
68176
22474
452945
289598
524118
867625
249875
531244
222037
878121
587403
237456
212112
160691
975715
625099
372850
23699
321926
547877
447961
188264
903206
583327
819167
43022
912914
914192
605041
903470
521932
645055
418870
955080
237477
973745
362847
821164
275120
889524
703302
62045
782233
920421
334468
431041
471753
872313
68895
638345
52986
729581
178873
351293
273125
241095
350712
508481
320354
395961
434826
626339
779439
246245
212122
579332
913013
369751
377815
408283
743411
137002
572927
870999
411752
908527
917336
488108
422483
335345
984099
610814
908993
64099
60657
102782
254319
180969
626548
802345
411877
168539
183184
512132
654977
971681
197784
185878
384639
36007
164726
512629
827790
727118
564729
95662
341478
931548
645469
504560
430318
768927
337590
488274
31878
581673
333259
881455
680136
939382
320905
920134
460646
75100
818529
102432
172272
683257
594992
192740
521460
810560
123777
352903
800991
888349
663680
41269
838092
581322
925685
980066
613538
948345
837212
968205
555077
554269
449392
596827
778152
814720
994742
187756
786093
403690
273480
501430
476806
588007
796951
976070
790938
544750
695572
755501
175781
365468
678298
409634
729068
445545
895877
745655
95843
374695
731897
621210
460744
898951
820021
611313
195370
151212
293789
107382
3635
362122
126162
95148
641654
304359
460568
289743
135145
865615
271991
169480
956769
315884
343685
62719
142491
464957
336489
388887
772910
349045
420284
123719
608333
848683
632365
366154
717792
250563
337310
550079
60787
994879
804261
39443
212315
191938
251279
855362
69446
206129
453645
603525
47771
767154
603271
625049
851067
76717
912038
378589
466953
747651
444666
643792
685551
162778
117967
603732
862188
300139
786330
832113
225500
993485
824413
914196
69359
393270
180990
861329
305472
682923
751262
540037
255333
475022
901415
224311
51484
41898
720566
369108
741280
857828
194526
829627
601854
540388
790671
336329
722658
732517
345632
400387
722944
526520
916545
887566
265278
516206
520461
70585
73348
599042
516661
133592
824138
876150
207493
755544
364598
634774
409265
808133
645973
244266
773302
563008
646548
414533
386643
509560
287310
67601
734936
151417
878202
669303
621073
291486
842395
475400
451286
555791
514685
421126
584971
792518
570320
358685
199797
584952
587720
547201
742490
777858
588580
681706
489151
653453
700759
57881
499985
325998
361673
485779
297457
736535
603943
186955
105399
192902
384526
245482
654042
370796
709964
618315
775283
399277
223623
405490
427059
604261
35738
83181
499628
505634
940750
104649
49994
440458
269840
44650
594558
311091
194947
359489
90065
20321
935889
250864
646329
202921
720329
441860
361109
73960
730857
712446
880840
487
367718
89510
61961
540492
64291
369081
66319
15540
100225
467243
993585
979874
422984
417537
767179
461126
617111
424874
907085
421282
130041
892609
233841
160289
574274
677364
865943
308080
942572
690947
672286
42999
667282
149771
427489
889755
494372
423871
384113
502562
919644
4627
394620
639713
621655
437428
43230
638468
366074
927430
957401
347239
616353
954617
845478
343866
447169
855749
609275
981388
391464
34020
408114
875596
321601
588445
60124
21829
259903
766191
391748
487647
608253
293703
760737
50044
15283
172224
578046
193896
764493
649402
364176
944303
409451
633474
677249
568423
126509
306371
97862
311067
996838
621030
516417
669634
514742
431398
668062
378613
492529
560612
665321
54627
122121
977960
544320
783903
618513
899058
804532
203123
769585
964171
994360
826982
471862
843227
300943
31788
534819
648197
959636
117123
554376
576085
30723
831485
695965
240396
475874
657049
929397
737965
663116
102477
846543
898352
481766
650512
300461
919347
134936
403955
40023
207845
692228
312478
960012
278634
573920
399570
406400
476313
550232
686173
533332
119104
526537
123684
898924
691779
749919
788487
817091
13658
75839
159307
521467
683150
785706
989303
389026
930535
124099
260856
186734
893227
482765
475441
579347
187826
61015
354750
967563
207642
721386
164947
574753
442353
638589
430222
952147
499282
656912
421241
53697
784952
102276
496145
900153
492873
546488
769524
602626
683316
693187
755971
372768
135644
559361
595280
766686
689449
349110
107987
899220
352817
772322
232996
422731
381638
643871
620114
708193
63285
482753
910800
840704
409229
379364
196176
230517
154652
16614
251425
807626
241859
612096
553183
245423
423953
532797
96706
274366
176790
976372
982814
479908
731477
80354
3935
485502
297425
4580
14761
80685
601894
477322
382993
355834
613233
620460
854449
746730
842562
871685
496595
777210
784203
847134
898593
621553
289065
367661
531062
509816
826954
650064
823974
581584
716678
88190
311318
858071
554526
80521
264254
452733
200608
345788
214706
980302
273786
181529
505446
48326
232561
835136
233580
723292
15643
221525
521056
331563
500128
325617
166562
600889
227125
692020
951845
631406
104644
243877
732846
811795
323696
143467
30151
390007
80873
525312
667906
55427
184961
340757
210413
375687
879393
358307
947785
347848
974544
289036
867013
978152
505305
608314
167802
215690
751547
119343
684913
278888
903289
927184
592487
23102
315648
498082
955900
759505
222622
620617
413278
895987
597330
109048
98552
980588
970624
715
429210
850382
452552
75588
311077
906027
518678
255519
232482
708737
20665
594980
503670
412429
231635
642301
116694
508975
533732
745604
426886
498287
261541
675632
9043
122895
967793
630475
645002
130146
163383
530891
94483
485754
295061
882498
472728
72320
513086
750016
642260
639336
945867
617409
159745
569916
104248
473264
912688
665161
944425
76974
523601
434561
947127
929022
393850
926705
731361
60679
715911
386656
749090
993580
379352
758452
61486
832384
223672
673289
757026
845715
550667
136195
487738
16091
825120
894145
448614
252468
217089
674529
220571
288396
639498
3801
744800
125283
663229
601574
710466
441645
498571
443433
394707
471208
654805
679468
928945
734998
250069
305937
701927
928868
125595
785429
341167
563673
718718
988377
162225
367142
560628
371902
406912
640732
305430
599271
57144
549201
178668
326375
611584
23927
589167
57451
41334
477994
196296
360184
632070
464339
506272
276943
900311
663536
843549
50850
476909
189073
367271
471437
448218
615034
971220
673500
27356
407661
595395
894444
708693
206235
897475
633161
309951
624622
58490
691505
810277
686782
648658
841628
302697
538025
568144
546693
168138
40449
578651
425408
133802
346078
935265
334596
731904
974780
804624
667375
223683
606965
332160
522552
11600
984233
949532
772581
571300
125552
80820
592544
371663
325388
89338
396875
226585
338573
303915
815320
219962
867423
215063
348407
431823
856343
335111
246629
742498
650033
511616
233520
799916
864245
83249
241199
921746
875702
898323
623769
835081
219562
505599
893494
496621
478555
615539
68190
168562
820760
27064
706486
484698
551827
598987
259216
517250
740492
167627
378873
576454
518024
756212
860859
26285
926091
857209
220882
64052
221270
380727
554664
58502
902472
13129
703538
618617
154251
623599
194400
853686
655997
288234
965915
240200
53218
863115
378505
513244
234722
857353
195112
305302
218603
199027
67525
743053
112285
887823
721797
844095
131757
492210
507366
452123
104968
149333
21691
316671
974235
540018
257119
953850
417684
450821
324307
767879
262493
466649
613555
363741
976443
62146
715977
105918
17662
157126
61153
439357
148426
229161
407487
52236
899979
910607
692347
2975
910473
517377
162253
626689
72646
647491
556718
748065
57762
24012
172885
558706
141079
767199
830944
489422
861261
289517
268236
482176
811293
764401
882078
607844
468606
26929
518466
547212
68014
484108
867968
670708
687459
914812
593134
102585
393383
483631
208751
364093
140512
684453
455062
710803
71400
96958
66593
847711
219011
809630
635112
50003
23205
384861
769645
939120
777770
57507
414833
236932
462266
513123
19432
965163
88082
993955
394881
440533
228303
103946
880872
972656
944695
772376
905676
626749
759486
812149
271085
352659
196663
130280
993618
483952
345698
28462
493605
128406
828273
81461
137050
975907
319640
675096
478254
202444
550065
825833
245001
86740
996625
814780
278840
506871
605709
131232
927650
828670
757435
217036
974695
909510
423055
858668
721326
730324
733749
383503
455517
849186
790298
324724
516203
441266
469311
502419
211080
93492
16675
462932
526704
694154
586990
206693
381490
506338
5539
632636
136628
32324
127925
404908
222721
210531
701119
683498
628458
247348
347998
178438
907478
681887
171175
679774
837350
476700
402764
39236
510750
513066
565162
694305
890323
19418
86429
897840
454475
13129
918766
194869
416621
767213
479878
971917
753597
784468
585311
10217
787512
980387
245336
866676
103463
225932
55529
148905
224432
226580
18130
786149
2624
246134
409846
811964
770007
779925
808744
122121
916936
498605
260428
6830
951351
318060
141895
410740
464968
171160
643922
480771
597832
49104
318602
578272
660705
405656
508582
942208
490569
571303
714490
181939
106565
701642
679149
334406
776342
830482
6428
255617
207451
67319
684426
895871
657311
433283
417828
788733
183017
21303
544910
109629
824238
568952
789879
231518
850224
86070
283347
378040
533743
533208
555395
928259
345097
279668
698238
607037
283886
563850
200463
913859
544487
900137
85085
180698
380140
296118
337207
765493
316109
626164
857922
136684
315801
770218
103926
525971
652280
755762
174557
304123
354723
63844
169538
952631
24582
407339
310700
127997
505981
229318
961586
93352
272763
643938
33247
692807
276494
985690
770799
612552
484931
250608
2708
995036
824249
921294
304553
831201
837991
318691
354618
117050
559320
980448
534144
353393
214518
416397
491547
78596
372302
98074
451211
956222
992402
8937
653572
442262
744130
873267
746207
107334
479583
272947
929575
126322
1796
155334
646178
679320
870262
175263
194369
978629
992379
906166
713889
301647
675636
607173
629646
802341
237086
712434
804973
601062
323406
430937
844136
577458
961417
457404
272463
475904
351858
627762
393002
493608
878484
407927
968033
321439
898860
40698
433388
818444
157588
804039
228845
78917
320244
990524
448234
305280
952367
372524
795965
559198
188989
678043
827468
438475
873678
921781
899430
377047
332065
397809
598178
143753
186540
67031
421532
169520
502209
6316
4745
471624
795763
416324
282591
844408
118684
836426
423492
700242
952386
740495
423864
126822
227797
343068
280379
182736
777293
976256
697512
408233
167792
194391
410898
812130
343405
176151
464952
419715
561085
865047
22739
898363
138745
114382
903934
341439
965988
809363
706507
680991
333330
567742
206411
503737
37392
305074
320423
639432
461363
572093
670979
840604
233869
938390
333404
517294
859432
680467
954354
409410
800571
498388
919182
597915
794751
38852
425259
255317
992863
333679
566340
475491
760259
922829
725846
431912
853125
909300
410680
608331
211611
579696
307886
422981
572609
777763
12202
453120
140350
130001
296182
740950
548914
211414
541091
36391
388453
317244
491813
451559
537455
959797
19681
565414
588834
963899
1023
738139
932766
142222
36233
152026
146520
483298
86202
591807
883635
628608
145578
357633
462024
594241
15112
247864
465003
295923
916574
565862
27622
617738
474648
394994
537498
676922
680563
360238
979383
139904
625575
878472
706313
268839
2275
51024
385317
220890
555530
902187
82651
137921
288312
922534
716683
925283
356752
839511
296637
173899
503953
584159
770388
113311
683811
649918
181151
948826
199334
590855
184810
94188
73943
555468
771750
168942
258392
195419
668335
829091
710318
766860
137876
787937
127471
11573
452737
782510
804212
24106
328029
432533
701878
273626
92077
518272
382223
285579
496965
731349
45307
735720
989544
254087
224926
388904
903676
296508
566027
379660
444532
916994
910245
305721
761083
923727
304448
711916
119587
592729
155659
361045
980018
457579
253583
328403
326913
481642
277088
997900
457008
718897
593660
507005
410652
759002
540068
807019
3817
289054
558376
555358
472493
799823
354884
777566
483575
79183
454839
501134
753255
750395
924012
933258
939027
220107
790613
508959
5608
873453
931696
206197
487759
697304
673269
490847
570879
656200
615327
458774
382803
656919
73799
969670
750469
326623
222356
701489
208936
626207
307876
420465
448824
891049
522963
778944
340457
242209
357345
54854
143675
89480
670354
828471
682353
305094
821680
479785
60995
566119
54529
701354
842673
480157
554779
219917
896243
838237
122714
718431
660676
805611
977800
281792
219960
636435
142703
262723
799628
259772
135410
311615
480650
264340
165613
312720
757055
680174
919171
596066
992765
277266
539612
969659
181425
611713
246978
183220
57753
747792
224089
476526
116114
516661
560925
670574
209065
889341
930224
475793
395428
97964
743079
794131
661487
588418
743806
78622
161864
301528
2761
57989
710787
163897
548876
465840
936502
837647
406674
586204
569222
456559
900727
126919
715908
819628
897938
162122
746451
922332
126668
161177
471793
173433
375469
454581
579877
883776
950758
187794
654381
129840
972001
420496
389894
907023
810499
971881
956532
40966
247320
505834
545559
691200
931084
709280
793894
441860
414887
242950
546950
877866
112335
790519
263071
154464
660426
600642
570210
987869
496869
247128
457903
919421
166950
824795
672142
284957
134056
12855
272886
102831
997209
398976
778324
382838
418391
847899
868001
705997
725482
970571
651261
500942
616961
984560
171684
566281
744465
39243
492083
504876
450894
666064
715208
612535
505508
630447
486369
668063
334730
152094
253675
983117
355033
457708
153876
588249
711276
240190
602864
888403
441186
142898
121983
702980
181893
566886
929763
663414
471016
937432
200574
486865
767099
156022
848234
422719
54976
594727
561184
827828
838464
297872
389351
820107
466842
32667
713504
569743
505276
566356
741873
665158
31826
2710
259523
855200
324835
819603
924109
388009
52596
850475
450055
650285
354242
987056
926020
763279
258862
912346
367070
182090
699005
340144
101166
805908
73777
933872
812075
615649
238454
693711
72596
79929
191836
114916
455519
293300
862043
890176
399392
189760
927834
127727
95838
662946
981107
323199
588303
569362
694738
44432
748934
542990
713648
151832
538726
41993
662697
439887
473567
773070
239764
560037
256933
319946
952429
110963
268442
121670
499609
391181
118963
612819
877472
161854
94388
560220
975752
703870
700192
464626
668419
955995
557911
878970
868770
842510
707029
455910
185845
34989
558188
577192
438110
621924
797515
827456
48055
829845
766693
518349
517750
880555
306348
422928
142435
825049
848168
551908
532300
943100
932065
55179
441635
422103
7536
577706
757912
861064
17765
974509
174267
326201
134685
829455
866710
50779
650706
279005
101118
710471
690794
469455
697184
365957
903939
798662
420482
128828
698929
858658
859245
799235
302419
350073
403638
203996
780102
814976
862181
669716
394180
827979
802935
836611
622987
554288
239905
922784
431512
844744
545991
317392
216096
172292
167718
150016
822738
4164
679980
147227
891526
670802
660378
609385
649118
708900
976854
951252
559605
802331
432815
552807
88254
238589
519460
545103
824349
169502
785916
305893
519242
47918
707618
100387
612110
147932
853705
470365
183589
703759
61572
847962
274434
161980
154651
297990
92104
562258
704403
257415
884287
522688
990396
255734
310091
82808
403430
235284
354536
254637
782834
149446
810369
969749
853595
808723
696000
458716
8133
808668
346395
445560
513373
705500
705218
429367
552126
671198
222622
685468
154993
351317
386160
91664
352090
760216
150304
506342
401437
272788
257372
656965
375686
993624
763043
265542
677582
441318
710270
613853
991360
626580
825005
588866
293361
398970
229347
724314
68967
923762
70176
93531
52409
825856
921402
189600
84127
239106
457757
285780
646928
436578
856109
423855
16390
734605
50676
609504
602843
61272
658524
552439
988092
202159
38593
812335
483631
960738
5468
518096
829789
313386
509555
773247
691552
760228
814898
967780
550893
389754
802100
228880
198312
364136
977827
422568
506191
613244
31893
476590
675675
406873
14065
221034
24041
490678
85412
615876
837871
509736
650769
17847
425283
355673
642029
944694
669019
563705
810523
21013
380881
729018
673967
588756
610931
719094
818444
500176
116360
656540
993091
658673
843981
925048
57347
957777
322942
292780
200759
690684
288898
288475
320155
950861
380961
223461
288559
5625
6864
874565
422113
895004
681794
676893
643850
901222
400126
866578
785684
760168
212047
244584
605228
882383
291190
248
53185
650932
213543
345028
997942
764457
632175
753688
592204
76084
357579
119742
523613
279091
264876
808412
687203
417865
190755
544466
573696
441049
6447
526036
512124
265258
422321
905902
212522
211465
716338
89933
683453
995569
780775
631853
355112
860763
12445
375557
123120
288267
262518
644745
718402
382717
964658
254103
694404
68732
924411
802189
993848
375972
199258
845401
676259
587942
944798
684733
55864
151903
327076
136187
607334
599031
757963
954938
43863
742786
625661
454351
353105
451352
686395
510935
395378
63114
704329
398857
220024
201354
408040
415080
890740
221895
300143
240831
822957
218524
397951
735992
753404
782550
113747
253184
643161
414955
423183
853364
560851
716505
402728
900825
418299
623353
431602
279025
655364
231666
185414
573822
117910
532569
609482
834857
676618
555555
265251
242114
52898
427601
721786
366998
15764
14215
874701
431284
127034
33364
993217
523094
926040
464672
154142
228321
414532
938349
702429
369290
601313
530256
786021
988153
68984
629480
994130
154481
505824
977612
836214
577798
330040
727935
554408
916807
284969
196470
497821
538932
607134
905575
668928
903913
557769
166201
604328
686671
636189
884246
432560
466972
2953
988547
89093
411929
150047
798399
351669
601072
365637
555824
294835
566718
755656
126077
590535
379980
171604
886866
288283
649892
88853
46670
152538
137975
730525
470854
652827
116495
587547
934282
811680
407541
306670
948366
804986
206598
806033
303511
883408
13550
576060
50198
383712
126981
668916
427072
185829
951227
381731
501405
382612
606143
611242
791359
374272
297062
229812
72038
754723
390528
572056
103063
536479
778284
24439
65213
237965
535228
114875
497154
180618
510308
362140
136994
941110
993336
305491
867944
833991
46461
646228
585690
398049
54910
102166
300843
923779
907798
39550
819612
31904
292242
365435
625645
205925
222810
53110
846470
671849
472018
170873
866868
402028
525404
155216
3360
852735
462309
48471
359086
453163
439989
90014
64512
240425
786640
777497
306158
557549
49067
177146
553334
662609
268060
273724
440870
402011
661019
589075
826264
462706
508881
593185
309228
787068
663976
491292
297162
562832
363912
549456
421013
597753
559249
167530
929641
120717
242697
362671
954303
304732
762761
934096
984333
955476
173139
379570
919981
549546
849756
166530
82726
757798
434104
817834
558998
24387
53267
514740
85437
930522
903198
964438
491902
921079
63930
867310
219245
559784
343406
687085
273734
370790
735182
657208
755316
378329
839060
750910
789559
678004
432705
26260
103004
993369
836761
136289
394330
179408
68948
404491
205145
286316
25435
379211
528582
460402
267951
471464
103007
329087
360355
703975
586952
216893
422401
928133
704613
503016
423697
869016
569046
183695
1593
457642
103662
12356
246510
557306
648942
61198
926095
691695
839916
440536
855749
733936
367607
337356
473477
459380
667638
481657
471796
442311
159703
200151
93697
923342
741452
893907
98850
223599
541566
927742
34756
798873
17634
988613
206749
597791
967464
291578
698133
318337
959210
385726
724754
36521
335269
486109
815301
29347
917807
643257
642190
238923
648137
228020
566427
683536
273852
226434
801558
808023
819214
588366
319985
847872
201827
166038
689727
293584
209906
920508
303946
417253
145227
55570
498000
684464
454976
996011
791350
393626
723040
414629
715165
624891
858966
681678
490983
361268
945340
107376
965687
135636
494658
752593
13763
279637
378054
270734
778185
214842
927648
105586
483065
74418
941737
816566
581203
680181
914286
413239
852619
310474
288904
206748
307879
747503
421301
903440
608970
137884
795958
737137
87947
161072
29358
624167
615883
497516
156949
39069
252975
622688
972799
527798
457436
327946
395171
254566
321456
929645
208396
64314
47324
314526
699574
614385
142729
848990
788929
384150
817270
979377
192881
890670
311488
284747
690987
93977
485428
231001
348144
384033
858386
862758
711663
346650
123725
319287
109080
738503
368637
438701
199791
994638
934630
141147
907341
493794
429508
47218
397798
685242
357406
553221
573275
928782
577713
605928
376234
808934
364017
739854
934052
918537
2816
829950
849724
681272
391579
453177
447623
155396
806309
770020
159749
428050
334631
953159
387341
214857
648912
146651
663798
253421
415870
484347
498188
389639
568653
901403
489526
327519
297559
188117
723406
479839
219219
306837
701025
821744
346823
811755
648548
736392
387328
68943
160354
926613
169633
18348
640353
137839
744315
466195
492724
995260
877416
136149
343076
142756
289705
501453
413032
40936
562212
695244
663632
860020
454405
512811
726096
208076
832100
656575
623884
260854
772775
200936
238022
833091
896183
685697
719641
511379
948384
396549
930611
877248
781698
642214
449329
91169
626590
236571
723482
507410
934233
34354
100796
893023
765558
293992
951345
277101
159413
472586
104545
959952
262462
326347
347048
935843
214505
559905
942537
49923
216314
337839
225283
955045
865373
919852
313867
213996
674213
764352
345678
633536
190925
544125
796975
212951
849050
852174
624995
699547
644142
816022
587960
679630
98957
278302
980083
98088
889543
240152
125350
931293
239128
221329
975012
146808
981028
349973
659943
258463
39943
52210
264676
400908
179612
313678
996079
860354
483201
589592
945460
532987
729477
733016
204792
93041
590999
525422
595154
661636
435777
469726
583750
242042
26590
484892
117
846312
830821
29615
524966
928759
962115
746970
482287
437150
996651
140939
311301
657611
437050
781531
172537
300534
692843
538389
924428
422141
230266
835163
663788
678768
810872
238146
688816
815399
249938
395274
60901
560626
85182
794987
900671
353555
137422
740874
877431
862810
995822
191008
377111
114360
132625
928881
452040
223666
723586
624771
175811
846680
726990
352084
579116
864284
908729
791933
979151
26010
442493
635505
106899
789063
681641
991991
684621
862824
901306
340788
54847
247233
729794
404390
291924
506528
331379
968267
899492
411688
374089
219851
347643
77917
291215
222681
195764
615037
877343
432615
452578
541150
423440
515028
579827
807060
668470
929153
404145
70084
499989
692395
403878
208837
624405
563198
17782
294236
505852
819384
397901
27597
113869
193959
441387
751987
779592
731549
694118
851181
559053
533578
236049
777822
120417
742198
723196
221269
115958
352225
381578
867030
395386
882552
125384
841726
503495
911586
307151
952067
523997
671255
859407
512413
270728
784598
942197
647883
478518
956440
387400
525143
409905
883558
377526
690213
614160
295914
438145
178755
751829
278678
152686
747004
944306
835416
743970
100178
505723
581386
850977
33946
644759
417875
200516
676996
611470
212674
408337
761761
573298
853226
451351
745386
848398
125549
800688
959570
897499
837381
805786
421319
554961
792410
95914
800046
323271
635578
217058
228487
896810
992054
688386
735806
282000
606457
209887
950986
609222
91021
840217
590678
151418
91519
497527
690511
119835
86357
816968
863733
707869
908848
581511
706347
900496
264590
60329
883396
327994
384375
624122
125954
678585
181487
910247
499231
809616
940407
184244
288117
277445
286673
400307
359712
639986
990904
333439
200663
342654
93330
951708
260115
814055
351364
877330
817119
384294
118292
546002
641230
20782
838957
508751
820421
400402
339817
859007
990263
305543
772953
245686
669218
273143
37132
824610
903606
568611
72089
843129
127462
483894
792018
847583
184779
43113
936343
457156
936819
538541
825528
46762
917990
159778
768
383800
867034
559159
415455
712404
121248
396595
998567
68726
508860
594280
190913
640136
34871
30750
500390
742338
69562
634873
287152
810114
134534
94837
920991
10992
313811
792187
167536
142471
731027
57248
899606
924644
636894
103685
833197
378169
158757
182523
845919
821625
947554
74503
397443
879598
928340
983522
919726
113378
701542
373421
523823
728571
345595
694064
356377
916839
430433
840719
667812
129675
786728
808228
454527
361876
661190
728179
608897
381487
850015
944935
314656
681682
181986
735958
408346
205337
73373
267929
324745
245915
452864
684225
136648
550276
774912
634363
698625
687680
466118
105647
471152
527760
350998
165332
604631
328075
214386
116731
26680
59617
510621
752201
950187
120044
882159
569397
342844
506051
808065
677504
752090
649768
948404
967374
751377
673533
999402
868808
744912
672623
985414
543275
358492
353629
732980
275196
304570
978879
45228
869447
533861
733102
22595
648534
145253
254693
707484
578003
815383
562849
119960
783576
358450
493455
117691
295979
20454
665934
605774
219262
831571
628465
7995
312789
485863
241354
753786
900610
632896
1852
82642
712115
496521
989206
224465
21954