563417
475740
832362
137298
369421
20849
275037
780713
669933
118666
512299
605184
311380
562443
403550
320800
500442
194159
914458
94886
320344
422317
163535
871112
768843
204867
43820
502476
805823
591365
23521
104098
905313
944009
147532
200758
901952
145724
402234
239894
486630
363097
196318
602937
721368
556917
84963
285526
343760
592435
528379
693841
2576
723888
103102
447653
517928
844394
387635
863858
596688
718630
483456
549736
229905
899850
765470
130752
679702
997753
709382
274789
841846
7028
96767
673210
584559
776158
428988
556155
386423
169183
374277
526645
294269
165030
50049
688534
560604
344480
97374
179629
42601
557980
340039
141786
37012
642991
991170
194643
307791
317396
502974
852793
151277
286333
634978
281891
99644
995907
267832
534758
488887
344101
766081
557688
91041
892246
57992
169444
970407
872809
815852
351678
398648
215674
230269
701682
530741
434952
978773
979030
904545
987129
78823
967392
441358
402387
119419
414159
522518
204280
622829
47626
411611
762278
268668
141788
50000
331619
414268
492041
286432
277492
855216
568283
721329
294475
310417
229037
538081
729390
208363
392078
580518
5
483185
451060
303703
255679
545838
358487
46564
118750
762849
51754
100095
191310
260657
602293
156516
83424
827481
373899
549428
621391
863096
838645
701067
488492
806721
642607
315640
306124
667450
266114
260522
59550
166145
677918
857608
814981
78414
931116
375034
219779
214378
209327
533343
634431
147899
503941
109349
927675
5691
987867
148208
761222
652427
834331
378595
822777
831351
840045
575742
776362
652037
785204
85864
88909
477460
915310
176225
952403
364739
52158
602830
498973
470496
62184
537468
608998
232770
1565
18813
613204
459721
934807
627984
922887
545982
364663
62135
879243
675475
444211
783265
847170
310850
933003
23066
15534
469263
990041
690553
624968
735500
591423
697179
454706
106377
737967
446983
856980
459956
237245
1831
558079
601950
9116
590997
861014
773001
502198
555222
970167
591843
894520
536161
66870
233320
297475
141462
767178
959646
623687
901608
774418
808860
784274
603828
748187
723679
977721
874219
285048
323040
52809
412213
60166
402918
571246
576812
482840
38975
701479
358440
789103
203298
399982
861127
479040
299808
689705
835010
13851
280763
968405
252773
612783
937824
684173
524996
409095
922894
780599
545686
342692
69422
349362
23900
388401
631057
70146
972857
261344
449147
976087
4418
643441
602301
384353
716124
664344
57642
731378
793407
914156
496261
545033
272001
51433
467646
347914
728088
942621
788821
80662
462627
75278
412093
610584
227522
796818
708135
419303
290279
246726
408726
340141
743179
835260
939454
997229
193359
49059
160060
712095
867584
520196
136092
709466
823145
405440
694193
772573
775165
24510
633095
344862
480455
714932
615862
367195
740093
499259
418607
843893
502977
783979
373029
367338
933837
429479
129144
727177
463319
496593
70125
732848
936119
160572
268530
267077
854266
327184
389204
273756
42184
663914
98013
374754
610487
644085
105744
569480
590962
15681
775022
420338
345956
114105
551526
383488
286634
1044
869834
211625
942288
981994
861855
839553
941498
729097
143574
997432
988904
366674
599016
239256
132417
776066
502350
97181
731181
98786
279400
832075
507997
195611
317264
798333
689619
469771
688930
882452
34045
627168
507485
775412
238026
926232
855972
761522
192207
305807
978854
832001
872016
244810
898517
748856
727518
836763
313144
641120
148871
20343
639624
298877
455684
267262
818709
635419
52219
535470
142530
544335
700139
64654
834529
172773
961290
11146
184221
167677
25377
496858
976101
973572
111660
547051
590911
490723
242044
937599
465883
553684
657176
128451
276246
640399
926773
736532
155677
337292
937981
764048
856897
708281
408546
901692
458431
906488
961731
220206
191708
532696
99865
926864
71326
275703
97906
796648
994575
926642
908444
407966
144578
864587
627619
102974
699935
817935
238580
382364
384641
451399
519404
903653
259871
679477
190396
25231
544404
45840
123969
7631
850872
527728
233109
539874
133905
328897
786845
173209
750958
221324
793171
289689
610274
53532
453175
597297
489999
715735
177749
147900
565342
956109
12706
268455
366219
547164
995717
269049
292521
503472
394711
953881
271590
71291
312902
156537
730883
355214
490078
106815
470492
697503
951134
272956
382436
113696
364717
919338
301626
893860
576068
594993
443697
954934
947858
305721
767714
74158
636296
982116
244833
759317
855654
869406
682067
774431
731254
331611
8314
984893
420354
243544
488922
6324
146301
730489
928294
425018
438274
70493
418388
411584
818569
911886
722229
198918
946930
338665
814460
413599
704247
282997
936205
792013
291526
506450
141249
435468
542243
882461
425039
90849
473536
62109
336236
374576
632417
777006
615116
11498
988843
455100
184308
198566
707660
264907
194424
785137
399224
922821
921496
635356
259875
434480
253284
221227
77337
159560
813778
787138
774826
549505
717559
913926
1262
139016
61852
899894
500291
734893
207248
468393
244847
235402
916076
992615
75633
472616
236510
290123
476013
175529
875288
912584
410373
174822
320004
212414
487062
440895
309982
578637
261779
19349
115813
739762
170048
683535
612165
521510
227540
828265
392886
424362
79823
870558
507462
706779
186253
575091
460026
853565
433069
734606
333268
138463
863099
974637
574269
574367
110931
661531
130871
712283
719343
918598
280930
578310
843075
721082
663646
911926
79606
754675
350160
918249
154272
884639
8513
546653
923231
559060
27917
43216
491327
154626
611329
105973
53953
142974
638942
252122
584984
274350
737089
41071
578606
41560
130847
152598
484199
937083
354314
851586
411379
461419
897730
974711
381328
276129
808989
363493
326861
357098
206524
877689
721698
463138
848271
436077
188245
920346
471910
514188
188578
476729
207157
519939
30346
887705
654464
685127
413984
541139
891322
345144
546764
488093
256916
136160
808311
419754
629762
50203
386556
992786
171110
891395
562312
456802
212395
163817
569998
886513
935766
727966
445022
31610
17718
996029
279205
961939
487511
911786
669731
922343
462150
838467
420057
258362
213139
683962
406084
43279
415375
119909
544606
116931
730064
522395
199186
343154
135623
990594
498917
421489
104537
124864
595887
592457
447468
464928
711765
468641
856253
907271
952688
707343
142050
336926
770778
139099
924547
820176
84920
713933
591411
848426
662724
928304
881495
381953
589777
23440
430978
42242
531685
617706
237951
636439
553959
373327
493183
520334
852855
190855
233666
847315
451011
543469
384610
809494
60492
578280
870430
193302
871688
542557
61741
317251
307019
942850
808758
378766
490608
341524
865374
100296
690018
715333
794766
868185
382902
326173
733297
240124
478842
760219
555330
145085
785681
90113
746112
966249
483137
80984
721653
694636
443722
987640
460139
625075
174963
610502
961787
622316
71858
737349
123580
464422
208425
982708
128704
78648
857045
50630
826514
511953
27525
174066
478611
523800
916249
21862
517101
428211
51573
127486
962630
28711
597050
548056
324158
595363
874089
235554
170543
515984
758890
332069
465598
448936
844957
653290
893328
17992
428466
381901
97939
927790
48131
204460
183709
174053
939288
320350
276655
384512
573847
24757
869045
223680
881751
308776
876560
152723
173929
401967
396003
155924
8757
787657
481292
232356
885142
161247
256137
922559
481002
859362
807824
570115
285278
926587
125188
557319
490243
273847
147247
383205
681118
954234
182175
267779
513642
235187
895139
870347
559461
9355
973533
424946
989635
750105
960835
853922
768818
945548
422064
702495
917123
715088
857457
442920
69673
684174
419864
356418
161175
92672
935541
834078
530155
209211
855539
957654
963816
114199
988002
818945
388095
117148
22165
407989
156646
889036
962408
98001
751586
862190
502670
753823
788324
321974
918093
287237
309730
239458
251787
633786
45007
822916
989622
592215
757116
812694
172505
687781
685681
749673
624628
947050
131397
600240
155486
173627
82799
615880
876245
982635
464127
853288
343323
401886
722741
47302
566067
858351
933607
131408
685939
765305
814752
61279
394260
726268
565173
656964
592193
572578
857684
596697
524455
573196
473170
72379
583750
616351
450756
841919
634411
927149
799691
471661
457166
420413
642974
666179
889548
850613
776696
390312
988210
229044
216370
104010
771252
109155
47469
801697
657057
607478
739578
271313
642931
808670
749499
93627
380691
409133
362425
367305
74222
207896
818156
919304
755725
282750
416026
212471
241587
264733
204083
706890
714268
46525
815184
392458
847419
164964
272175
297588
145728
934692
835003
713537
315502
80492
134015
124175
530810
557831
706660
141990
178487
130499
796505
71360
674496
303143
309255
267003
299361
283018
479709
24958
918560
666185
557991
480176
62019
311917
828679
250120
889451
147899
645043
319024
908044
126327
513028
929196
777998
292186
970274
244709
23396
120252
985704
464316
849680
416897
259996
564363
242812
421404
996978
343487
979080
936357
386457
90330
302018
627232
207574
949253
994348
138275
424278
872259
146153
759497
908217
658718
693884
283966
93905
6524
803908
292899
564351
798866
323708
182869
127829
466464
847642
679876
313600
71691
67837
596659
304056
605290
30867
498533
254574
344621
619228
296378
815303
61637
435144
707237
429012
530105
698209
119490
668641
52059
546214
638493
514202
261946
763221
115024
632016
884002
915928
377470
800610
375376
115356
495200
884711
781944
496914
982199
170060
604733
735714
115763
720988
676452
957033
652523
184715
737868
196263
135679
140767
379077
711030
494940
138569
953255
21396
690157
942077
876969
562641
97266
309958
643086
495578
750621
753303
948743
576882
886570
605343
716456
428953
999298
839851
669829
374292
974345
643024
658050
815563
926105
676267
418669
29630
956879
673957
354875
748374
7231
672193
666722
685234
547550
493588
829202
100269
732201
472461
923640
775636
103173
945924
100089
732645
779122
744130
829243
48057
793954
345330
14288
606977
268685
646766
794719
383902
910956
30311
345794
505938
352497
726992
586273
634124
616142
218606
420271
676900
28873
171340
93927
307004
166010
620352
339227
955432
638637
372851
513180
71506
633299
657886
27359
906399
296564
446729
164039
252819
596134
290213
617355
493536
752506
513828
112521
504588
201302
481308
97126
431134
267752
84369
137037
964933
421470
260055
712192
872680
923453
13455
520799
608360
992829
238305
73294
302591
925510
291832
299872
351217
81679
76193
698348
842621
286578
769411
849205
382529
233529
925200
903992
899195
850870
996987
118194
211272
768374
757157
214876
498291
903282
896812
578942
962183
73805
896829
194419
123958
419728
197797
389760
423643
225749
259872
58359
471744
469061
560748
299288
503239
260265
642494
857182
600839
401485
941032
722896
627834
766541
671244
6808
157660
711683
938413
286907
790379
900192
459680
580652
849187
282405
109498
919674
761372
155736
536091
40393
689202
785248
653269
503084
869842
685049
521321
585661
764651
19580
731978
134104
207494
444636
865080
574117
250159
874542
132668
730822
269217
872649
37821
685803
152397
94594
574760
728019
110313
735162
647244
643755
285493
108129
320837
63115
970423
540721
579814
219222
682980
10305
952537
318106
465346
186116
49020
97980
668764
285041
827111
303371
163302
161008
74286
191887
122146
376502
583118
745448
387179
587157
493585
489945
425196
169741
538667
275675
336239
532943
363040
764957
490591
977296
696134
785440
176735
547722
993097
810391
616871
763278
839239
333177
761056
530516
551405
165819
205961
101278
969668
266140
381609
560426
363318
157743
196157
83450
187213
354683
742886
50955
989012
706975
835874
180484
22893
911926
258313
151884
357918
876242
910373
326156
988623
533187
995402
396815
552285
925477
946804
342252
569114
88800
440702
975593
517412
163835
890218
948251
639155
544520
922401
648232
917152
468602
464003
224462
434490
505656
457475
382776
415864
363294
327085
647608
920666
293406
432765
580224
725892
574967
472079
430308
963536
638861
412655
79984
15695
903712
97294
766201
842659
818755
511745
204759
54078
545054
987331
34165
529021
829946
677999
993299
615995
322901
942385
461278
622898
382483
642053
309533
852362
629368
848492
268614
691835
198100
938849
298746
609302
894896
498355
497601
831122
782563
8948
631352
336904
85387
188229
24251
198500
755114
742413
391578
607460
54502
923474
250144
591194
156739
375038
421187
347718
479244
238826
569298
894224
511382
470368
961557
602735
88888
623405
379695
108266
469714
753808
238220
528763
940996
399368
447753
279055
254046
850314
692833
262815
883746
725436
888973
544387
293171
376620
798721
461959
81972
773554
874698
823919
64001
428263
69088
872518
707790
214718
341560
767939
841350
726241
850443
315627
62924
333496
787420
626633
291107
42069
676611
78153
119257
663701
206796
42788
851199
751128
609247
906908
678613
607535
938706
321941
262578
106207
546720
884643
595463
4857
166283
193865
416823
582080
165653
314218
466551
177789
397494
806245
540895
631205
593918
453761
327632
823924
818
278647
694078
761779
327583
442572
883407
543870
209891
197304
744643
795841
521226
910491
766424
20620
699998
355577
587064
347262
995625
872047
319316
50919
268336
128404
63130
509168
579530
879991
717160
997459
840646
15593
474139
955641
182765
879262
148044
167857
191802
679366
383504
325540
338526
248675
892195
409909
935878
161076
725983
927818
652630
475288
971155
643530
55671
987657
527883
402197
146132
1444
110932
423468
168235
317760
995430
99020
649681
255484
716295
217151
129890
613668
222358
117050
521013
677573
45963
292935
57964
720814
186367
442258
647242
826473
322910
56779
495038
768838
974513
219372
441908
578863
766668
798355
853277
470966
853633
845874
487001
167146
385987
410301
254510
552488
183651
899626
309628
251645
824437
957350
710916
565796
344990
698653
372106
222824
881927
456562
830605
162113
683392
314298
669908
205456
424552
724571
350803
420763
325390
70716
665923
316035
619259
608834
835469
760777
857239
270774
278894
955206
513360
912313
843896
167134
312943
169488
454130
362843
4690
453285
207936
606968
181644
503184
229684
596067
239194
380698
340887
107464
531201
939334
68641
683823
485954
119568
500611
758660
24656
235586
191892
245458
504177
982256
679321
155166
160733
675104
511120
976742
761828
43158
377839
381685
890341
760433
472117
311882
914186
196907
537205
27562
738489
892989
746573
623697
795283
348195
845681
342719
118390
426434
693931
428992
613823
297700
28411
911273
45752
395676
959336
273858
474145
427345
354197
904603
48014
675685
748979
139727
907596
445405
352204
139747
747187
960230
862353
713031
982389
931472
440945
119638
516916
507005
905109
502297
801424
543630
562497
227030
477674
960148
148154
571070
247168
544783
398381
720807
657135
686577
965581
214978
244090
340374
176478
187294
855596
312095
91847
546875
410647
675457
398975
807731
395367
34083
353587
102745
985724
564024
739281
177578
743666
839590
155285
99588
540917
365536
530291
622399
921430
735022
663034
31435
46741
77519
497862
91034
169503
589420
857390
532591
377760
48764
323200
179687
262476
6547
19742
165349
818275
363489
263346
443047
425771
993253
674688
990233
285528
881363
813764
122303
835717
857126
883850
458962
903809
399773
356709
687754
178269
807591
318938
358687
400331
434423
245917
616781
228462
618227
844474
943056
70860
252946
215398
788643
991877
443505
271932
653239
369887
664739
199652
81739
51654
399145
278607
490856
180553
475680
89303
407965
659133
225372
573095
164907
805479
304130
550305
104405
939831
840622
668593
457381
593808
386636
149056
833877
303435
581015
318087
146971
240654
812137
270781
332646
599071
878271
520937
906590
35595
88939
356501
425457
548185
728378
56502
963020
606304
763891
173804
692571
811714
255059
119098
911238
424120
672589
746958
648221
541209
291783
55703
39782
574315
262488
22763
592244
274664
561330
651861
386998
548244
130808
257203
270260
721077
801202
314831
391501
438651
98737
866856
496862
748272
595070
250657
499449
365596
348376
816685
869303
188584
700581
684904
540173
590300
817317
391873
666113
661475
635776
879389
575914
5779
905080
180854
92079
523447
653130
384144
496096
952390
463970
842346
769766
477619
517178
260786
313227
323913
347575
407467
208218
40896
591897
725924
133107
68159
901690
500954
787783
148427
326298
356695
147781
702629
846623
408142
360957
816419
994418
792819
385480
594656
903005
862430
567538
539049
10252
848477
278960
894284
197785
167090
279166
968976
480649
240375
446155
258562
422248
806658
575449
122409
774064
292621
646177
161555
667167
478727
659532
109251
600330
869624
660200
513053
133258
845306
89153
570168
128313
962692
427253
337476
829747
390256
756079
796517
520438
737750
362548
376418
810818
543724
682623
744177
94890
677863
73430
960762
653571
457416
918713
58181
291355
882655
116561
293489
664812
158054
457408
219412
877111
643964
235904
512168
104079
10487
62738
338990
796419
174002
372504
177476
548575
912816
443183
229139
475009
601816
315554
108509
353035
612481
959743
336687
225393
745972
422288
552984
299378
334198
363488
366634
323163
472526
908213
822899
945797
153163
97193
253896
767507
837762
598268
239388
637968
614871
142083
578868
872659
904795
630024
878439
783278
247387
445271
263591
943722
257933
360292
190310
739334
638186
613177
333629
690562
681668
233123
272443
564384
387387
394601
25192
825731
373538
391482
254735
461455
981528
171390
39756
406513
709469
288118
494366
222680
794723
629490
8772
440297
729258
228147
827887
589000
346872
111653
766931
93144
933988
778631
208472
981738
984793
765703
56030
743150
566033
362944
26667
219901
447610
986828
914306
105519
640573
21381
560170
948811
620524
580259
434200
238478
983777
60279
358680
950328
451075
808377
197667
47008
722609
512963
513689
912035
264111
386463
193228
415735
973136
905129
201525
148193
119416
207013
676232
467757
380338
770474
124596
272740
821753
680156
127599
817135
389537
355770
343590
901525
239697
376822
847442
5948
966427
358539
833086
612906
764373
413217
603206
354675
139718
913122
536703
759456
282399
300241
681188
80749
95967
470230
598997
762549
671924
136211
762313
336810
263197
474846
353376
659794
738729
204909
406977
180309
197271
643493
51966
854847
223086
990015
379273
961653
407651
13839
45191
153795
88597
758449
925940
618775
556540
676090
285475
878381
675538
757469
296771
70045
632279
62903
40263
305592
874376
833794
505916
536808
438876
365760
765850
620694
408454
247572
34740
823751
920355
87149
510219
861493
297550
916505
948449
160235
667295
44103
314899
709434
27417
669043
676139
301397
383243
754491
716426
67547
141330
372577
746236
906544
973133
936053
711899
450225
764620
349854
464395
299380
482440
795881
164864
886474
4507
775477
22878
375261
748962
65947
869057
817630
711275
153756
439559
916941
936364
688251
307732
73081
552480
89049
885399
654188
259655
785146
480571
566061
207957
836108
129509
281665
686587
676343
439598
209374
42063
616773
840072
356249
885084
650361
656150
272491
390177
41247
187982
162920
756701
396201
658672
453524
776875
793527
240302
474778
326508
672049
419397
915048
119214
674877
901656
604592
682528
733948
182083
158553
150879
155165
337936
775709
501756
461407
126123
721553
502604
531475
455600
27282
13722
733204
132491
270896
440008
261337
816078
913743
366897
388741
197060
280205
231629
630371
87131
746938
219154
504085
851964
586612
36972
889613
364028
348632
357318
428267
910533
919706
742816
183523
333598
986305
942806
949015
530189
332319
961323
46360
121252
470932
2709
492279
940748
533379
82318
644483
275362
699560
775037
278824
232928
800145
364842
224440
856780
714210
960278
336752
523724
782304
744305
521414
351712
570727
479493
284960
487854
325657
425359
784402
588736
618634
178172
605064
355191
674002
625380
24373
749027
576477
145276
560035
95913
235731
161228
283856
359834
141216
579820
93702
990839
323096
782398
738425
675926
689426
621575
116860
186950
552325
792537
58070
491189
223900
238805
181352
40209
382020
706791
785699
853939
793119
477631
132552
802859
775448
777369
952951
897087
806133
626429
27048
575110
944761
347106
383553
870565
845567
750650
510803
65111
634029
558404
605244
557595
986777
995040
593059
45483
125858
417187
813198
734231
730656
731704
141343
595814
880949
989301
56405
403163
514314
790259
8780
674033
428676
169334
97247
76819
853150
541872
493699
868841
507184
710994
65765
75952
265104
254967
118051
241963
347346
287778
603513
629704
980784
11295
603506
69102
639207
485518
88752
533698
681887
519854
510490
58385
351928
560908
899254
604768
646716
780511
206237
174840
38090
125182
237975
846704
349253
43938
342557
20966
222545
884281
229180
863598
789251
684232
873131
545067
320174
813075
962384
378605
725989
789781
362703
875446
107807
288404
85211
987231
269924
350093
118366
272464
606985
755244
542080
284504
987790
535359
127138
521133
978120
323925
265124
77644
396905
222974
276020
381309
560418
38021
603506
339762
801196
306084
248398
194764
212724
613502
668686
12373
609274
830932
580263
596223
231745
841004
456790
901597
561491
239369
704605
189189
583589
263682
338629
981708
871912
877721
120350
940159
720007
467203
510380
287744
546486
925300
856021
730319
779146
453686
316061
379276
649300
85702
372698
862107
961278
168025
56898
307825
152565
623305
363640
563754
701709
553314
867092
427772
175414
560187
139428
356439
266488
855414
265847
934528
323732
932055
937934
457551
324346
202309
45174
178531
698389
576765
55600
183948
81340
373755
724880
846028
561530
724060
361444
717277
196168
866393
123386
146821
633469
774673
622260
55660
724340
830202
685077
556016
475558
607400
261387
395503
268451
21482
49195
373108
647451
539416
631032
39732
826559
632534
72395
91800
692140
804279
929548
257622
838031
426863
537425
132845
85707
192977
724915
394735
392622
947290
30135
25294
236529
350396
943671
481197
504037
209202
258889
988998
146445
569449
29220
476331
381840
456207
212714
513249
720952
72310
164509
486813
586392
75106
131339
278433
180355
945607
522427
451116
482312
271496
153439
941665
656623
434092
856827
730570
671758
341709
364720
553369
946812
956139
415667
452368
958879
557561
568909
407437
851710
194624
960735
159605
335748
439744
140353
555571
237657
223193
416267
960857
165194
14270
617460
30740
132341
992817
875159
115964
218476
797654
390978
291643
468244
365063
777962
125943
187970
718056
607696
167996
725023
837503
853134
723430
46535
552121
288490
57835
915809
723918
542148
87955
983310
951597
925383
152383
163181
476676
6520
315511
843170
359096
736537
315618
888229
914481
976839
114962
583230
871327
88125
307004
935528
691313
137466
197420
139836
172322
656980
877233
357304
904085
483831
336529
985325
500663
420813
568669
647485
881871
529227
233807
326258
392293
775652
878323
579433
830843
533337
966063
40788
609595
71275
443551
308556
566924
767566
12993
636402
975548
801432
83659
946818
795647
857533
658897
425786
126536
641435
409641
404776
204313
77891
973655
305465
96538
533315
72321
586126
462637
535514
261761
200286
992256
320246
609350
458357
524676
326218
973047
650870
826160
596966
43349
183896
904120
229651
951232
894519
195421
67412
994680
609835
596086
130953
46464
800148
950292
447176
193334
233455
759715
548681
759878
249999
932948
151745
667927
464795
345485
66979
269884
487353
442350
110709
524937
844594
589286
904477
949096
698085
184676
989545
180250
76261
469753
88281
373924
694321
794450
267962
10957
128029
604672
12111
170794
212830
728348
607055
458096
85201
797405
933787
192012
295899
428751
280256
728332
113732
802262
364010
480495
104287
687382
186892
249476
396042
614010
796888
817091
490793
284187
958526
999944
724031
165596
707360
361336
500120
571880
653653
937816
22906
462150
69215
705948
212123
854255
875429
711004
25353
428342
285499
559335
662898
588617
730292
309290
183360
647155
231806
205031
361459
20808
929543
216492
155229
213447
773388
884850
232238
559227
41700
534900
86568
656220
69411
723920
537341
194111
734514
917838
280718
247383
449291
11503
42177
724692
482949
662961
825849
96123
233283
340929
952337
771134
998091
383976
736474
284118
670470
44879
992675
311304
731922
443774
818861
333432
974394
764441
921641
319668
868487
465404
952034
871457
797963
741167
466778
610202
991442
32485
833610
703971
145690
722177
640403
381999
851574
589735
895176
584479
627550
532667
349551
784163
998058
841334
492417
817778
687395
943440
308917
68000
515877
851596
249697
943154
662344
747996
660618
706613
772197
441983
84345
825131
261764
420866
406846
460820
211117
756870
207131
986256
260800
914318
963941
584167
620306
988713
154965
512216
208355
510223
584067
384185
581928
63569
997427
957796
313086
896764
260195
698681
408926
899121
322459
378006
872585
84968
57814
287987
466060
168504
650052
859441
380209
615945
453236
394156
845871
580286
389331
949165
882055
173355
848766
20143
90121
222320
28113
463800
420540
233356
633984
776854
117207
799995
931972
298380
628614
331757
419097
952852
374878
735018
802193
269124
542721
859096
329449
290335
564827
591425
777573
305924
639232
904233
906340
79795
509018
855116
878837
806079
649894
927341
238372
700121
616822
337874
344558
752026
126126
173402
819123
577415
332312
208027
332991
951393
420318
532927
642773
133776
850458
111189
466880
315718
528589
133691
267305
443416
426245
231244
171628
375982
88153
147687
70423
849913
162808
767541
341158
326250
857039
443257
561184
200427
519805
172423
106594
642253
794214
80676
48064
586828
777128
633881
69915
438905
796913
90380
423226
964548
707821
208088
669710
527171
912022
768575
104148
147924
133871
581165
102856
500219
794993
68449
369375
587925
399980
197325
31679
874677
253770
228693
523128
538996
327792
271688
597107
619451
640614
552952
410049
541592
409360
114556
611616
427529
135872
275388
522559
538850
565968
24044
496520
332517
547064
308264
236357
809815
452656
335166
880454
987472
141355
221191
721343
353535
804447
949879
765004
214803
83450
396582
708177
770223
757423
802490
727891
923669
772470
904676
49027
587867
784920
717469
360197
874354
669682
705438
918177
465715
322429
565926
438214
461624
435615
21386
485990
790422
682710
456934
654373
816559
372591
102448
774388
318536
526844
71078
638422
194258
953717
269547
755113
969732
24423
290098
326263
186541
664770
476430
470508
617567
161746
135371
2709
313759
213930
400974
132335
105974
305318
91308
391507
619651
936663
860453
893558
554326
910724
291956
554804
398276
942177
736912
51930
581431
516841
41857
197705
373742
370249
30888
476294
19446
725776
23363
451760
688412
71366
829867
875916
98545
97870
487188
477885
296400
244807
134323
754970
135804
154342
495348
295050
382624
593248
728542
545246
723681
232159
616706
514008
683505
237262
787858
64840
259727
958004
108255
464589
842117
711759
639910
877382
630447
89763
819471
380405
406275
714773
343424
886102
966580
699514
903948
646132
773940
119578
340672
902809
223583
437950
187419
719260
506779
789905
341369
9943
845174
119942
838548
561842
984061
31791
370747
130883
753341
721675
589354
49353
542528
510757
809310
143824
114629
806212
861624
663649
576524
62242
940490
419691
824894
193638
774114
854301
685073
680224
83030
707938
721854
697664
701192
692585
545047
215549
233772
10378
517715
954176
124567
493947
848786
137100
969819
951327
269295
662982
725410
366724
379749
920996
303828
163115
170396
367259
145513
984800
174683
933133
214822
412779
490514
653447
183548
929096
481806
731622
521540
743840
482
85914
472853
461374
525107
438924
250188
452580
386948
879814
407763
152639
741452
43259
572532
100984
308155
189527
645000
889537
27749
941318
283807
854488
5085
128605
516369
20157
40769
495640
458366
195241
295104
658598
317189
474827
21463
547320
849133
927185
722568
441300
720943
440033
444268
200271
541452
654447
310359
274986
460795
23639
354827
470425
62919
38498
765158
183848
520344
506393
263629
700907
565630
951452
600039
749419
451874
85730
89497
121310
460083
23466
323523
892943
618777
176628
962326
251744
179097
577970
103313
353184
761225
433426
96498
23670
132904
547792
759907
116330
917352
277027
247330
588627
510527
517201
201785
82104
72473
685906
60939
747810
982675
389007
768145
838620
152673
496262
860401
568133
794168
977124
165105
110313
931813
909644
138097
686085
941108
282592
82120
982935
496535
528693
519589
56318
105854
448775
252945
658298
682152
376505
620827
77433
991345
512721
72626
611750
33925
900578
951536
216883
15417
906577
257134
681766
694315
520998
631832
550563
384286
362517
701059
665568
751103
987940
218560
957403
756055
614096
935738
247658
385634
583230
888880
320515
130501
101729
939251
192097
761303
120406
77138
236404
205273
174577
880880
541474
431594
2063
158142
809592
596445
72559
700101
432283
861932
642743
629084
825082
404600
700099
213184
535051
92205
333781
332060
845320
99322
327229
702187
105936
241952
948370
566980
826265
933238
747378
409476
418750
993155
940389
982355
964706
745884
516282
307204
63929
465647
124195
613043
502969
738746
925730
487230
569543
778597
567549
282747
680709
663216
65738
818127
32705
681619
277383
71346
287637
849302
422788
550276
958749
266601
589642
823519
749193
190718
876879
196817
609834
329835
474281
818135
128302
193573
121250
761387
812836
514510
264198
121497
252921
198026
824898
874696
760683
283565
134400
605112
935373
598115
762722
985776
161676
778979
724364
76352
411729
239552
378414
647521
593099
259728
879380
616390
204194
384356
780735
350371
633328
875171
470727
780066
150759
421389
287891
228180
473116
443822
466588
879218
831201
3788
375550
771694
113198
628659
297800
297512
420449
114271
189352
492700
240284
965022
621053
644637
110598
140332
227756
134775
372608
419434
406229
571197
428871
311833
570733
145285
55812
696229
481762
184256
742121
435520
49392
767372
681765
301730
227303
732913
400630
979029
448968
243496
336030
635383
41816
26025
219100
582439
666497
708310
744444
971275
665177
175383
221899
680140
500179
332518
703545
127926
150861
234667
222254
183321
165946
109036
427457
49755
817751
168957
999430
988510
630713
556397
575347
535679
304275
533851
659479
736126
50656
1616
794899
59176
270735
135326
239912
577536
866618
345201
803935
772796
187941
729386
865116
983289
224625
507537
773410
501141
947966
536063
523210
834013
301812
58883
393444
992360
745211
162397
321771
795591
344851
119213
260998
329335
828600
609785
392615
8214
289331
775363
429834
942608
231220
459561
32751
343932
250010
871646
837364
945500
228565
213917
432144
812417
849918
846102
340065
73175
725240
152664
689757
535091
354893
881312
784147
121895
781305
48420
372428
227981
725890
553696
945249
699248
525078
21608
357268
835174
259799
146806
325585
751258
412786
860813
341105
684744
815178
773612
879660
783938
487137
236519
192819
281032
634950
308637
753006
503209
758907
606387
452640
627639
58255
519477
955318
375529
569593
451129
209136
272556
118331
278178
594961
693380
91056
871162
427655
325937
550955
781193
986294
652785
937702
229786
337019
67218
265510
783207
880069
853622
188956
857582
613562
100984
520433
18778
94930
663287
853785
414198
821343
492126
828037
32316
679032
566630
610235
961844
474842
908973
627187
150295
537315
163591
576904
261003
330804
289792
218973
867372
694839
983587
978449
417729
445764
654413
2452
371097
16033
115063
438265
864396
295534
879421
689509
483365
395910
986112
848328
632775
369004
70965
502823
327520
666160
45761
482040
905553
289887
568424
362985
248426
248316
791247
859003
59009
948802
62748
514350
979208
221562
173115
452343
415181
612380
207231
769104
892375
256061
704983
966567
206137
402437
801767
542423
959672
357931
264181
435422
374203
776936
415697
128410
497121
516011
597676
275360
974658
443920
56000
479679
295308
109702
826965
379373
678625
183093
862943
527809
158877
134018
84395
667993
442946
685976
642228
369676
617272
954833
322634
821309
142155
124258
531268
856512
980468
842253
421327
478259
741194
158096
788276
890661
577382
465760
362224
295530
895822
953045
531660
450420
379118
426653
345569
576827
347838
130820
807709
307080
721841
798724
908721
899718
484486
671579
206673
99903
211439
263650
797705
838792
678693
345901
355327
737626
523183
649442
268253
519809
511799
110924
929238
69519
976861
7848
697133
78730
888689
691650
647314
950293
540886
871839
692289
951897
415262
67862
338496
129216
669197
426
673225
376256
681574
888824
965896
890376
378145
991530
636414
741779
28679
934113
291024
64215
331237
650016
349600
393978
823489
807986
772474
422749
299141
674311
350373
922831
355508
49508
933162
951136
101461
698456
373830
635201
560345
445337
35129
30941
773552
50740
799547
408001
374949
265029
360134
524940
982617
266826
881003
460726
793933
916630
198500
687742
377999
217579
336961
624040
867737
510761
566406
469369
590807
353460
447872
737511
495042
556139
357671
831942
98227
289249
662261
269651
15933
558447
171954
558955
794143
824727
346114
107180
702302
883379
124318
379390
196549
382374
933450
164260
666280
374015
878390
525501
611217
132834
421232
52756
846454
287134
910850
715601
851774
50367
620322
492258
13833
932045
470558
678706
802462
508268
718193
744821
936332
947555
23905
669088
805998
120497
1948
510977
431387
413798
337873
594493
163712
449063
802521
57886
171082
9774
36123
545471
298253
150699
239542
286147
541457
625638
222468
637868
208048
223168
25320
925463
975386
715068
613864
539062
280725
775067
465208
671885
594382
677043
771118
86507
700636
40415
831772
327296
480291
839054
746369
298076
230584
973904
86293
190125
395542
123996
203230
700786
51592
498950
878841
704778
758990
948032
188773
233581
642002
610724
627327
595229
872117
535493
88682
779526
781031
89586
302161
700815
899776
855811
389908
919560
360714
246821
802372
356074
248324
370316
256609
470364
618597
305457
893424
146696
66024
514481
765596
144194
489662
375183
508841
324768
668521
680583
264212
840101
903170
378581
75618
46784
679010
714020
98735
632051
392213
842072
506094
353987
915199
717895
214843
536669
937193
937417
857515
647276
374537
153841
602815
525177
511162
840229
352406
773622
130710
330586
864377
501614
846715
674976
473462
527497
723641
285923
24297
654664
936954
330065
496709
255999
281370
552131
589613
782915
829198
791536
509524
62675
386142
169669
310938
635620
822402
29189
136314
979745
199869
535809
685579
947545
814184
280152
52082
295256
507954
71099
677198
319057
333483
476346
259785
752093
563140
525326
205097
440713
26421
832637
858510
475700
938693
238341
116841
41425
324632
499194
584038
964414
795782
75416
35791
210973
121966
230510
410784
238122
250137
111838
798134
522014
906827
318921
919445
761803
923017
483329
215244
933099
472384
362742
421454
551374
406842
911600
55118
74523
810681
878388
28830
951819
218458
128275
834612
917266
849573
32216
158175
85599
390863
339582
926312
777592
87918
887125
440723
614066
89867
801016
791160
750211
932493
941268
703120
341988
732969
705716
869351
237308
71262
212434
802338
791965
162188
555235
594141
768041
104221
930629
49408
228775
167720
493917
303454
502960
768095
203328
499445
905347
734681
904666
989604
870359
531369
320119
438201
519993
512343
553127
272072
202665
678248
759191
908598
87669
414641
442200
925572
555980
81159
543469
377670
756266
457668
768591
460694
891795
971974
782639
257853
671706
862786
19835
566020
620418
608235
564037
526496
320476
200515
119176
837389
18026
770098
12788
288292
180369
85496
336377
253328
409538
520014
929890
299489
532856
466649
815905
946454
145822
727848
330467
146784
383663
312761
961596
200163
160643
4708
739504
891740
519214
39346
806282
734499
922262
677360
267041
489673
92368
826347
768339
293872
235147
448030
41214
670937
22036
526098
834380
702929
9093
305179
824273
771620
845327
495336
568076
410783
64120
11774
254400
911251
516680
442115
922521
892030
401522
379243
96754
829711
523226
73255
916628
175474
550982
671472
32806
973306
392237
623956
47624
679986
387568
807365
994760
629982
93580
946138
301349
724286
358582
154730
225392
509032
746401
634991
553613
799824
476543
269439
945978
799357
574128
63035
818056
902852
847431
77328
87933
38690
44270
945786
364054
64720
701732
646709
603990
946681
592210
691999
455766
579893
605025
102970
522221
360208
145182
790542
536100
986751
616798
565083
206230
334570
507467
96290
300417
53099
438691
209449
519275
216867
850175
963824
858925
729925
237657
873397
236839
573181
552926
815413
650530
202243
842553
898507
789074
373802
233097
875357
199924
23149
899384
601723
870540
166069
452623
635246
429489
959727
908641
658003
158681
591459
185225
605150
407375
567772
850910
8442
550546
205415
167566
625745
5797
944202
531747
246905
473389
694539
804772
58852
709668
31529
661598
12450
355710
68617
611198
291231
97780
903113
926632
623962
370813
844859
255440
549179
412130
582197
289232
957516
179281
968841
655666
865202
58796
201417
774217
566033
303263
546614
687067
611470
726944
232475
326076
945886
179231
455711
569602
806522
760496
347925
890603
270833
43622
376473
424460
358575
963346
566847
594269
414867
922193
472624
759907
402080
393009
556636
855171
913177
185080
613047
619772
49883
484023
362532
641592
268977
525870
279095
712534
36166
622405
420127
459420
107452
160404
652779
458573
286605
609013
708218
951674
540155
423529
34575
262931
26401
727585
783976
805777
764835
225095
141792
324134
785088
41109
9236
658186
147742
694053
680846
512002
621618
132353
895920
452367
562346
422618
564129
235719
103531
537156
265797
569709
390558
246386
165026
17759
552282
641882
668450
406108
150874
131236
902714
542608
338942
86821
780408
688910
368049
383728
562029
554587
759670
181646
601622
918606
634720
738566
411675
466574
793569
27233
333469
510258
534371
452394
155087
778128
718049
970229
96291
812032
86046
758662
402991
485736
265603
223218
485026
304660
239488
530247
595064
658186
405209
372260
543864
185295
478145
556083
89449
675684
709202
371623
217644
72922
780457
438236
657662
160262
159301
606930
501807
298238
28402
949266
74526
920224
121944
193711
294918
736087
791838
743783
795328
100315
912143
912915
133975
731754
755477
699066
399129
766352
207053
688074
861856
228341
553600
562141
631570
193628
259155
577031
142443
534622
221562
99865
555856
147705
195196
218292
459199
575770
998978
842724
928683
710567
338060
364027
48547
481984
705773
860337
390831
465666
401347
483077
937430
332327
759104
388485
805283
93383
368290
370928
700875
830391
599420
115127
203548
734290
772174
247402
383631
771197
363508
11455
421087
146057
802642
809240
261089
952655
765390
90385
423861
695194
186199
162311
546447
193144
801104
956878
444831
43134
685536
241046
722624
235598
188030
144351
570523
133211
251081
369024
814244
201236
224117
764945
455014
576551
510363
921081
126978
335930
812391
623962
822062
600853
814906
331055
416696
59861
155144
387648
433892
94497
171361
17263
412521
154759
728526
194484
52950
404695
714476
529282
727609
439690
792263
855030
256427
486435
801044
610163
510472
415040
477598
459584
643746
711198
557498
735743
560986
915237
803179
933130
269123
772853
479291
335012
721394
328068
157619
403511
264123
143833
486407
879433
932948
273423
382734
949846
562694
313241
237798
990487
251927
275485
860840
252088
698169
158703
75964
335130
189715
928962
686779
227755
237454
422316
706261
3954
120069
978734
77984
421051
61547
196412
753789
538638
489871
335301
325865
273979
894996
260803
778481
530656
300730
598661
203419
280505
295687
449803
711403
510384
735058
288608
855398
642220
443217
204328
243314
583783
797728
438687
985892
633930
649601
540609
555532
50606
486209
86600
539039
11990
730528
209708
233356
720682
156177
918880
115454
891500
327690
687568
518839
91141
875831
418418
956059
901270
26704
899491
262893
236551
724966
159604
915392
497909
150199
135294
550386
396902
72022
3099
66907
533265
390242
340120
68961
201354
740990
45346
735368
649230
860596
203200
293657
148507
894675
718265
52381
887609
95898
240714
332268
455299
258234
462387
916180
403042
102245
387626
828198
452444
420891
255067
561777
822313
584240
333291
908501
51496
629864
30039
165832
34265
345124
490380
67510
464231
259913
391877
189910
919115
845173
758581
93035
785395
737311
183251
612315
151277
792842
860710
425721
637787
694882
605273
521011
463175
809984
517596
690930
54141
734576
209747
42404
212998
734023
562366
610872
581212
485448
855517
157493
520882
220581
786465
714694
549667
179367
177341
899637
552662
790638
74629
10522
487326
373421
15483
81860
298576
331062
971499
627473
819450
913950
33439
541766
604348
901057
817661
611251
901205
344406
632062
67019
528836
139619
245174
148703
296470
866698
230285
318138
109618
141207
108851
321880
860492
430741
825156
650044
890433
854178
251529
211369
938251
439963
205267
708176
300399
561084
568076
768491
18722
209178
242503
943169
836336
248853
724924
100516
160575
295424
905477
667910
246148
388972
674397
569084
845986
94995
854738
807691
757854
149065
196393
608550
287765
75022
788808
851426
156062
944627
558574
39869
439417
684142
79438
438438
404764
66114
209579
986617
580499
948739
391785
301789
127133
661373
430208
916455
252345
921341
180555
441796
437729
938385
491623
743546
771094
241268
713865
100407
188688
32750
119346
332774
357615
742520
789389
667931
230347
120020
909944
216167
478254
372910
883009
210646
718881
427706
289742
343392
834756
925387
998508
788442
194589
902019
606760
208788
510279
977207
382546
935478
648349
53141
166938
594520
102532
357989
599686
348934
435226
127471
994533
544348
479625
591602
738124
832472
318009
449611
585182
980985
449791
245900
966633
958524
112807
278657
885725
730761
130485
889597
962741
95803
790421
354396
553611
268585
805382
862830
660967
346894
44258
502080
112737
371308
20783
524206
859207
221360
405121
850814
401658
119327
236297
222653
858693
159489
552375
970177
765173
469871
869639
580822
406980
481896
958234
337794
488199
159642
866061
443820
716723
493678
632518
467899
400405
941613
725958
923630
709961
636238
150328
659047
864055
161928
28947
8108
428550
808188
390457
752893
84286
261199
369865
902660
166746
202779
436859
960787
819150
838065
386179
327113
273052
704285
518844
856032
575958
556262
936597
162913
953424
125165
117746
505829
835674
217968
271956
462950
319774
633931
387635
3252
742558
224990
262902
98947
119037
235515
986363
775679
628965
791163
93068
986811
181353
378849
378596
680733
446431
839510
172704
361117
424085
291537
841096
156261
794667
24811
345419
376007
896796
42016
575623
405764
980588
77026
204160
633682
595491
391774
678429
167335
900977
364705
61898
611460
83025
740440
740537
186231
679155
507545
913377
176688
820407
748472
208293
571645
636361
817039
878982
916029
205294
652917
193512
744398
634247
735033
953807
550490
113074
465191
165500
580780
869162
49398
165557
950192
927846
717805
900716
489939
942894
806462
500289
766826
859501
180431
904432
716620
320193
390608
23963
679819
541911
414242
892805
519794
192372
453724
100356
318033
945875
846245
511294
767365
691551
14747
56325
31784
541751
538393
81295
202392
980645
496272
648365
594989
547889
531268
484049
810715
767913
975511
233531
675046
278724
727754
494125
79120
53363
709148
78396
932077
625299
149148
590133
708977
745647
101187
211105
751299
287258
128385
762016
743284
722770
888981
839045
610522
533357
168820
390535
908408
335400
872174
314911
153739
812470
412680
856170
57778
175921
952180
386046
849898
136387
611856
564134
79058
290280
588265
372613
415243
381771
694441
491171
936278
885586
722267
604510
210906
287475
693862
739556
387937
346298
354492
380027
711266
706441
822668
613235
479108
671374
305220
577964
634184
410912
142952
384286
395613
518673
165499
151800
270589
611506
481199
77938
488819
980303
740287
25503
611579
339263
94227
849950
253021
663704
233208
766495
259590
383494
727084
740740
808968
302863
756809
330316
452625
191125
545475
614661
39853
91000
745138
638662
7055
943392
681914
762545
589557
670372
280490
731557
217201
693891
810689
752248
402362
102054
434093
952732
874429
230611
806935
296255
640853
307829
697466
391735
894358
955248
342373
311992
978561
850915
161084
360012
865547
840577
149099
171210
647942
299134
383696
252034
508250
828763
771742
343854
311613
761617
430833
473153
231614
358892
684725
884343
743158
419312
718151
809907
651568
685172
158032
712850
374212
549459
857548
916091
45709
679282
911936
893210
439800
439916
120034
669004
244192
735460
193524
246547
216081
117101
28292
238068
148885
318519
70675
469339
632056
719326
451416
234697
244591
536514
680453
218649
12975
977335
995001
748510
863571
223009
419221
880303
414608
414046
323590
853330
147684
79088
578601
839474
616121
951005
725485
647356
363772
196030
51696
376890
652704
554107
252549
788259
963897
593479
488077
238273
402382
724530
626701
198658
344304
625069
941735
880051
924144
132946
863855
91039
403626
863461
273700
25509
250736
511381
308680
732275
643770
881025
297073
985748
925259
864598
821708
998656
101104
457336
217322
855113
944289
108122
137573
730903
501064
436498
985384
270754
362472
912043
479582
863661
248672
100084
814669
867627
955767
949124
861085
658503
905476
915125
705146
130514
312911
386946
632407
316755
718257
816029
341916
941118
177227
612641
657450
232395
189937
877025
349288
728274
841262
692806
122034
102386
448969
843452
734488
600955
153168
7207
613306
97200
918995
986769
662791
796741
196105
639341
21815
977747
632510
725121
195223
899937
989168
584189
271774
998951
489330
971711
692272
730737
115774
842657
479724
468602
23312
978518
460102
175710
329667
724473
920917
531755
289774
295965
683639
1394
967077
357292
865177
329260
626326
345797
311476
919597
350061
878099
320437
997997
381505
173846
452260
316138
79246
471813
38013
284827
801304
149957
428325
320764
493130
152243
414890
37192
869379
427521
66160
47953
674033
861315
662042
512589
114624
42082
715573
135247
157432
220631
807834
762082
855970
997915
140830
594091
97379
753394
430935
220865
196442
543917
713479
593374
603548
286851
583568
154822
296822
398026
413662
878327
695729
726262
872992
304660
610643
330041
176256
846984
832420
511139
136183
138680
735622
297685
597371
317837
100186
921056
36208
180633
238095
48726
852418
883605
941559
867428
507912
255261
314544
204894
123989
549106
585145
417233
851246
807189
403573
207027
266591
371284
761965
704689
243464
814963
365177
123287
180609
904467
61771
861756
537596
521403
255946
582685
199889
345335
72959
539741
644187
278316
980603
693163
688548
334010
90847
938585
319697
168179
26006
752045
268190
321902
638400
72802
303827
966375
672452
564530
340086
778480
135940
66844
88920
967593
848889
892813
498540
428105
834860
204471
410502
275395
605405
532210
719829
181256
961629
27778
733485
953688
379666
191092
23062
717031
266550
802331
491116
539169
891814
745510
249719
676859
176973
657488
645042
852703
202185
475741
916016
702224
910290
580652
926146
221239
531251
876036
771960
605358
62338
898711
733724
394021
133218
109546
150070
46828
382173
175223
842644
902292
425526
592559
351524
970732
9338
819227
597614
655154
375661
151490
155908
871965
257801
327491
661915
334411
687896
231963
110584
475360
705456
609188
812727
946703
463109
49018
518638
839537
316188
88014
846680
138915
410979
112276
833231
292366
345674
871829
654886
659539
776358
625247
428370
346179
397774
780629
600240
856745
833090
48363
332212
117129
41793
425840
233102
804327
543356
172870
911846
921051
231179
486357
589105
51249
570627
359753
445270
315956
466422
241389
847244
552546
528831
366664
885088
455290
214739
295495
171010
630530
441534
932181
474205
685363
781629
748154
61273
529967
799027
649898
450669
259074
332367
779204
220774
847202
689345
558026
30612
743954
287744
774777
752642
550159
737978
749111
589367
734586
124388
168366
739131
978284
231381
607036
562316
906885
857588
194270
337676
816594
303321
567163
40381
705990
250221
122613
382254
279068
55515
758094
756292
657171
721078
408248
935199
390055
168463
967804
172562
991027
95006
101410
834490
785461
312128
689901
890407
90344
501961
28689
562614
201224
747524
223944
244109
169684
794954
499195
544694
581787
72773
77222
536767
89059
837671
909553
290534
464848
525214
629804
847179
579382
538210
993955
186553
863475
657089
9114
905954
629167
243560
833795
707410
307723
223260
306790
40914
740946
765341
660787
858981
193103
616840
337959
822452
112820
143635
754412
331340
285757
682225
103436
286596
962389
782057
264183
91472
380244
695683
609080
646974
340876
973304
57670
665578
699031
533270
786373
495169
614118
169267
448315
99120
142826
251596
629625
214737
189573
582995
592218
226910
923529
745530
389218
438731
697931
407335
363893
900247
545100
12308
39740
536060
65867
74353
456427
743292
31394
728820
545488
486434
148864
155936
829503
70624
579930
404730
807969
546623
543203
421014
762996
464513
613914
12675
915713
369842
604538
386531
899004
201492
980370
141370
431762
839871
560794
858537
322877
534620
748598
749739
847195
110712
265978
261052
760900
14845
313523
76261
46507
86061
732188
885
815857
242691
817672
408623
357958
444951
636888
178354
957099
633853
106199
276154
751937
652643
974977
123577
149405
308435
450355
873561
925163
658801
854635
219731
140611
943510
493195
113864
491788
525982
486173
949670
659612
352219
876068
704453
131048
16820
183956
344447
450761
722376
683060
157895
304838
68305
872706
570750
302652
995552
269310
98118
329476
778748
474868
335724
118484
856055
35469
560526
772432
898882
411260
239919
746996
75407
282230
160984
904631
588164
214156
541401
998224
951721
759146
535720
927382
769197
564226
701614
102920
618268
711639
602409
764366
296429
648118
524263
165608
568428
235253
957098
319550
827056
472987
564958
794051
17116
487964
800865
445682
867898
398254
847389
850621
126726
624797
462610
505998
57312
156632
643060
574758
100179
747150
423539
583685
267746
301976
43364
364205
687803
153734
182078
261081
783841
923604
773563
722108
231931
707816
899398
622207
681323
115253
324177
772254
260251
167984
527668
684585
293557
585922
590140
127138
615563
42056
707153
162371
112425
140089
738867
79353
166983
518365
228021
152662
773235
592764
719871
321665
412605
158264
989149
139834
456110
875951
470548
404365
303286
50747
995523
701522
701913
536580
548913
340067
692491
696577
514888
715794
330192
129247
174925
658303
157028
556284
623376
255866
312806
591995
384153
756366
578924
576045
392195
740200
812213
176392
135368
816231
299285
374209
147668
434755
946653
160544
115380
383046
621462
470085
235282
333592
922098
475168
553674
729206
657311
723271
786889
175286
993690
845253
741185
179418
373366
240825
708349
948979
578063
278796
24983
934919
81116
188839
431907
688686
530008
755767
347502
167059
231957
134512
597051
597068
482046
652375
381600
790190
463981
704638
572277
593328
288508
376453
678981
101856
377019
593620
6917
582065
162841
551089
521139
646447
182408
534139
844187
431266
483511
32973
762819
869201
824276
520401
202610
252256
813922
618251
737125
615539
71402
737043
63337
307498
400443
994453
415423
743010
606705
93246
908424
887205
10510
185845
676838
666945
682426
12741
92369
170448
334346
197585
755106
778903
114203
188939
405904
455158
216259
616217
673960
820074
64309
438903
147042
564180
168868
10378
446743
79552
17946
186131
930483
392947
316563
549189
444097
351397
590475
476478
790701
688426
734410
892571
844639
153266
542040
519715
281752
193240
875534
914048
491756
199010
740967
788985
320089
942674
441567
64778
124126
428166
125643
117948
792988
698341
635703
208346
741477
980405
206645
907640
762453
986846
628276
139878
350102
589546
111685
290435
799013
31410
988671
31746
373006
114840
867752
230881
398336
326189
513952
955739
820803
926064
135627
223486
958939
401112
455307
466574
206310
280229
139230
598415
640247
392415
217648
630133
572064
826798
467307
521672
891832
949891
801793
289794
105400
320627
183108
502111
567472
162141
272954
551073
256398
820900
147707
766635
694519
219107
824137
667649
723381
215233
226123
590506
566071
142094
963801
649161
338056
655291
413723
774989
15121
514833
91679
356138
241886
583399
556511
878488
325035
156625
243534
270448
151481
92327
421387
901387
79818
747496
111307
821141
799074
588067
294275
559879
445384
367486
516066
99233
581492
892713
903746
627605
684829
512709
3316
649185
87918
43993
375267
136895
723840
522479
829105
411054
827859
888169
684573
893438
710505
952707
568630
475785
28232
966422
186677
120845
474712
581649
153573
890911
748621
864149
975846
806563
150063
720122
534132
252263
163664
357089
486422
235246
721025
132836
141
708696
548193
146253
542447
728274
574132
743567
77927
599640
801941
320087
107850
536253
732761
17758
398092
590273
95568
439971
659258
748089
725343
67291
777776
407950
179143
777974
616791
455445
951195
303291
775075
859423
663722
610430
148683
495376
739862
681295
990164
477246
213407
826913
730412
742864
173816
456226
368933
514125
870881
678712
382796
23416
788824
28219
143309
149250
649717
624579
449384
680249
524962
324949
909136
600324
43902
180128
96189
659372
293416
26450
265124
316901
718917
345331
95536
595803
401603
387138
798482
227679
325525
144039
593758
271913
65528
401577
166141
882285
721488
473124
581406
768162
249147
911096
380409
854820
413019
754681
970947
710377
383261
802072
786952
439171
29053
236860
398839
196188
882297
11871
847408
438944
910067
986617
369649
386099
59547
500964
666703
444041
289303
283055
565695
3870
983886
240686
200372
375071
973501
48876
121852
220358
856950
524542
454015
964401
662419
907303
665879
832180
235331
396686
258355
673171
872915
91469
758245
501901
584925
539667
846416
10308
914830
966383
282173
309649
698055
306169
195249
218481
739020
795705
905107
952592
579852
526089
753753
845961
745382
105203
189393
668209
653977
108915
977026
563739
848257
201371
665825
557190
622898
731813
763878
694133
405707
531004
982299
347063
52682
627133
425835
160973
765506
672029
144012
25735
608054
111904
40614
990805
492628
105684
859769
359900
248861
619125
448312
716036
326317
103901
965808
950466
988002
990710
680647
55130
794025
756115
229596
873912
33784
626313
453123
88798
940943
420291
889624
50494
106930
639105
686959
57220
582087
846889
620547
639373
975810
214170
515924
507504
967660
543777
793960
129701
530450
403702
173302
94979
486015
627016
493542
482327
779788
16326
332427
271380
221818
169610
871246
717916
675581
569279
859286
429740
811784
522058
161391
86954
813078
773316
375833
781369
916799
59684
88580
217259
598209
770017
948089
190903
340250
122573
677534
956204
907615
495153
422696
297848
933566
664624
879562
56197
45610
567270
690419
311555
854764
590485
63483
796408
312680
777390
875995
133660
787750
967570
263595
674336
804971
379916
210023
450445
885240
119135
796638
483506
858888
324226
10341
610396
587239
551590
452325
67902
852747
793983
374498
347292
724631
698692
132085
948612
269887
974626
284743
535744
653993
537641
677173
184350
573981
815840
229123
560920
467959
653092
412099
190376
372901
479253
295665
150661
849098
507316
860159
804111
41517
156613
896340
702536
749163
504786
309407
707243
687672
623710
458946
914511
431693
988146
410669
144185
415344
986110
254736
213896
114530
984885
131651
79412
769009
247847
60330
664580
233970
638855
425059
613968
469914
264135
379123
739623
370915
803476
675818
799775
812544
779497
521417
839501
569348
181322
139296
663367
73936
801727
556563
634826
925368
635709
741326
778315
729742
78410
956612
583432
428183
598290
627542
820256
980170
527702
909303
701994
492960
755193
45488
107697
37295
580885
733626
631818
783100
127118
131664
465465
654002
831774
120880
286296
231038
101881
124068
131075
204524
394411
298265
776697
253271
367763
237740
667590
814475
48353
214987
881449
254459
351598
9568
292326
159513
633203
304042
233685
782119
817831
923428
77199
156162
794852
17463
902031
458446
635493
861675
606239
220513
126589
117989
510283
996491
755801
398434
136015
635825
834372
682540
532208
72782
246790
985933
834309
442894
813978
391642
535314
527589
907114
645101
102387
295816
304131
901777
385463
822596
153016
613514
786200
927129
281331
634064
22687
420861
741701
695592
523318
491829
670238
91636
959859
223557
978841
479182
810958
341580
946951
626644
770906
129119
464803
775512
959637
552051
523931
738142
955549
47525
656967
305931
326979
680997
334068
489031
854163
501764
881822
426721
426557
639249
327390
488083
286158
849017
369071
517482
248946
681229
287744
824340
855966
724853
893535
966498
941273
319679
5904
148192
402708
281788
177386
865001
653410
831432
815963
306350
696427
978147
718864
769720
516481
813915
904833
445670
596267
243020
953823
999350
978904
908304
519862
703863
228724
212780
645553
899728
785340
190529
6940
710265
582415
728056
313027
822259
623373
624912
143139
376855
648271
754267
502294
998907
96984
513753
108592
774455
617954
937348
734984
946396
524412
201783
479191
195025
114529
392865
127365
765349
224873
112267
637038
982163
375275
673545
439299
299128
40817
822564
565031
426711
581011
832019
496709
621551
100413
308437
267419
815886
406061
842550
820787
662294
986990
247153
153011
215544
565877
292772
783830
233804
68469
315363
515665
43446
898244
844655
49409
735900
109304
526010
149252
878493
541823
637287
587302
1940
969591
862972
507273
555267
512889
686245
974155
245003
525781
921422
414268
169392
836171
997009
722203
897611
126020
810592
558870
110079
684969
183981
445588
612184
813054
145953
242342
542726
158134
1017
164867
911731
788629
86411
88513
56278
759201
376911
835656
598568
750584
286117
672579
982102
188673
467103
749222
952751
217702
707137
206231
769226
116249
983352
139526
139473
140803
631782
527228
700112
760366
677855
481538
440080
669672
170318
306240
205584
766335
391014
235625
904881
88954
564186
786231
67142
212383
329248
483898
604978
806328
148073
94653
45627
329870
603756
382336
958589
42496
803653
853953
678443
195579
229789
632100
74736
438541
334135
697344
605126
763446
901494
317442
538577
104985
277938
5477
507301
32516
623449
947335
649620
126615
92894
169314
924905
517343
204468
617906
854117
23272
826118
628801
694661
46142
289007
353989
408511
95093
234655
256826
592328
116812
371983
488893
460894
621730
739386
764972
376418
392280
942118
822069
375109
773299
540882
241987
226638
709443
783243
656705
495961
767336
99223
653205
157381
918057
646217
934365
458372
402845
446678
168720
306847
409533
923544
21679
524836
944322
691893
261780
598665
827030
315163
394616
703233
588736
121682
460685
668988
377781
763951
918141
783361
873446
955773
13083
348095
842152
501393
790634
89320
452506
706794
762738
129410
936062
288079
916513
971130
743650
43172
447608
368943
153631
847170
211147
95248
203628
800517
229179
517791
241353
3995
301738
895468
634046
181718
206673
499803
541900
485320
911592
760710
876722
642093
663170
488251
2368
396316
120370
85320
800708
810293
480936
905707
820055
830096
839648
975443
655980
227197
942510
506795
194827
676985
243426
193912
811330
278306
525973
471607
511430
416861
781004
806058
996399
32309
61688
407026
530430
169966
115383
319560
427985
508537
444960
133177
317099
804341
900664
3973
156096
552450
362590
620792
127004
415976
237876
717894
576359
873562
530745
971768
183650
509263
546637
560861
617812
498202
802896
8424
58757
750613
718623
912342
936952
139584
745822
52027
808628
943643
102632
14785
687688
239892
530568
65729
483121
717868
653472
828380
134924
827165
407816
94721
827167
411590
99195
832462
2691
832140
43868
610212
666677
812739
412976
339183
103176
291165
496453
240008
649717
3995
166090
910244
385433
730280
365804
945465
186982
848679
444092
532447
195360
796104
926201
57370
287229
908018
344887
799854
640972
54848
247306
626321
694523
839996
134162
852267
940652
134764
467875
765815
675279
331668
744256
398608
150940
903186
823586
892980
789848
889891
892974
708209
5605
85277
799162
181299
387225
349316
762153
604917
630507
996574
636863
671814
708970
233629
774821
22768
207414
175434
105736
902806
183158
480015
784256
383823
196704
726927
674578
858824
413264
216592
733388
359708
987912
61556
853954
398513
325980
488525
704072
535081
37546
130988
362265
762704
391393
789802
816466
432242
423521
662675
37683
127255
243906
974265
541113
161303
503536
286055
160424
957500
739861
359281
635060
734625
747511
791
411932
773267
215476
528512
460137
593929
879923
17725
790850
644115
814541
982135
640581
714760
702670
142533
485699
836034
807071
89967
991219
173601
519214
883636
324195
630223
747887
594787
217182
704490
249398
145411
27059
280116
951250
398813
184774
192449
401859
964440
278014
914963
711927
174041
769234
978791
140105
32182
493207
391288
799704
911641
845651
867549
916657
74085
463335
581299
222373
921680
228845
648979
714733
939965
592840
280252
940531
7435
899176
85254
199251
153037
225107
252737
730192
901881
486113
849737
236869
830120
132123
346310
921605
244607
875137
158787
459586
570544
158310
37353
906401
300505
917201
122219
401456
832656
680199
765739
868374
728583
137721
101812
515086
513517
655835
832864
744318
705339
737080
937064
397281
993477
693580
165099
202678
353519
55369
951627
593802
834636
466772
955674
897476
140786
255977
545963
82008
998183
708711
491232
869440
567632
821655
946594
809727
200393
959917
196617
763088
203269
16219
571753
377651
377318
477498
78739
951373
955740
884630
190315
856300
134108
489593
194366
548530
722658
134035
298621
993254
359069
391784
412455
846127
590651
707078
511632
690688
807573
899290
642476
545092
506014
515161
984785
289583
509293
178225
421192
395586
563791
845258
463121
181408
626979
642366
282413
284372
887695
19155
362211
81699
255339
699567
548129
281275
985067
601813
229895
609642
627232
332868
742131
330987
581764
67526
928550
326803
559496
470619
98510
252457
313851
715761
524016
264921
840516
286082
519833
58629
363938
140361
863660
738548
191556
749386
783097
664338
80514
241481
721058
82694
424451
541874
38571
806009
284171
923423
818508
818121
519718
782314
765300
14758
460351
603758
488973
300252
602142
188374
630096
855619
806703
236687
250163
216311
972560
449644
817271
228
958657
466777
695931
975243
886265
516755
614666
438623
282654
680528
139905
89991
13951
193396
657511
447550
990832
935164
41887
121183
305293
484072
62156
689296
765795
631636
235975
342958
512967
829840
683974
370448
135931
308776
229365
223524
285917
988389
450331
924125
458936
372617
314671
404334
975624
393394
713468
779154
439268
911797
173814
323885
958030
135529
757794
11443
373332
715086
23947
798376
91599
754068
653213
247534
757981
623587
602550
39567
242024
673992
454416
462316
430995
349828
388959
637727
897575
645296
800046
182778
887996
491541
11100
582486
189052
392233
256287
509051
194585
390307
711313
203074
68996
335734
456692
674261
271874
954418
552410
322580
15410
232519
183477
218074
639077
466128
330174
844088
889530
102686
114203
891926
125197
194457
375326
223271
183671
616697
126876
456828
770310
497107
372576
813618
564919
872240
341908
301385
40208
930031
992527
679166
265171
579142
30120
348297
794319
533877
311337
334847
108986
830502
838898
566574
77565
802133
532467
847728
883181
750426
743579
56071
110243
500131
461725
699666
332694
211781
959271
86448
989044
268108
276528
79923
798106
809446
591810
604345
194684
968601
554468
34073
350908
589644
116174
214010
424036
669431
781023
620030
658143
665755
279332
607448
891949
806101
977701
67932
713411
695500
187638
605766
442554
737366
653350
261392
347911
30321
746653
15260
550605
744235
166270
272175
624286
182635
207729
72289
793744
769166
109485
929577
688886
992676
288677
386904
890133
875147
611986
749562
821500
681699
535469
539622
828478
824824
512165
940191
332407
862615
684796
791385
524925
338454
492584
303778
878990
805222
38030
873850
903102
73202
566734
686799
542480
849689
583182
734805
896166
487194
994575
633753
601826
268201
880342
994843
148168
398456
357181
204860
706516
130854
32041
168182
805351
643244
71125
529300
410516
262924
815076
570358
426659
418167
566520
378636
71698
543148
263117
550718
402617
992856
901343
386851
771354
659262
342921
32068
374898
470308
847428
340511
275597
693116
464312
256079
122506
302068
208069
21824
523009
942264
552166
851143
299760
95284
528666
913679
190047
818880
180137
293020
992756
308503
773797
239505
299590
415707
821386
854448
575392
395835
702151
63990
34129
680618
624086
687335
701695
211979
679766
737323
663139
189440
162207
132310
546410
582007
161004
931585
727138
424104
370046
988415
405066
909588
934660
519120
768411
489494
553377
731954
806689
752844
953328
358723
425694
837352
762788
359300
309318
368664
410752
718213
631879
271976
645508
901531
863511
64631
854456
876961
717192
662992
125972
326570
469284
677270
954685
441831
438529
746047
243110
606330
321965
651348
926754
646748
727250
307852
770881
428125
651514
236203
237453
428633
14598
46778
687717
156526
241627
199362
209983
568123
274208
474874
209476
306767
568850
838301
776021
676948
436318
988448
525921
208378
872519
892853
7398
280842
407648
845625
963824
540978
952526
756886
928754
815047
723565
498245
929879
598529
638792
574821
961501
680074
681218
366839
692239
574684
965895
473703
618775
113495
675080
565665
519387
939784
487803
184205
732803
511866
815234
592510
671793
287503
912573
820280
803620
323932
687707
940117
501806
412162
650340
24488
893638
312700
322074
58726
394013
966346
957106
963505
779636
39423
354267
10703
632624
484464
812168
314348
576279
517723
921219
119732
159098
944067
886497
5532
409302
462513
915974
210959
385813
618106
53255
46576
521979
952219
363435
325045
142010
818471
323858
19470
46169
400174
228364
147630
636222
652514
448730
14440
512817
84392
129436
790224
390263
948653
729374
921634
436137
765045
337657
180949
557856
487707
980928
432600
967663
470852
194860
615173
831323
356412
261802
106578
782358
153310
783659
279262
771132
94751
833489
220428
251718
475798
802329
675825
161921
641222
636363
247678
685562
388590
162531
484831
970263
406735
525640
55836
747423
399453
779475
348359
547145
291651
413811
706888
761364
667152
526838
804383
870442
247221
311651
974745
347981
679707
802051
59042
536694
527504
516326
848766
205613
81577
405358
495741
81421
68997
433452
841617
324861
291240
740133
450463
234032
891299
102884
743594
161693
839570
4110
868133
181542
257021
610376
813553
42652
388494
861831
24603
38973
711388
195747
596312
213224
928030
199488
125440
768739
933703
352823
560438
158530
305530
340187
330740
936443
735304
748536
711472
545252
389107
816996
698782
466103
401574
284156
985055
218918
739752
624613
613516
230220
41227
152291
823821
898575
166294
146617
602226
746516
495177
773166
819263
53262
703203
826710
997079
54547
948936
179316
577153
24872
96233
134861
726421
66062
320031
978606
778784
17749
164297
407206
320846
461052
983442
978794
203467
387899
981055
935894
780850
467729
231346
493832
701593
810129
792017
783366
506467
323995
598794
843106
322078
891718
803489
386125
861552
322634
230041
772655
512959
592627
541990
47299
343580
730276
310424
807765
38060
666938
493292
181833
373183
797246
151427
957422
715181
118509
361413
922965
136699
470222
851759
318099
322995
743506
751275
619901
502386
559873
531746
105716
533174
274892
763947
366812
332586
255329
586751
36603
935975
647965
226834
198345
352361
375780
131630
774687
171876
731795
859420
726807
3562
151166
623400
210440
601570
164608
735359
50787
790456
339244
513916
791364
140417
533064
55955
823311
556695
688629
860308
231751
260794
162274
862721
923070
620234
829655
127629
355283
808601
136239
564955
500864
399736
770324
647610
77984
269069
636754
933570
239410
806796
271809
95613
188603
128635
823859
998282
92808
11064
70404
709121
246367
340422
55963
950161
705988
468021
148174
81656
142110
523644
409997
660854
2270
882547
196328
810273
989987
202824
234323
882003
793406
728457
61490
227544
582561
832356
287756
249824
488778
896294
265115
417944
775623
802081
900140
810036
696431
316499
454073
223960
771840
188807
389357
93012
300443
727466
259607
826793
223984
102885
416509
47011
907987
536914
214063
988928
645438
540710
743385
645549
569782
768909
980767
311401
589458
267817
935139
871623
412751
544347
89723
506088
247993
69337
756468
425538
13364
103311
992847
207150
188594
701987
108339
716075
66209
161007
29426
773175
148262
570005
580215
125166
607054
224837
534597
20016
532964
391890
237286
619579
383090
429990
812806
625853
729430
571999
601506
428520
781940
628327
347644
195460
69576
523335
307119
263994
856731
604328
815523
102499
507115
151390
271657
103307
414436
237145
71533
520127
490822
9046
836586
817695
432300
47029
500982
262538
690039
707295
316251
664055
270617
283313
930755
510503
866080
374125
84826
586326
317442
607742
163097
897115
528823
421257
983794
406119
803175
122362
576993
986635
66543
885805
50676
130679
953993
251421
176428
761755
497023
894417
358047
705340
716706
969075
493395
609613
35628
781137
901429
997611
174391
341692
403978
918954
272749
610374
586740
984223
95602
994686
471254
836070
673225
439360
188630
920372
371302
308029
853412
123694
321605
772831
199270
772108
752466
738594
746720
381945
556228
352629
806548
658024
802048
271973
400375
73111
628605
922699
373972
147843
6365
550387
873120
232687
522639
423944
98876
107083
335498
649758
770729