83524
639945
395990
675028
164822
686310
682285
216207
995452
428133
329239
863409
794771
945676
93820
488266
724811
342209
609848
702922
573670
545603
611184
296814
740858
787617
722059
820961
966745
947285
270588
201101
649857
637265
46895
10883
250919
950328
590810
619853
408888
772621
94109
925068
453322
516191
195951
645112
325509
888019
666073
549266
453020
312584
23453
815996
308411
619154
559936
146951
960283
861441
301895
178693
963883
142708
998930
472137
117126
61427
812156
360953
34537
206136
244710
975698
94375
573533
538642
258980
908525
39177
225866
616044
56682
627404
816714
552416
537899
160284
660071
102112
709445
947861
404304
336294
47203
450095
46244
523409
983462
99856
208269
587194
584817
381032
388671
908611
747571
863977
931277
273628
508325
135783
877918
238047
570922
396558
710853
26866
109349
18621
656924
961585
568632
141383
58127
703109
574765
607714
107876
253601
784355
473380
207943
233699
307721
375433
590783
877209
374893
610272
208694
904029
62913
934452
105117
906108
425807
628262
290510
87472
659911
39790
419947
437465
888833
936906
777135
363030
883924
544958
96778
56873
767387
814099
861712
190887
229097
159791
104405
212002
215334
446471
862076
959088
657521
401905
811148
743005
650926
933155
352804
803275
344630
941036
85226
732139
180
61667
987073
778906
405649
313261
598693
826973
960875
928118
239093
347705
614873
249768
359418
869203
636175
16542
49630
559149
420981
292738
241335
212797
117182
568978
740714
341319
469967
601941
719219
489446
255180
845752
836870
108596
911002
710251
409865
769376
892201
523710
381180
578701
241158
413826
669671
836034
395611
92421
864337
785154
227866
422167
972943
482128
415702
113009
292154
974291
958962
895960
505357
676392
335606
948255
970156
7422
379768
606015
953586
154983
861237
19336
779606
940139
871305
323223
243316
39241
98157
634426
786839
168389
2917
450162
528225
297208
166101
98229
278366
966891
952025
817493
412829
66587
467528
475761
152956
858387
220435
766426
488005
414195
521869
396382
480151
462590
564431
807371
650317
199156
304700
744811
454170
652671
254813
41645
281909
10713
697299
936772
280959
891449
349150
874150
708344
746209
282883
50373
607658
485609
590825
974340
486474
972164
170460
150410
44014
696867
401074
882220
81773
580018
76571
961539
309168
769941
873446
441764
650826
756500
832365
782051
572949
838952
320343
592583
129254
977377
608173
893148
938598
539719
96275
682970
623942
396038
75758
815264
473407
87945
192915
266315
732818
677117
331619
564914
76172
345076
545379
90068
586977
863258
525882
904355
885411
178584
374126
673040
480000
189497
254906
10478
386166
778902
543373
255457
138848
399454
543408
901176
980956
90456
919581
310478
216016
335063
675429
159626
205140
551055
535221
893129
940744
587566
424335
132254
27760
195362
566662
141285
296916
285226
503068
20988
498726
632956
208179
497774
228070
401190
176276
364060
817131
950334
736408
985636
297770
652804
340580
441078
941148
226754
895512
871847
911321
788943
923114
259854
434674
244492
89876
312058
204166
152428
516764
660956
497665
319755
808302
920435
218364
358617
13567
101197
152027
401457
837033
487621
152452
998651
493426
115446
496937
947874
852299
928533
452027
554804
706105
459433
476257
582224
238295
689947
941256
258913
871263
567510
261502
393655
962178
622537
988112
540989
259398
945431
416586
207053
133464
672315
336362
417421
909060
338574
449083
188729
311714
609864
993427
98843
419504
206774
613509
172368
813345
271731
230615
178550
752813
690334
983760
347130
948123
883731
270818
326463
603570
541153
452078
221504
881408
146465
967647
317664
667972
502113
367339
108512
450636
376463
468946
47818
288476
672028
300690
554483
459735
395477
116780
187756
992065
416031
280258
643829
301052
986660
225260
907171
892324
644546
334263
909749
232017
853469
108653
239541
120166
492323
60372
855185
640161
121716
155705
377430
90236
272943
120366
613421
682316
695234
561117
34870
918480
877923
515915
975560
132076
972633
830687
368533
543659
376812
40131
350203
435929
182942
432944
91521
904701
307725
856742
898360
60639
619729
915503
180236
310750
143869
745930
599828
745861
760939
682563
840819
515416
197147
512111
257350
261613
183590
767366
945894
711741
359081
955960
289998
930207
278472
886448
344217
161879
322530
66379
441426
582966
101365
329447
174519
543362
129688
959679
217907
208156
224239
62213
146244
289676
722042
580677
307230
435836
295894
750258
395374
676304
546699
843793
767449
143508
653863
251797
752990
512409
506986
705509
319853
426957
556626
349668
695046
537120
455289
338846
997870
45824
389266
964451
83681
469246
141512
142136
254281
264658
464594
25477
197789
874898
70932
717405
291691
947735
575012
642369
356507
775741
739005
27601
57423
548773
311332
49806
826287
806511
80547
974305
528864
882536
105265
867433
98508
153625
929070
810132
652527
374142
89842
157734
30578
636779
634663
282426
219149
346999
660933
898314
591934
819240
242471
747030
61187
631331
539950
862959
436563
171108
538089
33958
17176
497911
330756
111857
45733
125114
518288
23965
773401
182127
471290
439157
909762
45534
863716
454497
340175
952251
605093
724145
315356
616500
702684
266003
87719
256604
557677
715190
406883
770507
787196
655164
767640
7800
363151
153432
163624
380882
969858
419175
799935
826975
589779
999068
438678
130897
588172
860974
933283
595969
266738
338319
463514
157238
287292
648970
636415
923171
81087
184085
207622
267675
811226
357757
522214
585553
823798
887092
443989
174879
504206
425646
562618
253712
810342
309926
95634
356254
304794
217441
659179
642435
584164
24654
151957
223053
275579
182872
416759
936541
54620
232429
218580
621069
808144
743977
665429
108492
462893
377793
480094
626395
460879
496906
925430
82933
366478
102835
877567
936545
639758
507483
15337
445417
330218
482507
488533
688627
948011
683782
251973
137695
360264
884439
684218
440546
924274
665628
388617
273850
84633
295041
66237
705323
994974
486978
962200
954742
413962
84176
566042
148571
503882
645779
37210
551913
276340
72524
779145
613780
501454
660448
388926
76948
840812
318806
610195
356023
294020
55694
328811
801805
774427
774123
601119
338679
645106
395260
83862
395755
188494
237991
795405
781861
111987
749367
836192
918609
145734
584390
648091
488584
320406
794314
771606
843197
859751
663664
885745
294198
781442
880453
59144
330287
593103
309958
811725
423988
675169
864741
798366
712292
891080
917926
894227
685410
859209
331887
483628
144570
981701
981457
634922
627730
318544
998557
483211
244721
731864
57816
591921
796946
391257
517890
151562
212838
943170
733458
355540
567803
953968
334262
371374
836264
718039
635651
604300
742678
96279
153087
886421
245876
454650
671356
379651
934565
778901
932920
78429
263892
801156
814074
955185
769086
175347
524498
748761
961131
754161
44634
609529
526261
638299
120850
707552
763924
822286
396362
479038
913406
816062
342129
794616
368593
369303
317338
974396
635358
635304
923404
270681
613170
114443
897635
709457
73124
121119
744019
225606
858273
250694
535591
561749
205121
221147
616960
176244
724539
628990
256122
77507
577034
415189
916865
416156
557936
233452
79526
826024
532184
674937
902402
912709
444146
659155
919141
417820
859852
324857
81660
862657
905259
494854
977896
412757
400236
989599
46751
86391
861370
335421
757461
620330
921855
259977
615481
234415
446440
129986
249188
986144
543267
215536
567379
902147
776693
777371
346323
992504
12035
52287
763462
36449
660316
592461
650722
472788
409128
12828
302847
298400
135653
678859
774746
744236
353341
783321
403237
120856
909383
321604
247196
937071
32521
399733
789189
667332
707236
880755
161433
762467
538838
745488
901937
385267
621577
920252
234937
45898
966795
970307
765117
469590
726788
530981
807017
269593
945342
498400
368773
79051
573014
111021
577600
886897
355709
971219
738288
299189
434199
953594
298200
465528
354018
416245
751241
860893
302446
867004
872043
108035
502087
486949
863802
653273
699021
158164
770531
672983
7470
966113
30260
475107
186039
531662
839
342831
750452
134815
971164
972459
293505
91103
661988
337441
489868
282212
281662
1087
247095
445826
606791
918774
842004
873759
329214
986906
182942
67653
652113
339983
411949
470827
445658
72224
180966
830723
589099
923590
847097
651863
709349
204082
602048
699472
504349
983284
938020
120357
496221
453288
468648
679553
250484
636206
421715
219392
183763
870275
616178
326818
203656
1704
731766
333220
759782
39750
856042
117074
500145
759407
835234
183417
203522
965415
360963
754542
484786
629216
260014
728290
608905
860026
875171
34941
947527
811793
884968
725366
425514
827277
140241
59191
853686
407212
406273
240302
646203
74109
840733
937620
451416
531509
968818
679773
34805
123509
898240
431461
589737
82010
880049
499786
535256
846757
53961
853382
262192
727951
605559
875373
610697
755463
721802
571827
74489
230206
657076
64115
67860
917671
326413
579045
842836
896984
33474
766889
308682
139171
631308
211385
752702
735771
29409
694001
165926
384149
649208
125501
309239
788154
529417
75639
716590
357859
32528
161305
964359
862942
484383
118762
177444
595832
362435
252009
411985
582843
944411
722110
228506
828419
216986
699032
679809
870012
21713
461486
322488
115507
918234
393088
387235
974076
872691
921017
894280
804045
55631
606451
858143
891054
88868
562662
45450
130139
673730
756371
145950
964630
820488
23957
148726
773069
212004
169259
928383
519162
530593
320572
959611
551774
814075
481168
789190
223688
358418
872476
308498
293907
431624
15993
339032
73796
708858
675721
184651
99388
384438
160459
759491
644054
654943
10886
537567
998775
619939
683452
175539
953098
8007
382835
578309
914137
235246
579739
397204
878785
737390
160334
510396
278158
514794
229618
912226
802881
4793
345605
91947
339563
961972
73768
554678
617896
49866
638931
867526
944086
256330
602030
951394
487119
121642
155477
256244
120932
245545
249383
117530
551447
421994
987501
453883
541350
527930
60102
435064
81301
609756
690831
828083
830891
535069
326902
571455
609407
128193
745720
228522
953409
787528
212991
124649
185689
68979
243728
737608
284493
296873
216838
957548
366037
666650
845049
874036
102985
790457
138343
942561
849372
164855
104778
454121
245668
723997
503797
146691
981783
837984
504043
49680
358861
866957
98092
547136
165321
914200
940059
441696
704039
177392
114359
724425
786301
945194
222981
96182
863838
985130
571464
232765
25635
917635
946781
241564
940644
36470
485188
177431
674174
756151
741307
785047
860391
886159
596328
248552
874487
770311
869334
984380
946104
690728
685661
381627
187567
72804
790594
106975
498595
703686
76277
43582
329840
410481
968875
358223
403840
462319
686791
466430
625920
641907
803530
568539
507781
641305
159234
306493
460744
359544
115541
203242
434165
271483
618480
554076
189236
688124
369225
500607
36085
715684
313198
197340
343918
330347
72518
615788
273438
180589
296201
265226
313380
782567
937473
663881
993072
583186
67423
556824
622230
964266
765263
308706
511326
786762
833804
573009
959323
103953
295952
410987
275693
852376
133136
646964
179007
987768
755800
286028
858305
302058
726915
533199
483849
495662
136280
388587
381786
161547
949913
199224
451916
266457
2189
490334
545429
30826
23083
105348
281804
25567
419785
820791
583966
719837
232860
984699
800140
728770
234954
165849
280231
131627
491413
426848
844611
631460
36091
75954
581815
938728
847463
461940
610738
517804
89495
870644
678214
393672
790828
355934
537597
552062
718091
184386
233807
454976
974806
457635
619763
720000
537286
923974
710554
195461
975341
358686
471893
987589
653728
79217
27187
528507
565705
285478
782859
678044
355096
223837
280212
20162
953707
724422
777895
749294
437735
414591
214891
973574
888785
323422
586546
127119
606127
492555
435034
412311
651452
190667
891908
558294
223619
223911
117790
324602
123028
217118
913316
383816
542616
364698
822846
502674
290729
495210
326959
624872
425200
710093
806707
367886
737303
281210
483623
813155
60356
930836
193442
94057
933468
127030
482821
226363
353557
903513
209520
48788
884681
423071
3045
356118
935656
413479
255212
986134
688202
65818
147952
73899
62970
817277
954133
891161
868865
520886
764873
685182
117980
577793
668808
136588
818957
756349
529139
622304
648432
293125
744188
64134
977334
386280
792690
413958
279817
473221
774781
52282
845480
900869
959940
804235
919771
101017
671259
496827
262606
789424
506752
459042
779882
737463
954245
782561
177880
916544
511305
445015
720022
402828
616509
968654
952262
474777
810749
489489
703528
97449
139634
54662
976454
220919
768295
504706
774460
934141
915516
194526
286970
24979
617264
460710
931968
303029
229114
534123
633169
878078
321977
960074
338847
385177
16328
957778
109376
303315
17541
786700
306485
289186
25973
960015
533613
618622
440565
941328
241629
880902
465567
333240
186045
46884
962872
835323
17764
491512
359458
277123
794861
102774
824142
772491
265249
161877
368287
87190
490803
238815
412881
968797
772171
159598
492697
698443
751316
872759
187957
976365
380071
516059
827173
140959
525018
970398
885228
303014
225068
39358
627257
562701
380876
360620
384064
176946
422817
402066
990889
922636
278798
330620
884029
542278
991056
555880
354356
624893
343181
248780
488945
489819
515568
672431
760671
492590
548440
347073
36714
921189
580211
430551
358938
537222
652123
479627
48387
238250
55571
523252
634270
698952
899654
972453
413103
583140
77437
494097
39527
41658
916819
259490
862570
400354
398144
951564
5045
239356
455185
656483
462750
60842
712527
617313
984268
691211
473967
477387
699730
477127
274695
700490
568403
361259
881662
937045
776793
211493
878227
838130
888010
44483
157171
342108
628796
683282
70071
700022
877703
907398
441277
335714
832392
498673
814137
95242
709620
26292
697976
992898
459054
533693
375495
823663
322473
738273
545972
644872
53072
150615
590188
832159
934251
743894
456115
928375
380798
134389
393587
252645
797168
783317
921499
342675
842880
406354
878944
645715
667410
34377
605635
210988
48954
943130
911196
307654
202137
743089
331385
254939
823017
743454
181582
307027
704526
889437
821732
842692
570246
466616
135595
681195
68686
452072
714241
434311
678354
90190
625830
570639
58338
460567
636665
255734
423612
777508
581565
221611
98082
292566
630189
135254
308078
964447
895529
814715
815284
455967
616546
815803
793164
535544
798725
302326
290219
261124
184181
938181
120246
24926
991454
273815
611468
943661
867566
653155
143674
727436
764296
723046
362875
695586
939136
15225
261472
129082
488709
216543
983095
806318
64116
481895
527397
959438
977069
896568
31946
625393
701167
989354
266192
58296
106600
805149
183006
249433
956084
244475
115784
660435
102253
974933
416297
30862
167373
452513
807278
4921
539870
177887
851468
898372
691251
674260
203919
370005
510351
144292
491660
410535
42214
164860
727408
361990
197814
843613
451694
439153
971467
847912
155239
139428
705340
724721
46668
508457
804696
881368
941087
278085
779536
64571
668921
647591
518888
893454
944183
498016
659222
826639
940566
223152
973888
76205
866640
701446
577620
512177
72839
75708
185433
969683
588091
541728
369712
67882
375813
2656
560020
621230
866384
54311
448587
605946
185561
757722
778096
387722
674041
784501
527352
51817
360693
324430
781165
920184
154240
4664
173590
775706
521438
63880
387261
481679
743324
709886
61596
776391
845716
244945
768219
696770
915686
310738
114988
626778
716280
971958
226692
384565
898826
208394
159306
950596
878988
22124
453131
288405
4083
726015
24946
155803
788865
850461
769458
252467
595458
467709
49599
759900
585914
848981
74047
353478
103334
922404
954126
716748
255732
837812
758307
90686
353826
512218
240117
582885
141963
138307
65135
737153
188764
197166
685469
987560
590319
190671
555576
355253
898606
206236
771230
971498
758841
831161
663783
911210
680689
426822
500611
21017
911815
529900
441352
281508
422315
556803
382488
824107
31561
494275
551211
898612
290722
563573
659265
230419
575506
662188
493537
663078
328051
908897
530378
830971
888506
974895
247628
135191
863140
597201
227111
445138
164305
321377
718582
981683
676314
451999
194045
849793
254078
924937
528066
124561
862656
366838
434637
126358
610718
42997
861832
558634
327206
92992
619426
43091
745953
708596
745430
134983
28592
796847
867785
14621
482617
956377
181034
350443
281031
92893
71863
631410
201599
918801
382035
517329
171004
340421
844626
802090
90993
368052
218047
84812
92565
557401
356116
965011
949033
803599
572490
245171
731193
246365
405508
925625
151613
816384
694427
859574
457065
436553
605760
454136
755332
711825
88371
371255
850193
148193
544330
95780
537292
236941
562633
272409
909676
552814
86461
642286
37847
354889
196496
744297
213847
408539
306874
244418
281238
449217
747359
732009
519407
578389
276561
944059
529962
338983
51522
477673
831381
666432
311732
568973
539546
998964
17918
460703
374843
593742
554553
993705
921168
782343
626348
380693
884748
583820
316084
924834
66860
970492
96452
43397
7485
720652
37710
799995
166653
834984
673629
798764
381964
343807
356242
490824
861443
688254
562795
672208
182085
964866
510762
349935
123874
62337
748966
58514
262059
21004
330357
797456
262506
981087
22164
855695
147366
986521
751692
28546
904060
80330
258824
161838
351746
143465
58180
964471
703910
654847
42879
504884
795942
274959
965330
836114
999168
894979
415142
752693
652407
159437
87341
894822
896665
800044
193577
477968
433281
43902
316979
831450
886186
520636
658934
808910
800941
951048
762137
834926
696758
384155
899614
827760
444469
983968
432109
432523
589834
563726
467924
225250
182702
475112
595297
514529
684496
300302
56763
367589
74463
529002
966760
831225
102730
643497
575138
801484
596397
118080
884197
32661
181025
628967
91624
840826
296676
744571
958035
227102
829951
954419
997964
519086
967889
650537
926205
511681
213774
467466
998429
787653
473539
841771
519407
43311
550917
658314
272109
112432
350509
494892
879047
911384
78402
849463
751348
135807
589886
423226
695026
483391
993817
604722
839453
575950
89554
283524
704736
462189
684237
779339
638619
315510
359553
506069
664742
304144
196840
582879
221129
168107
197977
275722
290116
832745
352612
981421
624059
934411
597351
423321
210813
418654
243044
421831
753878
67189
665041
823908
388087
829597
224440
703380
245054
387214
924776
365975
948680
980161
473351
227919
624810
619805
570980
928336
887673
68371
71765
725785
802863
586156
397801
883004
489313
593657
546650
196414
909318
76723
654165
49315
798783
253168
666410
970154
494513
546408
698533
422267
972772
455549
10404
924129
372977
325209
724506
792838
113879
819142
247940
50018
252913
784114
778453
757870
807840
709443
685384
822889
405775
948448
382565
835650
171878
672958
946211
148651
875088
889464
383783
796454
188805
975028
534603
915094
821904
959208
230345
918294
102395
518642
93242
737515
230944
968327
860786
932104
589312
391022
157890
484971
17596
367963
847719
868332
523863
691042
32753
767933
416391
526044
997693
669040
881493
404380
330610
949725
285528
761272
85780
692692
883565
785748
785959
867499
894223
366798
214616
545586
193086
527401
751896
371136
667399
503090
638527
414470
466843
519244
113646
210826
120543
740332
222315
284875
91427
790751
150541
822937
19679
33361
924657
76842
961620
642035
311946
273020
531557
491489
307921
395193
734530
930907
71897
172448
283501
409147
529148
901649
613684
863280
705973
151318
348560
382487
979329
328751
150399
666869
274500
376485
647257
856700
882939
299495
166511
941662
302046
169983
524380
324933
449043
457766
604074
864661
410083
68556
702060
611405
465679
965998
373320
959889
936328
604332
445724
595372
182026
710877
989440
226755
230518
612207
492985
927256
986837
815721
579486
300498
631198
140392
216042
455026
955475
718386
788032
531140
337726
235039
840362
237390
714939
434974
527764
596293
881333
555126
722556
463013
488790
13305
429141
122263
820949
310133
274617
964668
633113
564861
127007
595003
444438
956551
200058
950108
177129
605195
210309
285793
891946
990665
862935
20811
676565
915858
951957
455976
919524
605003
896324
324652
363961
722802
945683
624425
71345
833530
510211
100807
211820
26089
309598
608187
587844
166257
618645
868956
19524
43780
707069
391511
862125
494947
30916
298193
275640
704849
939265
635226
384842
860236
176088
526843
141
768281
794210
362615
980896
859706
779916
398958
789207
864849
37582
734253
623065
465066
114754
886097
837530
537976
762332
281439
688694
841705
940636
340063
21171
519703
836383
658536
387814
817352
971618
131157
368486
213415
212383
200555
698904
600948
210984
751128
277861
454928
237412
322974
761925
799033
388447
599705
568365
442092
29132
288415
322263
694101
981194
70741
21751
426370
503113
207548
133767
551413
773583
376370
308243
871613
924399
570798
850016
157563
267502
810410
191956
872812
765795
155325
553148
33203
428835
306660
418574
671211
465148
145764
262855
503111
80630
641751
730932
601003
440659
311227
843724
806277
208732
833289
823979
351975
169312
544039
59150
106299
785534
102150
440614
54049
276690
359445
198334
724910
704990
488606
376812
502796
250315
819350
206175
862374
482781
92314
15242
523811
747703
598948
478007
412011
758785
345994
744871
305967
177101
841238
266295
986492
782913
77454
202329
532670
761023
176220
206240
790203
895087
392496
455661
710958
380437
950993
624045
640141
511269
492517
914814
966467
698634
274416
452747
636621
21178
350890
15002
555804
124649
222834
16242
676533
537356
164811
164677
531925
982427
484558
660970
48659
607674
604190
822353
639593
639958
388243
435557
875555
342360
138312
435991
35322
246278
656474
961981
308727
563524
360812
15871
617437
43062
347564
576812
182046
961631
924268
602580
599022
329892
49369
914529
96833
890386
582041
982685
370459
866138
658863
688387
770685
329302
878465
199532
758847
388268
949004
131132
543647
333071
615731
201185
952863
236713
744196
855136
511130
94876
459839
494723
221443
560643
674704
130952
697207
380560
834847
434999
492087
138444
747063
274469
348569
912279
598976
64686
165757
8270
968575
17519
188839
795991
307604
620793
726683
152214
706235
595541
4355
58533
232723
292558
180409
709676
988148
394751
989201
531235
141980
857388
772261
714
172873
276069
433285
428929
58883
534359
305278
632916
276033
927453
941189
176790
114421
767611
307596
310374
38959
93403
342210
903837
428150
804108
574356
255208
906545
446429
456383
835467
946595
875317
925954
732359
214487
694217
823169
807888
109870
581186
101958
915982
701121
535590
759682
774588
514645
31968
908947
213944
520959
189131
719829
845901
949493
20996
95663
386789
484658
741128
810371
273422
9421
273477
131748
374952
899715
719846
21956
208245
30618
459474
557720
403242
178864
636423
998020
191417
386721
905850
839282
775754
8255
538349
29585
998166
227373
847832
238869
576621
335296
451589
850287
111854
114056
751655
200426
562346
256362
525672
509899
713594
658227
924873
78515
276100
82422
226638
53587
88569
168675
942494
911096
268308
199841
784163
202272
333311
346176
392696
968770
649251
264340
408245
121440
731133
818162
411365
126566
606052
414239
297686
584625
532286
693981
622624
805979
880259
441573
384444
168020
837373
403705
713708
46102
29109
133051
81992
242715
107491
413700
276830
537184
247562
630084
100873
737307
749815
472475
115180
407237
953461
329826
496538
744821
593814
14724
936503
759005
373667
908365
167436
781928
566193
124372
392740
792379
203414
406008
649194
839593
236065
359798
895440
277193
528579
332837
47420
593429
976040
934211
325745
319977
158710
580927
458172
139427
666781
702260
193447
569238
978271
577945
516937
658490
573094
278785
624759
196768
907322
97419
528160
169824
286793
572896
378616
308298
138380
269561
392103
709844
962103
314147
176641
32517
886534
253006
463785
870521
76767
167833
766830
262372
300003
149429
984002
344532
856872
848202
765113
356084
586157
671350
919728
185628
889398
155684
412531
407970
953058
349145
911552
421223
372861
48274
320606
104510
749004
82865
669743
406576
475366
976662
758931
395837
495190
141372
141662
480283
927852
745386
420370
622473
95962
393524
531428
727211
824237
623028
266666
973990
184089
820588
195671
77148
717679
511263
671924
315837
742311
332832
65696
6061
862591
415808
60562
990264
375367
81968
419447
285720
521574
943592
881670
352780
490811
478710
22073
95767
761982
992032
127472
282849
251929
767521
415132
352490
435790
34515
701729
159503
446001
169178
680676
542639
335178
354972
990866
588553
439736
430570
925414
179201
2968
778691
275547
795951
822754
363157
645712
861584
612246
195212
257283
609896
237843
78654
700105
829746
746360
713754
25193
153802
343729
860272
40068
39429
194735
918121
632436
339543
364310
637965
144530
769872
742626
209475
96474
74770
69269
9789
589365
313215
81677
62048
239280
216091
207363
70920
900794
529065
567509
77291
202186
508808
677588
259471
302342
669789
313834
504786
58491
707572
778227
707418
844432
263893
643705
76115
531690
895179
782796
22691
832799
707684
395643
36958
72910
383736
306547
118765
98134
208211
315924
493476
793565
865298
1474
458561
932970
958762
129030
557629
13941
161084
535011
789457
193658
513238
539997
39674
545664
110524
966701
502282
566392
881142
865533
12237
987095
186099
820755
666316
219066
979962
33980
418959
174369
737410
134851
392406
224862
185362
777267
672165
543812
659631
944590
852888
882471
186385
169191
895919
872664
148657
950919
40601
846653
733832
366428
172665
549560
798475
60190
725051
861698
999051
230939
749102
142147
721141
767624
686216
308838
646313
847426
206391
535836
250411
622009
547465
988291
739403
843122
773580
165758
452558
119157
83047
95686
977804
324815
107637
889524
454232
652842
49736
972231
493650
727853
81147
116879
948629
414916
531646
902319
224515
136711
850439
795491
245786
79123
420911
729360
416222
250930
309395
225216
72210
545977
678699
741567
713974
442704
180404
868257
840832
307157
566879
90819
767776
737904
109847
946143
962119
995300
404160
82396
82607
219180
342421
954593
668360
663755
717978
249003
826338
858921
829194
526411
819719
387995
899103
222618
87725
493925
145713
414563
434482
908289
325978
938629
95524
650632
768797
40567
12522
730643
756305
848551
861710
244333
328841
424937
119338
388938
189737
8826
781240
675475
732522
127309
282176
884421
977640
61196
457316
498093
261499
47617
522889
366692
604749
954656
61863
624322
269232
447519
512278
63404
606018
102409
271452
889199
378238
80049
179093
421107
1830
627698
852260
533393
907752
475511
466981
829881
368850
548496
841385
401662
483287
372825
727086
726525
103174
893277
751555
956894
947388
444507
164744
929635
44803
793944
834860
317140
565558
149538
241864
40453
992765
129544
583011
435716
552874
411859
79808
754185
409669
408578
283974
140498
423064
473563
827094
299251
581689
438801
768763
636154
301200
846050
721002
66103
565822
677288
292499
506780
246159
358349
213297
759431
255942
288953
713423
88646
490309
95962
75972
230894
910375
632498
905240
742927
876263
940069
497795
274303
126116
536097
451808
23856
331972
781554
477971
581309
526446
971457
828757
24208
309321
933001
516735
638241
948531
936460
903020
927213
340927
422203
714860
443742
702399
158604
409317
286666
287649
512064
523686
988275
973178
783970
155553
13365
586779
891441
942266
230373
355169
81563
649398
346516
971951
323997
339702
976385
37546
671242
814676
287248
759889
495325
983511
253175
347475
515746
953448
591361
810526
121360
550122
114626
741287
936791
451071
29605
823955
89499
791958
183307
960820
666658
27699
111643
83191
196523
887140
357067
70852
265598
965922
636336
777262
367317
927284
411009
10550
670944
674879
394025
604337
167133
474304
241133
154899
361999
82680
346123
997773
115305
150186
71070
311934
571565
783345
554781
617467
761534
23366
765755
295125
248036
527971
644827
483575
896168
148335
88495
534986
393024
942158
689398
822773
905206
66779
876174
323129
849874
748657
482181
802466
412262
258375
101334
312660
907239
990011
249493
583668
767027
149657
277323
967321
484808
951904
728156
664967
443000
842755
691691
901039
770317
390806
41331
725608
953444
631013
507040
238156
668412
71806
642490
527595
163207
178333
442447
518839
33924
331012
565459
85362
877937
874832
71720
595648
363803
316940
344237
375174
548118
506034
898481
674231
486016
496131
278488
383382
552728
792347
985894
964971
444865
415108
390944
998521
147726
947074
914605
619841
360815
77920
125603
829072
4348
608779
562636
202903
220503
738155
971225
645958
822073
597380
565810
178676
509894
671876
658225
806358
598240
901739
476069
944190
651715
391964
513753
89337
797011
697202
78957
878464
44361
597278
406590
409488
801240
477441
910596
976100
234698
554650
503572
284978
793385
568539
281113
816126
432380
2587
802357
152154
619775
371167
660149
698931
728898
227174
983615
595227
432664
2971
616083
163048
173797
579490
911055
458114
350297
634564
264296
137712
470473
782244
356039
970570
496958
948141
661824
685953
606980
735250
301737
761973
746721
252476
642887
22608
995395
118011
242371
821187
604585
564867
953287
388598
51569
547780
744566
683682
456268
481262
645159
662139
274678
360906
278069
883943
6614
84922
601307
806843
987904
383022
389212
525146
206312
200510
46434
68602
657238
213861
531800
747965
790493
818733
46068
439755
261564
549622
678627
780887
475450
109221
501482
7578
23124
109085
365145
606830
667119
795749
754870
380199
173160
646596
460566
875136
230179
174816
792492
137532
919611
620533
575252
655167
213572
324539
163079
669042
698866
979460
895072
166928
966994
670069
331342
140373
573840
226321
532060
718616
107431
399205
46789
526767
170775
200890
271695
145846
583561
222148
228857
397427
513569
160891
263697
377685
592582
442103
772489
554669
135701
372774
406508
724956
109615
19312
165583
428920
887328
804511
998393
759493
941979
640726
921344
778033
893865
95355
344004
183147
542579
388460
362134
258828
774724
717733
990949
24403
245513
85555
550426
263824
227731
3884
519638
803681
927361
851103
991908
625626
274165
950107
484191
800222
459834
866364
975609
102895
438599
945895
836423
794679
820993
79313
231734
800429
844582
259234
422460
634368
498923
155131
157137
54302
749430
385767
624417
929344
450617
252221
890481
471766
27916
363731
925451
554425
854983
404183
841354
570334
923674
967533
750877
221149
855577
666675
921160
157167
256653
695102
888044
165054
725020
772477
135062
115090
924446
935114
754260
740799
567583
449409
319759
945261
196255
364063
900221
211721
492938
1911
261845
618561
489745
473150
915111
938946
259907
281647
221353
847097
841674
929955
642631
673782
537493
902634
732679
196544
900529
382623
563891
202898
907142
513600
36251
891584
101159
503037
657030
434948
154137
380522
852339
903091
23937
955402
325980
643994
778008
371354
624286
988422
438375
40355
68434
588715
631839
38989
761147
564339
243519
887413
517030
102806
509782
588075
267162
437539
976314
811547
527432
831107
829953
639648
872359
783441
437675
315194
266478
879497
544145
332187
867800
504515
288563
392829
429222
200828
662762
706882
931131
663603
209611
644916
445620
928273
727761
173666
814191
948650
91280
490045
627415
956116
649603
683027
977897
754307
162095
222870
46551
794572
345618
7554
982626
619889
583000
992927
680297
626775
445097
500748
891935
578558
682359
489616
72188
540032
925423
982176
39082
867248
331577
455154
967535
98407
126462
57914
131869
305433
265828
979707
645910
602736
907711
322284
18501
104551
465842
64848
89989
513417
121489
15566
402700
823597
487553
739861
189878
706595
241753
323638
433582
728525
126643
319539
287986
46884
258416
59748
164513
609758
789705
639307
140754
816320
828122
614988
798687
963692
10409
993364
162838
270706
133143
189969
492069
18699
134574
389113
585252
842845
544105
839375
592610
498448
289243
506086
330731
948289
659690
71352
501652
565458
638571
231075
742930
666839
879329
757521
78820
847025
840562
569959
992828
188559
807328
577453
296935
559840
325261
554959
123522
541078
678124
948453
295342
987433
443352
942372
756694
827252
416485
725195
683234
666160
397981
589828
665486
924855
807566
630283
619802
801040
811990
486871
854948
373972
763024
736721
973935
358306
901920
268236
663798
278875
558468
573406
340168
586540
171288
723025
925326
815467
436906
203707
299962
836545
743694
678154
624950
640668
365671
482684
946442
940256
28554
772734
381122
286211
186102
694448
15219
602984
217973
939743
440825
358394
793157
185764
700133
64211
739951
699587
618460
152759
761406
442774
183932
511004
811613
768550
416754
711593
314927
482545
302297
957801
650495
295351
408884
816550
143593
221243
458189
267780
808643
82764
820589
922810
532240
588655
433866
918480
77114
988296
146150
435456
608569
305575
382843
389927
689737
84522
109570
672256
664550
835527
1248
402282
147247
165459
231043
385256
383452
947658
19183
910324
389881
516452
144120
590807
302442
59049
163308
112427
351318
734167
599739
454589
271999
384805
650564
92747
122907
800374
404239
443331
43515
84754
326958
60265
377217
906454
837572
269342
675231
149157
887875
134822
836222
957992
555757
70834
770952
526604
397418
259273
833037
484859
763769
221795
594394
997062
479445
657740
240871
102825
51038
503294
515536
346589
43540
145158
391213
217299
66749
627584
588061
195536
971327
166403
747019
951692
710757
975586
236622
247076
69561
938975
730850
881470
289432
457963
298801
629715
608624
207419
898302
856497
377931
44244
631311
25909
925770
356551
361328
693496
55218
119132
190437
116906
639906
971188
422610
228506
447388
869564
193649
300483
31592
39231
745913
681567
289310
688452
629220
961268
766386
996007
481099
804008
7917
649961
370297
603947
355996
140693
641799
153869
794497
558680
760448
174020
481900
971921
691737
212778
129864
788815
444385
660424
674210
879802
343352
140437
719687
680886
23337
146318
962769
23567
36979
433385
242109
700259
990563
325494
294385
420090
901896
946037
796019
584078
978429
527467
543220
197057
966597
981538
873212
788003
331379
660213
998744
913137
738046
985977
292635
332044
967231
985040
698156
212888
327802
417078
767498
947451
551522
151032
635359
503610
744963
41823
865218
788589
25697
568256
740288
267738
20988
519532
627859
249265
537657
151839
517913
156878
1288
965819
548164
965753
955253
332993
298716
940490
610959
244251
238498
669291
82211
341832
438020
474913
957787
486824
602240
419034
91988
282635
339667
469490
573025
304026
763910
650037
451386
152533
327753
961219
278608
668983
871240
545141
246999
556128
594211
845787
659230
326075
312047
848755
881144
115198
764460
996902
329783
592495
114084
994037
995524
377502
488234
857716
124005
690660
901548
180461
690133
767554
461696
994634
431207
197836
704641
996556
574811
71167
4169
918712
704889
596218
66145
28982
94474
688739
984341
475897
416405
864499
161590
456073
569140
620268
620886
407920
678922
346053
732661
755653
515640
898648
491666
457344
539420
429786
179194
319662
516129
412010
21734
221664
401620
363945
966401
563577
510799
385421
925249
813525
927118
491812
973649
102138
194381
900425
21776
808543
412331
182008
761025
423348
355232
708898
65883
19914
339116
495856
405512
806339
900104
556515
108334
450067
745461
254312
885729
812416
249127
527094
59811
622383
689326
166076
890556
808846
261530
360217
195151
362196
478267
833138
863006
447900
627579
814881
20718
388944
8817
404499
88660
592068
204248
925784
145832
457467
676877
233948
791483
205211
34537
850885
747097
671309
667772
751798
410201
500206
766863
985981
716490
800802
983978
714398
160369
828464
669977
314505
430833
874560
524088
21908
700345
556250
351545
185147
664406
149974
795159
721253
2263
28407
156464
136130
945079
825217
721410
128702
349262
534058
119201
760230
622028
521975
425723
907863
384807
257919
386745
974930
245615
208265
623552
407147
344856
38292
976605
609844
443369
740830
604511
509731
303257
111959
973769
261348
904744
609886
339096
884649
576596
900286
967090
567213
72334
561968
131053
102997
768878
230393
957431
841942
851680
623717
580269
594132
577698
119019
317190
434787
470382
828175
955733
718112
339236
730772
186323
982703
936870
736382
478845
553268
69763
80038
997733
103436
542067
20498
90386
789196
905212
365830
892999
74900
91262
767379
124766
230449
275420
420252
180694
441777
191425
605307
259878
234848
525497
333627
451988
284942
725339
398189
962931
448063
266233
992280
158365
15418
754201
796366
481980
836897
241633
933535
453428
90402
719145
140142
433631
839605
525195
580732
280570
414434
985265
773915
960500
913430
486044
833242
441540
513532
665104
268849
297855
174695
54158
651005
744975
960448
999018
976416
340878
476846
965347
984746
362868
824864
994462
637292
607131
960827
116677
83423
38322
586631
594892
160484
72578
770265
826328
970319
856382
453118
267243
852460
490119
118556
612860
557105
335479
198314
923221
142415
573235
661192
375233
786091
37915
658071
979470
482728
601605
638391
540353
773495
342408
223244
408791
775147
240330
430906
351361
292970
969063
374676
914070
391237
310803
868491
221145
796613
462054
895017
27345
151812
716312
655794
826636
827543
114421
844887
39946
897065
806028
148232
740530
298638
701979
837639
188135
637496
743518
301314
582910
905094
144494
348742
347203
611522
83773
858078
453952
842617
134373
932082
278468
37865
1022
166654
116147
524792
32113
38755
818004
692432
641059
359541
9588
9600
877075
437824
387863
743408
460162
86326
758622
155272
148040
40951
220975
419110
982232
113795
39356
747632
976552
786720
503793
72404
968400
411770
500197
87573
284039
154632
107829
303092
44445
498219
382903
134392
957245
880013
196090
824924
354631
781803
243075
536775
648711
798764
875900
780408
836005
37279
92515
600122
635171
861906
665367
375364
178368
839352
225667
281533
835899
939549
847681
846171
397280
931279
116891
116544
135342
724152
334824
831652
872295
560078
525563
340270
782629
773675
283163
376404
533651
657548
385532
366290
325899
742937
9202
353802
1021
455881
50792
287724
35600
672208
102173
239272
195969
935137
297870
93950
958310
567808
239999
472494
475494
48550
889976
857090
104216
830380
508413
68716
948266
295626
167125
989577
318409
550564
985119
626433
603207
872796
299458
385835
131300
584590
36096
225230
521387
827493
476083
394282
914094
782076
103688
29275
313274
531166
581623
668823
496053
261497
996848
102163
360533
707897
569820
803826
689666
562882
539023
827180
497415
637806
67357
334740
561905
470405
138133
921942
63998
637179
24818
952340
943998
731047
646151
118279
417167
731509
650365
563932
609519
2356
181136
229874
75644
95622
588716
452529
289478
764539
505707
924913
936963
900465
120916
376896
388433
565175
416622
643392
630022
810971
272462
89195
6402
448860
781128
832992
66116
508274
416250
780276
742742
988366
461376
162148
245799
374727
204891
562541
56573
850635
939453
720077
158888
486409
562943
376774
483088
969111
459644
312068
783475
552297
508498
527693
257579
576315
989327
224865
307999
406829
832174
714198
316216
729941
859728
889545
588277
533598
634711
914735
952421
584423
449894
871406
402353
497076
956876
864311
613395
116610
705012
172182
922698
260682
669913
89925
556096
813915
787887
948992
698412
7796
360647
299131
86281
189909
308011
687615
224800
518540
500949
618594
108645
285538
978354
440441
232829
591786
665139
626943
276206
592934
158941
652620
144092
948386
332670
508161
477644
411622
237850
413577
43499
640485
316737
944966
925065
951249
703402
144739
511716
455200
111219
818725
312264
932672
575610
798692
88925
676555
516743
764462
427456
526834
122296
540767
654494
125827
423191
732573
586085
479122
847922
298996
69628
290597
166776
278055
337357
719265
296224
297930
888811
644332
879826
613113
930276
660665
23792
824116
828372
241310
773782
425052
969360
13112
379302
874593
314256
936121
51280
703095
325451
340486
889044
38337
563583
84702
393743
426944
490223
219266
225387
460654
741714
146894
522486
137069
532432
313111
294731
456366
326785
402772
60267
933784
177894
809760
442988
335653
64199
189846
717253
383216
730486
783000
907235
280195
739909
530073
771070
187712
365275
372357
568343
427880
318315
681800
965182
269973
936008
73186
868573
899388
516902
374957
979643
73023
662541
312367
434815
449997
262361
692788
802425
891523
818855
249512
809964
923465
778895
838327
327322
443932
871875
690339
565534
292879
449183
447081
577965
376244
599054
694699
276667
856475
574815
908428
875391
549131
784451
352993
337768
855450
159565
536679
660314
228212
235849
314144
916275
14711
969547
873630
100259
456552
658693
234456
632433
325986
339216
344011
89873
798717
300967
800014
67243
493946
97957
348553
34924
689150
582710
998568
213794
400602
164132
63682
584907
438326
123677
627661
822760
695803
320834
652373
241270
59077
371991
476491
81659
483592
681102
39036
422610
955507
158174
674608
263328
196018
152569
776359
487001
410663
962254
550456
525873
692523
874289
585019
704947
18902
840527
134410
157965
446151
138433
581462
444270
225677
965179
307947
538876
547635
421937
763795
371411
415853
737484
667269
402585
505120
430026
322254
743102
543554
996921
19833
585941
911917
540113
426720
605918
31808
430234
259479
771539
99313
949848
101223
802549
425487
9101
935400
23800
862098
475580
783913
590063
535529
303843
463425
374182
77352
984889
963694
76512
11101
431483
41228
536214
637650
167634
569886
599980
638805
390586
734756
940659
652880
259021
574052
865869
94044
197698
758575
623062
240570
802681
279124
315127
78972
909123
278367
79446
495356
767712
203685
686124
478714
980958
602525
86993
522462
63965
643971
416227
161326
873056
641628
841968
557419
914067
506336
979175
247821
379576
572453
763752
451647
637967
705496
753317
722306
443977
407571
61546
787872
719205
288848
888953
431639
823195
40535
286379
314137
423771
788578
244164
443492
95475
179794
768861
247895
748331
339926
730594
103362
487092
272327
798409
534654
262602
277994
685354
150005
513281
796065
61813
506936
36353
835208
956560
289879
73918
933521
905724
938367
707493
539351
998887
268729
370333
569062
675211
397419
967796
776022
646275
218162
475094
662865
608523
415254
975503
255197
737150
474213
892864
994585
325332
624725
845518
793701
60291
350172
281142
136085
799683
855135
35571
130468
964620
961807
192794
202538
565940
668015
564774
854713
562194
994368
459126
760056
787764
636444
891056
580712
191733
301042
506793
594871
859430
753266
919964
728836
568641
841202
346320
792762
974964
141713
779049
652750
12097
595289
955774
324787
658661
475438
674759
616254
826257
506029
546771
318347
388935
102288
640459
230495
253572
156915
987487
984627
858031
620074
470034
474201
447303
691882
600935
7997
507042
244965
546029
903089
786093
743993
154374
659602
562685
943868
392511
950692
750145
358961
877731
616730
371244
523447
940627
324832
283446
209143
464198
925352
329766
153214
761691
804378
16016
229516
308927
306497
142716
487020
788886
228737
755765
157595
900815
259426
516367
153327
608262
405931
576678
700746
368036
401907
582286
909213
812506
56314
850276
573767
676773
567512
30097
780862
925155
112213
24510
312087
562800
639104
350038
288459
504269
747801
684928
449141
553258
797706
319003
150686
4279
346586
619523
967300
603464
103174
214793
584293
584937
102176
757106
621426
945828
639306
717790
729216
216998
716500
456999
155826
522183
565446
704971
910907
297248
754365
874828
418456
727539
333803
173231
547889
401134
774330
501777
718498
327180
114563
875545
808234
164170
567693
543905
739757
702237
195302
278302
23505
421108
303376
70394
542478
371150
725445
272199
208963
726123
88046
734018
526942
941990
140510
90477
997710
74199
774361
408691
437587
139648
552923
757686
783471
112677
401652
445194
7990
501265
347234
757868
639131
426756
183443
886021
810243
485837
576186
45612
945009
334089
569948
79133
53833
541072
717007
25296
256722
575531
767851
230332
924869
906214
725432
175810
472753
433571
478370
524316
744227
774095
461514
828532
463970
878533
10420
2074
50919
147551
944058
443227
716799
147450
857515
206420
905235
66462
849112
594583
240197
178765
522648
34508
92460
576574
412434
120395
511462
527159
192832
786291
716189
123878
857427
355653
586996
12144
487331
244048
429727
928239
490975
115675
241879
557953
647376
492116
890276
225676
128153
660222
84452
825026
626416
982377
772717
682391
915992
859912
834386
662629
274060
800255
111812
336522
335299
419490
950254
852527
760039
742367
423880
145105
743103
223533
772045
529703
59710
712988
81295
820627
22317
362794
83657
983061
262302
329273
931536
142462
40210
139944
632947
811078
676387
546126
831217
819007
826467
524103
491116
955550
641435
203524
390560
654494
325460
53017
741288
270916
738056
975722
593604
851820
819080
297665
4842
56649
282380
339625
331585
52851
341043
941515
390251
610799
498614
660833
619911
806396
301925
647130
935086
863586
661601
805264
839331
471129
483723
447050
56860
391376
64927
88126
640422
114575
541981
854049
28473
900583
241428
740870
527725
190808
965491
279880
834888
409930
581543
648493
657322
119690
444457
906770
84809
418656
701897
400211
483884
154399
678294
753343
512687
690836
968097
763382
992582
693766
609559
784819
892185
112074
137020
99078
404398
626096
465149
988925
43399
12247
465165
17744
641897
233879
598996
117284
189287
210224
429997
652435
795031
316368
374766
966319
465601
844311
688886
463696
977738
451647
738276
456337
139339
737600
995943
406048
132034
19271
416824
535383
703533
64330
968343
757889
200457
122695
229929
915895
716435
169364
507347
866361
388345
634810
62162
745294
809196
153552
383652
716338
801218
311509
129855
541374
273970
816861
769809
640149
358923
105574
919854
220095
363601
905299
846423
85627
903305
921832
866068
562916
890478
525575
299681
951735
698242
720415
563842
38517
562920
947515
999131
167570
57610
595138
67138
578496
73413
128096
434491
284822
902873
607271
560240
796497
231930
959243
287366
642895
410791
660379
177813
620632
173625
21397
236593
749639
56554
735719
367450
507639
727690
93911
728489
374361
817923
966919
915994
759051
184255
405068
249220
821683
785389
843658
740974
624746
553435
60147
419074
903400
444725
315773
963446
412303
640691
870293
543165
451747
12297
351279
214320
902109
180778
524568
654694
234655
406272
731257
514429
47439
992986
181134
929780
534704
406241
665949
874470
691614
185231
861322
370010
80259
639150
629568
84756
828552
269665
827718
426830
294931
204381
245253
443142
134564
242304
800972
336062
418576
156381
638247
835714
737224
402966
552985
876578
764971
248722
39830
665385
607214
18527
505551
335581
274628
580704
998126
35320
702009
264612
156546
475862
903295
987683
630243
97612
822488
310367
768092
440726
934666
616510
887678
467027
341394
248747
996119
827118
103308
977504
394528
480260
58659
108963
544637
336282
476542
972694
308648
433388
201587
737489
844254
448267
701715
580228
191385
828425
626077
270442
831890
640185
106451
328412
794022
287784
464178
643283
793797
904257
923218
896727
580122
352470
93720
59149
807445
778519
558690
19809
134018
600474
313453
628025
294434
373546
979507
169900
600090
142991
41898
28036
326280
733762
98598
901323
445708
125641
231674
869925
995452
277351
65588
401942
762665
289671
270955
744520
643738
2591
262062
519051
942923
462444
872974
220524
831143
503947
410687
260318
670866
917075
176727
685952
790326
170071
776836
786953
391070
787072
91430
525511
937949
136689
334555
747447
932750
338638
191766
872127
343146
422746
615858
389387
817770
509552
328334
988990
502800
233565
78878
481607
665198
295512
664144
219330
302695
655151
62243
170047
509716
186048
609550
780273
313082
320758
428468
491760
277376
14718
36658
366257
337073
603118
462138
621864
544544
958980
603556
444575
183735
464689
227071
407594
655236
240872
51681
529912
367271
828234
778806
32545
373162
612660
763904
641359
369948
155883
766025
970805
227492
559379
781537
436274
685067
289701
216625
777085
633669
340433
301078
857789
280208
66688
266941
330329
602455
365787
449469
923700
164184
264230
863166
859587
295964
789746
38538
510988
692732
62523
916840
268648
607965
323649
36349
849833
715815
334699
128943
402966
272840
861832
668598
782283
832866
684979
427672
446558
57004
945423
987979
990317
999299
123594
438836
560951
169547
153119
771422
172881
57029
786943
71420
431468
693789
754808
801757
509603
655979
924684
629808
709128
37164
446122
228485
961698
545819
446584
636063
841521
114949
787754
943416
235856
915456
482003
11116
2500
42122
212785
133544
785231
592896
606428
762427
869278
449565
55013
945966
197338
415466
969030
578780
637536
761729
451055
235739
375046
428252
258844
219249
603190
200577
228250
28675
280564
258095
983949
483455
638237
692050
511718
853543
888940
757774
75192
287766
541868
61917
110402
929843
460870
118847
537538
646910
885064
959108
45905
25324
106800
264928
22826
196877
845750
124392
482908
820539
15097
293058
510593
737575
17426
702896
360266
338291
72175
977373
89452
6518
28765
296892
144593
113339
370439
846943
334813
508974
923066
474533
758658
491180
481138
285729
446457
642661
260774
969434
331662
133970
210314
884437
558086
227002
811461
985351
443327
301980
234830
921004
699699
727089
557012
662166
805653
96244
109187
532543
247298
765860
97132
804660
519150
757991
232609
607599
374305
119936
449568
155081
542903
157764
665266
207585
474435
58884
969351
887887
396980
160435
314431
193442
587861
489259
239179
730974
183390
182817
785534
907511
327418
665845
651115
209041
889916
568675
765520
185931
376754
780636
189293
729272
368883
646522
408665
424744
252361
870624
129883
883155
283083
892049
628693
344995
822234
989492
996271
321202
115661
243367
414396
773311
745665
432757
64499
707014
778578
733036
402477
408704
977516
603669
257415
705067
627954
558160
702288
795580
737906
605024
164434
543471
744004
780815
865450
952807
49973
535333
205600
702574
447118
807366
977207
4015
825755
287432
172460
447768
135974
507643
915661
304382
932802
704107
514673
404351
776163
862008
794151
615753
495856
376048
742579
47101
240437
949841
375223
887908
541877
495884
309165
568641
359549
902579
751552
650057
934850
78179
855267
358006
821174
452051
49061
387034
932474
910747
441921
324014
361889
262949
30220
560636
265603
878182
630004
234066
62815
831987
163828
334183
109095
186235
149985
533408
155294
915876
938144
783106
710947
290214
273575
263033
737426
147353
948960
66343
253641
69906
412814
719258
57342
933507
75871
927615
120978
947019
867275
107183
276836
808213
598736
315594
239788
90864
202714
146968
200150
379570
589376
318807
387586
941870
864936
327616
763364
466262
675752
499655
251685
706522
715774
146205
606821
564496
981596
121167
172476
864872
142101
479618
628799
741790
544917
279566
196351
676701
125194
451423
954501
927418
542045
864946
469103
744655
459765
913593
257834
162310
217969
794402
840438
220593
704665
136519
841132
194560
219972
500184
870897
440087
567017
330305
363776
242495
694066
225298
500016
765343
170015
230545
27412
697555
529089
926952
960428
352498
744659
711812
117281
485987
151075
4220
799703
990527
756464
585028
670547
43589
74041
60445
408853
783068
548071
439563
717763
556982
338227
283962
393587
837960
767291
980661
887642
211179
247403
452125
618779
156776
101871
280487
313696
613144
598425
622355
596388
532673
488442
85750
756298
777617
889015
248018
278796
846704
853774
350272
708503
726181
106607
15169
605907
540216
162963
734823
467451
746722
654255
405089
929627
746973
580063
189620
643428
740117
469888
181816
69872
100934
495482
608821
241968
408436
30534
165021
842283
800323
650854
663657
410261
863439
259830
341893
53804
859317
457468
557148
205573
928078
864151
643964
182103
845828
233833
912259
102191
240958
38824
747343
47136
157014
702422
170922
708006
488622
892229
683990
105539
503082
325597
170224
368255
197445
376844
585048
895488
290895
268752
598801
449777
658440
160594
616537
318224
913080
969584
6456
474709
304900
780631
224904
70430
833414
228332
868784
85487
603745
344164
500097
759533
616718
762332
239444
2814
602065
708271
800306
690308
92237
125361
607114
412080
496941
932678
512601
247287
975549
459362
817368
5956
180041
961609
691866
880341
521981
204266
172140
843173
574992
753828
582775
492811
397868
264148
963801
586038
465647
764796
680512
345761
354333
900351
14431
570915
719021
296886
156031
665192
764557
625745
264675
183152
618
894444
387534
446239
297544
18767
530006
924814
75908
557118
748170
710251
852426
977668
400989
863452
814819
168107
23992
484727
920689
51983
69899
997181
742059
25550
78192
668302
659729
153623
132562
109529
752090
783688
246615
577524
201367
405310
853362
273684
849357
598761
937466
277813
725539
414853
322194
855568
229739
918485
443609
955905
947894
591452
878482
75805
58752
496
28344
473636
223735
600792
64104
683776
728045
735115
546162
510863
951731
533567
526101
809703
477866
713085
252705
17867
451280
264529
792896
602405
408513
304794
338568
866535
537677
539523
498961
85688
790131
162886
325397
772602
297081
786740
763916
760630
813103
48332
190683
904704
626069
409061
572058
439550
70677
517028
19010
829768
776681
770965
195764
276300
303687
918938
678359
551828
56607
815571
758840
624522
478283
166316
598561
288970
85508
734239
479886
69593
715212
644259
875895
208202
896522
239816
984750
538621
229823
326527
109008
239461
144307
904507
567191
124133
58257
669377
278973
249542
365539
172020
366232
539050
61608
667358
283637
791986
105755
605195
614999
591896
396751
191104
720644
58833
162300
44130
372107
623024
49288
428388
635818
844889
164593
498936
73771
126334
224107
413180
122357
249995
524236
131318
190852
795529
198330
611619
84763
615549
258927
936793
48056
33616
447452
670263
972322
225590
772691
512364
517038
529051
644980
955811
302739
163017
596854
734888
150224
118213
76588
902773
733007
939039
791555
786281
359947
372808
574458
162594
516788
766599
732113
889846
346702
528029
848991
386782
441915
766882
434406
986808
848828
953490
866652
305488
958108
421927
80552
557620
562942
511584
358958
150703
786170
342452
577692
707790
226858
328695
983790
290450
962324
38255
531383
953795
962558
161020
58258
122628
743754
355125
508088
518149
561760
50450
390275
903094
115266
674106
841897
588508
866547
227514
130673
5409
574174
309764
443761
220001
665520
204066
423522
614844
674640
325430
896407
546944
988649
378416
945616
385040
852091
527686
955828
956589
608721
510485
99043
563553
689175
923882
373995
318896
589136
429351
91159
677375
744825
346825
60348
674343
47782
277949
392732
107157
716827
866928
970251
106778
458322
191240
918758
199409
29853
105010
265852
410405
223231
115517
122158
597561
159286
92177
555383
838528
606537
52947
283390
723928
409192
232832
863836
820074
137078
575746
774580
998771
198153
592027
316662
557114
918232
131252
910856
635198
809009
97201
423000
597901
31301
193432
808359
255181
306629
995171
435221
780659
209390
476595
516550
436949
186960
723714
797492
700922
865769
357248
420496
795
21115
668952
265477
463907
376390
227872
62741
68500
633407
8370
385720
418139
119336
409797
472599
310565
303215
481382
906550
408907
96625
25351
329097
270235
495595
198088
547027
445871
83676
133507
751804
658397
779935
429778
629377
251571
593619
158276
730453
635052
944269
834601
621499
277896
662076
830847
760916
721821
562910
218368
896590
550847
402317
790026
448202
374161
864736
298721
463419
794255
35127
672175
787569
632541
761892
640477
692008
891868
679
120929
249417
965145
95156
11199
841512
872786
355511
248691
408098
947833
361622
638690
185039
47669
969828
313805
646649
307854
717433
573020
539924
416529
882194
885882
227738
680813
722725
539052
862844
70901
444611
424511
705453
581170
930946
477254
176052
124616
871997
776264
602710
87867
121184
653538
557441
16090
624022
331024
615113
498800
938761
786460
435613
552490
997698
505387
432585
590569
376009
519298
670740
622242
486535
956710
40922
950512
116470
418856
921834
66849
78423
513409
88780
255444
856998
143666
205641
288256
292322
901762
680139
61594
369566
497407
570589
590187
523094
401559
174111
6168
461043
748268
590003
38367
909051
388166
696338
227285
740713
655758
261973
684091
133794
929420
701716
187882
120098
553990
870200
318602
13044
766036
118173
711134
926022
167624
249309
513263
696144
385363
383444
211533
271269
70135
188491
527287
560241
695269
93391
214626
297841
219526
562632
327121
778540
535940
699652
466020
22190
284398
424967
26936
25701
215202
746662
446521
547013
79396
102629
165679
280103
967100
357802
575841
159352
378487
862703
429888
961173
635514
733241
242685
935192
554297
799998
874525
978367
699102
145672
537364
406272
973094
374724
17594
201219
803881
348071
844018
29305
858181
187514
836165
571729
305495
819283
939670
150426
360994
742029
678707
950024
216937
896976
975909
742606
372291
568075
10478
781467
961281
94546
427640
76532
304532
819292
14558
711783
5212
18275
89469
966840
282057
489006
272156
500015
800435
634960
675024
643018
462092
651748
928786
11257
416287
443637
506220
694858
753593
261874
175622
223909
273375
452724
614464
261514
195335
751493
425590
659672
412392
235984
334966
435223
40326
35873
966753
197562
455678
29321
787877
958740
569041
687316
378945
374137
36519
39465
938936
110571
481374
422844
763030
583237
83204
888576
310664
280669
85024
285676
856398
994183
997448
460827
817419
36394
237789
248223
603283
279438
250524
807212
216719
658081
553281
811388
187337
268087
623290
338189
762832
563269
648509
576880
622479
577070
172269
679870
423489
982117
538119
631873
46452
169843
834539
872260
942581
600032
270997
37449
910221
285023
580521
317071
725063
646692
296882
607131
516622
238966
910258
48466
196824
366195
507154
443784
333436
771308
126809
447698
852517
799124
16084
804877
28602
509545
618748
905665
809049
410518
874181
261258
861646
697048
801567
655882
442917
665999
713566
190399
307904
957823
733944
830203
673509
696499
574426
823788
590617
922965
268673
583362
939854
257262
331703
397456
984259
978744
602539
77663
348220
861673
58971
429100
90498
633838
661501
104560
568758
515391
121820
527092
694859
199699
104820
825210
195545
491008
561389
468448
257589
526802
410752
575577
830518
454852
238234
196847
532825
977321
18
762086
440867
652957
80743
484867
729851
30030
517085
65974
386986
258225
254085
177023
546219
962377
597878
790898
961102
305582
871970
814550
952541
805230
728195
212032
142564
257915
592352
307488
297995
991521
673892
561364
313435
896475
361700
494001
209871
165608
379372
305335
621330
204784
13726
856480
673277
746460
919035
31767
170940
824139
389605
398081
505508
168734
386545
78122
363828
364290
534120
881772
709418
119316
837618
858085
458544
650369
88244
365495
51238
518510
881853
869240
573597
286331
898745
105163
501649
528081
629110
395206
89930
196134
123139
264986
137532
327074
125634
210718
767262
629599
377908
710797
265924
942059
244660
723616
571446
360342
724097
640152
888217
769586
601448
712981
847983
390084
782497
299515
133711
264163
215695
93219
94776
675176
976240
978080
972097
68224
383857
702113
282112
806129
962149
849629
48650
38781
941513
434678
260242
540344
790156
949135
478315
770945
937682
360170
830075
593477
554869
460128
861708
784049
803941
515645
169617
731056
29067
547401
12692
317119
675694
840446
661952
993032
539717
988982
181322
758296
488011
50075
665808
896382
236968
796556
859188
490202
617212
894929
521871
866620
689028
748231
488711
783796
369474
669663
203809
404088
627241
174521
25754
761661
351298
737013
668719
992935
53691
32423
539307
492003
102394
153032
484642
843297
653924
431615
873273
350570
306452
693665
998584
758928
664132
771192
186031
251274
921420
156584
836456
241584
326333
390409
500746
98557
203144
452456
328527
868256
554662
708130
889358
585340
76135
708327
459295
776554
196972
886920
465565
611570
318105
581148
464966
541964
587474
799178
14846
879844
860836
339970
111400
130547
93338
382728
537644
999052
970149
567772
631771
270077
511396
324507
558330
385458
79958
121600
178403
756312
137963
918359
67709
98438
283911
106643
544646
355383
270697
745807
244783
478430
860140
493161
192206
750354
649893
555565
772328
751481
561603
491628
906729
953901
279446
488199
249239
564874
983408
91489
670894
768714
593936
615813
323074
747579
290799
780134
918356
476183
573852
463968
561649
649180
266133
671400
880865
288429
739870
638352
236085
296559
327021
856205
456410
894536
69939
96915
376561
796529
214249
63621
354309
36569
758282
689373
320747
595386
725428
2751
492886
708508
50648
924208
144849
144020
19658
49621
905538
705092
276686
978058
424073
763139
723170
181883
223021
634008
659209
210274
334534
977205
787716
762655
264365
665223
901770
741934
401512
192839
913137
845081
98481
540956
302497
937847
638818
404513
958799
946457
107540
412420
710400
191824
525004
926741
692969
769326
92899
265813
296315
101421
10990
210243
187175
42747
692253
891707
99800
78677
906842
671835
583388
77846
107321
417302
936976
554566
936613
518307
323872
629551
528909
62268
345739
63032
785710
923689
972257
229353
258144
508529
462506
103068
380046
526121
425028
19265
483082
924613
117711
719632
928634
354269
509567
2841
236026
812831
798597
951338
48144
393953
692688
197096
833279
807893
382154
820808
982663
43502
833069
827934
756078
885790
631841
870231
375965
883047
360035
426444
88952
3305
384202
313087
218929
543062
749171
326312
493484
648848
392980
418338
750516
948830
972500
155437
825796
789811
280748
142929
558978
616115
455101
687803
63368
307447
220748
609830
187878
783288
79953
915400
756887
386215
864351
507529
236849
389593
216462
354680
822760
768834
4049
772455
922085
948432
55109
304882
529223
796163
986081
803413
996855
486038
115219
351595
853678
516592
295032
980241
746179
682735
702340
21291
155606
750166
732351
746226
873876
249171
39402
925126
710814
473994
939174
703188
741958
199896
288372
869547
179258
285758
56599
178229
796441
120422
122654
379507
523909
490345
851886
832403
849459
548376
187964
612447
627943
800488
620325
759974
257293
322557
549573
308985
537529
648199
552726
15702
368421
769474
670904
681372
575255
222663
343187
428409
243900
599839
5851
902472
607533
547016
22930
973581
749312
333762
99104
352466
562683
425063
695321
692065
721619
911923
455349
327190
565917
432377
719242
286391
632066
993566
369888
800947
874316
585998
777622
789204
644241
780058
638835
385595
745564
798787
590770
437860
447030
873946
596880
975310
789980
101278
121390
172086
127137
533308
266649
781706
748614
81822
435592
826926
668883
991265
522383
300985
982067
638453
341678
600152
307774
712014
829197
91659
908681
865585
736070
986192
441607
952183
684552
819608
185087
142356
794609
423005
387249
551618
634255
597118
861827
204459
228495
178258
957043
936735
590520
521613
313402
88843
56217
755409
413109
874726
290757
642306
270477
842736
990761
329781
369055
530587
354883
271056
807183
104696
82013
261578
687190
549668
420499
373086
930494
666305
689126
998970
776493
428656
975030
263501
116241
98557
188071
945494
681330
787795
268569
95053
147274
49200
250793
324373
568735
361018
425900
636092
835790
932158
534318
618590
409933
318245
779048
798304
880892
972510
702736
353775
948348
803481
262170
322771
50849
508877
419207
114461
580894
306017
80149
264800
408064
32403
689963
958917
45359
877213
509259
169322
154324
943764
28804
367676
103360
888615
50056
766548
326671
81486
647035
260629
326405
47064
778028
910737
502345
423241
575341
791444
59884
591032
164670
708193
464573
393687
822785
647310
209186
839496
615910
484647
505115
769059
6359
645635
163718
593560
504175
210720
132178
226744
700844
708019
806235
761679
616468
504678
205770
256071
259410
65681
758721
457009
937073
996137
113744
163865
722273
87366
805438
971253
59966
563478
520467
219028
120429
81819
998691
435766
855495
263
16040
98829
313935
872169
398389
162628
880518
352997
342369
836427
588261
555662
932471
208939
345748
17828
461529
253777
532345
480993
328242
672154
635380
223532
111643
885299
4377
824040
338780
216593
161770
193255
873624
389957
512213
848942
521781
190380
861091
76179
122584
671570
84147
185517
774999
610399
398106
410178
625620
386081
207319
473059
119108
224526
629507
517061
96422
606024
216905
813589
601242
582732
997684
713083
326339
72116
620134
518533
762815
272121
77721
646311
213760
691279
845725
696127
499280
37258
534271
220178
487002
137969
907393
352158
708952
677462
302805
597652
532657
220574
507763
565403
293841
394182
933834
755707
762060
607761
439563
11891
911949
357946
403079
810261
924329
343371
282905
817532
376845
320197
249644
879443
20258
280322
767345
548219
888395
450359
743419
978480
528221
635392
55026
739268
454807
794152
481773
960320
392819
790985
798892
532236
967645
691682
40920
264272
915406
403112
40947
726371
340387
313964
661162
136284
5400
987938
151509
893304
747385
565230
673074
337528
515662
782234
124124
736899
217489
46545
933
138860
605005
597312
910964
845778
155960
362996
540652
65682
730646
853014
903561
87384
305494
187263
216561
462353
935394
704859
634933
403495
595608
344051
616329
530674
303062
147182
735794
226839
156564
842861
806597
879463
374192
430486
889475
519338
382939
739441
813911
778983
853994
756713
888628
972427
397231
608821
65278
47634
542425
213348
767097
993611
38693
63014
115375
635485
579953
676862
936665
143415
248242
55243
695547
919652
899950
346106
137789
275066
591880
792735
312291
179939
465031
777076
402520
363583
696298
367233
894464
779943
566986
406134
928819
440092
558897
218575
924116
376569
825935
16202
498061
971740
726607
250869
270965
965186
53284
105103
192730
434768
999864
923375
690947
263737
361170
843897
439586
567728
259014
481111
889947
131959
599213
998874
833000
609086
930138
274441
824531
615658
861887
937920
112716
592958
249347
556767
629154
872934
312006
606187
767330
194213
656216
243544
658962
209878
314149
924868
508415
32542
925573
73371
850774
195721
243879
138451
667794
188531
572133
949494
495373
817511
744879
702326
413863
462734
124754
945930
578546
337685
47237
794095
64742
145885
901532
14522
776595
953216
771964
734110
564143
659277
361241
209631
535196
809709
781502
885387
583254
580751
663499
633775
194329
338386
390855
795582
343922
354426
610929
794162
792198
170671
31778
127284
108589
941548
335658
212669
200873
585579
425052
665622
423339
362810
764261
907722
207805
331513
862684
88758
208159
865934
375378
177056
710150
318243
317363
783057
577232
737183
332408
241484
649841
234100
953035
341900
616895
998397
813436
548924
643970
560290
731228
93201
979306
780271
703357
331330
237712
783242
414791
357849
824607
782292
976840
506580
561279
90850
696227
556339
443881
520694
616637
95491
399162
873112
143092
346160
856089
137497
855323
791418
747723
839224
328717
4443
314641
242868
774898
2160
137390
807285
286202
531708
706519
223631
446993
476392
253760
574842
620078
874174
168163
544662
469731
581012
834510
940572
486395
693299
715714
809838
267397
107728
994097
601634
265862
196196
589407
681816
939358
531228
999313
135602
86399
445210
997476
917123
887393
804450
601511
527000
666380
537479
242959
5141
564246
891600
215752
515005
462791
135462
441396
774296
276134
248811
466689
613663
202754
707765
442077
464325
109694
49939
144572
60531
241271
416074
514123
453646
64061
40684
30086
354396
477696
136181
124964
114417
400276
278175
626965
44912
161309
270931
478412
268616
403896
814784
669646
587199
699432
173488
45972
843492
887287
826882
120799
749523
140806
703173
971525
301229
790267
185949
184291
8776
594544
65249
457796
426119
845410
191549
819268
584213
241013
985741
871463
752016
790639
88770
322479
567912
27997
472534
326328
620426
572980
938192
402610
294478
488994
496855
813315
877133
914154
217599
546158
444433
679163
374186
995242
894878
861072
551004
558995
844736
303716
308539
869391
250410
586386
150442
286762
225254
790803
527027
898618
831793
214796
416454
742884
172913
367958
408834
244778
26433
792424
912861
29806
209079
113496
423080
506561
328857
670502
498409
967731
185305
221161
185908
271615
860138
734950
696796
267961
882992
478967
881796
562135
796213
31116
414540
933378
934029
964548
350227
284326
709192
875894
246116
373626
60141
332876
66518
721714
833108
368945
109103
62084
13581
474183
133487
317427
265936
152351
701946
852843
514564
221541
312439
978985
136528
804046
488901
190869
984367
851737
127237
743830
914050
698445
499748
327469
436962
633258
607558
689950
788285
479427
538576
847137
413717
864756
106445
823662
615224
713887
887824
71854
265785
686475
417164
515267
952999
177610
584851
774700
177731
23800
477216
135309
924969
507789
770703
271862
140134
226188
913257
35701
83553
562136
949494
34180
386562
956669
390160
288511
472811
44597
10346
399981
594454
774200
422887
666658
892137
813952
141112
770740
605394
133410
937354
596520
602640
816159
718846
960243
5138
404025
545489
23850
509302
484952
889421
13443
469697
8528
71502
661241
470562
659995
595784
920591
480029
11715
994937
272628
120216
50901
14181
418601
263357
484442
787058
173724
135361
647188
447964
323970
915892
356539
894213
485604
312601
511292
563379
642614
297563
290821
540242
903304
840981
334847
517525
151130
117186
442085
685228