677497
93292
386282
952948
863288
330733
277944
987611
955375
716466
499385
414208
408535
646794
786100
146668
949181
529346
800491
696684
692540
4790
264674
333811
852576
296903
394115
409512
966223
54109
918923
33950
544430
103570
633954
97169
636612
509916
556632
597612
766369
171297
90893
722091
530204
646397
443782
821247
451837
605816
628320
579290
462238
247106
732074
477982
20623
203920
695420
438882
522946
80981
374261
227493
573615
458773
383443
695210
630966
570860
853644
85292
930861
294690
49363
233693
397940
157675
108936
812885
415615
129260
682457
721178
62441
157962
789019
143251
661880
857288
287179
546611
457671
908583
939297
285254
894305
379468
263197
49951
332506
303565
461362
969897
190076
936308
84331
599591
228465
760942
212621
25601
121788
446779
191039
132454
645720
822682
849508
67361
210797
178394
105070
226974
387935
208435
887983
786307
173278
695579
40145
268630
306495
793412
4136
793213
916979
422136
252026
560654
198193
281267
179015
722980
531654
75715
228296
519349
945312
369492
790985
144090
501786
387753
705333
788918
541432
252964
716269
790240
526063
264440
42708
454200
768203
881433
577593
709946
139468
477290
666561
726662
810924
532034
837914
849240
19784
417185
53795
681824
775822
564517
339258
349982
825065
994286
67998
132981
116463
601369
556831
703419
11751
391524
608035
115102
258554
807739
621694
157684
737104
91092
747808
539970
663362
51411
1130
455660
761393
11869
471647
777083
219700
164471
11626
909258
91461
215683
507717
424826
273409
990621
694387
845388
190007
634191
563886
807258
563427
297905
938924
61777
946424
116135
896473
958931
293733
196739
749225
501855
992187
418465
636038
769587
574941
40217
263416
374198
983464
756881
129341
613911
202193
509385
124516
304224
148052
377900
22261
56330
160425
910292
277520
97034
866565
97569
158596
307572
30919
255424
843806
275862
426876
687840
31861
949492
917326
955161
567578
716286
229633
670672
998567
326058
339219
108366
722108
649916
896563
144366
268913
888016
41336
577990
783634
344849
508223
260179
336020
964249
869276
259625
959175
626527
261902
248621
319377
849096
15
645173
169671
507287
189299
120123
707562
948457
189821
297710
16184
825790
829773
514741
817911
479593
386245
368014
300653
770030
383990
535311
934854
908519
97972
283429
434663
43200
480724
447278
124352
226339
422098
393184
556897
850173
734241
907416
976657
282682
586931
585567
737318
855099
343988
455871
318648
491406
30856
638083
279240
564328
711659
282293
268941
34989
693923
1681
235071
108154
448816
430106
140069
21579
361290
76984
81610
881539
350019
865639
786498
653316
816179
868502
518991
832658
810397
219080
948161
788527
334488
605101
565991
521279
757350
280048
910248
249844
201269
556553
682768
712168
719481
437289
643189
699849
207990
176090
400043
202644
636365
486922
341735
345136
840939
364872
953125
790826
622982
651702
394149
841740
201111
699633
749708
227508
622256
41964
678129
803225
922843
49738
720514
151721
7176
524775
765603
381778
117952
683402
142651
180745
182629
415000
85514
694457
255116
930813
546830
231966
318236
808852
181394
590345
557964
184603
259654
889140
864477
954202
183327
610631
193245
921260
267584
278265
387056
189874
560854
925512
234327
123546
963172
658405
181429
409294
305036
888919
531349
218024
344246
429075
391133
728476
180955
209785
37389
827747
883719
951675
119756
386425
584879
733734
363336
22844
3311
381458
631725
662224
854657
280961
42706
283400
752973
869045
300019
594978
103243
807650
696094
728968
405293
327800
507241
971786
263708
289293
413189
288909
204055
432595
627826
634775
541799
204959
981150
376211
689445
344919
159949
118372
638300
177419
235905
543564
141395
317580
156151
527262
462287
545787
392884
873494
778083
533337
702237
957726
179602
46494
18716
63725
160235
907039
752918
720734
436872
219731
779558
315945
451654
603065
667993
498820
839501
812549
228915
243179
187812
394850
402604
74679
256429
963598
335358
978799
395659
802262
179363
793548
306761
30794
572840
99243
685761
864175
409831
186667
354238
211873
700048
710232
157451
479471
296631
388341
936743
71200
316629
787159
118380
507851
989120
501236
306431
232084
409003
223403
45401
196582
620428
411071
573372
218415
851211
535308
239311
333771
30213
408707
664542
447876
825608
921110
481738
829528
332035
47741
968109
214435
508543
26071
294264
538478
310626
631275
838458
680906
890906
98464
575540
751296
904739
241163
996694
275104
388979
218046
4253
707269
285394
368236
286555
938514
668572
233145
48380
268422
699748
811342
287911
690680
533900
144356
266755
918848
712494
267020
819306
431817
280045
804842
832634
654298
973624
662577
671350
339364
112769
685031
369642
55623
677446
531635
158535
13293
591640
732980
617903
479956
346600
775438
839709
609411
510550
716071
983203
435874
833615
434711
666401
331546
541785
115355
280814
833018
58610
402855
127274
921957
352314
861364
388073
121783
173444
709442
108454
156864
844671
21848
698504
92075
210809
422455
167206
660313
996055
140429
994042
766519
458476
59395
469069
333374
490813
330960
644041
517991
244831
615952
964888
46791
175763
809912
318903
261788
218099
611820
27968
471710
716634
987147
821718
101944
559884
470110
474887
385237
125846
636257
545856
132763
683497
659306
213911
439006
851934
35810
621909
610036
445493
735777
341549
361771
212509
709945
830051
398552
625671
840052
553910
986616
712488
348150
817159
269456
118649
713043
403299
56060
760119
631119
159623
399237
612319
158533
672604
852942
160787
263192
674382
196844
949719
523061
155105
305385
901655
52713
887857
583592
128543
902757
868038
740660
333105
322482
595666
286743
874715
556453
520914
599934
926860
25035
7847
691176
892560
302153
272345
731076
823537
126471
133561
153931
247325
448159
178270
534875
558873
611519
665247
470108
169740
817324
378413
231006
171242
855925
659622
111061
716996
164083
627321
919805
900054
472977
448454
459142
436328
549974
495405
966825
271564
350506
835775
376535
871250
442145
962355
529019
436245
26824
277460
379195
92235
55184
464115
879744
739424
783697
557538
702086
150703
562255
761619
481618
861675
219620
128311
523291
34575
511724
697968
477329
571365
780265
941232
788418
430867
834488
8880
698544
732735
596073
715535
628123
235071
81719
283291
647257
411797
982414
917058
85351
500367
222260
626506
43951
683466
570582
779949
234277
757639
315032
230580
368455
798350
132813
26525
877425
428417
333278
228545
682787
254671
148480
542169
296010
742757
758944
626808
651620
930993
34387
644873
584536
112733
127559
573161
519963
506463
232002
930925
777995
78751
478893
935554
554906
626969
750227
719494
471833
708413
685112
69496
418767
880848
459664
596608
343356
731553
135701
876608
57700
851267
980051
971917
247652
759101
476330
307965
796947
493466
676329
528518
551000
445071
665829
207214
66067
66520
282291
972510
199052
772141
522127
781977
326684
611578
19812
327565
227808
736475
320118
864396
388990
723704
599660
428390
109842
303406
483034
79960
726280
86645
877479
700180
363436
492144
645435
55950
501703
470764
799450
198815
496713
263550
741256
585092
968989
497209
691345
600158
517021
45701
807748
500967
967237
318494
531834
437449
3256
423920
901580
498967
349708
839676
55550
391739
824526
404117
959247
614737
783641
85175
620721
133006
159150
340740
322585
984974
691480
137312
889335
531246
484703
261208
971544
907384
563227
91746
634935
945897
434883
2329
262978
533811
998353
931550
652696
323354
261664
697094
796515
497110
159770
541159
549610
744310
934060
288399
500649
758904
513778
338146
123672
860398
398832
988220
194494
630336
718022
784247
805356
299371
226596
899563
468966
673710
534198
2757
31268
303102
893886
87491
484185
446232
369138
946145
688573
579794
225542
764872
109254
665001
458382
866212
719043
740975
803609
513103
571142
897534
188857
474106
737533
774364
732050
598565
927152
902864
323955
335000
30443
122724
94206
364171
303849
666215
757947
807658
685460
161932
606778
596922
574973
847601
616985
181054
93644
382309
117192
583299
741737
885733
42932
356638
531789
346160
11603
950417
145218
570315
167256
181551
998064
745837
1282
449882
189764
183495
873280
262478
161221
90971
657588
253761
651585
576270
868566
349399
996648
151276
220825
339209
953378
688612
643345
933464
748233
779109
847589
495301
824451
849158
136514
766534
531599
675884
60557
888671
387168
179963
961836
908603
952703
13940
487431
284360
908230
187534
424736
700097
525053
303317
64444
355405
596980
951623
327278
891879
46145
511443
292410
299270
30148
657013
904020
404108
397919
631463
505792
933623
846780
665182
97665
184686
168692
245286
570044
371118
191394
567233
125163
531845
492633
751984
719167
905091
23278
36250
440168
520561
94425
830810
383349
808810
118933
864435
544105
777654
357592
208379
526699
660132
225233
367746
623401
899331
588935
165651
351734
557373
150628
791554
803266
652482
162561
648454
781104
775950
921354
917498
714667
905561
928463
912312
188804
931794
878643
446528
907573
305957
44312
421575
495525
909887
968426
746492
698580
64093
75364
12564
636690
5618
43072
286644
649530
804750
812775
447608
593957
590299
563423
730868
890349
202845
95802
56794
574379
551581
174061
434627
387605
308419
384900
803472
997614
285074
488136
712632
908360
670655
612267
18514
680946
476130
990392
129942
295485
490620
167748
889900
164630
334860
63882
476863
88424
939741
978629
513071
510640
899066
453551
939202
264134
936351
640942
616
99470
594322
762816
796775
995147
958364
316957
19741
906203
195269
835792
463975
197339
784017
372608
58924
84593
769804
271087
183187
779374
146759
572378
796299
457719
458051
227590
536269
507363
309575
845953
213315
389223
250932
830317
804543
516803
271582
100939
585356
219444
952822
370229
440134
346534
747415
869586
582060
963179
22481
884635
392735
364621
887946
662069
731777
306233
501752
210205
236393
489168
991195
173852
914656
459394
485776
709805
696307
205654
833656
103922
241179
709446
962037
82592
409560
870573
239366
137671
880374
118028
368034
3709
495069
893404
109616
373109
550761
858690
617411
921259
272026
832230
191792
515402
868292
196963
809820
888897
438247
575000
321614
547833
228564
147931
434935
511723
545714
996226
259660
918412
38022
735837
119641
896218
510963
752511
835376
886170
375493
935478
835271
180426
524137
472305
104412
543938
28550
426619
590460
598335
618756
918178
930739
242005
277095
494515
526262
729997
81858
846395
952828
114488
73033
924939
751325
826132
676258
538602
766695
833658
900131
655520
692543
513668
167073
589964
264444
533411
925103
766400
498068
959868
373550
952011
423754
383335
106564
126646
311736
704637
979246
354689
651491
733593
183394
225222
305750
21836
861320
880983
667801
875493
385641
121273
777312
72899
41395
922678
584880
830515
831237
349671
81727
527752
986559
921651
682662
874793
138321
118216
20626
661261
931881
547566
98135
873511
394567
988403
184403
249317
788939
857276
489969
368597
717845
753228
258095
592224
814575
390469
630379
623981
562279
232999
208659
606616
204635
1861
229994
788090
259063
427268
918604
534257
855372
499894
562106
828571
373646
542192
388811
6912
717232
790525
575895
234237
208532
819359
226868
553765
945818
658924
854416
951630
736982
983514
855756
392370
900108
138567
801909
41893
276876
486992
135644
542470
978603
70353
363834
598621
528217
3320
657429
274427
508786
175861
103773
290160
432164
771822
433253
421341
450618
36962
237151
942165
716320
912384
227774
156590
901777
12286
232457
567371
246801
289233
932880
573167
686224
608842
439207
84599
291371
571384
583809
752192
764454
891780
306294
963004
249707
79601
37878
155804
797672
227617
43446
410983
68553
561975
422733
942402
502444
873735
538090
786622
321228
189282
369069
860884
936353
703463
73776
246444
398770
988084
320571
12115
848080
482477
406342
944386
542965
874910
893412
701332
244795
173245
438310
712395
273545
599959
906693
169658
15051
467369
348669
279395
147152
887170
167671
76242
697273
246581
496094
675851
822759
3871
921236
961468
657932
11069
756881
632236
708391
731192
967792
916857
784928
152438
697426
833326
329454
330730
459375
681294
521021
905055
911036
732659
522491
845160
965057
93175
56986
894508
548754
184557
951934
551134
514635
405629
801581
245132
750158
552820
706803
68398
571412
599206
682143
790955
228110
618762
606193
539090
540955
123863
326381
158099
916182
115974
743262
615221
546254
296506
146838
548607
515930
830103
809389
447032
481117
235468
970949
525226
903514
94740
575069
953484
294197
112678
351961
916868
403982
758906
626089
800197
930927
323149
927569
707267
404889
746543
981595
353720
123131
91584
93584
394311
166633
481997
754093
615470
191597
80968
712439
332225
811697
470792
290583
537567
107446
985861
294964
887964
860928
836832
238226
721201
722641
14726
974265
724700
572187
388677
550588
94687
177328
759550
254280
930407
999986
66990
182256
950584
920647
300631
565148
240301
818330
330902
205252
946942
195039
738113
768608
367128
440773
407830
515052
426384
785715
865459
789432
234736
367357
200387
733643
918020
941707
854301
732710
732673
232422
111081
101392
613614
151383
784184
598715
75772
538600
227982
659770
214446
33429
995281
7796
740012
282710
119299
870046
759477
963108
513483
414988
308100
276346
898767
846277
169995
492310
585935
587351
350367
954256
462642
318841
32753
274835
334480
557880
468280
816710
272727
336296
230159
375347
753710
714007
891439
4515
701172
999288
464052
306454
390193
351345
255646
162058
420340
424219
311436
227796
171592
983339
728200
77625
655620
914791
491034
666759
489669
859131
422700
178799
155056
642315
241008
335575
367493
396966
349803
242718
265465
923537
229354
381795
96680
789276
381998
230637
403458
42940
454409
226484
775031
46922
460816
708905
234963
378829
790111
777736
164655
653074
656915
368873
242530
384430
214743
144892
459549
562509
785279
752546
170767
37213
282306
515959
558568
258953
474558
357883
279174
761484
319204
692216
602821
571242
424876
765533
667568
941670
209729
340674
233490
551407
615345
880229
501320
437015
289901
628259
195657
572510
466967
36741
354239
223257
776980
159597
621435
137998
493322
612031
253348
36986
639211
874714
588830
653844
168431
419292
589600
388945
239
321070
868987
281348
599911
126580
561549
168193
690274
262511
678549
707397
246958
683628
773786
119874
213429
809491
337509
662337
44623
682332
406868
669474
210809
576560
381264
756344
894157
1064
320537
16507
901244
371024
3267
149002
913789
865378
318978
136950
703110
915129
394288
433517
536429
370078
313527
730994
805882
201916
769952
274935
656347
409683
34699
314637
408927
270594
657603
20213
685760
170114
697513
673637
8521
825370
585479
371483
591202
404702
381854
507608
106506
610450
943111
717001
248093
645003
948757
614192
233402
610361
540163
854214
213463
798618
953415
326852
500339
325506
660519
359483
478675
275975
274087
257853
743398
750842
53612
824498
342915
924938
216254
492624
836994
454632
269495
64056
225366
936495
678453
280218
318369
547593
736295
541192
831978
491691
55008
110740
241170
353574
9548
281419
754893
306243
431552
222961
611980
570828
10896
511365
696321
460132
862412
367830
498851
222114
764050
118811
302103
901426
672200
140481
375319
430768
371755
893728
23882
871299
118355
934645
637335
9814
348535
238275
809755
237414
226993
728109
318754
397264
876016
767828
464785
403179
586624
687548
49758
715679
658726
84476
760593
986649
670977
198216
234055
205420
754688
589223
65853
832244
951164
523650
221722
966798
72905
364015
900524
47708
369703
614080
895065
664825
488805
236443
146540
606036
490921
688254
803401
51518
113845
994650
657119
998957
566484
662658
278508
105308
676190
401705
510869
888015
993474
737097
927996
481725
843513
409386
682189
954443
675875
944285
129480
859533
998727
619269
77357
559974
457368
96559
956254
12583
394119
919336
155626
333209
729372
862032
94195
23385
614728
668853
108636
19219
214839
647867
145669
655854
748051
680594
942542
782928
930885
558277
593355
60054
479066
532143
782089
862384
572950
901190
817917
910189
135669
622860
466010
87497
215755
685256
324958
297474
115968
12120
737627
370785
648965
250191
231621
735603
926988
207831
807905
653596
155708
566009
175429
75846
228055
260068
103311
574181
148758
695443
599474
408087
91443
999343
821966
361846
183303
19658
956044
218692
497703
883251
981424
274481
831965
125649
581020
957912
786128
185923
834451
597728
541180
349965
46780
550059
455677
206641
31130
361185
271280
338838
517563
384387
506359
927108
825401
762818
758820
996273
855035
314888
233261
114641
911275
303771
14213
293880
10225
700279
852857
784182
559538
720096
900324
517981
237800
43052
236125
98751
696528
354002
33831
898811
450241
721636
553561
404494
170344
220259
51396
679004
753901
701804
512240
411359
151849
547005
921416
516562
444163
44530
331443
715351
91200
952699
65963
555569
891495
94146
978923
741585
362020
248091
377402
516481
709204
214703
621841
910867
261549
786172
4441
780235
53921
266091
665247
929656
222694
582288
649932
390658
989940
134039
517621
387086
640947
79320
506133
938721
121849
550835
543054
343510
345777
834871
951361
116676
452024
848326
167224
569371
941325
490477
746536
883559
81244
424853
626574
617762
659198
494567
944895
807361
111526
214465
185804
290821
400997
727379
11496
389417
129750
888495
286968
809261
96175
106605
705604
830139
442811
691884
980876
871783
447339
948741
111958
620147
310465
279686
104921
721270
918496
972166
895780
937820
229119
760309
926564
565433
289139
964350
636571
200813
908457
980154
689811
223538
189697
776355
840490
758807
985419
468558
128283
431132
76056
917254
430386
66628
346218
426700
682147
485939
679735
370894
454309
30695
471353
786577
928320
88343
810375
362332
959083
139881
137909
582133
809298
673697
5677
453101
554457
887258
911654
996615
114230
774795
687450
38607
905709
664903
124740
695256
193086
55964
672865
399696
241205
407196
621965
610264
949979
576542
934051
25204
943801
549589
495777
288811
677639
270621
988547
407503
219434
599212
275734
330802
819053
248329
671031
64149
106568
80268
237856
196104
836280
816948
604179
383973
961156
629611
971163
35406
41236
977730
759325
508247
38452
634427
4569
853195
99662
838879
628179
517326
902076
286682
585188
380547
177898
779632
503186
912015
759218
486885
307210
869054
30234
890934
602915
760766
950445
595105
870744
67901
907034
324008
390615
291018
861753
123492
48043
316762
583809
546919
327460
882785
107670
785050
837576
285611
916659
264131
563932
615520
376360
354222
74308
183536
296918
128538
841999
892407
730625
364541
365006
790403
143078
153588
689930
607390
853269
211135
440968
318100
433285
64157
880381
44071
420387
81106
486931
912574
251417
701696
917805
375234
65729
715203
2146
754116
679387
463004
809110
578384
814236
568296
362600
194423
231728
112185
191789
920056
569073
344411
431768
358651
499557
106935
364248
647050
252258
185129
982087
94928
289762
105729
334183
328145
977594
361824
185664
612198
389751
17522
979879
483547
627069
323656
934027
3224
371664
227971
787283
98459
119105
818699
517041
706524
286561
603263
847637
56388
206288
443590
469454
927271
314864
605003
60004
487286
867046
347066
202707
145861
614102
21554
357839
429888
73065
9647
437020
293920
248305
123908
739909
314173
983109
738701
504808
558832
192358
785312
645457
177129
844633
528936
480510
17814
282101
681468
597988
72111
226300
827715
935682
389138
484827
8036
286217
384881
781604
75528
929513
604167
676745
951972
29155
645420
718093
298464
148288
38274
841207
225914
480012
158571
121217
87891
42645
575988
778049
366373
333842
439152
144181
341099
435031
312009
265639
680820
161978
754945
276072
660616
860603
94324
731570
989176
600172
601957
125568
559196
375377
581673
643232
467395
969970
467085
308361
614637
518750
183367
695608
640186
575024
884973
962117
449935
444395
608687
215869
903456
941727
813086
865164
963124
577964
69504
274406
890304
614267
406177
312807
852982
410871
352681
322670
156180
190967
544085
842335
191722
411231
393545
838851
53767
610103
882440
70804
450614
468239
825125
743547
533735
749617
959478
639847
375769
27446
383334
764145
104614
372462
351876
46382
562670
150517
987868
441381
63827
30922
529440
872076
393481
428842
503722
376404
878705
434169
843440
386588
590791
603734
575223
15301
758846
54512
126813
515431
905927
486059
453508
88931
96655
726946
168245
211872
318836
103395
579718
981774
179874
342064
505685
247244
991438
306684
279887
872455
664981
325813
944467
418986
274189
489318
177862
445744
454884
146783
231057
752326
340894
244730
628743
124211
297785
775518
383350
140087
901760
700616
556129
846481
584967
284303
661694
943346
180020
561766
147445
371543
370539
329781
799439
193379
702809
476250
494896
769985
113442
989645
207197
235573
683302
695069
925765
133780
274374
222779
545246
476810
600435
558767
166036
616567
42986
879695
27366
623617
540559
2559
398082
934384
660755
21190
125412
237263
909196
549169
899167
732683
863959
927336
588533
947603
611567
660654
640120
237687
353147
292880
910201
783304
112273
12410
649427
414088
450171
763848
27864
98626
536086
978933
137325
944708
792890
46342
531627
180505
251375
500643
152034
551424
715447
295747
659621
869214
835620
659383
329967
835831
158030
38663
183286
679018
114113
962075
367782
494334
446044
567772
522606
886395
704538
447562
639381
413154
207352
909942
33735
997550
906929
58671
136197
717571
545978
684614
174491
84145
343532
18989
945261
872397
331589
185050
343969
723023
285613
593622
171595
876337
685589
18978
412741
489094
791703
279567
890031
597803
446911
784396
456375
614959
246144
593881
380344
832580
710195
759578
971371
355390
387007
1598
666700
732276
526512
852269
380337
316780
670577
932774
384549
379991
267973
963803
643676
803192
792433
463298
763688
926541
252694
879107
836975
211639
461971
968811
950587
190178
556912
59926
274494
223190
648148
309140
339731
930882
737993
517829
297262
906324
488528
642104
982230
947838
874940
534154
730990
800262
118478
174053
489096
340718
252564
141618
764078
549824
172393
599539
295410
542848
214217
559405
637521
180459
29251
747607
70540
550148
553960
255340
854799
868149
512961
38459
583829
157931
854604
40124
616934
133136
930173
308601
510330
106947
419058
945854
460799
729208
497513
248822
695216
437264
480262
274838
790910
131537
321036
177960
764419
8377
531550
348069
231844
250047
51458
647928
748420
310455
990249
437775
237727
529237
725398
816697
244296
499334
727492
24526
374813
557896
276132
518641
542111
651848
496492
226854
80516
95376
258447
91314
802179
265781
153057
496639
233668
348231
195388
924245
86447
507333
658044
930643
713686
281477
580029
620306
233768
712948
99168
557917
362320
757139
262701
392916
341345
225530
95231
107801
683261
732589
179651
389
226115
871982
957770
657373
493308
951724
414742
21001
492675
728307
658316
631999
675470
880663
182339
581190
520044
435899
294675
721288
532505
121956
99611
810189
702112
642606
937830
678776
252938
571715
906409
526722
984670
169175
46325
755237
826380
19099
414497
873352
154962
729604
470692
769991
766407
815135
276268
965773
968236
648830
319206
505008
504919
506444
61807
258774
115234
214639
300192
462872
870651
24245
297771
527753
505252
91073
445112
681777
435420
875010
911148
206368
889866
433116
232085
603445
530896
769606
935474
828168
932811
485017
793074
728444
439888
39358
351105
438336
697619
715704
429349
664179
359827
471346
439588
899278
41421
111365
288953
529134
828883
221397
323067
237550
99310
424156
13012
756467
88338
540558
865369
82069
366653
180042
908329
3254
8447
889843
211206
295022
814568
264635
205609
336760
839489
355441
96307
180737
166821
369841
757503
286154
431478
82622
703129
590605
269989
287636
157841
698739
221420
726350
569909
401200
698407
578051
269782
26343
750808
340975
506177
433050
99527
263381
185058
329931
792550
454308
400533
156095
843661
927518
258795
12129
655900
865713
362810
182216
626074
94326
407581
814857
616003
486396
912136
978110
506615
785741
581311
814220
350556
101997
515307
743144
305584
855445
779188
588424
130180
369468
138370
226619
854641
689403
814344
603972
22643
517518
704014
683135
64313
472872
656323
785771
888949
980061
583359
460178
594000
371986
45548
414113
547759
728070
642944
552405
230136
510259
889936
102121
203195
354442
683389
12662
403197
732914
444163
303471
619785
689089
959561
454086
931010
683583
930595
359736
876368
957266
682869
199410
518253
62257
275283
790878
111963
876345
685282
557804
492293
746637
461097
12793
921518
588017
641240
913678
375027
168065
735610
203127
813474
53581
827881
57505
850436
219774
152399
4230
180821
453710
772307
389443
811860
904190
113996
130188
8591
77377
421483
705188
270667
836674
909128
577519
752517
534609
42881
498360
740213
672006
646015
850472
41517
47727
122729
743055
614751
146153
585380
796010
355688
463175
954742
41949
223777
760066
787956
278183
962832
153240
840656
766292
230369
829972
264625
424398
297964
80453
603250
541727
737045
115107
266120
748158
720033
25135
291765
774599
51487
484772
865204
56868
267721
17073
230737
963541
517117
640508
733346
454923
977289
349586
787964
939112
816673
623277
731561
111176
2605
770212
663818
786350
981452
541743
941753
675075
590200
83794
607243
562529
61049
65824
515458
867325
922752
863972
267345
795481
226109
97662
510057
497616
515593
294712
720994
138359
599183
994967
25875
924215
991251
729405
174568
612988
895631
987997
946185
198134
964564
400835
625665
23178
33183
993980
264633
972891
308471
446052
153284
544976
843390
396370
651498
830249
368549
564404
449183
958980
570439
505921
143621
862679
43427
860553
210539
438987
235712
90768
874913
241235
519032
693314
347947
993469
532522
456806
627768
578949
60757
797054
462202
313330
233067
228151
897429
654574
234514
949815
71965
555669
452177
19976
954775
934581
253941
896015
765905
379025
516277
434127
679917
73533
199071
910630
286631
980644
372018
646591
591431
552448
789567
199305
116914
187340
37311
891000
588963
94272
449616
753128
667801
422377
71164
798218
917579
229641
937173
406324
129280
358934
693794
377763
236981
910249
277030
351689
732953
272200
13749
395398
398923
9242
801979
291600
19007
579317
103456
621910
430890
284243
155712
11178
748814
789517
410512
572566
855784
151326
863893
924371
270195
674015
682496
368789
707822
129666
752671
897761
211574
940258
101733
548104
400370
82678
886350
337837
700503
961224
338987
279200
300130
758633
768777
309177
147986
5481
157642
244269
473194
419941
45926
819324
513281
395790
728886
843733
947966
8537
730845
413315
551418
577778
402752
2531
589336
158058
334890
225798
339074
450688
615010
819754
208380
895339
104257
965442
625261
307693
520738
193472
892724
173370
315637
343718
136992
496318
803629
796656
268072
740763
691093
588281
79970
521869
465537
971754
868771
802317
669485
269743
620513
360651
682251
96169
413095
305351
821944
836760
971800
178726
363534
770883
611438
803880
471140
284765
376353
240856
650156
831685
493067
203933
998895
796389
74643
671702
437522
537879
21885
453762
496520
548361
209325
384941
527752
282829
144501
182060
349566
499369
30132
740235
857517
524628
908116
378103
534504
563810
251164
765591
590282
971287
36973
277344
595221
631307
365680
775246
862889
938271
341693
176191
545667
658727
489739
530781
301333
47455
53039
200207
743428
822404
145762
526243
572407
494342
478551
912491
645860
372903
235615
652879
348895
922467
494685
788315
934271
446891
779882
741463
541166
351385
803237
580363
132960
424974
889984
16048
258656
282204
608333
103629
320030
481968
974460
327689
589443
811481
677109
265939
747292
565869
512088
291591
866211
744578
439683
23527
485383
954640
43335
139288
912931
132440
378385
134860
634492
71137
386527
179340
621735
757223
429496
209694
930519
855650
360253
959278
86747
357352
444613
692649
824430
49115
107136
149218
500318
983964
61980
189972
492425
744847
399599
718904
523184
915331
367499
199396
211172
384746
350952
852775
84749
400482
666458
895680
831917
180820
571735
287904
568932
124944
976380
595439
662988
223264
202718
898485
421756
312469
732962
277386
127877
38494
14139
191820
262693
891107
618562
310192
231238
103453
454980
824159
999082
305478
34799
228661
900033
210966
53288
636429
203322
3782
959341
222341
418466
359626
789310
918682
275801
778463
464656
867480
429983
878815
906862
680654
379132
943198
16006
297708
395040
739278
116588
31722
596984
15828
143927
396580
371497
510716
339964
519670
432349
178054
331775
145834
974618
765433
794899
664780
60331
21754
999776
424949
213731
238763
873615
578659
13723
51577
956933
985923
166306
757996
595774
714244
26358
535507
926288
965285
307006
341632
262224
5846
522411
466530
929825
309817
389829
168710
476056
497203
417342
355934
956037
344655
833328
486780
54015
913454
989490
19512
362871
718026
599251
445896
223810
116171
280996
630561
47758
790845
58252
479252
267782
416716
246342
861267
448275
400102
605817
692898
279568
793416
63523
24079
330029
172599
915948
499198
24255
296049
551435
127256
502685
469250
678440
913087
136096
924209
644984
373107
90098
365444
999439
277743
409514
119275
991338
244524
939600
593085
612949
500396
750911
25674
491536
323649
936319
526751
483066
357073
135256
592232
864143
2645
642348
435095
450380
575455
164552
964917
28406
897026
796410
20750
712913
74056
510615
430535
66325
102377
477325
520511
568704
944738
114071
212607
311992
335290
453900
577927
787417
619276
357611
673817
672238
413480
840776
235162
788128
375274
359749
552041
261062
182089
69609
463078
756863
711451
498664
639568
561748
50257
368439
186707
260210
517429
867572
577306
922756
986122
420895
84155
995647
416740
969003
712007
529430
144701
2764
609202
909454
433761
390627
930080
313831
708940
494204
967788
959842
612531
203024
472795
455744
364846
214601
373977
468771
955360
535591
285431
669973
29104
616283
798346
271351
927089
134404
540568
659202
679915
650420
403669
14521
218698
777290
155640
859970
461101
860378
922286
203205
602078
615715
126884
571859
723591
798966
937413
969219
227064
624150
242316
136205
739551
200614
787083
815725
779677
821339
330690
759499
954244
790732
684668
69103
643985
812398
596833
408229
401625
369319
760267
446308
742807
208369
399755
700825
76561
693421
970502
778104
74803
551926
262190
96055
775923
82178
446099
882140
947466
153517
940833
54165
543090
93558
670799
835693
238952
663958
580321
344710
965284
83670
51847
467627
254575
915830
271268
993486
119303
818385
626506
977109
587827
700901
739900
720724
144160
534555
144513
201800
744013
767038
196181
332947
237584
495985
640025
157351
680473
25620
564939
929265
643064
504010
32582
128612
65578
831969
508472
96478
257178
690583
356229
302944
967955
338629
152153
834379
296321
698592
731048
254625
101878
979113
488839
948164
469127
536568
662973
601401
692903
171019
453917
379755
663963
314640
335660
726034
179077
813531
820778
40838
135846
873725
921597
343997
516908
141926
269074
549712
813687
635169
939517
97027
138261
891692
796497
811442
575082
808719
694646
52776
22216
281590
419270
46485
916972
676519
381999
184690
46669
872502
165220
313919
720557
189196
306680
553793
628903
683032
638604
532020
869962
952974
517448
807241
640875
842247
493251
165161
692350
143203
371795
970460
212007
854758
926944
524755
14568
950357
829008
412621
624497
445891
417617
888804
606961
18390
895026
637653
625232
467277
808208
358102
677890
463160
137128
539702
789156
648243
999389
159142
771766
943196
793445
900180
660906
70870
556358
199610
631049
442049
721221
986089
510601
916800
219019
416921
777901
1910
587142
849673
152604
257582
560633
117416
125257
157220
718007
575431
672414
137353
721319
163688
937182
393139
193090
455744
265231
945755
563682
303547
154995
461126
772871
232835
104825
496406
521126
154780
748713
955498
499856
719484
984781
685825
542100
595261
14932
286947
503920
184765
536085
463283
625909
816645
303142
735064
249282
120551
478156
640036
306027
616835
441257
207465
274914
179512
515513
140522
310081
883138
623611
640676
123601
7340
822587
548156
484008
897766
94213
2429
910511
362287
576271
988654
182193
886958
505033
368731
589068
695623
245460
293146
615333
543454
270811
231251
561374
87041
85116
74002
205513
905692
126523
95676
597598
276334
71599
206633
26826
292673
72539
746751
262349
364667
926065
304958
69745
796633
923234
332222
182661
249709
586662
14483
917738
622187
24232
380302
445455
442324
2313
556772
6091
110881
10644
310967
7394
158483
505836
3131
554183
868686
681703
348481
518288
66636
911105
798073
910700
879380
249675
458452
553762
757618
377232
364308
433600
930049
852426
19811
539116
951841
190119
497471
414887
488257
188488
165867
915488
509862
207567
285420
973209
53858
330926
996154
724809
321797
348852
797187
233678
999470
597748
73184
879888
26414
254235
224526
745659
209417
106396
189970
690263
679834
489829
551599
116622
209614
629515
459976
732724
469627
708036
558757
624614
987848
180230
289817
530152
824523
227022
713190
986676
723466
714142
352256
799390
139727
702965
62764
581206
115403
955651
842893
534633
742084
678114
343154
976705
48311
628047
854798
774028
64635
229376
224863
443865
539131
515715
907963
564101
473729
549040
580704
744474
639113
945232
95644
316991
125547
599739
390663
320737
261066
344870
829542
875649
791574
599952
282937
832104
656458
504631
738402
823841
674026
727764
728744
316138
850497
339301
878479
399183
5038
343756
29135
821158
652473
586925
805813
149996
923767
630054
868779
309969
265963
293800
456172
946760
580321
276208
99380
93148
27056
916215
574234
702873
570897
23717
78621
807491
544516
699979
924237
998950
11223
8602
416862
241325
231147
590897
156361
761111
148431
349180
651368
220011
832437
848690
192499
672641
478629
50654
481536
149533
59435
420271
557596
482006
864184
776876
244355
323291
209375
286625
171487
141628
581902
266833
999854
135714
775974
252313
649485
334971
301594
174391
597335
383972
900661
244740
637932
449224
158079
653134
264648
579347
867968
959809
581398
357150
393440
870701
893496
785159
696886
943303
785268
367000
261218
232107
285302
410477
269487
348218
560365
199522
483071
791941
652478
721489
315698
931959
330250
569562
306193
341185
881928
844093
197658
930198
835938
257737
764329
939191
992558
286497
313915
260137
399107
951218
133223
873858
702127
997340
343959
974080
31115
772689
168267
793709
229894
328500
608525
458448
565879
965511
339836
663933
523938
302568
578906
490207
714120
801620
24049
268625
852685
649093
680838
825606
906096
575176
602456
43112
476834
174103
235062
896250
732804
513249
673616
759013
288095
872492
390691
865504
513982
834187
775899
819222
845006
691178
907781
378148
451348
89342
143022
212335
101498
323573
566803
884237
799641
567041
273285
190898
885184
97577
956790
622807
244445
200472
599954
732944
823132
441362
443275
892504
525222
274334
306834
752465
545023
238707
630361
659447
304698
32522
283932
532430
635179
244914
761034
823208
786394
303650
971095
65435
535270
653152
773566
286745
114791
403013
297789
621557
956365
752779
828662
590257
377283
148168
480737
171777
288740
222879
852687
930790
889820
125657
779216
77612
908622
595253
743231
305993
903978
575109
173475
589357
744011
511436
902130
245452
148418
342632
734708
607796
934133
702656
967415
40478
511142
160783
816686
16385
696
219427
805345
197579
79300
117308
306222
977544
789758
458160
57749
516718
903472
733354
508131
943266
878219
616071
885914
716219
742160
652580
78148
945971
194970
840438
362451
435062
957427
18270
25472
188495
918713
397824
112546
86213
241987
864050
449181
747525
962423
692566
193163
39041
370606
576848
3808
381844
87175
441160
690100
518669
561233
195288
441565
859614
506313
127227
513277
89430
262159
297946
925324
826325
398867
319140
483755
750646
753974
46601
597083
16665
51533
395527
771526
80638
698833
110226
326894
586773
438328
373380
559361
925469
147673
50100
442198
909242
43925
760649
177132
852134
906787
67943
942068
679055
813056
788794
563179
166131
70351
454439
142008
623306
165118
208651
196298
500024
682007
287122
981409
541203
385092
811389
544032
276124
333625
861493
854806
513689
477636
237472
920723
395556
383992
984176
155178
49855
740464
90819
651861
658777
454500
771354
749030
384581
742001
177968
670837
700928
783801
242438
528347
357912
7878
896953
850616
164191
125311
545134
35851
123715
820434
584459
330319
350133
684010
319951
562122
833767
414961
125836
99577
823096
373654
176183
233845
765544
153967
305902
2061
107930
237218
896185
59499
635456
189025
704563
790453
583379
251942
359775
790426
778566
634210
447880
942585
599046
595987
591461
339498
848063
831775
739770
331616
148095
418558
125292
128474
631189
115977
814325
259352
411475
382376
168538
450136
545021
471479
358402
310942
87090
683354
96018
962576
211846
589309
308399
642710
701698
340388
365462
629784
896084
171462
647880
143901
649736
478509
912521
56810
528312
451375
336450
271635
264351
739078
48254
720246
354246
623591
623574
859700
587542
998307
175799
628197
159396
932147
802839
466933
885817
285657
865344
391391
28462
987516
845266
592527
984419
434455
124489
416246
828111
577169
699904
844266
769495
32425
353934
992756
576432
82138
536644
688440
147083
584886
898529
711052
891876
93366
122727
936686
664922
673948
212202
478528
564516
622909
634869
487000
331501
796946
143830
346351
547299
217027
333617
248436
554892
393367
309224
317895
520391
219059
987276
616928
374315
31567
333311
967955
428497
815099
712961
937359
781150
393199
218727
667828
216543
502618
316896
646438
23453
321513
999889
999760
620775
719846
504208
307462
459680
648705
101070
403396
900097
905499
428625
800643
640052
177452
709769
853690
838495
482694
294109
487253
551676
231627
506578
948918
381626
503598
105182
342325
386835
27358
61550
985681
238414
681282
838917
260458
708268
62126
827606
600305
359001
703745
596464
707537
757514
430337
915399
799618
308340
733895
120155
680278
433615
876394
300422
993405
291813
547953
760071
381094
761243
920268
132360
664059
262163
66279
686040
359702
92329
395233
750752
618566
298355
680725
372187
947339
879368
195639
495696
125617
739101
76236
996401
464777
570220
620235
89701
92842
192993
438389
591590
968190
172869
516149
800854
418122
920169
770025
961681
730981
525117
689781
878537
313100
612653
662154
631707
329686
410442
892991
703949
507936
991580
725158
321337
805380
196506
698754
95436
56788
1076
924116
46253
23084
475734
391956
667395
975338
40516
708083
721971
125795
594498
195164
474316
486288
20699
155409
323268
848314
414179
655980
171572
432294
210262
400018
406804
184791
915773
238559
9814
236505
837728
420625
614946
357875
335445
641058
760453
353603
186966
581962
310568
998417
262734
956433
396970
161560
746204
374878
170994
15604
812929
28113
886049
927160
428943
275215
652688
275627
947959
631979
254419
417051
728695
178185
983665
609844
417655
480249
16040
582424
284094
586450
1044
335696
61112
216933
255836
406742
354206
136116
210800
525153
329768
198197
2698
795520
943708
332258
317684
174249
202255
313699
627555
464063
774060
944942
885705
982327
696616
985795
903400
385667
209035
630258
918116
870442
851114
159014
514281
689480
754767
172104
647452
168073
839974
589654
932446
20155
738874
677070
814024
424519
29724
697644
722466
137519
797153
890249
435090
910229
774627
98108
916784
649525
881757
413854
575874
142541
234819
890561
180684
942498
302927
936073
454530
604762
341297
932820
602670
54101
161034
37820
418231
211870
3618
960698
685909
290484
167083
627927
925012
734697
128239
964185
102094
670118
996195
345176
181885
238226
521022
644985
923488
524447
828914
127154
178191
866727
879500
9673
476037
52665
942740
48832
406750
877555
198174
311760
247514
505477
897749
408702
430618
105344
269631
958508
17781
241557
892767
896194
983106
107614
302526
145623
185970
878850
923650
9409
45388
332775
416580
579825
617701
49317
956971
135998
54904
597754
849216
895133
775378
707440
964367
344546
965588
235684
396530
964590
160036
898043
966805
331032
593533
310078
263372
450118
377866
444233
385825
508332
917
90482
605869
497339
843336
391073
117283
22122
881911
175399
325760
532866
306069
619168
228065
32878
543758
966624
381205
319851
767135
626043
864566
470639
212002
646126
96981
13509
615927
105935
780783
524648
785021
463509
658289
825707
212665
261987
167885
723057
424200
557657
875377
763247
288368
800576
117226
992620
620483
696234
162855
857770
400301
722171
433476
940876
481029
538751
900214
41858
183402
102852
706007
92580
611925
205214
481695
712009
298701
886751
221138
627950
860517
951319
928659
647648
135666
550275
953377
16919
885269
873340
683618
661902
113338
725026
293061
202795
210380
100800
284660
97637
148993
344214
261487
137180
106837
433380
42707
128026
514003
211998
246635
957295
945106
670424
580825
881560
745745
574828
338620
367633
823725
882743
874014
371839
206273
141261
290464
255923
360353
696025
100734
132794
178844
898957
151001
534024
832622
295092
754628
336539
991984
862694
301465
510178
847199
20137
30794
1438
695721
59956
420516
521706
743178
327887
796517
696288
649162
91892
760674
757837
508909
71922
798812
721530
363025
631484
945724
806181
896809
407122
97796
410082
769326
370901
885884
448602
413890
458121
369841
611125
38232
453265
842977
231005
239962
895325
520273
517665
446161
564477
719297
722907
432608
336822
686158
758224
153548
805827
981718
153678
712759
76019
824666
248549
60999
617235
676788
424021
760982
862493
374986
605404
477881
491910
952460
886795
752636
968886
518971
998174
247912
717661
998826
977834
552496
747493
147488
642277
527364
931902
979880
901761
234431
684092
514045
2401
965781
79578
852305
744261
797173
841074
307006
551586
595268
668751
643891
735602
720499
440368
80059
480628
770197
30723
604898
94076
439948
632898
521728
154050
630165
693182
253429
346405
776306
745615
963396
771338
684944
543531
23024
262309
222584
230611
973695
150490
298374
153822
798498
11765
299032
932705
558064
473999
115457
647103
415874
281474
92700
921261
44221
481140
44503
309020
651803
571319
907999
672195
53094
92357
116564
295052
876387
552464
70208
196641
848281
828271
113853
364749
344526
152012
204158
988640
643876
585247
578919
148535
265382
33608
463639
776666
288673
575740
911146
872955
450139
914833
229188
794792
56914
12267
641217
806000
610347
254561
316553
860049
659156
621573
857198
14442
679769
39049
273785
559777
43294
673137
83163
814452
823952
103289
592416
737611
370298
955592
864088
652215
728403
198713
812667
322461
100361
668777
222906
58279
272514
32990
374064
5747
590827
158528
409427
468690
377353
591967
358527
295169
768256
290946
487815
621762
77208
71751
932042
586500
23651
995590
453185
240395
380285
995158
979098
985632
140854
715952
61699
1480
606651
542423
546694
578263
588372
987179
912918
89850
960729
546979
498679
958632
263225
89764
150447
484285
23163
533527
547297
146732
638065
93212
939492
767218
651787
894430
930998
709119
925482
214831
545424
48298
427792
74893
939435
898119
370354
399115
760380
644864
955433
558462
847762
680664
376944
361104
471494
606428
830474
862038
499642
547408
366260
616818
696862
468283
10967
511730
11742
957328
843468
28493
527557
110602
490500
975092
656609
302877
889180
682183
670603
593715
624095
956108
217896
117707
979278
402507
566906
357691
125703
340755
165636
773773
616741
370738
170563
273266
908372
637655
430065
562427
947170
6558
455705
771919
906232
434322
974209
647656
172218
517131
586903
266799
778316
977714
609961
235457
520733
155885
148739
755158
197918
460145
94157
991220
975873
998487
487857
418860
362785
457890
92961
208044
473739
649395
287241
46439
344920
525786
217967
247366
398376
17679
787537
441182
265477
985135
90383
488685
264729
102940
438096
491973
113200
983052
120092
23731
420878
339823
206803
455495
428845
829767
548916
276278
429911
424773
307212
192157
293169
69500
285774
749724
909975
123258
937708
369293
706601
351883
153552
452353
73144
98337
512089
289914
247029
699243
145404
574582
902140
972758
442283
203531
268362
123299
485010
637151
91603
284728
431175
246244
563379
828516
446161
355870
53365
328971
442303
77866
370325
787635
677188
911822
622274
320585
37906
408870
817879
184169
555620
753761
236138
491569
197538
679192
423840
19385
337466
824198
104689
631743
314069
35673
185331
641496
810101
131621
121892
769674
578077
809626
454060
991699
793653
445583
464941
204281
1742
320218
474281
863416
136768
494079
542456
871443
134276
71316
833992
53631
759654
171335
418467
933405
514608
135142
516368
615003
794937
365487
806491
352422
424448
687512
700336
457429
498869
458630
814115
350858
575772
88118
741225
321029
883627
451402
567605
315164
249203
923580
599406
608654
753319
861832
297915
44856
463729
222506
920808
671169
301165
961569
660039
929630
715264
845645
309207
873690
100404
720024
760503
747643
854372
995815
488902
94522
76332
557601
129682
953702
573903
915630
285971
48868
637045
188147
692267
720376
148174
291803
110292
960079
541293
946141
96128
878526
370561
214277
906227
945853
57074
409928
134643
577083
975299
607675
243847
876692
717995
651879
648164
367999
175287
80729
27858
261308
178008
628028
155928
463434
647756
723199
5932
814904
714527
91536
946588
798243
577331
938649
143119
960674
543904
41286
314542
167431
134702
339871
750605
241755
188440
785947
464427
730868
392443
603809
92479
738835
153460
914777
778524
429421
292507
226600
526733
996683
927611
584748
763903
991532
547667
425525
112167
484892
843847
514124
856161
846858
573974
125188
998244
822877
666030
636137
176826
378557
63635
620198
993204
671396
825720
911533
951813
689702
327403
893001
495602
528642
254646
287439
940290
246609
448411
269159
385485
863148
378144
684621
591818
409123
54890
539911
793802
297983
378641
309204
244809
110465
79137
971794
92962
782992
258801
608110
44029
201049
329502
250236
146857
154229
659813
14394
484435
802706
772106
244883
885852
831258
562565
27321
334844
429251
755786
183423
17796
811154
180819
427944
711315
703124
811552
707238
970237
260201
713294
372172
231792
426592
694092
871296
946277
500559
368335
916967
714810
114987
950107
883059
301122
108758
956173
939745
57354
320518
731267
820100
966784
752086
816198
408155
737266
365249
634689
7058
470700
525836
352024
689547
550412
223767
218966
417985
741380
981615
514591
20295
398878
445105
687254
75584
955714
477996
104509
687023
396808
807360
969138
75664
432469
126874
53449
943297
212917
340711
313462
917345
498914
56912
992304
374162
585660
228722
196223
498284
231928
437099
133504
740069
247771
386814
405114
193438
828030
5053
630996
767601
680596
90962
865537
779976
922473
38846
627718
594905
661140
224353
697597
633481
517304
131576
126636
700690
822457
530996
259251
30751
539923
56797
918367
890448
24391
131034
459182
853754
596953
944224
558711
399483
29636
756217
563634
835573
265982
765695
18186
489755
739178
141076
859029
792714
279886
448642
617959
183780
815024
35662
940284
199892
909018
347307
619496
540777
649942
482097
685541
127635
296731
449918
546469
824735
711942
297790
380123
24283
996864
838413
537549
527012
281206
393893
171633
869716
949187
663407
267251
107607
148884
607045
750169
529832
30179
337982
208757
788247
106979
682036
277668
290866
639048
276777
557943
383709
347445
168951
888733
175514
377772
880419
285413
524720
63640
963268
640079
303027
73728
606386
730576
592803
390478
760394
696176
78319
193966
613802
447061
590512
170448
413893
119449
741704
563685
267659
50940
700084
334198
911173
897881
374733
663487
876326
607510
341546
800041
557347
401542
15231
260638
964871
674547
51574
581745
929618
20265
185541
106370
869000
852419
313123
992877
622718
315551
890033
393343
525217
866564
349864
356073
858678
215632
956417
61775
446480
906884
71256
447394
781955
109880
241221
846380
477482
438409
20898
63498
294915
268584
338695
743810
88998
349388
279644
97154
474464
891895
357589
484779
670251
430070
163543
1057
239484
880639
680694
1002
424651
803523
707510
845376
394982
635307
243784
756165
5214
997166
183401
941898
44617
811803
557133
175086
425675
697560
210542
948982
931583
212239
32811
595171
318198
169923
968134
705273
468487
167434
238376
129581
222029
419822
556883
676897
197275
670122
277243
443712
36605
893982
484539
821246
388631
709421
638007
575647
505024
812811
630958
50609
743500
966572
68322
717012
931051
852742
68894
571859
854484
800083
72817
464561
899221
884473
183986
593377
735297
820620
476323
127667
861426
53396
943605
817578
706249
651252
985350
234326
403888
4639
803444
723074
784159
569321
564317
32149
692180
379543
191500
728732
816973
97832
512150
328348
765328
824691
210699
997009
152464
661514
808393
173876
251377
156284
481211
864094
20639
565634
315767
477150
474077
447850
603265
482954
930211
843227
1130
560801
782727
679923
370833
213944
87958
602208
719746
505495
238804
898296
830936
909220
3798
990636
188427
583055
423178
375576
533100
158452
94596
680476
46708
777149
116646
860696
819667
711928
151691
323364
887757
847929
439360
539957
215747
57977
743483
825008
33108
521544
109883
918445
801086
761397
486808
158955
125037
919582
116913
554162
115564
738799
151611
786552
19514
722257
595374
52595
503546
522040
421553
881471
251147
442300
288298
790702
424342
594261
257020
87458
142965
971794
163539
386201
75398
567751
82822
808992
371196
508630
664535
228733
124747
119681
327020
105615
397610
448465
209374
894691
126701
788912
656831
123688
884692
365528
372754
521379
802668
549905
187009
485964
176833
502724
564282
872244
249439
932657
613231
153103
477255
319648
764278
696413
731454
373218
937138
740245
497775
393689
140159
662743
480366
678684
574720
631789
861022
109067
657088
855779
502282
415524
450300
4143
567382
895783
516673
689584
339810
306310
830311
440008
216798
286887
172431
845904
693984
962403
216203
229830
407928
292599
63271
960
899363
609940
13560
397479
689248
198113
700473
191067
868075
766113
78445
639178
324366
53669
328978
737702
324760
828305
14737
618375
716946
35056
149240
89098
408870
699450
555265
678128
546634
81918
175747
59345
13130
346172
525937
444547
930150
760961
143504
360281
644340
826563
165129
789983
440848
353097
703957
368833
598590
381826
649350
495398
596960
353374
281141
73603
195053
552258
83352
593165
700191
317982
436684
613663
149751
816277
295328
796647
977763
360790
31075
354200
128755
209009
137250
952189
45086
426604
201768
71533
150835
305480
625363
922509
470570
28076
106389
524243
557317
605241
143743
629268
190492
659192
421770
772108
761869
980991
510186
650842
441986
692459
44812
797240
635082
352438
597378
309400
882670
800466
2742
52259
693319
426697
172749
361551
794817
184679
928999
112435
534099
306966
756510
482869
719978
114556
858527
555087
11559
196760
120588
2271
27078
420923
160038
408287
672038
137622
404375
683116
628968
377558
591001
817039
267962
759029
751486
433225
110937
77209
972230
553905
842911
116825
795267
397587
833247
618352
315318
593295
294326
743124
439102
544317
606687
554731
562864
460302
815492
569606
281420
81697
276657
852975
99640
63121
982332
158842
188634
410613
433767
495749
365862
744706
633933
574579
507695
962266
804600
493532
344850
959438
18644
334684
747380
445041
81814
15745
968407
643519
151683
691517
293777
958013
535569
313979
762390
819219
168031
291583
167072
906128
611250
385177
677108
476019
790257
78637
61131
940386
168485
160763
967939
42277
620641
675851
211764
432962
214524
198066
936853
321581
672106
942050
658737
622320
527676
32899
724105
142341
608182
486896
838432
165926
496408
103408
633635
307315
563395
136957
294109
770839
402054
137736
883260
446512
402832
898676
204725
301549
948130
176657
826343
401127
785184
714877
601887
28955
644533
96821
632402
861151
106272
4146
431360
744275
89889
104648
158508
67807
374733
642716
871839
566824
549359
778939
999603
927501
326515
641441
199801
889095
530633
179217
268054
503653
111002
494048
152195
902786
315852
704273
736880
737319
435542
919046
492024
533430
232207
819717
614844
747685
96715
962290
716196
925176
605504
804816
608777
260574
272241
625168
774693
516933
892048
257033
79393
285238
850890
915737
238001
326291
994145
310033
51035
536809
136104
218477
450051
165167
311224
483332
585797
827602
698486
398726
284718
567781
552738
918851
852653
707378
796719
603214
536347
604470
291335
950445
345811
744317
315858
546941
88812
434990
993105
421327
381679
530634
236825
618644
462014
448745
179247
509107
314397
265042
892729
677816
249269
483714
386128
485203
795101
135687
380681
950938
879163
897725
657028
734178
876875
46194
123773
209348
456718
499777
66485
837148
662949
220201
424787
199579
981873
103975
278476
911057
627275
17147
486068
732333
885969
473752
115889
536012
592086
191077
492780
36740
342620
317665
748497
828124
16914
331048
484908
909853
912324
860990
355031
980354
373965
770622
229657
915991
361549
279806
159114
82022
663375
174609
171734
317357
407626
694035
570743
334339
729442
449485
160062
646426
102225
264007
636076
819490
41590
103978
283668
780947
834450
82550
765572
838365
28152
8979
951165
601061
472
836891
894650
107511
500778
148179
28572
663038
489351
263383
520819
549211
919837
636720
802295
553510
391472
453678
818957
240519
937418
276629
952892
98238
967417
323227
831830
626551
312426
500980
941860
570404
659365
772351
156133
1512
615571
161962
135840
267116
572156
663009
265346
490456
931265
633872
721255
472973
127212
535913
580017
853721
143200
459388
911813
711101
574857
957536
412432
38167
956117
827006
191327
357584
749856
225100
298460
916847
890398
699917
79905
620907
695782
74240
671485
55334
111595
838981
18173
867194
787716
396500
304759
977447
230672
622339
260673
539505
86945
969869
109122
124262
104925
816189
720364
888318
153636
545818
480430
782914
910424
211082
103330
720685
250861
340991
616709
680652
498870
585437
4432
93432
517618
287567
302853
621947
883759
420853
119349
874190
187533
995894
327088
391437
929547
5342
797417
821876
669969
587922
434284
608002
737958
692639
355732
607164
793310
422704
613230
47398
737355
429348
487707
779236
179245
436777
153709
197845
170290
376571
321430
500395
353104
116618
193392
921462
719449
747246
843601
324101
914629
350871
462573
26877
852454
888766
669688
842671
48426
577073
61950
196655
174203
480794
848530
229537
278277
952475
811418
310911
584731
455447
648065
488219
326600
291132
670433
199636
12404
385394
321911
741513
454601
679229
206396
856069
495331
717460
701914
610307
904674
589204
321670
530816
713008
482232
807722
298774
911918
94241
461781
973238
358243
653436
734408
352565
449891
421935
711166
3745
195186
652405
251070
774867
478431
938144
720585
629518
93970
505034
14477
464267
453116
260787
164037
465866
95816
248236
186357
402026
579116
172426
337189
971680
520148
565929
190491
567679
313741
839376
922923
534375
796852
266309
146968
639326
34278
160195
670359
355282
64129
300030
130357
812564
421594
314003
507437
277788
499658
688475
765869
765427
765389
108317
93898
96602
595349
946947
899835
295621
549968
660796
632562
900436
587712
362539
814493
586016
399533
203627
620658
603681
833574
68846
830324
392492
694347
948192
91729
199817
87825
47084
278914
719043
503172
118869
856712
315494
653279
332763
528115
321537
351658
957624
857784
945773
478271
232309
939313
785902
12551
100871
898076
172047
915664
912787
383602
624059
924456
285490
826411
998086
143865
118621
822295
423052
556149
453715
292257
512340
265507
118083
642087
194978
512751
964669
471113
146359
537732
861897
585820
703771
702580
210691
214753
709926
937937
993600
883374
78544
374878
518001
345541
112029
877015
147708
461608
174157
49661
601750
964336
396326
751098
764668
123370
916595
328472
524699
414672
20127
434435
652153
31075
283614
810590
619243
116013
452043
617071
804669
856579
711577
444417
607645
637398
53616
13920
609560
635269
515079
759342
317626
408859
326227
923112
735873
585146
630244
144073
424393
48781
852596
505279
439817
630353
961179
340881
179639
861490
733675
872864
612673
324136
823297
174292
585903
124993
125791
576949
71851
261604
503315
381832
553396
477182
713947
402917
58167
316317
682880
735932
315113
318361
487540
563670
623073
499279
357790
987868
950673
468113
545364
664735
661645
809239
286352
236591
238215
358281
781795
664568
941820
388496
229885
776122
541791
141962
677549
970593
975202
356300
968453
190525
699775
189860
59043
323558
146167
802600
904708
915562
97283
513486
688873
123768
797315
782110
777453
801810
966823
553602
737554
319808
455241
661883
195302
821313
686022
107835
443934
308748
644085
759274
427050
284114
194907
287508
995267
499724
839370
894680
464981
517095
785731
706183
693857
346884
861868
334168
179324
666355
198478
414153
889788
715147
214299
306111
390449
460800
166896
455205
112271
1192
783978
699058
503380
281720
41747
231677
550056
165244
691966
804515
9099
470315
921698
536399
400539
559785
853061
825906
894339
890399
377972
760088
832071
355091
164305
65377
950161
962321
772530
968066
296791
239993
393139
590303
496547
559186
25377
632821
702947
915483
683954
612288
931617
122313
871055
272468
91425
846739
414371
89543
726802
514840
984071
848417
879509
137198
526598
877376
268817
674724
124307
209040
227591
369764
350101
766820
923613
303829
147712
542853
106042
319325
80491
523558
476473
773024
258038
258616
843348
390114
812683
386066
621627
180026
395536
421363
148671
351382
688174
656462
460672
514998
656811
450949
634050
241586
448970
314879
819204
382667
80869
942705
135500
112417
542605
925554
359960
132627
752798
82293
519463
94559
131593
172284
424409
427042
166034
886958
787213
112178
400747
834949
278188
642400
433084
337947
522373
741383
597244
595389
509197
802751
135173
301127
696322
517937
304973
988995
3486
105214
925922
302658
934199
207733
819853
558591
606829
304574
740713
891942
996640
241370
725101
743918
821681
480053
557486
940557
694905
503479
785551
329185
143788
649446
231026
86792
993436
522528
577852
343850
832734
898522
162105
11809
359540
890446
357379
821225
850308
984821
449694
958664
415270
512274
401135
889903
777841
441095
387125
759754
514591
869906
299197
369984
481995
479816
366121
704019
833051
674322
760331
310511
839897
295451
793300
963396
610789
118281
8221
764639
272761
59954
904977
913219
178006
148755
450124
56238
146998
278045
271247
95059
116823
354657
546639
996678
255243
749906
886032
15708
848320
105472
913152
738230
847379
282156
279769
403126
876397
504813
959786
165401
518035
847245
564721
914272
886650
361444
329270
609136
794147
116386
148150
274365
836817
471341
567911
849764
988729
202422
363397
49582
914159
102675
179498
747724
724292
420848
473978
286461
973133
871916
167076
960051
135838
676448
959611
490089
382571
848375
80672
696585
739365
172908
49989
613522
722061
466247
743070
921112
238780
996965
561495
173805
973104
436554
19439
331628
626019
894241
949455
659902
669863
989412
930849
708672
797977
52770
670449
895591
339481
699843
261088
369028
918961
451843
524018
470958
290213
185026
645290
159940
915269
298467
910747
3676
356311
379360
79796
384443
750357
432466
386714
333652
683129
215391
438802
223750
202335
56234
63346
249705
621440
141935
665134
468059
769604
565007
595305
43968
630694
332444
472102
798591
434159
750344
681118
652527
164763
116724
380433
991026
343593
789142
659523
846023
755188
53778
211845
970267
663279
206243
825997
37812
482023
95321
82848
442880
533084
237129
45136
819618
441562
873375
671004
430396
493470
231168
371754
417053
850402
282864
727516
511032
608733
830696
872545
720985
798027
301812
993233
630871
505947
516397
432494
951151
544268
294039
518218
444900
406814
415445
362254
426025
61100
675832
104677
293751
141978
929544
56209
284719
696915
493520
757572
556103
18608
937679
398712
57882
179106
636939
444255
71563
441309
24869
593621
799963
980402
139725
236001
376580
510442
342187
890449
528673
79997
971821
240090
291825
432554
379641
774816
714189
424521
848444
57230
8296
338166
513518
221196
132646
264716
943668
88062
680145
182496
303578
948907
412430
632279
306799
53543
745569
963139
182373
58875
961003
757027
26130
750754
369333
982191
881332
152232
957113
61335
213346
81023
245666
9888
736024
61600
528410
104850
533335
454422
196869
855096
969783
676541
617568
220428
41186
547233
763634
129826
589245
883685
54377
199732
110026
235185
386430
517989
10975
614262
227722
333737
285560
455058
864966
675154
175150
14411
131139
177678
752574
360951
470526
489673
97619
288465
702592
115106
670731
314606
186975
254053
682166
564242
365070
279288
252763
368852
243277
632245
940464
580375
628219
107626
490279
762585
123263
876994
686954
4219
61485
234326
953896
163532
817743
580604
417047
390718
142644
529775
461675
504674
662661
243293
44725
801648
543245
379966
370183
34734
16361
861371
265332
5831
756246
90156
299003
288727
233861
798426
910458
895481
799769
56493
957744
96240
896675
679346
672696
227626
522026
410389
725752
290007
182084
538731
970832
490831
789823
514824
141954
659039
419122
833331
125508
922353
569568
611882
982172
652520
183303
531356
653726
868738
845779
418062
551671
143309
986375
121156
673172
664289
735579
469491
745102
199894
894553
25018
7845
537626
370349
851148
264674
372587
158260
66911
150558
910596
357960
992825
511595
693992
964874
343590
403994
792513
533665
14315
116228
187087
926600
721381
715128
687610
22135
188624
966077
119795
795499
822998
512606
631380
494030
609873
597693
962317
748717
846266
596876
392382
137608
608049
213362
328625
841931
32434
667147
345877
351305
242661
509241
359263
969677
82907
679842
617281
987930
484593
104481
963778
601539
789275
86381
609200
539777
177911
247350
450051
750
408515
521470
465223
619296
775264
634303
146829
308056
300387
515502
770064
610505
550206
336261
804572
138330
821233
686188
875073
705116
528096
428690
733981
236317
76132
835569
509088
54944
409369
466675
252499
554806
907986
163797
379038
392948
470339
327356
124028
289623
577422
104374
4960
432768
389779
516267
588666
326005
198613
383108
927127
666404
933417
430717
849355
123307
418224
981359
777294
286287
736108
989109
28857
84873
834382
50268
121090
833201
121902
778118
308890
775109
414327
164414
231518
829424
510406
278844
126756
150920
349688
573429
140204
880248
344539
845221
856676
143289
902886
634325
481471
957849
363851
492149
533622
672315
665056
383376
542977
138972
662780
757643
981276
399295
314742
546253
746617
988244
21804
42500
69495
436256
554421
848319
470785
680347
412860
729243
370903
328637
506977
853408
516582
806437
846404
150385
838633
464976
758012
655910
203007
468899
559175
82196
156188
533723
333563
268776
705194
955126
327944
476273
969354
965277
635288
576456
703537
717811
184441
136751
504639
967735
244389
508931
810970
392111
643371
315255
310651
423007
1923
474306
732921
588943
735979
630760
342857
835735
628831
576013
552590
216977
514329
508881
188693
245321
3616
385817
406194
23432
81272
922130
781766
621929
987274
226159
942360
685773
236145
284510
458849
223073
958348
256850
777041
584179
536247
998513
521739
719608
679288
935727
687555
669823
142396
791634
38413
26677
217146
918865
995803
712817
917294
663400
772386
52481
65478
769189
691134
594605
973096
570539
693870
294364
889129
625899
573814
656503
753455
473788
389917
907819
557755
249127
695274
64194
74694
20068
82728
105060
840202
241680
995355
947886
244020
963017
608560
305287
163733
945748
671001
68902
25365
78358
833247
730176
963523
291771
887060
294324
422029
421478
125373
231976
56714
80532
622783
321654
593568
356156
21373
385107
334122
353429
153198
641498
326616
696841
176122
507750
919131
768147
37147
39501
163823
146645
350591
977445
754862
67475
206214
62176
847024
442778
227415
161722
211238
607275
23584
803514
226269
243523
675326
866941
259566
653712
568125
399393
447524
577916
787341
795971
251969
169050
293997
367048
322255
723854
429427
773363
45614
771231
564429
63709
365887
731267
608946
47839
438090
140464
283870
687276
870334
521655
175394
909092
26809
36724
203921
771135
252207
394786
316968
408619
663545
298279
809237
923656
106996
431844
59594
887966
449546
42367
327566
475637
402030
953977
44284
924900
240939
443305
847009
197487
845096
901520
702993
659348
781614
645227
30105
265515
324595
91994
328765
293614
929508
30051
597748
714963
248176
329616
939954
604925
721509
668491
822034
337476
558198
834259
338770
949651
921312
116579
38789
838271
942635
151708
185902
570198
752490
384434
325986
772747
142154
664284
308130
660003
894817
33827
296269
205234
84800
182294
339576
590656
416764
367736
836221
307627
343392
538159
702459
479949
800000
747291
860439
646157
54513
782377
537498
319876
647151
948193
511860
352800
134430
528645
450446
50738
523018
738561
277983
464087
190521
426819
653518
450697
372903
78172
436741
618254
984293
956967
772143
853121
544413
455356
21337
474428
681398
431360
861549
297777
49589
453122
354485
70212
344132
846213
956320
371040
128094
544727
975222
250947
967275
780787
900408
68085
652541
143238
930088
712151
58862
637344
282889
456463
137384
624883
778375
988792
37920
515372
920593
865929
661534
921480
722353
48109
633960
106868
565237
705869
961724
828677
760875
334727
443999
817093
189383
824693
159771
958511
735219
173515
849306
393608
152283
698415
758436
580190
58050
463883
207912
359878
253352
333383
676393
64947
571290
240633
923934
801014
705079
722732
886786
779122
249235
392299
793865
811389
167983
322287
747642
30620
658862
981385
722453
324258
176817
485168
979344
511271
14479
817869
14442
905628
32046
874466
785592
62493
459925
908662
154804
575316
274244
600656
672414
265790
334964
810264
940311
581098
146029
72770
792603
992770
844274
180589
520148
729276
47692
58112
407117
938247
252702
857965
7760
666882
249805
317793
851196
77497
374817
870110
260861
957453
438649
902090
211228
877165
149273
65024
372061
175970
827280
882958
599858
85644
974869
370743
548800
919649
34835
769246
638338
528416
636793
874434
530187
500767
966194
581889
537378
545064
120776
853050
71849
765083
590978
362184
289236
164657
566416
3164
854008
592812
37894
221080
994009
104737
451185
908541
497960
154381
292174
812776
949933
992996
684492
436769
64006
913781
915788
941349
387092
835085
421062
804074
292854
687393
409828
675714
218502
505402
970563
652481
200428
700211
670922
167397
642245
684938
327714
398494
140644
258930
322777
874647
274788
545415
441025
466359
536568
446375
313099
352674
266223
627182
13891
208109
149585
410927
456206
359045
16182
808626
829559
435625
728812
630262
787759
804281
890354
895986
185178
57239
704728
7500
998915
581276
205166
583624
265419
847952
110218
399690
77916
643264
193937
259473
458048
76273
397743
475029
869139
820057
59879
355259
914484
851052
405056
309940
374903
255418
508918
378131
422587
15337
260662
668315
403451
395372
969264
994445
904536
722068
765063
607504
790842
137335
700795
848895
99327
379291
115038
670949
88844
335259
284626
318653
104447
843626
544543
460275
580452
138330
819532
351573
939405
684277
582724
839280
304557
628153
761223
861504
680559
725671
79442
678811
171243
916873
807590
472871
890072
984306
225679
250077
50248
642057
512995
588036
152183
249819
537124
704696
593521
824756
869285
770738
149140
359921
103714
633896
117554
718674
228875
16706
527877
927524
825035
45565
617669
997711
174061
664925
687415
832356
248093
39793
609101
731673
636526
120129
449842
203218
295991
956314
669551
23906
161512
47974
641682
659855
877949
44945
637056
603991
390408
559476
52288
531717
257113
877568
696669
557189
932510
121294
894133
1294
341473
797110
983872
113783
174583
873337
214408
500194
813993
161258
685695
498802
491427
375315
598064
115685
88216
837230
537154
359468
490819
125386
951689
298516
197065
407419
699962
773087
159594
836142
278677
10661
130366
498249
337161
73978
890084
835714
635828
546179
335025
383529
581605
985501
181977
244886
244108
269420
998151
254472
70229
220909
788826
421970
184865
430504
925543
161919
517455
908863
833668
603739
601333
861216
787763
211129
745061
855368
590398
225785
339397
785952
835366
844069
685718
145468
442922
118386
707742
766514
383022
535905
199920
887371
247863
762895
403509
148261
878312
245425
341041
790981
214994
823220
844115
889589
230427
78043
840235
655172
391171
580459
45045
881808
555274
834660
321905
681431
68493
856647
197348
651061
22294
979052
793285
339096
357359
115849
667257
389338
364857
121511
240515
401769
678270
547604
466719
214384
727799
260902
285475
7064
829237
609496
904372
204647
845217
218440
92013
812910
645550
165456
171411
78613
529070
643842
150040
302244
16375
691183
387945
692817
956708
94056
329843
419268
729009
25686
612243
204042
633434
870738
914597
333678
549674
895392
748561
832423
233918
889657
324071
884171
769372
909714
706065
677924
828860
619301
604148
336595
229448
107720
259996
289058
84100
839776
73452
565228
215254
706760
539680
417338
287337
746734
548338
447330
275372
617224
507419
614055
440750
907086
967986
137292
607491
253466
308989
435225
813297
62796
349783
91454
940221
124113
119340
901008
999414
545879
333351
6445
644314
498763
812767
478779
107523
607322
269941