760165
391903
256964
79635
488467
858056
553896
365915
258533
624779
721819
131614
231980
643090
597409
999747
334656
790579
743240
53704
598297
487070
583229
994540
73452
784299
997190
205162
199253
143198
948957
154468
639846
326856
8211
13120
637170
107599
842144
842856
343409
546093
798559
340335
64596
470774
493576
968954
405215
277499
382602
124410
827786
785466
399607
86933
468374
904691
954853
20736
573136
483949
358987
401541
406362
210593
775268
893240
265957
932887
596198
588615
255717
859142
830336
566135
375655
433722
184515
581440
205776
798325
451071
287466
323658
893524
160149
372452
684474
867083
482487
933856
91404
285084
195571
399360
515755
623955
256196
694678
288285
908776
72910
505763
972770
406815
461132
321597
777154
471267
918440
823742
815195
84016
47173
618874
356511
832011
976301
129203
483839
271549
453776
77655
351311
505018
543763
336735
476916
734657
191720
404371
571704
771909
525328
322422
386320
179333
581362
825698
345440
323425
83831
534761
225543
132504
499767
827954
157749
777224
356056
642612
466728
643942
555399
290541
882056
85418
551558
701865
555051
915503
907988
294043
680954
531628
961813
75900
934262
309617
959003
494463
225622
863703
915880
220473
83831
487677
571660
901579
177230
434997
878257
70474
247191
863432
133003
259691
722929
255629
565713
880179
959930
27595
842672
640615
114612
857706
563751
609867
432372
463103
443794
779788
417467
984211
405855
515464
7533
722121
470504
397844
609143
987054
895622
402530
683059
631778
6738
861350
385509
259323
390192
663065
466200
741504
465943
473226
444719
932740
231017
587676
713278
38930
469567
416288
915410
359243
391246
70060
303059
113660
191277
430369
904247
615445
139904
551810
16362
650120
242367
713378
36512
948627
176133
814637
858362
605458
262226
7941
976347
718166
679507
296241
300821
973244
814242
39428
997296
674754
402591
954051
656639
135431
977309
446202
851374
289705
186905
984981
723064
995543
688708
285012
761221
922605
713859
265557
665836
774685
780853
356273
578764
52353
386727
305939
768596
727326
436863
795854
946492
589090
986448
806965
504693
576857
578871
795883
930703
114687
196987
538167
841058
486192
794065
747109
707434
800397
285541
429909
564195
529638
948915
812023
807761
651158
558290
346664
519913
890056
341207
105841
96078
753198
634074
155114
994842
502943
235925
669853
746361
833053
947801
343962
829394
144671
141300
759915
366089
937480
393747
8939
603808
379546
884756
28048
458004
859158
291536
159439
280381
565948
814800
199147
639219
32014
861948
594215
307928
8129
878696
724930
910368
787525
112015
539329
108335
24807
55588
162628
403740
102279
457715
900137
866855
298613
255080
637487
120385
91166
785986
573785
467333
477545
988351
719267
754511
237437
519784
719132
849878
658796
140636
936197
152712
504502
832965
306340
676346
620374
614558
262017
25882
350023
494296
825095
273677
939927
218665
607187
310819
889851
384421
71106
530058
432016
241122
413482
753257
321475
398593
722428
255739
533766
396231
314176
72172
50865
553955
553528
83302
316520
857660
34558
305515
759367
103436
975900
140997
23955
514764
660455
584079
922770
585905
240034
727999
568983
871290
95614
898256
389053
412957
122361
998990
99087
975014
861219
110928
762750
676325
154942
556934
76713
312867
265455
459264
576817
653408
57009
720434
636747
612698
417409
957889
794080
972906
724172
937460
864255
586050
120340
115908
933543
304020
521370
635885
948298
977883
633871
150770
395756
240877
617294
88102
362572
462254
363623
627900
490310
911618
883462
257324
686115
224405
456963
385154
567792
183293
45050
397726
812149
521621
852212
107170
612807
575460
320441
24394
24585
820247
707308
462327
67835
237998
679780
178912
507980
816478
148615
132754
389401
693658
504653
610430
566782
470369
332990
353334
132119
116047
171324
213032
596420
915168
416359
918473
744028
95709
863609
917987
595674
125160
651482
907338
603084
300543
575626
369639
231330
109373
960290
601015
170507
800955
322443
791395
871642
374539
787895
45922
692848
261023
81278
85597
768967
649291
262787
539276
40956
192013
901813
863238
782806
459184
668651
733326
220439
248778
702244
571247
557368
494698
318475
495895
402827
993018
776155
836826
976271
519504
32770
840355
677427
893753
76584
205233
101166
337678
115444
166314
729574
169750
516969
248696
736959
429577
795766
678495
200160
609653
104106
316198
376377
543976
136281
559074
705478
445162
784382
946031
631332
181540
331677
61143
13727
519979
880702
553599
396178
884810
453389
695845
542115
199143
800709
801297
703443
630925
616456
115803
823937
277817
154870
216584
899430
820210
585370
791360
411419
428798
771220
577624
942873
436542
959699
48382
835973
569896
123127
747892
686566
627969
885791
356443
719312
826889
680071
198474
880626
799647
562060
836916
823892
953587
157838
808812
819370
20723
8779
420317
400594
342959
159330
416353
655407
230522
240600
61712
146594
88505
908894
373149
853318
902917
404649
509554
437744
941136
423859
496534
111291
225237
925154
351741
515537
313452
310254
752749
813321
899678
493917
384216
960220
878450
357752
841453
652866
51745
700232
334623
522772
140196
179909
353102
115719
273712
281365
318716
490212
43233
661654
188262
90770
529818
629243
572446
400654
891080
881730
86242
423162
138002
828686
292749
357626
866595
753517
231693
733615
280124
538125
841953
131913
974049
602124
242047
291738
473552
291214
144241
620513
951362
732427
165650
296098
613548
91731
556054
659534
355552
460421
400490
665600
981908
406501
74853
831449
476869
258251
541373
671901
281172
856827
922744
366580
570029
251587
958770
199885
456736
154735
972728
224229
574386
388415
696958
920214
868799
226778
907611
582170
864446
981949
140266
142715
12587
971915
71626
795278
855007
159857
121695
425188
837930
830710
27283
479539
583730
571179
848847
636162
328120
416731
35921
407337
82735
607263
925390
572311
880387
506745
268182
174900
753739
956638
653978
120330
112898
525244
85572
905618
723941
494237
664033
339160
588366
954561
957695
254981
507937
807984
358012
968138
986749
884261
983531
163901
36743
226408
203929
668939
737016
477575
879824
807856
671277
681460
593204
598072
61592
566685
470042
779471
178337
800406
304167
265878
62235
563467
227483
897418
62769
725083
715745
157446
173300
813327
921503
36989
45182
398710
547549
909780
152494
194537
805265
501633
195541
480974
857417
617924
631037
749923
733157
143461
382168
677744
333771
989616
571301
524284
336541
593749
79003
311307
663180
439636
388789
350850
308143
790971
601889
665923
898692
183864
903239
791429
747426
103989
101552
877033
848653
941066
763289
642993
948442
465186
374658
163939
541660
263118
358473
651638
134479
90837
516785
812136
902745
914121
34809
287442
962814
248298
995088
977767
457361
125753
627541
913078
354261
103122
34912
527957
298297
842266
519016
755929
642913
212122
746854
360818
197605
538568
775088
25842
387066
912502
206116
141450
769724
878910
516269
741053
655978
195398
823013
991135
432666
156926
375001
320120
245952
934641
613910
735395
805851
767999
749124
751501
688884
953478
284638
900952
235175
632680
780
539309
671118
980480
580272
124472
680300
256781
532407
430957
595948
214949
641324
411299
331954
567046
408124
947622
114605
30693
946178
988353
60556
545293
530091
31068
730254
458335
50734
758705
450724
259577
658832
378966
256447
216173
379552
13053
563528
562200
151036
153347
529221
236361
273604
607885
284794
299628
891958
945488
896592
463702
483801
451606
813908
522629
255908
284338
877088
764829
779440
16085
730949
129497
545547
822195
17748
13264
653060
468100
314050
306971
630533
253243
240636
917898
726393
483304
631495
426613
366304
519033
695516
340902
198314
165300
464138
365138
736349
476505
963734
569944
33706
908911
722380
368909
274357
315571
250354
595067
40353
590767
465849
456831
110665
944152
815642
858656
18024
144306
695762
343274
440766
477315
695105
30785
769534
208984
341124
796593
986205
484743
951418
916812
965438
691431
981522
225266
598820
699475
917396
142614
217737
355041
883036
654834
455302
640698
96016
115614
432477
423491
535530
742083
974839
709532
290015
739030
149162
323229
860804
304904
221482
35943
731169
799332
863518
155752
108229
342125
492989
478621
229886
967122
279535
186128
402801
504110
664726
537194
967605
239005
606497
571040
621769
36197
84176
408948
503404
912926
833891
151692
33524
128700
92793
836922
912672
729139
723599
558461
650327
445730
555446
550251
723722
584230
261620
146650
864893
454666
295914
469380
953128
272515
113420
628081
786474
756700
424405
36777
476341
583045
586538
199036
460279
381219
76382
416735
283189
357728
441256
165369
584349
115413
277460
167057
953445
69510
315947
726906
972967
78854
213235
789281
294754
550255
987427
797783
834721
317236
505344
251818
955775
828354
954871
137376
611509
440496
549201
466332
128815
204292
122971
838412
233756
743890
588026
717153
69632
139869
720308
417166
269186
686728
537333
256291
281952
144076
31403
176338
807628
577758
87556
663046
149743
720741
361964
974204
678579
376871
297547
535462
954044
746578
467131
747571
752336
854862
444620
559265
543618
569814
417226
623872
85305
394070
219034
999039
218409
425270
650129
383847
148349
41738
768903
322857
817799
351306
367015
50762
174563
948431
586888
901032
291280
417349
67455
255472
393602
4243
459830
792827
331214
542391
11725
912441
211966
443282
808660
537566
541348
229169
265977
978505
795187
172098
780957
323968
426226
595676
140621
799736
218520
346786
785679
948632
396476
628383
53691
422434
482328
192881
626600
733310
754760
481688
713056
206303
980473
300738
47792
231467
824498
613202
343447
784261
324834
903425
877556
180069
936638
80095
171234
274345
961932
981145
970417
950980
125549
287133
150986
559746
219416
914532
354225
80133
190309
470066
311010
734832
407883
100388
761241
481099
670904
873882
415172
635144
307360
174932
810338
297796
709703
130115
946262
76562
132032
517745
149195
50952
339781
889837
359087
293791
87726
692744
37297
525650
770074
791404
458930
374183
416491
834112
353005
482892
290950
229786
751460
48849
813842
878094
378026
854547
271988
246155
247663
185698
527948
326351
101235
304519
833655
461747
937366
553269
414712
194308
207364
270647
91165
287388
15805
334574
859109
546535
212870
595647
553800
230780
843116
675883
415989
885641
43843
717886
559266
186341
88578
527484
271272
443344
774442
338241
291743
780674
870133
790820
167325
759919
44338
896931
451645
888995
180071
876333
221868
801255
989712
104393
930485
920805
649434
470350
89496
246801
498178
467421
896289
93552
77266
442188
417267
366839
326257
800684
852297
96256
270122
848102
34158
908050
718336
273304
830862
146191
631601
884697
533914
576480
324637
599694
561196
595561
512823
663015
385879
459664
74326
498206
867038
34282
887707
392414
56368
608250
158293
846289
117109
4125
971567
771126
264473
379903
500415
759947
94900
392837
222921
33544
306048
464556
599456
470438
913053
35110
466173
279755
720975
559033
556177
847578
196425
982660
652107
586615
933832
674353
790600
258392
49985
951550
727959
794332
434396
907699
925344
84290
563172
122987
107142
17711
640564
663521
212661
37170
216822
451606
781563
918103
247475
143359
957535
536489
207730
232225
723047
393820
132579
888849
417881
764847
188733
766492
44201
230211
391603
497554
415666
836816
49464
187961
387839
413521
72294
931890
939144
960079
954628
277805
373994
294527
712066
267617
639661
139791
810841
518807
498104
210910
445982
778620
516914
993733
736091
274075
700364
633705
501018
866641
647202
251848
391536
67966
305599
344011
429999
327084
750980
791602
232330
910326
310014
306892
990394
226132
34720
868259
573815
860922
848300
519046
249546
827426
253376
526842
717343
153539
337339
387751
853653
915702
252069
886697
776752
736158
144437
152709
227474
147578
585258
139787
614830
188974
401054
745158
746823
543105
851854
967153
756495
576239
910728
117328
280361
209154
422678
224471
603140
381670
728160
470069
50590
681377
618749
662582
776239
658466
206872
10703
572848
287961
481340
965202
532408
838315
664342
109163
209408
689946
537702
508055
285969
217558
257914
900774
531711
939091
581799
894000
296496
395718
862280
658016
80687
413309
434677
311578
715592
57619
748161
187790
766197
956843
126963
270569
405765
904509
20341
817836
800282
93538
495174
82391
335267
621583
976047
535624
328231
799079
774982
473901
201014
611777
460859
754666
664416
393637
804209
819980
527240
845742
477919
941707
719819
98785
503820
864205
982921
608604
389055
518063
75635
817400
177905
11149
336676
552966
955971
165013
71042
912920
180179
930631
536707
634147
191677
83042
614444
148030
969626
89207
800825
965603
772288
787726
313738
967270
943954
288658
53351
724930
361234
876322
641442
572276
838371
985575
37371
983917
483763
335571
948829
525803
848909
413764
240145
53746
808822
712532
710508
739301
141214
769221
952085
744314
998696
680440
879237
785525
813651
918682
545433
275059
254134
738197
247273
368911
279587
167025
257482
232089
674329
3475
973953
301248
72380
720345
925200
799446
624610
861671
820693
861681
160305
755879
266820
992077
787484
199038
781771
513385
633511
390431
107278
717236
375466
437018
987383
169880
135853
536121
12462
77112
850856
149636
454345
708784
963807
286431
352429
606868
683802
83164
252981
822716
748902
171205
726369
164708
587366
97734
103796
525719
567586
974191
98827
598036
496480
133478
31287
558975
380483
297848
393350
786973
323710
794772
938297
862693
469009
673926
308531
242137
738384
846268
21245
204378
813186
61769
617437
936321
69869
363079
365910
132751
603721
879303
853941
470250
502513
389717
39946
698794
98057
841338
297582
617675
374902
426709
924980
39757
806675
744978
708855
256854
918669
950774
587678
619491
893968
712743
158178
478354
851535
292020
797654
491213
277154
56057
138164
102982
13692
764156
288991
729102
493870
318396
297244
35660
882908
64931
137974
30370
156447
928149
203353
793870
409272
572823
462581
818550
272077
17246
326056
896021
981150
325509
117329
385812
180599
32347
288625
831906
86643
32235
40422
922395
579142
785362
713293
597861
593998
375557
548315
16701
464859
320470
866493
714180
63830
970173
235608
665451
45204
440241
453568
246643
224032
781787
891701
719826
237549
695782
669624
664940
828009
767760
585454
121548
198509
105903
678812
821531
828765
81003
245888
828464
319805
174583
525001
66345
885611
51319
198770
157647
548585
612836
764318
694574
344414
549990
803598
635773
893396
563127
635082
733447
227254
397174
458592
317703
979246
497038
732331
983387
224858
627379
457964
703817
341828
472934
788979
123846
470190
456770
228039
438130
106648
602932
418119
90328
295007
990932
282070
485371
621080
946125
415530
197863
907674
249211
870368
698666
629310
789565
348495
628925
34827
813520
478202
985657
270249
9288
70754
9173
870507
493205
77469
936053
608118
330865
948870
884188
72914
904425
207408
342959
546430
697421
802166
102083
424186
381119
829820
458127
724341
569745
545923
920322
627466
648641
384745
700554
44775
541878
466090
205398
919411
378332
933251
179892
273509
66570
782401
936002
146045
571034
17326
82941
231670
617040
251897
196704
820308
700083
429309
769285
441413
364938
410001
463834
78767
887137
101931
510956
916298
282613
104522
434264
506936
831951
445896
649336
511099
318383
969375
329229
536479
732366
929647
430697
836051
298082
842580
99042
260565
348085
611625
611924
150095
427760
555365
107112
849785
528089
520014
635127
592366
501214
875828
115233
178564
914242
575642
216732
65407
510606
186666
806627
408488
354076
361782
449535
657472
216890
562090
678881
934573
44702
745139
113043
580335
446295
505792
701198
478368
735909
949059
406007
108299
923223
892005
845180
674867
746122
771240
330585
819425
579241
826015
919775
263987
334292
920047
855557
78423
911582
789980
540614
317940
919375
310801
208249
736147
414836
793227
143667
47310
263001
513860
838954
23103
756134
556331
448239
784232
321725
837911
946892
166370
453548
617544
566967
439355
56323
113240
178031
71879
29593
353248
371675
203612
954648
512670
852396
24651
898615
727011
94352
758584
728654
290499
847409
583216
891915
530661
460931
107931
920494
206463
519193
418450
936857
492617
666151
597977
398358
55759
431761
367214
854003
140137
194228
381995
525377
562617
858017
405990
898323
926735
199277
410999
238025
147140
228047
713023
407581
968637
758806
607876
599961
963244
433827
918355
820848
137296
784969
781921
403486
120505
600494
149193
246463
597791
846776
776915
33406
291802
873489
591748
914514
697718
467499
980353
801003
24026
36750
260683
406889
523323
687640
559262
96541
685719
802206
920170
728384
216468
648612
220034
275282
65193
623545
842785
409251
840162
960631
718756
161174
729500
894056
610269
817485
187924
522057
506442
880013
519944
261823
998161
601054
28121
706556
72529
641398
994051
646671
875732
806740
742524
904864
741476
87116
529987
235630
242702
55975
381940
170592
598620
932460
73336
892715
880262
139328
607490
928734
585034
647072
486250
914047
674046
369430
974319
302545
322771
416639
347274
271392
671526
292192
531933
871785
860416
457782
337457
736110
801309
867399
549221
71832
937556
100406
491899
529333
467482
128550
193488
254994
541249
148489
122103
623097
717971
617317
61247
643208
850443
678676
68368
96663
794486
286352
279714
432044
958032
350819
236435
343525
698648
365144
808240
620336
354918
645948
359747
806080
624184
34296
157026
796553
976381
317364
895416
30053
518388
88093
200622
947452
231944
577827
446223
602895
598654
141263
650288
986026
477633
750538
775296
61570
864744
82655
618314
341011
488419
39191
88968
474142
755744
434670
959678
242961
783147
834997
869187
850440
304483
501532
657553
246201
749682
387470
616111
351161
795330
627343
404332
938793
561440
829129
742587
412778
860039
287260
475729
947498
77703
328577
702583
578347
735480
554207
391946
79833
564362
383800
160646
722648
174947
811297
400720
984543
405768
531240
120654
538825
629796
146753
586534
155001
256522
455253
432632
694506
585083
331119
784731
187976
609316
971448
90354
235379
789500
642280
990463
174414
488686
774599
296764
287380
110598
76472
753837
991672
86296
179442
534802
900158
952428
8389
143940
692071
312850
647447
804752
423678
56753
497126
492557
377520
181737
390677
430250
858940
995443
698246
328938
730760
58912
51671
366722
490068
498704
711100
272182
516571
597674
984942
331576
899007
496849
869047
89455
884833
729399
29740
504241
126526
87655
809502
900649
77227
173936
658317
508573
365144
849565
297639
63408
736934
454353
335693
719295
757473
549425
906867
604273
854652
221785
28644
508820
664633
640632
159835
910472
409022
623437
230241
261842
978492
410647
806391
599602
829733
800758
980063
499204
160320
911907
522817
555019
398351
982602
603808
117071
818193
247609
508755
881172
174183
7405
509046
213353
283199
356729
487316
284615
552421
580039
102199
757249
303656
350136
560738
582625
739418
159128
871347
358572
636019
14035
215077
287436
976653
970360
966934
988964
784764
335661
947174
278140
798164
88922
716695
340309
757461
810260
311483
877107
308115
894806
949792
255151
704820
661378
483841
693345
867477
474385
661407
223864
357519
689625
638869
94873
954362
147806
2766
499484
458573
380245
799450
155674
601677
529296
434912
507379
371970
205856
804823
903001
785105
265558
996810
396620
663531
72155
504101
741753
362957
86649
117069
175316
755514
657224
149558
451519
142712
806957
155937
794199
863745
618885
582064
987860
678456
527885
203361
841465
951125
297554
926486
311100
338574
679181
957243
288546
823042
734824
11719
673744
259247
786299
153244
196080
109017
451960
517892
247815
763846
205341
548922
897579
174014
928617
123950
821075
384139
701613
900637
21685
127277
105753
516456
919256
202292
298819
328823
309093
950363
689510
122208
899097
719339
679254
748115
37547
358511
92142
345659
598222
579520
3730
932390
554267
46481
876672
735089
89154
107694
570880
234241
165423
901515
375038
123395
954327
360236
179662
465403
748638
360683
844155
186150
217066
915819
772413
405338
367223
398630
178438
630237
359767
479962
176462
236814
466928
47489
722666
397343
165616
485353
655951
998382
365893
558000
9805
806229
263606
205142
956281
627880
428773
591640
218396
793312
120200
772619
858962
276795
87150
529924
184428
276469
354740
484756
141939
267443
537345
879696
661372
475859
395128
270946
909750
860889
648618
281748
228839
965598
124035
49707
159967
218010
45088
308948
114074
357211
773589
9540
331357
62050
738660
723745
513682
142364
170159
178692
381633
560360
108224
274917
959692
562328
798059
493188
929815
132034
640661
448016
328080
704522
850163
932072
30422
479540
262104
445831
116221
699039
44353
446096
15072
982374
703689
89388
990494
812833
838851
705842
864752
331396
322251
52814
993857
200719
876390
792378
684904
58928
142396
642916
511812
446589
524049
408574
321096
409239
548166
821855
825364
470678
150627
305912
125399
792514
184235
776924
708558
82233
798387
409628
379580
683384
884748
663389
228343
533906
574839
255693
44187
426769
493879
63442
101041
432815
872321
274314
727195
642249
109708
784248
58642
155334
850164
754925
511716
598929
229460
989101
46334
250192
730417
698233
129077
870774
815119
425511
549777
148371
585340
314472
42441
244392
910377
814208
394872
156108
439739
761253
641857
293870
890850
738450
465410
739365
704299
876868
934285
448582
735315
938142
64009
788861
748514
171570
861399
430886
524212
232915
639876
955040
453240
584247
122877
561133
729950
780764
630446
337473
4684
562120
743362
451622
63162
896305
995918
786917
744759
347270
289206
194361
781945
825104
318173
160953
165842
838950
991907
132578
175087
682841
124717
655651
757321
580558
877283
396511
175484
859090
558884
448608
20228
442365
267693
982220
22295
416365
575167
684121
792777
666182
18934
240281
94881
652965
345780
419753
36483
209708
51212
841639
359435
818303
908690
833752
347107
781972
393718
571792
922766
669915
692005
419724
799220
400729
54921
905739
628037
290030
598631
360129
963631
274829
454890
232425
438619
888450
738352
384179
108347
347484
858736
668539
928826
520532
4843
141821
168922
664659
769834
595462
155593
650393
315009
774136
138563
773740
897213
50323
728794
219179
231699
815718
839592
40217
975614
858797
225979
122557
967836
995424
571512
417566
934312
642626
501510
743800
697394
928452
963760
923270
289795
471540
149007
469328
816047
206450
530928
267039
461796
996180
792063
76804
240035
739205
372950
913044
741738
758775
802504
709664
571391
870435
335699
466784
924539
348101
72398
27920
666099
224988
773683
788728
502775
873762
360776
911228
881099
335451
462954
372627
202688
476265
918926
789438
109647
433472
588494
912096
823096
594168
245152
13837
842022
480741
218011
572961
971939
57564
561399
989604
744998
766700
593132
776280
567434
609007
612118
117955
721892
760234
481306
647874
992086
677974
447201
25321
933140
777334
753579
51753
839864
587361
466420
12380
644340
893939
730045
147872
4411
245314
590689
188144
987134
882532
879127
75192
222688
184981
456147
945630
926799
211368
794118
958753
406195
421711
770087
853720
142102
909882
796654
908394
242203
123261
181653
951538
929583
17365
879863
673250
155038
212344
537631
192607
663710
281466
360785
138139
159679
161836
970148
522341
654845
860430
306667
930756
487885
303299
247484
378624
786811
976417
222042
807613
160096
455106
600213
474050
591234
65759
8184
348345
483128
751648
249871
276286
563963
437757
547135
842416
849526
641978
626648
655828
902801
882817
722655
571633
82590
546606
757014
644621
331482
556732
128221
254865
696316
460431
212345
432372
473827
85030
930402
214509
815869
52082
445489
961604
417468
71741
981381
562270
465287
258019
689724
824904
818048
565812
569250
838961
225274
182752
48269
980197
130350
697614
759955
650908
525851
426940
402946
909470
81049
108654
522447
213114
207119
697768
280246
763162
197201
587312
813246
833591
917920
143898
619358
608330
530580
165501
450049
749991
693621
512485
812135
830588
544790
596349
824951
57866
848769
62850
503198
145386
211818
571011
68751
675053
503554
137520
798134
457987
59497
873149
474654
50191
534752
815388
731474
788497
665653
348443
714342
890249
93483
383461
417684
257834
98380
368202
706896
895974
727429
230780
721133
573345
194072
748750
749987
945507
274073
299246
359163
202961
841144
678863
867621
693738
955830
872105
464366
96444
104048
129036
218660
466294
268736
220934
319655
731506
293013
80425
228715
999754
299150
475626
855453
577096
641451
361999
457982
889833
162260
232608
972304
325838
605402
84059
981096
497976
742243
90877
796090
376380
227874
105966
46702
26383
181811
597790
730848
955257
575409
270353
658689
932420
154217
711201
308733
81923
266079
705597
622444
28110
812019
926753
407863
633678
67806
984446
920160
664528
186772
84903
473546
217949
250792
911941
226179
609568
675687
719702
78273
872300
884498
873395
411422
903393
894077
89589
485684
804225
726585
305260
462646
657681
764305
280898
51360
832339
530027
515681
379507
670745
901063
998279
723875
34407
678814
571057
531943
522702
878851
881411
973339
616429
139068
440540
489015
327571
332620
982486
768215
529284
740414
286982
563485
757004
663304
467827
528098
270403
946789
417228
905087
134818
833344
692621
214078
188489
654261
817368
841252
454870
102732
672737
440584
214227
366488
516554
318723
829143
802510
304909
475577
170617
236513
738173
777156
297257
584394
358688
512530
225558
606895
400766
268750
653423
625008
136673
876705
388595
391554
865595
717470
228757
580093
765288
221272
478861
349794
623294
127026
142504
990212
234065
794690
787172
640320
604327
288587
714537
117261
31441
181536
66320
124472
601055
572057
400686
732282
687625
519864
27899
998905
811520
456785
276140
320139
974240
10161
508830
565434
674881
725805
922189
51537
795505
463204
390783
569953
110944
901345
696101
93363
448645
860030
848022
827917
781284
939470
549031
100009
214988
185534
898591
8058
874755
640489
861393
960829
439119
342159
827403
221724
665485
752858
437748
269406
673141
522476
102895
261072
983810
790477
639549
396223
920605
27567
977962
147301
684642
25722
346535
41490
286500
330595
903642
159462
608298
877646
63416
274989
995543
761149
540560
966575
510605
128584
544131
503833
194189
503618
661312
904814
320973
589109
539536
311686
248191
84756
477294
837395
783587
597646
965201
398726
138608
421910
151107
847193
326475
255791
776902
715238
622387
687182
442041
264028
26588
243354
739470
681549
838684
513201
366722
135200
347331
802039
481902
820073
371380
8189
93183
130156
802711
801404
502732
234617
956217
905420
841840
800368
963837
931720
289584
180215
599036
220043
182745
118445
514061
455491
563018
981733
84633
878677
295890
654979
488242
385547
959022
647626
718886
420561
41374
397804
5298
180597
502858
807289
119760
100204
759470
837625
387099
628866
309837
23633
510377
739733
432296
201416
801500
690259
189727
883774
628944
397565
577619
878344
397836
631890
799679
886141
235244
98270
418810
736873
760444
66870
262521
725150
122078
818862
346383
611191
221819
926280
429118
247035
621866
743300
668904
71906
937971
3317
656088
966690
541842
106738
133657
802874
865311
877672
239891
503703
986376
361485
391213
611014
346794
954909
883474
818606
24075
596771
167110
404001
393377
544969
25949
261627
328062
99428
67955
310095
29129
607014
5152
687184
723818
56166
494056
725374
264172
868555
491986
384839
930983
573348
96074
489440
426276
32624
309536
379790
161975
343721
347965
145324
862777
15033
495779
960666
155656
148578
759106
383111
676120
348169
444804
958002
723327
466466
618259
177464
669777
201955
457771
42766
83336
965599
168873
680927
71469
622347
779428
765469
184119
71101
548738
892848
700122
670153
833475
658810
529699
945089
573210
560132
575331
942112
824352
478695
79371
814104
946688
491557
409783
921801
908534
94993
708020
157990
96038
22621
575721
845262
362836
484107
528345
904874
275700
120942
176306
216820
746245
931370
237118
493516
741646
607645
325160
651381
878131
766190
902295
879671
701599
712371
847474
112826
54631
210743
478561
180514
84404
976128
845401
827063
333713
317536
556482
969526
321076
393898
941404
557090
113564
62287
347114
965961
329691
708333
648134
535752
277743
52416
733873
414968
663787
117451
683824
568493
422169
645839
445005
597559
166223
957014
711398
296513
872063
370021
731010
693377
753628
212337
685456
21771
81197
464755
920677
495414
836913
481839
303130
349152
169033
903719
995698
882557
494657
978508
944667
803821
12564
664831
863012
866916
952582
596491
635023
307411
117939
61668
530723
81645
300895
152549
712481
508316
409676
236404
299825
179095
990767
179275
718869
188484
659131
249890
209967
717177
948305
279000
559349
777606
954564
999387
689872
323091
452224
229369
51407
852944
904699
1148
117227
923689
361744
981318
874473
31315
676511
131687
631313
342045
720944
714914
674619
203092
105701
275386
246119
299466
940592
138364
256369
73415
886966
387047
442661
115835
740718
193525
249102
63053
463543
369765
259248
274351
263441
790813
877017
723864
626163
81841
84062
63231
44333
183536
22841
752283
61467
154116
791402
966584
705338
313878
6981
690239
347404
303513
526521
61868
495421
603908
306435
251252
79818
895609
858990
949172
364969
39660
140838
354883
259287
837956
464532
800654
130340
455800
413740
128683
471012
976754
306243
762665
136084
132590
387778
281855
660321
248866
103155
330117
337066
772978
118851
506538
262967
290299
484815
219412
795953
843902
81824
513291
604301
618655
763748
998418
878104
27825
888596
546343
304758
37656
399683
822980
362282
35119
644723
18707
119539
466764
288838
473154
202975
688543
57305
964830
682537
386265
367111
814843
339245
811784
241519
770188
179728
94561
498333
356022
904520
698991
915115
715759
427549
595578
162977
841960
208020
872144
157618
409477
448647
975075
585359
332655
425988
590326
807723
725960
398699
13231
866313
755514
951230
865496
551188
598787
961172
396871
194738
659827
13227
677793
431633
387215
482663
993732
287032
346569
431937
161633
154524
324274
444651
91442
99343
96723
417128
36493
467047
921918
222832
157244
393551
791176
140332
441576
459390
446377
106205
465216
107168
361631
980479
497965
696081
28798
577268
471332
851945
313772
438751
93268
295633
309313
388892
388903
854154
511959
256946
913922
832599
316907
903378
398970
839238
103212
145177
244354
85888
468734
49056
242533
448191
826923
968167
736175
508287
451526
153305
734211
729900
344105
656286
699939
793422
740182
117671
217135
931003
908770
161028
184826
889667
876247
729143
766314
630808
130117
935764
93257
134094
245834
211089
131312
951786
878224
92721
894596
853181
78333
79583
714391
122660
396268
361323
314486
626052
281856
245536
463561
416161
502841
892450
343803
834051
318468
578559
53028
388329
858046
49930
559801
903940
111173
444268
444281
80833
984591
160273
799741
132908
563144
120783
857703
292875
178520
38029
82688
830142
813683
480883
148873
76465
381258
410144
237991
720105
367774
483193
129903
44654
175566
809763
335448
360044
330678
400970
228848
887201
808877
789428
939038
904315
349626
576730
963315
847003
604772
247201
718753
514468
730724
604269
854729
357889
41866
370889
761053
29419
124383
852244
641214
644739
525955
433872
540531
253620
594628
835429
950974
605683
199522
817248
290602
867218
344866
268572
722914
405937
642089
279807
530818
348588
762226
626716
620813
727202
705421
719774
371417
201037
467275
994177
241495
995444
765101
909565
510372
747652
542680
677102
159440
432421
906086
484514
574744
264198
484630
648063
994231
659283
210364
63519
247103
25877
75633
213830
837410
955397
582501
106797
58708
765343
921340
727252
674724
344453
450734
870153
96320
446916
423371
676776
872834
990328
532443
856618
279577
438537
434986
462972
499118
988133
738631
186003
797358
278714
35525
797150
479244
499993
29160
647456
296964
549815
202103
819739
912623
609142
829114
960935
801101
505261
809796
37759
946024
902737
450147
504220
725872
645921
154478
16099
456996
506183
827946
196478
146678
234583
127970
4686
287019
644135
251777
311192
868717
357384
119761
455002
234424
231064
411171
665599
369132
441696
482749
682874
924628
336161
912826
205088
932749
724344
442994
988827
983880
180058
196726
504349
803056
517910
840148
297847
951698
636269
52268
22846
22697
202230
469525
701760
5224
369193
549291
495303
757127
954852
602543
891017
857201
476992
520367
653373
584453
636192
789545
111037
603360
639868
928242
478484
898216
329298
14678
607485
33634
315093
654590
799454
279950
849367
35398
170975
688524
593972
539134
740360
417174
194606
324886
421057
427654
322350
901895
617009
694618
726826
758131
851764
433027
173713
759920
550052
538991
314049
322916
980806
980641
297770
602045
287865
875095
564526
999649
897532
713123
157295
904180
553023
22114
235763
350708
350325
109044
888190
111724
338919
745107
910290
692886
290880
413053
740765
585858
681983
826637
913884
153263
766260
541794
163884
655586
555551
529617
575920
9193
697783
478853
268849
964303
378852
967543
526910
278133
354774
475605
451327
374862
876622
806803
250607
553935
559809
133989
991552
257523
628589
478038
523481
769730
76822
559224
515417
921418
720702
597247
113676
108269
556424
582317
70335
444406
504657
762006
478885
451697
557481
191290
749044
391420
113289
887108
772606
731299
879686
437648
635070
222688
624924
253031
35929
877905
612244
268859
8943
183392
630752
393564
778794
832803
852115
200313
772546
434163
101000
650803
396008
283549
63260
999534
11774
881311
197358
511631
107888
646896
829806
530767
445221
573236
47806
458394
348493
999999
897842
268717
694529
725992
507674
774766
540692
535416
225437
392559
920941
220119
995254
568765
819199
782367
480611
188064
272963
473304
188802
194645
325651
282331
922386
421874
121114
248670
921247
603406
124920
822919
654999
774581
573386
131873
125038
984553
835219
428214
678895
59083
101083
7236
86180
725267
177771
81887
931284
631288
65888
960530
54733
972357
429261
720864
756340
627590
686097
22576
569192
718895
920536
961813
718307
258183
716690
917734
221495
41604
627099
668724
642328
581754
233829
178819
314750
899341
226084
205242
194632
967337
797939
389630
414766
191937
459483
994257
16705
870053
387780
119752
948223
243706
314199
620193
412748
482825
421523
39950
618429
638093
793960
29462
18957
61685
383072
608837
38334
85338
590829
53376
663931
191179
763384
154007
705466
583940
86329
344231
246699
848298
632011
905677
197112
807135
341584
235288
669333
719638
248128
374999
495752
916268
228957
957383
186853
478537
985613
754731
961547
406394
254585
772289
378725
285904
594142
76875
403791
347466
434723
891655
952410
984672
132774
334747
531789
743637
846819
142625
900914
997597
825546
167919
505180
645278
148330
909929
578360
502777
552782
132350
474662
473839
651402
509757
799828
373284
30760
827213
108815
156366
691187
402181
956664
341330
371724
786544
794488
941254
347288
764572
17109
438519
652151
353163
569623
650136
516476
273117
513341
360
191617
953773
228864
908239
230850
753467
997775
430787
594548
546539
928354
234477
534558
60450
242766
972750
160166
383479
936828
552988
191266
466903
658785
206219
869069
716149
209248
926682
578821
533089
548306
41485
659360
394058
540461
451472
255884
958846
130317
303644
983827
282140
65834
815239
819668
335816
992723
674069
432149
483775
109667
468742
882663
597241
287051
573354
893054
773340
935333
413276
59039
534314
74151
970227
176406
119101
166197
432434
193010
109352
85245
712042
741895
233173
14361
853141
625228
764074
255372
334185
922096
968286
954878
713303
47535
778369
159882
764621
300641
553295
843766
960694
261520
316445
772325
964149
118825
535760
743676
895786
271749
323866
186115
38528
861208
95979
162103
463678
900629
89623
335756
702395
425805
135387
784571
208592
356202
894746
380142
470301
819031
689877
91996
618387
258659
117754
840442
821763
45743
520914
898722
239270
552669
984768
425990
286966
953269
452061
629619
430499
223890
694467
518327
223736
470807
821559
281369
612075
80627
868199
896567
691990
680934
432613
937969
675840
653693
714676
34145
621084
380320
83661
14565
407911
725031
854684
114884
556515
140381
500633
573077
406063
464867
85200
650222
860518
955503
307073
71024
872258
440263
946197
757218
618667
501200
370120
518452
175289
726816
530779
697832
662423
897885
65965
891520
874100
544179
577788
72489
661386
876486
970239
511324
100035
947698
410370
319078
459258
984688
53630
945663
254152
974657
714913
608920
974046
225700
436810
906633
179277
818387
887384
873983
946735
98550
234385
699220
712484
765755
722557
133186
613410
576655
799416
428019
723447
878333
997079
942877
700199
884110
406021
574036
915646
393207
662316
573792
169899
612642
118396
865616
207100
415143
734281
596052
752478
735766
361788
816803
736535
39259
787794
377738
97981
407521
366315
945069
723993
808558
485296
754417
920962
193647
470102
770114
771876
718766
804868
122632
912906
692557
327100
428519
383265
910529
538348
680488
970878
889531
995225
961989
122559
464831
855090
189115
561116
229086
951104
875847
740441
210334
865576
568787
541245
335911
55965
350421
543879
514577
459651
700076
387934
939119
118454
803425
853437
53705
442376
576639
453543
668054
942701
608183
79800
965325
725363
150426
369701
159378
734053
564969
631367
544249
210429
743218
317325
483381
253973
603190
25241
192889
56397
344214
344402
984293
8157
613709
78220
993740
954543
342735
664838
302062
584276
540234
469770
801680
960875
422108
595329
482047
628688
938944
582565
168794
720890
628020
809315
289969
694643
236542
713047
464430
666458
684999
481333
771160
960472
760906
84415
126202
332336
161514
466290
425613
702104
2154
413774
593531
590711
703199
863259
571561
961459
720560
542579
546969
613841
778328
242441
525632
540060
263277
206551
307964
377768
676040
673177
340445
145022
128832
126817
93284
945086
206070
459219
883268
312147
766205
703653
280388
617941
122833
622116
926472
877109
218116
469511
401786
167494
51609
781442
82359
418299
346173
401476
479463
566293
761162
58412
579537
901699
288966
66825
698428
152814
944938
774988
800632
119885
41357
884609
906176
958626
936322
62574
796962
953383
844896
908883
197427
65750
703301
675123
395778
289153
946415
861044
325641
537132
224306
955258
649482
828727
397745
899347
692993
244925
432710
38329
664030
652351
825370
80558
49123
772394
468741
750309
980363
897637
961723
540300
490297
547909
462964
443954
52774
441420
592397
309133
628210
242551
157401
649106
156668
556263
402729
733566
243501
852590
126159
664365
74894
740833
159735
181674
358393
755425
813119
799436
527620
423720
532154
862515
778131
546035
458404
45127
493239
992703
548613
898988
992311
69647
794026
697537
447630
913234
283733
121088
524307
538866
522572
326655
824620
959206
527769
228084
920677
411437
157815
307512
133554
180584
666303
470124
140402
86225
886581
515394
44750
190380
370562
344473
956856
926026
238315
413534
985510
181938
810419
916364
452256
375016
590647
321067
997035
598983
416463
122587
323656
353296
663727
658439
995335
570705
989657
207742
999034
703298
704575
125809
16623
894736
909097
708417
568989
181128
701734
864804
552527
332226
940371
140633
260559
283484
711135
355234
273263
367555
24422
15446
742664
8769
138512
799207
614193
845294
709723
438592
849069
490309
674586
27036
615640
283586
738925
203875
4830
740252
819773
890148
309563
686401
607529
959117
17395
985323
475668
54756
266276
392711
887367
737284
386841
207046
574638
50728
861137
579430
582867
877217
693962
652212
624007
798399
656207
97705
301336
539882
789857
938532
198362
151891
321495
685694
508398
161057
710567
818062
70877
374760
959050
763817
613494
944141
439008
7817
77158
294417
292418
386619
515272
566087
354858
492868
199860
716302
301573
652687
340291
576408
439563
351705
849427
902765
232368
532875
377930
159710
816962
80135
676367
513996
68276
194443
162640
579182
342793
857316
823980
224161
887700
687449
581412
465638
906263
917618
713519
36937
721847
440575
383857
314500
806485
730429
992697
317344
274081
404761
518287
969988
142737
688142
611680
592367
175028
105000
86826
126350
765839
713511
773603
732155
223123
565290
708608
830638
468270
519169
145820
809728
548360
693038
218422
416354
880464
737294
394143
888015
532841
66627
75453
436839
782445
139263
144532
604937
353406
553076
108708
416556
681439
640291
718975
984661
938294
953854
901621
564771
458080
928784
54308
234225
889683
160397
321557
35503
650174
898771
864516
100785
933081
673637
87736
959949
416324
838504
428003
667687
657476
210707
665159
968139
48955
51852
468085
511952
969485
214218
715580
837094
941549
668166
189514
387252
346870
415833
34676
791409
748212
543183
963600
709835
713028
279427
692971
369649
114366
930229
646413
339809
122040
248733
994380
227446
588468
65603
562827
179618
283955
874912
178468
692771
824186
343765
261863
994316
578106
200596
159486
599948
332001
916853
931303
455846
454762
780771
48766
96442
392950
842513
614903
142707
436468
673083
520616
316953
529990
987380
494916
948026
275856
895242
221445
473327
590373
626858
249778
763630
768524
952115
443735
324318
404463
897710
463059
552136
62118
447397
242903
701568
239052
139833
828548
228632
738767
771426
235671
266927
459544
569605
114046
369625
810986
34688
275221
403503
159781
309460
409921
606559
817636
998727
458124
910672
56377
317598
354190
823467
294709
729126
914638
876006
617344
186684
374660
604208
713959
431811
496176
32696
689708
483380
932361
300874
849592
333725
553959
876703
658190
140719
632180
97085
157799
341405
598808
464881
891885
983312
491755
999509
881192
750992
911047
471500
991011
404054
573800
535020
205196
329662
535808
57520
512224
829698
903137
37153
438937
223391
753473
807213
976561
973342
585142
874748
86071
898605
267150
461509
208044
931008
106249
813977
180352
937355
737177
159288
861297
410782
602361
244710
896588
24979
868824
111582
877185
626934
526994
55293
369184
409016
566546
423294
523961
195952
203838
220458
696144
448355
909730
2786
977561
41865
545322
490280
201695
259546
679095
643799
378168
989535
973604
104185
634859
834479
297622
815030
558163
330983
971524
138860
340070
770989
441358
48489
588468
613977
149850
460391
431826
409785
585380
123418
174587
776851
698637
458401
989308
619708
438880
484169
546986
737167
439681
505672
298263
175177
938703
342649
27465
882830
540488
582261
409538
211486
827834
657479
339963
112388
85520
347496
529624
452512
135863
305453
584545
636370
581051
821667
763369
196613
758668
219980
557932
198419
379082
409060
146628
686922
236854
91622
454215
141987
313141
118017
918920
979576
36718
8224
97952
941558
638019
44371
741798
254401
964079
577278
692409
562933
931369
560921
771445
900567
394893
777874
178117
281564
905250
396801
550102
780379
933238
167203
129033
89054
483279
884844
194874
887261
379630
145549
847012
706872
764038
254626
886935
366847
955540
109511
374290
839525
326503
632930
548012
833571
662106
443920
264661
440056
249639
704767
80337
150120
200186
181963
671385
365015
886591
554135
175817
364427
309617
652687
602457
51576
560965
424410
228756
698471
371048
370048
45412
997778
678613
738110
872390
489398
846720
965353
389504
376272
677732
768097
221046
981236
134256
838744
118087
285629
880981
283975
14427
821171
236894
239263
270389
904151
230422
444672
870179
812675
676834
279406
512519
482935
455566
135746
504848
670024
770427
671311
154437
66787
422526
820832
74658
232378
145536
473770
407373
746069
210907
989284
6914
371257
853901
183798
865746
482839
924414
253863
297730
669129
350214
904380
90501
710905
571567
148804
390131
358110
88752
447466
422648
335771
743965
198650
123098
853898
399076
884229
352066
418288
655524
9114
931813
474544
719584
984116
522488
525098
277635
794240
827730
271489
237875
97576
603665
853889
82904
212139
650379
494591
990818
87966
73708
882422
831187
435829
43304
867765
460434
266013
852981
922611
943103
979167
99638
178478
734048
551953
405800
59585
798453
974956
475097
755532
930662
201369
839957
205286
140009
265786
898931
142343
962341
682443
487390
465250
379680
296425
876505
714282
757635
680969
191729
93857
105703
466047
123590
884389
82965
951538
348794
17832
939582
544005
955197
155239
887821
152542
262895
364712
395553
216626
878148
318300
476008
268453
95617
300915
350855
294784
472312
566516
699306
534505
574940
377804
929095
422174
284546
417066
470068
117442
312686
550692
943892
229243
368919
541900
787526
347758
236381
197387
502692
90900
886399
782028
189676
892922
656580
882138
321288
202203
376056
217248
820068
282441
533833
536694
187483
794080
975182
624150
580248
304789
400013
663546
320836
964670
951428
158836
953830
431281
137016
548179
43331
794695
48489
286247
141493
291817
925903
34904
152061
208600
310366
311911
450987
995615
770473
133367
45927
994054
972972
696350
47117
661837
334763
106087
807661
465189
720962
943928
279515
950451
98591
364764
40398
639788
861278
13752
70467
544822
440623
424276
653165
235738
685628
972947
439549
845513
334280
482687
67110
895893
969589
470603
177569
445031
28185
693159
417780
920425
542081
34151
90180
318361
256077
350005
161980
192985
307109
56470
165429
101269
849859
848362
881274
556261
91162
924004
186611
341348
189030
957299
971068
120700
250826
881921
78654
149413
709005
640968
390738
999747
513229
33241
437896
914289
504151
736835
717921
479745
172032
314494
435330
683889
224000
461818
974092
42919
595942
158963
868377
931279
506770
660333
520377
362614
339148
210540
102610
536929
495455
286411
679557
264302
131098
985317
597760
817408
29509
287262
757755
554196
418932
255806
487144
363169
38699
748595
433848
739296
443090
365488
810101
630996
330703
746613
852391
961433
720846
760486
184108
881640
208626
556707
881892
577695
794514
245509
110047
634761
659537
401401
125043
969144
47948
824858
2624
659275
954717
643762
843664
294633
256550
716847
953496
554803
913188
332607
290788
609941
91520
829181
712366
816160
439430
679811
837108
669339
628292
501036
573799
572754
964738
465287
235208
628354
61780
168855
914972
802225
257467
297930
997050
965749
92788
678982
921014
523453
830870
841929
374333
504076
886160
796015
530113
782114
905261
724336
855595
988674
297011
34156
161630
801957
789498
569602
624201
764048
248194
253995
899667
899537
627784
35638
912299
556537
49169
278136
194112
184296
220631
272428
611986
836755
481793
619957
867618
953858
892918
246948
843506
611620
296955
214060
167063
714890
303971
194842
654200
890689
77513
556625
818508
323748
163989
570631
168651
604362
613349
850855
735195
56409
791503
611953
304168
979946
690415
268237
47962
458261
477856
884649
879199
239953
937435
470347
525010
363228
130605
470032
269812
636389
299670
995715
722133
557526
816759
839087
605062
956491
973879
29163
744052
137044
642377
861758
846745
963822
2336
258421
607702
34238
813916
817655
942346
253708
356185
702258
359050
941444
567619
455231
317222
672873
71286
183188
570210
681525
516454
676513
323459
267614
742298
44364
256677
995730
308400
436505
696688
129160
902295
816557
88003
791813
83059
485276
694725
257046
336105
485440
573591
820394
916572
734334
430116
110299
271072
996500
232081
700966
861166
148252
206698
796448
11145
791394
693612
864449
741847
409050
953026
968067
536481
810258
64726
845745
195040
219167
366262
37478
211357
485074
420311
325689
612246
93213
664341
267905
851930
673025
464002
665050
384186
898134
148855
824698
295426
473675
319116
105593
79735
988198
10352
89137
760269
388596
44046
549344
823796
609869
281535
300721
563094
596951
526110
530973
680034
661437
271725
454279
291385
30996
587175
258238
932293
998060
404262
58695
411688
762004
486471
57580
307762
88294
898351
238025
747285
782134
250588
340292
374593
785620
959839
430892
442255
451934
870516
482041
499814
691560
980301
961952
759362
696103
156497
758907
387780
283741
790843
340204
552216
241596
245127
132297
699881
419946
593915
302614
111808
526697
41072
239450
372784
823172
320475
509873
747841
801589
241643
684873
439477
31126
365316
937379
894881
840171
834566
213651
548264
535654
223627
764173
796078
681155
243177
211665
622096
352313
46806
734393
95535
390404
90546
447254
590269
95925
29032
937066
804986
505530
42593
638621
510085
570827
215720
297575
906102
129634
450393
364609
13328
411120
781613
77162
822871
553152
750186
805739
52856
165469
516664
848800
666597
881998
435324
128983
343381
679297
245273
331245
605472
909629
975177
23858
678731
615904
27068
107990
262774
343778
85982
928509
533117
344719
834562
717503
446897
502189
555213
874943
375115
396499
132000
979687
730079
205208
353319
316214
703355
667661
935763
169464
509343
642490
737387
806890
89522
253364
590281
813477
262959
809667
265966
859510
260691
527117
855747
531629
524099
725963
970487
840929
729945
682063
249893
44445
34876
137059
179308
251675
147669
894070
509374
446428
996325
118279
63208
472301
897484
401417
510096
715375
233874
709909
965512
151469
621130
566216
1215
807685
229647
932753
481806
10182
33080
259206
581298
934263
519653
768013
894247
965911
91213
594467
674144
511939
102732
525803
990183
387989
587218
478637
99532
655031
688323
536871
92627
792444
316654
475493
864636
94240
674618
282346
839320
405574
855263
80171
21116
432234
148370
911412
485066
912656
461696
863622
599660
29173
867559
449622
382572
183122
930040
234142
60829
467520
502515
4693
553606
933096
694221
112471
114560
177981
972542
372941
79487
966049
93025
640401
256632
479497
151826
443533
644048
561214
973081
661410
983916
133988
131193
974883
342154
817918
239546
944698
763148
839774
452447
156536
760018
363729
901221
31197
5358
593026
39333
739078
218184
928090
588553
766090
605310
352893
841309
843768
308398
30465
493605
3411
38246
216015
637029
685435
582716
567066
981191
737275
427789
801271
464584
790365
966466
370530
992275
998176
153109
977831
277251
411529
534874
17191
991021
409310
591412
883979
896118
740979
91766
327644
91565
379658
788036
710155
908195
234332
256434
594038
838045
505536
487650
13859
644712
845528
644389
241433
312071
166293
781333
824546
585258
136748
173143
52708
629204
726981
925433
704788
17860
169657
304502
981901
664430
80864
376367
278496
15092
747397
706012
539105
17896
694721
997025
845807
853175
685312
888172
864178
83173
158022
802058
709442
511970
273761
635558
821338
780112
201316
237269
737457
302973
694933
699352
980047
9947
434599
469311
507458
847158
354469
568354
102587
449385
665890
298516
915617
460823
615072
226377
801489
128080
757770
365260
93048
899446
218510
401735
518018
555800
242935
196102
149230
886531
10995
714873
772048
772231
229559
110162
407185
429433
696931
580625
877353
622096
627400
614667
698019
863694
56480
849203
734058
373986
730975
45658
613104
441022
161631
91167
326
353590
924435
446248
278501
159603
990404
874134
665886
89748
95161
369380
410442
3766
729309
171356
668424
535142
838099
987945
345962
177011
709771
935116
40963
41246
853190
893190
103219
993203
3509
232323
956562
806544
691629
650754
868983
477556
366020
194340
541388
785372
49949
557530
115494
242776
819898
769270
269123
962183
371937
167702
458903
521590
728308
812908
104805
140595
373587
161028
183930
458798
539003
281535
541999
836164
803333
492447
646928
810674
637992
634195
4954
335516
377955
811842
474727
561219
526691
937907
596399
92035
398884
238999
961126
293071
989222
184081
399884
180858
100885
409129
940889
225363
69006
73729
46192
193304
164747
964476
986724
642515
794644
253790
317309
364357
72794
346928
618649
112779
129953
422011
358176
45334
182788
467672
939350
362742
396180
935097
263086
593760
446213
812287
495411
902788
679737
33410
271506
789962
924245
495170
188312
528167
255881
210324
540307
651714
682692
356162
577640
583407
728344
810479
937584
154676
92140
382271
936498
368182
144112
821880
971650
122770
984502
102253
375175
50515
807294
902839
685453
174816
428820
328891
988888
483572
587391
217900
762010
631505
303782
438108
466621
540114
909565
206151
607307
284896
559177
31611
918996
722492
796345
236599
791935
945449
888517
396217
492619
293829
563721
86485
867068
233764
661239
654077
467169
180552
343102
578251
693202
990900
172656
569299
367850
686652
31511
400433
12811
827963
165865
999224
905800
211366
891459
433084
648279
115851
883024
827000
219343
316063
901647
595161
960989
810606
474724
703179
162258
381923
788666
826489
229586
114419
481965
573287
639170
369465
227396
740554
109410
703736
774226
71418
865326
229637
395441
431811
476476
447904
13719
784142
733623
230747
612318
504250
818086
452564
293558
621083
277548
104303
931147
1936
197480
301132
988923
409369
828112
297582
885401
174862
691693
207591
709919
495202
127443
927112
34141
857706
528001
521725
477025
308421
630174
902861
199656
653383
396379
482801
879371
951773
228332
426799
578954
555105
626006
766479
496189
147254
604510
897129
928974
331280
689111
237454
307499
465160
181269
690398
432660
168349
9453
498593
675443
440776
792541
429689
472642
747228
206603
237572
659541
5310
732438
51622
859120
79842
396597
641520
220904
987466
371683
210435
489465
601483
644303
619784
828219
76678
950140
238573
915250
202033
722940
292994
318581
200153
606523
767340
728317
806038
358739
287332
449107
897213
229778
351624
255395
714360
660299
897895
230875
745355
363478
233261
91863
28863
434854
899879
762649
92948
269058
796380
896216
237221
950653
187832
611124
642896
556991
627000
718443
834013
422274
417193
735400
351025
660942
142798
94872
44843
770536
428146
999024
228781
54181
402412
249284
414790
23524
775405
871613
152987
239464
413456
640372
46184
669503
611881
36
860557
300752
913505
224384
380211
628748
485054
941622
471883
176475
326295
745392
402476
826860
678865
716190
507376
997096
539353
475156
568755
188205
944938
180866
537710
675764
407021
113389
719803
259046
555667
218778
901615
199878
655697
924816
290132
619647
145234
484719
297198
978977
573088
397814
701543
737749
64004
768030
904328
277216
843248
987126
122160
742546
9182
929779
467422
953284
472469
581052
151419
905491
818542
624044
883917
469887
229149
36562
528173
333688
104847
623781
578513
687072
814121
523341
988947
802702
907709
990400
277102
231178
445072
75279
556972
294399
846230
351863
595262
299784
522436
824264
629118
469998
714823
75815
328656
454698
691225
9531
732506
78706
465532
851627
981224
567432
494807
239361
671500
23325
696477
36064
840983
283447
393062
933624
737194
214195
90359
181201
24612
460293
198075
543783
882202
373234
96178
101811
866148
666869
763107
91512
379761
699415
565664
680623
949581
131238
448414
557809
652098
722957
914894
620049
984057
349903
277678
602556
139834
552282
791396
562089
114445
279456
42225
936359
618850
29332
5653
186143
513113
808862
988193
375867
126636
991449
860281
557601
218422
449596
588898
345208
830716
700507
952683
916014
327841
913398
77789
111455
48514
411989
562319
955901
48115
763526
275780
797613
779510
400728
43586
975011
627885
233451
676654
181587
524593
355007
615124
162061
356303
373061
951176
666714
781640
821717
997025
805333
595849
177158
968671
319944
9950
279343
765428
927433
858719
656322
660740
200587
729960
204544
909977
750227
131716
954103
973727
205733
486068
24960
793075
524886
267007
433757
435666
497460
891484
938331
301987
331653
568429
789799
966430
47252
812945
353828
91609
237161
384276
189105
198358
851171
590282
654535
715375
829930
42401
9242
315639
696230
86653
306239
766755
433654
882400
890982
463479
560374
669313
15760
976961
941657
261616
311758
175815
609728
458448
574766
487557
22991
994138
70582
668986
700247
410685
497360
283938
388814
659097
504530
879014
940105
27863
308108
882866
861494
179157
383587
369345
660498
348292
480647
874493
43761
632636
545598
533440
144468
260261
130975
96243
658101
993743
294101
734
797261
615958
810146
58931
633040
337355
544759
913073
498525
86381
71624
614349
56607
931158
371945
656152
399360
98298
136924
805655
517706
676888
175169
526044
428265
670347
811085
586470
677048
728269
815192
629074
521828
787198
68549
527356
745658
756683
251238
377221
409276
70184
14750
691590
611691
241977
266837
237765
714959
301329
422579
563418
209283
853130
192872
156211
899790
59622
123112
302194
669918
941321
767771
688007
931813
740823
576727
794287
867189
917258
556662
18840
758919
306477
375801
700320
366365
657977
528425
572998
366939
322024
263515
454595
548438
753781
816610
624291
936279
982826
849670
45956
163292
344735
989618
848148
705260
126444
562729
547227
445441
961123
136180
465116
517998
683073
547481
127472
434595
36771
441159
887044
534208
279892
53592
879374
550917
523006
594840
373009
401148
896623
478260
605921
246230
269190
444311
732532
183614
417096
507524
398406
770919
586355
863137
797641
610893
308483
718928
738829
417133
284207
73219
390608
29374
308930
688831
427613
898163
933026
644091
179019
798432
49990
799149
927055
688713
387310
421747
552678
549038
495253
441800
99788
658558
716313
39054
216820
211220
627575
756067
928238
419357
696651
162200
626450
942586
537082
904287
645274
979948
130608
855426
742015
483271
675508
158122
327904
225899
547779
789024
185031
509654
184443
543841
940299
323804
757400
701333
484173
626248
895010
583766
370542
398028
786154
156247
187810
528255
324345
481240
297602
322933
802575
932610
576914
949236
419420
133102
964340
248842
777368
355047
615204
241037
714855
221666
309734
604593
555643
464065
71796
46916
620731
921743
10373
352914
95058
829530
719412
442015
327485
466319
833637
325404
847365
382023
641147
758047
89242
855246
931532
569204
75810
982240
749877
441634
440519
508161
120428
294323
306812
232050
307651
551835
478381
952286
469063
320867
656598
540792
678117
464495
834482
18902
536639
49541
915754
999810
887664
64023
439703
372766
166908
218017
685702
344696
60467
452434
223623
571860
84761
674339
382209
570281
46507
800122
151658
637829
480466
433536
165945
949644
353779
217545
384176
981177
501897
294499
732533
730075
401920
433966
756056
198300
356115
294748
806130
948639
460928
998549
325710
134145
732520
548664
628352
188267
253995
858270
698188
362860
500984
994886
399558
981847
798375
784859
223683
835307
325372
639256
379060
82948
750536
154936
620400
216257
224256
310411
117701
954788
821840
213516
219796
670406
889050
551321
788042
283131
257587
880485
345821
703604
677538
458140
378823
239825
909034
329633
6449
466126
646912
627951
31794
735403
859228
642965
522326
8165
112739
230150
981084
508651
821909
934517
242725
314418
740453
270285
695613
4672
970487
164587
591232
323731
788792
762591
346448
823054
913579
866875
403873
632255
744781
237822
523483
292886
801419
577599
330390
709669
645127
693360
614450
987263
790207
354436
625515
741875
327497
125105
907903
696431
730002
111449
992296
817777
527223
420876
380516
84243
778732
575408
323153
63646
14298
774119
495308
434029
681488
590700
4931
41666
501247
437779
717206
467877
620664
947403
541175
24751
88331
62714
648814
209041
8874
777006
479395
755697
895344
156227
111412
761676
281236
195127
456639
685530
101193
236794
152732
578492
179742
123039
42734
457941
795909
672807
756538
94744
983280
727178
75174
45134
473548
721265
45945
570583
732784
113588
299157
886421
711935
629007
840399
450198
92933
222391
875196
620201
217258
716006
981093
741122
955640
521836
224996
606914
650370
804119
875967
609733
86445
113019
505693
52539
294740
551655
577606
462975
504421
611261
18332
175168
943533
128424
465045
343742
636623
850834
392959
848897
230456
580696
791463
755690
595953
679794
187548
320586
855888
632748
899645
319220
304228
981023
490046
337753
641554
611870
245171
804222
649176
978206
993331
469259
314100
175864
723070
12548
83056
464270
687771
988904
735538
101676
993619
848852
558041
875731
478940
274125
450955
594953
267734
863355
338048
23417
71591
608771
819452
180588
523872
543100
414218
55393
371871
730070
106044
336324
126266
148116
612724
669991
372754
282165
251563
936294
904323
555884
590401
347248
851491
829557
519047
404396
141510
665322
145979
750019
416882
93900
445188
467777
357275
179161
171529
862572
429141
112046
681448
886191
269698
868772
524457
954639
158233
23926
563733
91871
634197
373489
708184
294272
672453
221748
568930
539992
491333
177890
938545
309612
862008
271980
704462
896000
698446
731091
140125
621891
729549
173490
195295
894845
538842
36614
666825
595729
87408
837311
295247
434966
994076
493879
312580
249180
43712
340921
741220
418069
429487
188403
974025
68503
766245
271204
494930
652787
278377
236749
179247
916952
438017
544888
552895
418232
981301
841581
909381
939881
85117
386998
541223
47957
246207
379534
720603
354811
260592
61611
665288
666861
466831
932327
371053
549138
578509
506020
865708
917877
438945
783
422494
451635
899564
997204
733610
27241
994371
947241
192588
561362
159660
94843
537759
885280
472577
76905
531158
175477
127505
313738
885665
415692
266145
520512
150574
646776
70151
525805
448751
307260
376374
86614
343572
380591
902260
525859
909068
215163
776494
145216
255098
687645
737504
306028
886548
967061
626719
403104
967271
330356
637964
437207
852658
610670
30780
276732
357093
401874
756432
166098
861445
143358
995125
456288
771621
321208
536734
301400
943087
644173
137275
659471
453684
824995
627383
256169
248808
999773
367819
236488
735403
766202
458497
158667
437747
815114
730965
619931
864958
932540
612360
820658
992617
305808
339611
193338
760796
939281
63981
146404
779261
819940
834047
335258
982934
250076
85487
519497
668556
281319
614974
159069
391315
956153
114391
540969
499571
66774
198591
258028
780771
707378
334082
344529
527445
587142
190748
276180
978605
978492
84617
878333
849706
289625
428997
447590
329051
960698
201598
991788
867698
921897
674192
882595
358787
541326
38635
374855
98034
321328
574202
635398
730724
398390
139604
812070
164518
170101
350413
117206
216152
798924
446972
761404
44214
411220
203086
845974
536009
38338
258346
194948
855989
867146
267528
733913
874438
519199
372995
415946
547929
339779
325295
352679
211448
782767
87298
228540
150189
952958
971783
493065
369895
671388
422102
505756
767563
269471
809603
353080
626480
815811
408751
457548
33718
601923
210534
916740
548845
495953
645456
45745
141971
132651
767966
355473
314529
451842
552382
292739
530594
762232
943020
183362
379472
543608
204610
214406
26872
600555
417245
213827
529205
679264
532440
917115
4915
330166
768791
19898
744142
206882
648251
452433
231788
664941
974746
664199
155519
622901
615773
523639
567045
986640
566725
284840
269128
388916
926503
295209
9975
96610
712418
123826
365084
704089
247968
791629
535214
297813
156736
659598
100456
691128
362546
341984
266694
539851
332677
871774
74522
524020
269029
625107
3851
668970
405675
259818
176912
316185
318423
315676
782177
791046
686488
761800
449953
681554
459161
156579
429824
615317
611802
507224
339091
264797
411454
474875
342863
402113
39458
41310
862808
681939
701507
463390
214366
291017
376178
916398
719941
419630
551593
427137
290724
458971
408802
566271
857575
421525
376364
550737
874376
628456
98541
909872
657463
323794
518669
353346
810345
500816
714358
348159
520325
733287
610008
51887
398115
157736
550608
147516
948268
449545
919339
183118
379716
784937
239448
443181
375940
971217
155689
516837
991845
676482
678336
269021
584198
785719
607663
802726
490109
575984
927228
61067
237817
303900
416044
582634
994098
242622
642946
336050
909685
645344
253396
103265
914897
679339
417403
389860
521057
597541
602735
938574
189881
153514
891844
966444
390224
352824
534488
790018
983343
103624
725455
464209
143696
72706
229597
245095
4776
569357
913779
488981
229726
832771
68843
182345
116350
477812
462462
33581
534253
876958
434337
727649
647186
482118
84871
636131
832388
881894
378596
522855
955049
333470
909121
95967
99079
937638
269067
759839
536647
63484
119973
667242
338093
6136
974074
322628
242335
266416
569545
469057
109451
66046
586141
116974
494475
386090
810078
196113
577628
83797
567469
215841
746307
774169
131887
99769
446542
341011
836907
659781
399008
132861
374926
700047
831757
269276
429650
215661
600059
465156
702221
554042
962062
37240
938547
544555
539142
414737
198707
46834
622841
735319
888027
660978
290704
162754
268415
278342
459069
216911
830294
125628
273057
924717
995262
294761
960836
510884
48182
856621
518331
220088
714892
690689
258566
582872
283701
515578
688798
719265
741481
835491
34183
751454
202919
181385
185646
30649
428861
462368
458429
781177
98738
244894
432212
875334
796323
317911
387566
636222
144236
236675
254018
457482
933813
456220
638163
182088
751853
286283
10762
503591
535279
694516
324043
460365
24455
245781
579715
52903
525064
166863
323611
683772
483714
139661
839076
625126
903387
204192
895127
772771
43754
587196
401059
100010
293494
175920
890838
227773
733625
343830
13273
830182
538307
671530
555070
656518
378561
813495
445829
824893
148769
289780
238605
333406
80721
55693
82254
316152
253402
40166
334043
847974
548952
761858
665837
188096
924734
335562
168838
417911
413583
928055
303773
287290
921616
717204
774834
321077
818737
305516
45016
745984
645921
90176
852002
610448
499081
653529
211162
822273
48054
800977
497792
130880
568016
463507
226352
203612
528346
252356
649131
580612
678635
123305
131275
424997
586979
514143
376415
292628
153814
64156
574039
834612
948673
629612
34624
514016
471121
414277
631589
14682
349036
331064
512880
432754
98885
912130
80430
428729
782694
157436
74748
686333
176573
246668
707517
370913
470943
426514
639506
893030
241325
944056
639490
13512
834558
711441
774104
321263
166435
312586
270106
912278
36823
621924
116917
437145
928175
667351
95620
747288
392627
17858
443684
215094
114307
460896
32359
700302
126235
701679
813071
363391
624112
315032
520631
166497
996137
751342
861732
917695
332136
333231
651453
247013
427593
927796
141402
400089
433733
267705
32710
969235
749961
823894
559647
520561
412991
846337
940241
303165
685600
16274
448393
557799
492190
33834
596285
681689
104057
720400
607472
749621
552480
701362
213483
38261
131953
114527
338084
225679
471629
399043
798558
442254
879920
522757
740425
926317
718667
700649
11305
966018
306783
204472
151105
497886
789297
249568
844224
200024
889599
512806
909346
8529
586208
281176
212668
536566
642600
912573
697916
434065
953704
599439
221237
835975
259077
606006
738011
38550
712068
663475
306828
430195
756534
861991
700169
660649
605113
108116
369594
389365
27977
969217
701750
997815
339765
605621
95069
830181
976347
96298
581576
741130
933114
989840
627612
908618
215335
744751
576207
936374
305272
554696
367938
886291
898844
49581
668893
740379
523796
525939
463795
965610
923332
627181
172952
769016
443131
15820
289776
711402
632076
774093
280098
757206
737905
391582
834233
687487
34798
187388
95173
661101
685376
690418
388782
671521
227867
950420
994877
168659
107386
5083
843183
206615
464782
25617
880449
861331
300640
164791
228799
972862
378463
343965
334156
23381
170011
196237
250301
56287
994627
463921
714917
397733
237800
910729
52085
649514
650770
240998
263130
103415
313679
763871
705775
501906
158730
741833
567621
86403
105673
179809
448545
345755
527020
666315
447051
982147
906677
750344
56848
766439
976048
99371
462771
448433
644363
464421
222672
725798
890405
313899
974063
416787
272314
84768
614971
855053
865955
9722
67620
778088
160283
93310
710489
579341
175540
463373
464023
361660
373611
541251
639711
683160
518525
995874
796693
411893
880038
208825
87423
509080
826135
104641
55650
989120
338514
710951
54906
967548
135693
687514
896507
208164
156172
811720
207689
407757
387012
208063
990611
290155
654496
606633
717857
378679
422701
836794
619268
221012
104176
2332
39154
714206
442863
68776
300509
478986
762772
433980
617458
372039
210521
832693
157485
652309
294273
878426
108634
475339
398422
493105
723141
649639
389803
837584
245438
189728
807005
789566
728027
522627
111731
60201
735498
123014
469792
193037
506440
388439
385504
725219
543491
471289
27801
689218
823482
636683
632334
207193
188068
357253
579626
183045
703666
789343
591770
757560
54518
118244
23687
312245
40202
176586
800961
339490
116644
957378
581409
178503
842535
729814
565706
408812
590288
643492
562482
817674
593541
207893
186241
390042
880420
645926
594342
503892
940722
872451
729826
781303
436249
326032
861934
860779
407964
781028
743716
115061
169568
435605
520050
809583
396439
152407
68645
432284
411989
331495
434887
666922
944931
520524
314515
808309
832534
195584
523244
558974
704104
63388
851766
593954
71300
99044
556474
108443
381831
106128
825529
658563
304054
832322
78555
845100
156510
581315
211491
550923
895249
706666
602589
742860
762654
18726
740496
973105
319768
789008
154095
279583
163649
61259
493311
769518
274824
952168
990708
418394
485355
675315
316522
738027
786111
707766
427939
600075
550784
234808
875401
396973
221944
330514
541905
526081
304589
173410
620192
507357
569891
909942
759163
805665
909990
754570
796061
782158
576903
935985
838011
650116
143031
910737
803054
848763
169879
246296
439977
125978
749295
558641
59460
365359
929365
238546
984473
196706
687345
895145
650379
978948
25047
480320
582593
606961
996098
342619
167425
1757
690222
431972
243733
814444
721096
672573
679601
232278
15649
546192
309643
371191
731750