689482
35856
734096
668673
899597
68713
169149
928163
880100
135126
240914
851336
117916
744649
877977
744585
372856
303122
883185
502515
497040
415834
385836
582426
525656
948568
788988
958074
700235
37494
293987
826335
129019
354172
539228
71926
552715
94303
248614
455937
405425
78767
180456
854478
329699
924942
114393
407650
911862
591416
23007
74672
41321
71718
161072
497487
15738
262506
397674
837089
88945
528935
372273
577935
363802
749749
918496
819775
103671
915105
244007
540524
190216
843355
387986
83127
601155
223213
54315
855845
101884
643762
358540
363382
131442
973263
362735
147019
410271
541036
585042
568371
158835
193319
113734
850328
953343
297026
787623
719036
102618
23465
256823
132503
241624
988315
777574
110704
136284
927514
381837
580668
749962
524477
90752
941239
320217
968125
340048
806544
86816
800432
345728
340274
343316
52582
123612
639324
805286
243096
377673
572057
690186
221334
630109
719198
97478
539231
31111
81149
108280
967610
856421
910978
463417
533367
808020
358232
198269
761894
87116
618412
773348
660999
848164
134156
575842
871478
457372
375969
284285
117390
398465
623695
26275
131573
626441
47474
89199
524424
67054
925299
876095
961756
758656
891088
119563
450349
691283
367476
899321
965572
578504
929432
817714
76087
934811
217232
868499
227064
514273
283766
471069
223951
691922
537342
124080
278826
213748
870535
173034
664675
336785
351485
496408
646918
686862
872817
583959
719441
702529
226542
47917
828366
494898
910858
600470
764150
851002
796997
952062
492412
31009
438049
881784
672241
716817
647439
680112
431213
805704
378018
247939
770508
568821
54880
877960
825465
82156
942843
361858
457064
552853
803376
79999
630810
832407
417397
142722
977705
584240
769263
591590
932505
959061
971064
244869
189862
826376
107358
234091
938419
62972
565274
761376
625207
877557
557970
619737
338786
682195
802647
196099
327941
556411
275430
48655
282468
461694
531884
393123
178671
918866
863882
95813
355720
749100
42766
418118
734577
439686
485557
847774
794035
157306
549562
737707
54975
237295
494347
127755
937452
659981
763305
168846
806529
833667
16814
890953
117752
176593
743177
986363
493249
63727
656364
650050
209214
770656
376288
955518
232395
147183
531986
327793
513632
957390
615851
555970
111585
95397
86683
979067
142241
609620
23442
272245
778575
231631
189122
487351
127589
210594
834921
494398
811327
697070
972893
132083
943616
756223
49222
641502
897760
283159
307262
240450
518280
870142
795108
524237
299926
573192
824186
218446
911687
274812
810172
725460
294030
425735
634647
817448
916450
284266
641665
71117
125826
157874
454879
656109
624529
460185
259296
982360
542708
186773
881187
372527
231516
95872
445722
537730
55756
728969
750280
811218
2092
807897
145485
515698
449040
533491
863764
185425
414782
675615
375543
61415
549163
590145
60788
934008
478682
779485
22204
150286
606647
324058
435959
908632
231820
437419
290496
709585
313390
138257
176589
885818
112885
411172
129206
321520
230910
701933
136217
302584
161410
816023
985433
904807
460088
568428
286
987385
781639
998829
330400
933993
719921
648738
583650
95961
176749
199200
119443
798035
660997
809876
982578
26242
723181
223929
556778
233594
951896
221024
257718
785477
971112
607790
760080
509794
159053
424645
904957
867374
936914
695547
223680
663389
680744
278105
274358
635536
466792
636765
956970
152039
499651
166126
128252
48711
327606
148915
400580
642274
94887
600401
298320
481583
563963
640394
605666
505527
913637
283599
438106
499697
72910
682732
123368
638756
810245
477643
770578
220505
271200
581944
793631
496363
281081
729460
810
193362
556207
318546
937026
813053
82989
309915
934034
672871
429418
444751
160675
566532
164169
113551
857832
424884
236713
992888
84469
134835
61749
408575
925158
978396
384634
91007
268422
995927
2611
447513
437014
443556
553172
214078
84771
426510
13562
629807
252306
146259
527837
443500
599547
749212
69641
266724
382070
258098
117427
470459
891543
453619
42227
864891
79777
280554
423783
686747
72142
513269
146488
673875
352276
639768
497935
23820
33304
999531
860820
261041
846000
207933
112723
65925
698930
774996
474664
559806
125553
494918
167770
989723
595645
186186
803643
416421
725213
178192
743176
423215
238976
366511
888689
483336
345559
143562
753727
321458
85093
283932
991393
143211
319487
491663
896054
738168
571872
803823
362366
48914
311867
741757
259051
422804
322674
906318
725498
792445
979739
528670
698989
187774
753190
923625
611963
445196
422917
26719
336264
970297
768127
100358
46461
786322
615974
913257
60090
203764
451752
186986
714525
611755
230537
635484
30298
158409
527403
345847
376369
99342
477376
586943
283359
47201
605955
7665
672412
456278
941821
763360
720746
647937
773166
877573
856997
600774
32471
257081
411829
721486
39998
751647
547419
976142
536939
722939
402309
993913
846807
438968
564009
665098
836058
960268
187436
708955
668127
732351
78349
57480
835451
870360
940399
300037
127240
522322
377349
54823
616917
241076
552338
452439
439790
545976
210321
299092
698170
431920
624552
460551
319012
288626
973143
552652
865328
177914
626512
187114
313509
904004
420185
812779
344120
773890
956660
499702
133236
374174
318261
92385
447879
865728
299636
546403
101778
319854
484255
631344
417303
662896
975716
43669
440340
619547
570401
715912
827273
837511
680431
373336
334202
254802
391737
7570
127760
179080
352360
7809
453933
940508
71078
37211
950092
887041
638498
861536
615349
998382
952894
99539
207344
457410
947210
961264
244532
82298
78373
261329
461633
442329
863541
815359
225269
74411
541787
785452
64983
711778
236493
609001
328277
969145
413368
383236
39964
25606
821474
16614
80726
343775
580358
710693
150213
33001
877224
993778
971445
170372
115521
838405
360034
650389
324974
900697
744827
733948
307215
803197
250338
339009
932213
336829
149336
93132
322129
192638
485450
939068
387951
996321
404007
685172
272229
869648
182140
759524
786787
610262
768447
216055
26619
34096
664899
245458
664731
707426
355198
407774
734446
333504
183863
451318
475728
457729
182629
534931
899915
604576
248588
697406
98669
466513
642244
487830
979511
73763
777365
263506
283189
159472
901482
705104
478967
83708
700181
200005
43741
438905
719461
609541
177758
310933
237678
151725
686043
956461
202491
350713
584830
751382
708927
165071
952605
892659
481818
568288
465117
667449
646814
105472
226921
861801
361888
13818
195199
977653
16723
886777
135873
888503
702078
797963
536964
999919
735974
219543
490590
924598
543808
495463
962800
693082
60361
936881
95554
92443
335759
304975
164155
942135
750824
341785
493943
968858
51017
307832
384426
760825
988077
27882
656134
201341
856789
439191
719961
964590
848257
597993
173062
289411
534779
6967
344731
239742
551628
254226
366247
700786
639882
358196
832320
826593
42602
322336
728611
857504
209216
681770
809201
880612
76009
45114
881591
811831
507769
941726
953031
127929
37530
570244
68012
538915
883730
159612
996516
339849
471182
334442
468615
229335
179744
37434
194512
900059
815548
599067
835050
968840
937733
579696
741623
405254
327708
808423
772025
677132
617370
978124
685685
157876
143753
874447
533116
236784
128678
744047
545462
877427
53819
427974
549193
973807
854562
360286
1918
439148
526973
616874
818941
304031
171681
263986
144744
275337
118484
205400
180342
582542
99868
899471
145772
848379
229300
31967
776633
801386
873483
657135
904489
46395
626372
33225
168663
786823
275827
559769
782256
424503
708933
106459
678145
889853
513671
152508
914937
692531
521799
596654
75465
194617
110663
922355
621509
502072
595739
630423
637751
328327
107895
749468
86812
523795
123279
556946
803861
159628
89415
685901
950448
513495
603082
330948
188557
511620
57531
732769
110210
830007
797798
793149
857944
675941
728231
141009
487477
686971
4786
885534
865508
124819
52700
336858
509472
902794
547370
141537
492169
863414
138637
46436
72812
479714
610067
942934
926050
51728
430923
126693
177356
124309
691883
737025
585993
721623
466170
113241
386140
342626
430676
638573
715036
235590
392026
438169
547266
638307
10160
671843
544681
670940
787855
708064
897339
481435
660670
275836
263013
582140
12589
173373
273896
872731
523744
647275
842870
345415
62186
39880
806584
481435
822924
536057
259087
883851
368663
486430
909164
363533
505678
456992
579481
313723
223559
645119
882218
724818
503471
450284
598390
768613
110882
81019
950119
672287
489072
189741
382585
776387
942885
153596
843972
737684
925644
243871
353745
59616
272003
706107
514109
396074
733376
946945
625967
520490
382767
385882
211329
704509
418723
243013
650381
291314
922695
96161
130502
205185
649870
302694
893737
876705
785642
652452
480922
246928
955160
58694
821285
175364
234974
850173
998445
715082
502822
11109
139170
247533
531276
925795
776174
580877
289395
467084
201402
738940
256026
498290
768260
218305
572488
30975
415000
499873
504770
409377
105972
777169
152881
626091
213173
18822
851359
966048
373636
453606
646111
777184
644967
17207
438824
924065
292928
14133
844014
208540
431456
871411
647466
471565
833462
351227
768386
113407
613552
703275
67732
482608
507999
228692
964288
366593
223321
506661
747601
837978
363037
466168
475942
764126
714475
330173
544872
654719
656277
136522
375862
5320
174729
522815
535986
27475
235404
422828
427387
345169
157555
886434
812898
280580
981448
300247
483460
428283
10857
482829
312818
101597
629209
495288
753323
570540
913175
941468
880684
850282
559636
233106
412560
177836
605063
131384
835456
47261
634672
94849
542984
729261
223114
428509
697311
376403
277016
943142
947330
887210
780181
276663
600878
773878
667080
22220
50052
903283
557643
906884
379314
49118
637808
76724
332677
335728
977942
401363
976845
1891
839404
538515
427991
643768
754151
971877
815255
529562
39085
109163
796189
460656
820248
248815
503327
138600
783938
615622
484109
644761
233715
298371
136064
449767
618188
531286
295797
318235
361829
49786
808111
950500
639666
966251
323361
273400
406345
952419
994556
440423
133821
882722
493469
460248
422328
464285
531553
97094
498171
646187
760883
462701
506583
464894
401973
476147
422502
771885
493208
386906
384999
902137
868631
791732
86018
20272
378562
206092
876453
805125
734074
677366
514804
175269
630859
307482
464555
160335
695780
372498
482964
281592
476615
878187
866468
63151
1598
427255
697687
384530
817947
282657
19295
316847
219507
922532
872879
279496
659113
642226
296951
309129
716530
63082
505314
835475
711998
106259
13359
758793
966799
514540
185613
819727
872377
670793
663117
991856
253284
75146
850994
847599
263987
728738
495653
428404
289045
171521
380077
108520
226076
74636
980980
633493
195533
99549
192545
703625
62163
870018
392137
125183
735516
983723
342567
613364
940831
103724
979346
705651
405491
369119
956547
165384
194500
797326
842127
764192
992993
136703
372188
618556
333187
164857
450960
206795
658874
597029
744659
452708
994697
534912
641424
551914
602764
712185
110111
220338
952877
430724
796687
615345
384571
565647
796366
186726
213825
211139
780994
286789
519426
138244
92582
464936
413689
587269
445013
592603
870914
500723
793136
594888
23876
914564
815264
16565
800277
958166
779894
305209
256538
60297
391334
416222
541450
444835
959165
97675
541451
924022
286581
579985
326698
309499
486186
414100
992814
606637
722315
59600
847543
327082
82993
326156
335516
791434
796131
427343
667150
254131
830900
27598
844951
881110
14585
492583
807540
751561
884410
215103
162488
842096
536616
910167
136460
508729
250873
128216
776639
836161
53333
370374
801315
40449
617277
222592
532424
15012
246079
638206
904290
27465
460270
488166
72783
14295
791586
226662
642055
980137
332401
616589
120549
263578
165338
398184
208683
150497
634288
382881
933484
733771
44076
623082
717707
138352
740422
146283
619525
973285
401003
640760
539345
136727
626415
648615
260848
770947
367763
967832
234142
952769
176849
397429
923798
798935
45664
513486
220073
882844
474655
202783
791745
470690
519359
915690
838535
631868
454940
19201
141212
988206
343826
859018
485549
947851
506461
841740
299033
63433
831814
120235
586695
252010
466360
984640
709068
536912
56106
876936
83696
391298
704592
183420
121948
737859
457936
827154
218836
912891
862079
444933
555821
413317
246985
254017
791330
292029
252485
732418
616386
240086
660463
36274
105786
998239
491037
47491
314537
363355
481601
945407
549440
947045
920064
117807
95145
119288
719595
673702
5251
167768
764676
930917
505090
925541
255379
763042
358682
140806
442053
733563
116503
453324
279075
20941
643779
411794
358994
51467
465740
127324
728297
531212
267809
720303
134161
332434
981290
502778
531781
441107
101269
361061
544422
287115
15059
505957
316949
872395
174427
185132
143411
541101
644551
255186
750990
191608
255418
359365
217458
101814
365043
873986
774533
908952
331294
898786
654825
690469
568019
698371
528409
731013
487555
2243
903827
703144
994508
552249
263875
180124
11206
369957
109523
889775
637814
413565
153645
823623
993949
136381
796316
908319
119977
88795
857029
625801
343964
158190
694401
155271
657204
363081
243812
209833
402988
535609
968722
461845
834571
88511
273876
858583
295648
922145
221129
673143
836614
291731
268556
713599
698239
444310
861565
572971
120801
229330
991004
565923
830306
567815
528422
10455
46493
945145
53054
616727
316662
617200
365832
815806
373955
699999
576913
311689
465012
329784
324325
8861
174068
784843
335724
777501
316296
765273
988775
163048
825475
254210
773146
17317
780816
142879
950310
452993
908878
92486
926946
758395
12084
581755
335534
730470
312661
328446
280488
611984
811568
156139
17719
82918
591257
773401
316205
983289
976431
833783
460734
178234
336212
48660
718892
860416
476374
354983
597434
941314
878561
48166
86834
936400
187229
907512
484889
595254
713910
574788
967523
980746
151345
149748
704794
473619
164074
965998
255623
280662
291758
164849
758784
389649
276893
199748
953998
920675
374176
669353
37102
430681
71850
627975
712873
231082
174467
103563
17355
916363
182495
748032
845344
946532
514144
690699
995991
51841
201184
426092
10721
519879
935626
348276
767322
713324
410194
497778
690413
203019
474226
199611
76794
575490
254957
410722
812223
700377
853640
961319
298552
171441
574998
740839
238856
786943
165433
279498
849779
22467
201025
783849
379390
12115
949448
102235
519438
871012
457671
636833
381565
473914
705960
508938
666047
966175
366174
926025
600390
972447
46453
595741
360104
940256
560317
151330
690255
482028
274987
568656
773785
789454
931194
363695
819673
795450
546233
18024
667172
967942
213879
3838
418055
954318
200766
194097
769924
819691
633778
518042
433961
788800
65767
128185
68759
787038
436216
748040
402097
304911
481103
988640
808615
763986
448890
795945
819544
556137
143539
373480
726875
604567
49297
526181
260294
307912
15281
735734
617386
289167
298850
3587
16983
524478
7705
447521
122978
154722
481459
219256
691905
275961
987917
870911
185265
850623
380518
164977
67526
120172
850335
328000
255443
873148
636254
733157
263228
346050
454903
711687
280961
102641
470256
715612
600537
217600
352448
636235
867785
189999
192300
496828
188357
679384
671025
276990
907370
905746
508233
447052
816221
435911
348716
106234
594672
138644
281542
324260
986309
781847
924843
803232
83757
529704
961328
607523
924078
565007
439741
38587
927081
49970
746397
907936
897754
264245
860161
545117
513005
124601
745650
859578
513028
655265
356939
116460
389978
651277
680761
259930
917410
835493
59291
104055
932588
371639
936286
172544
9522
901805
452092
10362
975888
228140
680888
703850
254475
921449
691784
680584
319537
948997
372041
187913
985185
592621
266355
924083
389315
530586
106568
547339
196640
559910
750620
136446
617548
757787
946184
774269
86729
409841
73005
82669
928726
91571
961368
806444
946861
440574
191438
19230
101814
324292
779924
259831
856193
975114
440101
202478
433133
464322
937165
645997
97578
914308
534524
596601
108926
962537
402390
278968
242955
481901
367965
709523
933230
786130
992094
151954
249845
67462
905308
725196
934265
805339
713032
295622
316449
117759
104815
981188
851365
374158
775247
591176
355456
397902
951497
710541
286381
12636
390298
563182
693017
329419
404122
697837
949230
837878
747226
609366
678690
192703
387230
494515
482941
232829
543504
334879
965659
552289
241348
645271
911352
631914
208095
108960
546802
326213
162780
847063
407010
295623
980562
168823
692330
754317
735340
853513
322439
478036
496326
898601
210745
790900
966091
948842
703897
609785
967911
981557
678896
991353
712542
316776
576199
995768
230132
670896
925929
970953
240279
618830
619365
471177
607019
788453
668887
498400
823204
602382
753846
407794
868383
920808
809397
652124
71726
277347
129947
97781
144178
700856
382389
467947
566464
213561
87686
768799
810945
483245
335568
929116
508628
934395
292046
781468
121914
22331
645922
946103
95180
977746
648078
274706
330072
600648
311402
962420
329416
406322
309732
478741
886311
459664
953228
757469
655878
214853
12366
321107
243396
203322
64428
741189
684401
429946
461057
685441
206294
333560
241571
212143
65562
95427
725296
234413
257800
144486
500773
857024
322728
418999
821878
331397
477945
249213
937800
717785
135338
790960
46991
929259
435268
638069
913174
162005
681306
908420
897875
977327
616436
478820
843881
727911
802182
947371
211483
70859
262048
301818
267862
10386
41909
761015
364103
499493
906485
955959
159035
57915
842114
645287
966157
51638
311889
754862
493993
995591
518382
386803
941811
773614
996830
757135
830975
70300
680110
678405
161529
8316
277789
786814
916694
792114
731447
884174
323920
397443
725544
373905
738708
400060
750897
85870
194844
843412
448867
214251
204600
935575
403745
623135
822236
746935
232050
301797
33031
614413
596898
94140
214738
291605
779034
768176
435212
512465
473744
867470
417271
874033
19933
829441
248851
293956
362536
473888
287618
402239
993186
657761
184795
29147
849795
947518
728861
494291
176414
155706
966440
619799
108622
823333
898585
190388
779656
176724
856697
673316
488505
772284
417774
170115
114813
234694
289945
208327
297729
754711
249834
141323
206919
914849
810378
368274
853172
393610
286959
391242
236508
663429
963071
646138
105857
543657
862054
555155
114886
101337
363540
14121
948161
40650
621522
678721
896080
148802
278196
473515
318302
573246
235147
613498
596135
69973
294545
224778
643556
845496
249321
463624
783345
31088
235929
314697
786035
566842
263658
86559
949698
161337
410804
596645
447257
623404
19982
222894
337292
157311
624984
524324
562060
632534
155893
246316
718323
651621
473318
841159
321358
63037
423579
259985
767175
860066
565157
201972
77218
219723
859199
647247
585488
60269
79832
233767
201710
272081
892666
704996
575743
939010
709444
960817
750355
617899
692785
692407
137596
118525
490861
507593
788651
480568
48292
683717
938117
518466
92165
7896
842093
776164
947670
888212
338427
266291
886105
51243
341957
276721
768746
736791
629675
986117
226596
710299
314059
308166
850143
656025
883562
62672
991730
31954
908286
749292
737594
146886
683009
161874
107733
730527
802823
515387
539432
631734
919609
485372
906762
390473
220162
77199
768444
113487
778468
424723
398131
811828
685519
937335
126327
89152
28483
863027
237104
943467
632168
281068
218756
42119
187303
476065
471429
56539
578233
443438
140545
929930
584175
838926
175598
150523
759732
706278
359316
410210
812739
545009
677333
72681
86526
442009
729076
756063
267809
766117
606329
882085
310724
941838
762284
600392
993877
430906
339524
625630
461436
642669
517738
291291
322669
24931
878610
586691
934964
470603
485391
569430
90103
837901
615088
890295
260680
217214
572943
947723
61558
417773
292176
45842
500160
10704
151193
202515
931640
924714
757973
572481
221622
660678
100186
85199
573787
546042
845376
511825
721754
550819
247214
563450
449681
771118
174846
547967
177767
977298
362051
4166
464458
84141
962810
581002
764761
972126
890626
269814
464430
942934
723684
253957
92611
229043
356143
954181
592993
440108
883391
67749
100993
608753
392786
258570
162611
811839
557653
428429
881651
701801
528753
455535
119669
295097
978890
477772
466333
676776
905556
628800
812102
252520
317039
431588
461731
441634
573217
505780
5225
976970
95852
799249
243727
902529
726782
138237
62052
125848
511717
743738
708662
952016
232692
500494
959664
102348
482616
540698
736422
414053
285735
571488
926355
280171
403922
332948
220581
769849
167728
788569
525691
42360
450865
794462
728577
901564
946156
50598
242312
559959
365024
843827
408232
774545
528906
291468
633147
579266
826507
673913
712721
760254
806732
822960
306349
705420
383541
515566
527518
498784
971929
87826
246704
880308
453411
202577
763978
593404
427349
672290
781565
429329
941050
238601
426908
225628
134499
709910
669362
251218
290787
992165
58837
985973
359119
834385
37994
502109
363008
410997
68724
821957
580405
874715
120779
645399
955125
164014
389919
885521
622579
658839
680800
855236
274557
251113
663340
285484
782891
978674
267481
481147
315255
594627
430391
549059
521528
507239
367412
280516
618097
283333
782666
703434
113090
954242
37825
98994
383687
769170
242199
246671
951114
608236
177686
461678
265978
283647
294506
55241
539452
291360
853321
990151
36241
320421
354744
239073
732703
478532
272022
607122
709042
475768
770798
803557
880585
301777
781658
640695
281992
455111
802078
349113
984454
357089
33033
283467
913695
121140
668034
949415
857643
34350
191076
106833
733732
494716
964816
869990
220621
202515
835409
957804
229778
115979
195709
729282
700968
202502
791634
960400
369121
829696
768556
922596
737017
374276
128419
400390
191442
608345
479933
949362
479646
749803
199069
780696
368394
307461
556170
894622
38386
543801
711610
231574
389103
904776
826737
453896
27786
196517
775729
768562
232801
118614
370612
870141
561756
41361
908128
894258
826651
735823
501061
367284
515999
573051
575371
614446
322000
116444
365557
20805
167002
130898
825270
452605
499268
661982
13048
7070
127796
252336
376163
739294
175648
133653
101937
515923
994114
819402
182542
134330
737113
646542
479298
373853
44610
865810
724431
888430
397034
916451
716857
15239
753388
834868
46674
576193
349240
593397
781670
139603
236479
978250
154636
810856
343197
747367
603097
223095
942056
762296
801172
419808
707794
319402
301661
524846
51908
116186
390663
984165
18863
283700
519383
260864
772536
322151
163854
100643
562956
744108
258790
603416
373648
662416
939633
322820
290669
816649
747875
203193
844668
553001
264918
857793
307738
523787
27981
143356
394798
630692
383552
719512
952919
886731
65308
25472
413764
819089
668882
435206
769038
458506
582862
864695
111221
230263
323373
976794
30593
726746
207071
631345
478379
171471
481678
738370
711867
583721
675837
230824
100121
448592
223069
73570
258261
575595
119707
529275
821840
915504
281194
491624
680582
448556
989874
356746
36218
587532
58854
467532
784501
665674
490896
604214
556478
231620
667487
176362
1403
182931
771506
129608
626963
717440
97865
703747
912398
178936
27443
984268
400634
626247
922308
36647
276276
795045
657787
666537
375986
550765
155567
538443
211739
837010
939705
758232
928645
746337
842665
395826
584664
752194
473064
126874
183558
976654
171551
21825
191449
68794
26673
106737
166014
624676
986686
471436
89118
3666
3800
851770
164142
84187
143057
424756
421182
804339
762859
565072
100041
521694
79223
659114
147071
841661
835783
796123
277009
34718
45778
250528
258471
108065
176327
131057
179191
916791
893068
434400
793622
923300
494455
875609
601209
531337
833144
993197
655409
308870
82020
469338
831000
665871
103907
684903
646744
319537
947837
601077
237227
898868
967809
415853
344798
330651
546968
915223
604529
752644
234091
322740
917487
986279
939973
963937
954658
776537
536752
424048
316232
966284
999192
806698
458121
457688
400170
861315
521015
919836
764011
688272
398206
140880
958297
866000
146567
186828
440315
903585
944965
858459
772190
444418
956876
883923
212408
359679
348288
31500
641548
703982
200549
866665
993090
18704
240239
944137
907187
401438
491641
45536
618549
13210
250932
899189
457969
365164
662905
213449
127128
378905
53396
282704
891149
221752
882259
230310
909623
686715
186529
457650
320762
850313
749100
899094
575535
289729
964404
907824
341107
982575
570968
130755
509928
977603
594218
492108
688682
183369
72458
466368
660229
746854
648560
264914
68039
734756
467893
331990
228975
967616
497922
342954
244493
93774
954175
691330
123548
462970
620615
58791
800408
85045
288346
592914
349612
378659
854695
938170
642271
624706
238262
941145
429876
141846
86629
930224
260658
832179
27082
435923
227080
974366
536549
342606
948012
167981
66805
973122
700459
636206
386739
212531
671222
344744
309368
6242
523279
952775
282461
78507
32650
811142
726578
606407
932667
647287
240271
182462
925527
525350
650250
775069
230897
165584
927078
500713
528598
368373
322491
399197
554109
30884
168376
278083
141817
605137
424499
492808
996817
822024
535216
632646
681203
395914
200398
868453
37120
247936
921690
359472
129534
546014
816111
551076
934645
362864
829628
524516
990892
931683
517873
754719
873781
881843
62302
189550
174173
459427
892733
150515
187756
289075
275761
537317
913408
454591
917130
389907
486503
866766
65287
599123
409637
985167
342081
702160
393310
990234
560817
136317
933161
666876
502944
275631
541979
919157
158519
957966
10597
505316
978887
519314
462267
413305
399854
876158
86467
792482
767117
846990
286763
602157
899898
430690
502193
933765
934737
890705
665132
550442
687929
931642
946900
631879
422917
129567
797630
416122
51573
39355
606945
975650
159919
437093
343681
301544
182234
141464
549912
364745
558934
776420
250077
596752
837291
426422
843727
993820
395327
242539
968513
957333
624135
139829
520818
108357
277932
994616
478430
399057
398454
635262
236180
674036
739911
516354
484341
53839
984246
337198
859954
268498
850004
164157
422516
49854
569460
998053
241598
505074
511841
315050
45865
986765
316855
954671
720544
262029
204835
954769
677188
882706
689959
259419
29336
319025
458843
150636
902372
702155
637797
757473
324410
676024
694279
285972
440105
835621
822690
843453
612253
506368
535546
46322
153029
815199
940668
99083
759800
640289
532842
708086
624735
649964
823270
514848
870967
583190
497186
704145
814698
399674
783182
771710
237714
29974
410922
761733
612493
50365
533525
64811
678755
403284
771278
166770
965183
704021
429658
555626
159357
819344
83941
560509
542041
390246
478314
174694
945365
118365
606305
985511
994102
936975
345520
952623
389380
763906
768654
361551
436499
476530
110138
354521
698787
213788
339664
932908
45468
125384
665616
309801
174767
935882
378238
147985
946292
658307
638198
104031
894626
31093
712456
551893
782213
908115
130964
431168
723013
900813
312959
417068
572545
169467
247360
832860
313147
144529
967390
67043
475004
485378
227489
663675
112619
465868
88729
707992
471058
910226
801776
531990
246397
90423
765349
941774
617983
545523
395063
750994
738705
5203
615823
168366
255576
285222
693576
270954
876872
172796
211541
222675
359557
503021
894329
873783
940481
948233
227637
706666
386805
526297
509471
793059
993347
560787
280033
45054
268250
822327
92006
644196
898869
806938
805538
527541
158964
66857
840305
278993
390585
582800
481293
897432
309366
214962
580631
937209
363243
955085
316787
703961
828990
358778
349233
463432
697202
268261
629047
933071
608310
639173
154983
961361
609599
138887
725731
742269
244533
857406
796277
38006
977854
90090
841064
664290
116687
247942
574958
524136
666093
970346
984085
70376
816089
500105
158567
389525
320132
920398
416284
126422
339679
346767
512061
768334
641028
684064
599752
106611
267193
808121
119666
998751
798339
516983
440113
631749
376049
603337
427285
801576
744360
399322
87065
866323
834968
762637
861181
53204
139120
984233
283722
449736
312127
207037
62812
432078
104919
191908
997450
875921
247183
547649
613932
904959
521976
552027
119624
630513
376349
727784
179985
629440
964203
145328
954366
274384
738093
306408
267496
417706
197519
656315
516538
314554
355950
960488
211422
197876
395456
528646
289164
663321
680882
669341
479567
454545
315171
119656
46398
864863
137018
287529
96817
15412
770680
583220
839734
471389
505734
307177
997185
599987
153955
42893
646623
302942
63086
391606
370896
514552
881568
299227
48082
296966
176106
614400
609264
918331
761883
178201
750983
802944
730899
644477
246774
417246
880210
380439
415956
819929
384142
761547
620751
707383
641813
38121
298583
438560
101430
256081
693519
618682
803513
585918
558613
351699
177831
252259
403204
153170
771354
499914
129691
196420
209298
788726
111761
432820
86661
391499
271681
639902
898870
136332
294486
512294
661713
108441
502766
200105
104944
302814
397001
387673
815177
493966
690494
229571
876242
829720
250743
265344
138831
577851
910739
726892
449040
920979
185421
877893
442579
142046
860281
410125
959615
197113
211936
868777
278522
478770
664601
452690
455659
441346
482625
912062
635117
982775
20936
962895
799053
633011
414984
717741
114837
92097
937917
811047
272444
14693
995170
123464
942834
32284
945616
742227
201008
116008
786027
691981
817069
611337
89098
312887
404282
287716
383064
218006
203387
445260
503368
894849
295258
875116
94902
336442
974428
633479
451514
834264
140563
367999
970659
692895
387298
312359
428888
457308
517081
46002
694612
472849
204888
72760
753846
728633
400280
292283
745171
178606
589240
784630
997656
769335
653397
419736
531752
2526
535796
519358
487754
4258
222885
760210
556934
864194
645256
75395
570518
754187
718316
405772
719892
583806
516644
858812
694752
197286
952977
226905
830875
875148
909046
806520
507372
165861
631201
662273
454209
903963
824674
781211
518828
206534
228931
661907
915925
282698
172263
761902
137530
729055
24802
272621
752787
190046
662468
876023
555589
460728
528334
310042
121938
609629
69668
160594
371511
273710
822316
461907
827916
585795
370724
399943
414179
673529
63030
113730
315685
546661
247724
467470
565998
635106
896955
871007
412812
116750
210960
799165
923777
996884
183821
538888
729159
675039
439034
896582
655375
220426
957182
849200
456335
407502
53877
788231
860513
475589
477974
311957
100480
31680
141161
97657
975281
915547
595610
984028
417086
188077
994683
426763
711003
547472
20644
26899
333100
618810
991389
363683
226447
297159
559495
783718
870907
60247
74679
147743
747719
200523
719986
103297
62365
262718
122603
147064
670682
831061
501504
238579
431351
107755
550190
174629
320676
693035
302710
893296
348414
166762
306244
443953
874735
446308
542316
51142
777356
53547
391880
14919
488365
601940
293631
588881
679567
874136
682911
867795
205959
31618
696680
939811
178124
866851
917698
751473
506272
554088
496463
560871
741422
230918
634618
994014
866942
143032
858667
872799
12979
773206
455529
429933
350870
216854
267312
479517
723289
69779
857848
999926
949344
485097
698325
696243
103915
763490
920880
895208
589835
231248
36433
973144
258853
597041
235084
650074
727047
294172
936759
184349
473581
276855
371094
8511
372109
57352
532488
332067
403382
756047
295384
424908
283471
661957
457171
243751
703555
236926
45459
506887
444671
355949
675565
571789
820242
879082
794434
157794
83290
861877
313110
149431
285269
842006
76234
877027
266647
781445
898794
774590
892937
198248
386773
625397
4848
347968
293673
801996
754402
394467
194982
191804
164382
35684
842590
95591
387145
939525
645168
916494
647886
489204
291176
299123
794105
702023
350187
452783
882641
81319
439643
559446
331605
860604
538895
901946
202676
759789
507462
887789
418399
714892
480819
28077
607234
491989
627167
175210
839376
710878
810101
454559
388850
829750
658214
994607
499703
525188
560045
166286
610387
839866
869793
924983
64472
74765
618042
571932
602170
332866
172253
674393
467781
777964
971182
110910
109763
589657
410661
404320
595635
340842
762956
861839
853508
622530
102236
297380
305482
590689
313973
418587
26127
435203
208562
774243
907484
641093
697811
910217
188692
875142
843489
872474
723446
183637
753194
914933
836889
676255
324611
670705
716886
29217
411887
810300
519172
166943
340648
705511
729269
506309
190369
500952
140388
635689
136978
213880
656074
722591
754004
430235
363585
405444
985623
36604
760389
329324
581616
136725
149130
625878
77949
632323
631895
411418
48797
930215
82773
712840
64855
993671
707608
213534
965970
523928
126744
288947
734549
192173
58318
566947
721531
213039
554251
457241
998365
506200
220967
448260
48163
453491
929817
1173
917153
76202
149941
166700
491391
863208
650120
837235
426411
986323
580745
542451
745841
504422
261506
34967
523261
422194
445965
101679
270043
522427
109712
979413
83912
23852
73419
936435
126159
343500
474726
265002
243811
201846
917647
866644
831028
736101
673115
569407
654716
847854
688912
367872
652301
433281
299492
628864
639545
941827
887486
488668
161180
375467
347909
104617
341685
105181
574779
747398
104617
910145
476695
120815
294119
926162
658075
110829
184232
888412
340542
231806
745550
19015
50137
474289
768788
537414
696304
995896
466129
548334
598000
224983
105388
16802
271978
803485
960677
490777
764409
301434
806846
610999
762837
386120
280179
909658
211591
44688
439933
253932
480704
441113
910237
522402
629571
498654
258288
18473
957764
557647
882798
631346
229230
912215
950479
342151
633132
385016
388363
812507
72657
856681
714021
918952
424954
760558
417987
763905
599298
194270
752054
210487
39155
269065
956949
956402
487051
726187
617567
56871
71033
822974
914576
337077
96722
312375
767567
442162
618220
626518
902229
674772
521530
326673
535258
499205
498104
825099
322066
571314
295586
188527
675884
325420
844699
573532
689518
118509
276994
689421
805610
813818
459820
241747
803367
392161
894465
450314
471111
688590
663003
942903
798327
967304
304798
809758
760017
329369
869602
852830
120328
794464
727546
751538
361822
988440
310888
662195
104310
289003
131957
277266
112355
752350
465665
732233
323397
392493
684060
577398
724335
697390
100345
788113
995314
749403
168609
942607
37816
300664
664450
623790
466153
260248
537659
784255
169950
558989
483248
283921
742111
559658
176035
207529
505815
602866
303296
519442
777395
828400
666899
849263
810784
466424
13341
627813
313014
817121
190629
748845
256096
684400
277665
136148
229436
131671
306324
108419
732750
73198
916294
945303
288610
390188
597227
965015
287892
637109
741135
761675
486431
734110
679950
752969
658144
684708
886748
404906
335894
83083
74223
418971
680592
861581
630974
647911
392951
338756
781044
918464
735268
339746
967157
526449
973109
627485
460862
444581
990207
291200
205967
178520
600626
706297
439293
492520
783591
233706
449588
236524
695780
655314
355144
992899
221197
704043
27443
565199
175762
971358
754744
957562
724968
819069
536275
365636
372787
924182
25844
675063
79846
493055
845639
924707
715173
296621
909735
768607
853765
775901
903290
519234
155477
179209
423227
250466
333270
888973
51537
515006
474174
625066
410503
529511
989533
753636
187544
845792
345093
366021
222534
102248
809711
649180
238085
873804
917584
876320
761446
611422
141097
957019
161429
299794
733046
97463
203820
441241
299438
270810
285195
981154
38239
605573
566726
901458
805044
991112
942715
974394
869670
497320
808207
109191
721527
801138
680086
137964
819965
261410
795469
463476
684824
65998
866409
355949
414506
809501
665414
765358
119194
188772
944989
886669
117885
49352
403821
382909
585054
93296
485950
126116
887861
491806
136996
864807
548584
701823
680737
169662
468693
705873
656052
609217
74924
394381
408197
204053
633987
466793
456899
298888
914910
16063
968173
865761
350717
665132
817088
695727
112783
663500
199224
691582
272337
873493
931684
544769
251606
2966
716559
812705
523998
281510
242555
389061
798991
613537
741947
77188
322749
64940
3816
619720
354444
363816
585989
390337
808831
234219
640108
531383
127191
634831
73094
730604
660848
139235
955673
334826
922182
938424
919271
440343
579457
451656
89175
922852
841365
102019
422918
473493
812741
339189
802389
998123
326725
971014
792686
187503
803414
762002
814000
491424
220346
291971
174661
816391
912769
712963
818689
339311
749507
226751
3091
160902
648610
925057
226250
325988
444059
657644
280695
580147
301012
256240
185079
431873
403854
475759
712010
690206
679953
993731
812240
645124
93465
928172
497039
934997
787099
759442
458168
224395
945592
644638
279581
112638
224397
613303
15636
8351
682920
987048
648466
271685
867068
929126
440892
527000
363905
690898
128223
969440
932009
776875
373482
785242
542717
429911
234596
688309
316001
505532
806084
917889
220582
539634
710834
209652
451343
385230
82707
990836
791868
504982
546278
728421
428622
849527
548164
443824
495896
910122
267497
892564
498966
429708
813429
684585
277245
471159
3154
792057
793045
715360
44313
563149
223668
908925
588323
415816
113385
217036
980294
717318
412895
264321
459835
950228
945644
119671
629455
621782
333127
370462
877944
767665
285093
264412
313855
502059
466692
726511
347399
488603
169147
934569
188457
567284
451125
564420
261783
357082
268142
466696
898190
75598
503156
573196
331434
192997
351092
357263
601186
576932
684235
601731
907399
763966
848220
739701
734838
359648
453719
880046
994522
671045
294479
101714
892470
574709
62262
100575
967603
598188
757414
696224
824375
571098
622233
622693
423875
714552
453318
637565
899016
401781
245714
741667
10191
693497
691385
922122
389933
273920
939622
44563
559464
618359
616396
163668
710006
402023
972502
429593
923512
652357
581663
137593
760730
843104
852855
433397
638541
773107
606558
148981
779495
557853
535475
744781
667432
257659
215913
568543
471695
690243
556754
419139
157656
794281
510861
592317
458734
356825
237954
902460
8360
945199
229630
456737
330740
323432
108880
540907
15570
472740
313317
321007
982145
566773
293335
287151
446649
200832
677016
521893
590537
505836
912273
954332
395895
305235
240237
356248
916758
819255
113587
161599
418728
676230
453404
269392
970166
337456
832733
348620
530091
87941
426054
705542
798408
793917
763367
924240
652383
650147
312144
477020
716785
200891
101664
407489
880675
67236
918434
173518
231453
358129
965898
760714
250959
477432
552939
901765
991774
453098
724619
269697
282533
399570
624457
815947
181693
311834
97439
113444
37750
316811
716578
558436
500744
606975
518276
999876
985924
552590
166012
595012
378890
475020
446220
723111
124465
878471
61544
309412
478141
74216
668327
767468
772631
576864
22473
289891
734744
121443
327642
856358
393372
321611
92628
924043
148637
467744
801498
862822
324476
689169
25698
539021
728481
994310
638408
320682
585830
963203
693677
594126
569534
439720
497006
244664
863784
939432
99974
752587
678892
84560
219717
197784
217802
800497
190333
787755
250473
967827
328129
293913
303292
274262
765449
889642
168179
333394
921594
718654
176765
296266
857935
427116
630806
108541
430436
676761
447316
911451
705703
801044
689738
646673
254007
135866
21281
103976
152915
150319
605285
437369
263024
572571
754282
452445
666012
394106
688209
546885
321343
479684
80069
127732
119090
152721
974915
687389
619709
916405
288398
126954
585168
339933
225455
823090
132837
524617
810468
301736
445993
817205
351661
972339
883759
834109
577631
169987
180484
343467
116427
569142
48905
427573
262559
271262
524476
405869
341384
245680
58184
440282
831119
169988
108188
459689
791281
572865
840932
927686
826859
545388
1499
2777
719884
658660
188397
362883
799105
635340
97226
815001
394131
982345
838190
7375
565382
368514
969006
165382
798985
776677
551687
809644
605113
468483
818242
847891
629289
738712
438796
353264
897921
977862
877612
818172
258973
806406
119822
852981
298707
172268
779027
269147
751733
900881
775858
442957
977982
164190
124311
847990
604668
677576
512513
168318
277059
19931
551663
911354
975984
631007
153478
371901
121214
184800
201899
178567
998910
845911
955874
66154
404192
288486
914747
593570
27734
153249
519790
525170
299744
286669
144343
982243
642680
824674
119682
123969
197366
821134
760779
906788
977063
14796
652558
382167
560041
254327
696732
827552
110207
93345
57334
697653
118621
191999
425644
239544
545672
261491
557187
888204
924049
276274
297344
666767
632586
223941
269957
646165
177908
48349
61839
26332
406074
292977
176229
303863
789997
285188
466677
740986
595364
463983
479632
759047
428933
971805
822485
434682
560998
458492
267210
866234
48998
306057
715573
524042
949761
30518
442548
301418
658775
979830
955805
663366
205465
176433
943930
511055
123102
95244
450897
87444
759148
247035
970967
159112
754302
144366
715262
967515
42161
808588
976112
309778
353712
698234
86454
814769
751351
290846
859122
632270
287035
516649
543710
523858
826457
215836
997452
332502
872599
650760
14985
794866
339161
534191
705086
16541
442307
745044
84849
213900
969059
184809
60489
96158
248175
33805
727635
784887
280261
411463
95001
297379
397300
579761
696206
952025
473536
561420
55216
169397
833867
706570
844920
812239
386170
160279
919882
577602
496553
820403
155203
758999
319719
822171
261249
90604
333398
421537
353880
828298
428643
100450
952945
482943
865806
837864
858458
55215
388955
936767
7462
693067
907612
927303
927655
936668
73293
563303
53668
125991
154871
366141
511820
656683
717099
543989
477101
986503
928688
112119
630782
207733
17770
274688
456228
117186
197338
909127
727227
145871
537244
698738
213434
4743
974418
990829
113959
397742
2416
888730
301411
778113
53411
550702
276
503884
347727
161536
538417
642694
305208
205502
412624
852989
910510
238966
552604
683396
971714
972184
510841
877485
988296
388448
41993
993625
227797
946290
977935
114075
275727
157621
804651
868853
64543
492408
316776
550564
175393
577384
202588
412871
412977
563450
329644
115804
754828
571510
83373
731254
811299
365912
57751
379919
537113
671886
415115
697574
354457
921258
345998
566042
93433
514216
792109
637981
662232
836681
403941
10674
554734
87353
793821
554609
489447
694795
328721
648789
856999
474373
600047
945701
480953
140779
910754
543460
861989
457265
412193
737168
785143
877536
56830
808489
958299
300736
131674
319143
220161
825382
441030
727368
749803
637860
729276
251930
183344
299962
886500
421414
152009
513322
282292
551235
934987
828742
307368
805447
203029
597244
618140
705378
347833
400810
397551
413675
214654
21415
374666
318161
933009
354147
974183
244384
173689
378356
31851
208114
318608
626089
68883
815108
592278
478603
746033
914788
978190
904662
7010
146411
639700
390866
933025
203695
919123
824224
626403
52
131783
827648
382561
390220
630411
696608
152453
856535
923478
462769
220192
634899
916496
407980
207321
663727
202202
933356
132746
206367
43217
882281
542970
180424
79440
603590
488988
168499
666537
620792
784796
252453
78471
614785
391064
909593
110086
872756
198524
781242
270980
352362
992261
372735
672132
613747
684657
997945
330375
774172
598761
256164
73700
171192
9297
223477
521852
948931
569285
441638
442968
794991
583470
931967
781488
482026
890186
875154
521120
635024
50068
546218
495220
148934
395136
153690
891516
135871
817142
537778
252993
567048
142710
531610
132393
466709
31363
94620
556276
57578
91458
708739
447805
721809
803648
721017
643092
296430
946786
800146
530147
881245
959779
85692
958034
4135
799631
900076
666292
295778
153100
513632
434675
125376
207880
781034
282355
747411
396697
165677
534547
569388
932991
345239
103087
246021
317763
711832
976531
77879
805561
260237
850523
984693
462969
369919
10567
125107
633705
407620
554366
347863
550299
105637
666468
249625
41831
963614
174354
171506
219412
788748
684280
130413
610116
406372
735859
72793
467511
695211
336070
864429
346545
210689
945869
557084
283435
665193
729468
99778
943369
162991
293104
303757
974995
608670
28716
732766
235684
290059
357791
391859
909523
822220
794040
569946
576679
552326
370578
621961
454077
863267
140090
763079
704345
782619
81469
508978
15420
760309
374945
928978
204091
500745
69756
71797
267964
987105
565837
839818
22458
782310
361870
695785
271358
870171
295786
740141
456795
465085
689526
819563
244219
89229
731959
644825
994532
662677
626368
856272
955080
43947
381597
469372
604502
721218
973191
973728
671101
127028
697450
194262
211130
499172
450168
304817
28373
118018
805875
514116
182581
522000
644546
863194
931417
255543
354973
34972
267202
425972
405420
411465
11981
352622
900736
83052
804734
411542
532709
814260
852808
863709
621080
369630
837411
397301
570479
701521
34834
949715
18573
187333
130142
279687
258857
254735
620995
443344
724340
680895
195615
942569
630787
991546
44419
337015
473438
48195
716279
960610
294563
623118
73955
836427
369676
57088
818755
594600
304852
104634
582318
9505
809328
303384
743082
58526
42249
74289
183801
15007
526087
682429
168890
289141
365462
451892
854038
941723
338892
163238
199543
539414
188058
292819
487437
921913
244957
249484
32110
572468
350619
338871
557323
936843
662300
500797
296278
567063
989771
602925
769959
575181
18846
16910
182475
97812
898320
879649
902881
287089
182693
238192
831914
926217
646393
964401
253588
64193
630900
307884
864436
618108
388070
299435
245331
696946
761031
98486
919150
394449
6857
964460
612831
303441
493597
789254
526006
726926
273016
118782
580145
275024
508106
135429
660363
116445
446518
250240
723997
99499
103124
57736
445799
92971
678302
344073
646058
98774
650342
627023
870246
427402
637395
111030
26957
453390
759504
103625
959875
310466
455168
311711
520488
54393
259321
499909
730086
836305
671556
777825
647156
141740
98476
789142
609423
735715
405674
24160
398671
46608
509853
812507
535139
592864
213147
204574
824411
903611
403902
170759
511900
173583
241838
326052
524240
774447
970113
930335
68259
30176
650456
918547
480675
586843
654192
382446
867700
323240
380811
36226
926154
908008
146420
172043
268135
82679
54462
414533
625461
321687
129734
51831
467648
630289
393822
226768
104176
98121
573155
53288
25176
939483
80429
779200
761300
533348
631889
12638
388864
422907
715448
713800
568972
147602
998391
572274
869946
822867
874616
809221
839395
287149
348007
729232
477061
351347
723714
235025
722482
750001
382759
621317
920391
891608
301701
558929
700453
214304
28992
962899
715479
162689
851983
171607
906150
271861
404481
628030
568637
476040
952899
851337
236337
245210
121018
502877
453405
39162
237726
186757
641037
707864
946642
792729
437907
237938
363397
754283
418329
439824
315368
487366
669364
434460
403794
930303
833822
767005
229042
340437
313815
544976
353946
256296
900896
824375
283001
681879
267323
479118
252819
247417
736757
361097
620897
674173
42844
908571
453214
693420
185042
584126
291435
508730
260022
666358
194899
638139
172900
15567
685709
278297
576189
805626
362168
831849
571096
898842
384234
785458
748412
866719
497047
753096
435434
982706
41746
854896
368248
245390
466707
26480
148066
810564
571796
731436
255054
219879
980173
116946
384712
326723
278725
814704
498664
828860
286524
763217
116750
46147
419098
826938
881431
590187
372517
191296
233102
155365
287034
501413
783150
543744
714728
985243
104401
349365
263602
476706
110576
280178
515667
618969
775785
143783
852611
57098
503174
246495
264821
861521
220239
184448
478290
134100
979120
442620
79487
606543
335077
293638
188766
587782
527394
350919
215407
682979
724391
634469
950025
612259
54155
976140
546118
708986
676600
558878
627045
999761
852714
734456
838924
491591
721690
901529
275732
169130
536300
827332
938269
875135
415635
828039
722179
54123
962817
747654
891473
334688
917174
650202
234513
766840
857915
878820
415734
894052
912023
19631
596528
814004
840978
885671
424353
230644
552565
67078
220907
108367
332630
993259
435335
181851
272510
931610
971217
586084
429346
517300
630813
51046
340175
290661
629347
203078
718681
507705
607047
755805
343933
784778
816775
346469
788552
407203
180596
29079
558776
923554
516890
295744
363272
173252
487979
145966
812952
552492
585469
364089
482247
302751
14009
466933
362913
759212
232456
426082
607987
707656
660241
954230
798911
655063
654859
719685
483692
74534
663704
214643
136028
490197
936032
610831
369306
343649
159928
160468
434309
358355
596250
252548
45985
64652
951331
437132
418941
558122
312121
900857
243504
865758
69542
72413
40322
238150
396724
157247
980127
389525
260108
432542
350806
414020
488189
404934
348786
21417
676975
291237
248129
601696
874364
934425
409761
678307
611849
88966
108715
246426
179217
991069
103549
105808
680076
112404
705302
71543
285978
550317
657438
272255
582437
883873
356202
902742
482746
214932
694463
468570
822035
406442
527238
251532
980242
707384
154876
694496
607674
919073
926297
101354
980975
993063
143072
767138
717787
73589
950377
409835
578365
55963
624949
951561
297681
569102
550238
355516
571317
667196
193491
651082
20769
809719
952108
568472
41722
882115
357043
127905
214510
455833
479112
735543
809603
147790
71013
218186
842413
629808
584622
510522
19776
448952
551159
157389
667803
337842
86154
828562
800103
515534
45686
868585
553925
917753
442169
764741
475732
39937
429912
850548
815693
51700
983920
930529
433138
823792
110210
73122
78337
588342
692819
852241
319699
567200
785792
583927
737681
429657
156997
318164
961217
324559
332527
392285
635342
985820
416410
295990
134830
957281
343165
256801
439480
906208
942116
66339
599677
275037
807372
836245
743253
54257
49316
41240
631652
128542
912128
344982
704668
799001
883699
143427
847673
750130
984968
784523
7710
984362
745973
669374
2422
977526
899485
24584
645830
808294
463907
826608
190645
292104
575387
119960
482235
720127
549518
633610
45540
245914
29527
218616
310641
187435
687525
52119
104765
992249
770029
377988
912616
966390
418116
646442
573835
30065
742285
598140
668413
473944
946735
111538
197947
53617
393594
534966
155719
709793
934274
754540
496199
8963
792463
53588
859995
953971
96111
246376
382791
455939
180440
504336
750667
456622
800661
116783
281826
882142
225008
151548
907002
415945
889452
76795
291825
221750
66727
402052
647348
753964
907474
656417
429470
715787
503429
540139
2288
682554
553935
778751
37285
83470
348323
275920
471379
277404
876108
89045
122492
684868
99113
237922
480617
253769
404535
377591
938263
360751
681531
398630
781304
18690
808355
113082
870804
192422
841630
140534
572240
861933
977067
468252
593377
70464
172667
155411
14071
671769
947162
613948
773614
201242
625036
855127
412099
22847
832211
887127
204142
70026
797754
668758
558668
632069
412031
764544
247712
912530
605582
825521
313699
270619
44442
579185
976990
877932
373350
749335
142196
345920
6269
610555
820497
864630
480936
687165
655809
309288
683941
817580
850733
370051
522936
42971
99437
395080
415430
421812
984965
565831
556211
639932
847777
893260
383692
534500
927044
950264
782654
668652
411213
833074
688675
464956
413749
984426
583609
71614
11836
564401
284452
234753
483567
697954
997474
718995
657663
204363
37249
32107
910926
667309
967056
566618
283707
215723
851345
882080
575502
917374
313803
719754
577882
148786
357223
975412
74673
3846
334233
897123
397297
969017
757956
635990
937783
107780
234745
374550
113050
890171
940301
866046
610199
183936
978828
24685
698470
515963
573439
867750
878895
398428
281826
442890
361868
514196
610780
808079
426710
552946
341427
792375
783722
554484
148894
780449
644359
26431
140705
530862
757882
425424
582835
76608
19572
839638
395074
798462
206327
600288
750938
681372
166298
520695
768400
486336
746341
951543
124672
222327
174362
35366
123503
233466
629704
691066
103063
604174
660473
771667
29933
743886
558397
91994
961634
93671
937644
334474
891976
424438
875239
687478
806185
62040
935480
192944
977526
133996
689720
728675
251748
981536
119740
171844
885308
904491
720779
112078
924490
707513
452464
282798
884448
958000
634201
495202
520867
947976
657607
396164
688108
449987
268605
433423
43260
48531
447134
564502
439511
199648
526870
712710
985294
348126
221927
98439
334324
809469
84942
33898
958434
278799
486984
613235
312464
931645
31158
465348
601222
578855
392415
365474
176044
573202
711899
290327
75842
542028
338111
478164
368910
778528
560988
403249
841030
465004
868421
223284
676031
629606
873602
232031
857172
416241
41421
460998
952966
922736
510432
246245
425210
257897
962398
772541
208388
570955
909276
326586
746766
685418
967515
932176
790688
174048
133593
407726
188303
916854
999882
336914
532233
244991
218729
967359
740290
734241
192506
139707
529159
198811
132271
84663
156879
383115
493529
976054
907166
546703
313179
793170
288584
987838
387079
247146
490785
903204
650264
619534
829687
142303
895550
640717
562523
371754
423617
346056
91612
98458
203936
485775
286397
86291
498744
335342
293333
800107
703248
419913
572141
778328
629923
84234
565961
108744
230857
888270
970430
363780
636392
142470
302901
674697
788332
982324
645938
871143
303000
474614
161466
508356
711088
980121
958120
74773
32338
57472
360342
346201
610593
625514
894103
772752
869348
475025
339845
461753
684778
314860
797779
864226
483829
199155
468170
196448
254438
999716
274181
814891
973282
533035
486186
628861
48681
531334
827839
682105
260285
293058
26595
260098
473186
93331
778952
842333
500961
900071
465531
274404
585775
347795
729273
751166
637527
261211
812878
66430
358046
564495
355419
834992
701120
798934
436762
837915
198570
220211
193834
531041
647965
484823
421627
898885
662173
901078
603611
341710
393471
603959
794937
660557
872347
487898
957393
476607
218880
267679
507403
656377
246515
695504
195098
595675
959691
749093
448680
785007
249337
539202
871651
577666
113225
214275
844643
617988
250914
686835
783037
112609
583980
22385
957740
648793
265211
354964
119524
307533
867042
841118
657767
348559
577193
74424
286087
642649
544701
50342
591945
312124
292890
415619
99625
337566
753025
742183
948772
189461
153322
753934
396198
119894
326470
501513
530793
95422
848406
984993
857784
790388
696894
116333
44568
327184
217108
958979
205382
833623
97618
104956
692509
359316
437949
550921
880854
181705
719481
371249
246670
273081
907882
46686
327370
91304
886390
308075
780940
615875
298968
721407
189607
391076
402465
71225
356567
283687
759908
968320
709298
173567
66582
858419
363998
397572
9000
952802
147115
312664
995909
687758
396716
43025
613370
869358
461868
622427
211363
161987
534002
560248
578855
334965
40244
477316
585795
89351
921246
60374
228425
517147
908030
439143
18641
178955
719092
306096
87911
665963
827267
370446
107776
86425
923200
770078
301748
330414
628679
640649
3538
321912
460944
659525
908189
28053
225942
740801
77482
827992
941364
353085
928668
987206
677241
123213
829627
816218
941381
165587
740002
945865
999354
956100
578290
66315
510285
785342
375377
397102
509433
846724
781961
492083
528068
153479
513853
650301
814979
396074
537242
512947
971039
581092
672867
730376
90466
8881
801892
326391
116518
348549
52175
115978
823065
596669
738000
668260
400773
804039
458317
61554
835178
309945
354808
809342
52505
799461
648603
942261
64476
495026
157125
280241
139398
552079
26578
213137
538939
666087
974593
103009
424480
710537
198243
258468
373162
948714
515216
184209
385696
901928
408830
13276
667141
52966
511824
17080
580635
553553
2787
394068
55594
42615
866501
387761
534310
217673
860513
412489
926311
57884
116098
622628
424311
782418
284404
314854
915910
405883
530470
714469
628285
820278
549003
148808
82776
760740
210091
225229
364388
234915
466432
485076
960125
99024
523099
502750
893852
538703
15189
593446
450629
721755
319113
666738
200539
976520
564407
484363
344481
751885
509953
750873
869020
864185
915528
155186
110626
863012
103506
562921
567529
565339
477281
236742
377464
922503
22842
909287
536867
648454
171301
995940
683762
753124
486216
972595
607947
979611
572947
343537
403864
849194
464735
993958
705544
423088
267263
868477
905150
971480
825764
508176
220729
884829
225507
819401
565444
993861
105745
530328
284253
828732
538364
376785
164662
79793
662445
785508
382689
735563
479980
436715
169619
828699
65914
261779
55183
357947
885547
952693
305470
360690
87578
23885
457355
482732
754209
640041
224084
882246
430553
487208
608177
513844
30993
824475
60570
158046
728906
232508
962338
896778
107228
476375
14500
663382
995086
917741
26298
355119
368323
69156
68949
631019
999564
208457
847610
451513
343856
787516
172877
414353
348395
146304
344319
417771
562374
849896
809621
301961
799257
433000
864447
926170
878572
212094
808216
954531
33943
795720
604503
433915
111757
212359
534169
906781
394428
833707
841234
777964
89566
118141
561602
986868
119111
332464
611027
466564
60610
960145
207709
692125
327342
164200
630985
792346
171424
728560
701468
310876
807873
505575
753536
573255
681066
491982
560349
207817
21381
966363
171338
324887
344963
250810
867198
247998
636358
86722
208658
29339
187420
192424
219840
654485
528778
861280
242020
303675
973244
209924
369129
540733
531934
184189
357617
357421
802946
566603
455095
129356
429995
989999
459934
141263
201479
989976
758549
542704
178795
627078
392185
86446
450936
829770
597764
537289
439553
119954
897056
158490
886626
338782
917039
717
999041
271080
112882
14846
970627
898285
884062
156044
13497
545136
934117
290220
399224
42495
270446
776762
523337
486798
885071
912257
266194
197715
328951
863702
316819
804980
455620
212420
582326
701254
173502
698040
118947
395197
443060
724303
112993
519792
44779
742435
187715
940019
324742
639170
732856
433370
138948
87462
418948
783019
663028
701858
135183
12414
443805
496099
60648
833913
394731
501591
58063
784712
547488
946242
349793
548783
651101
43872
292623
395496
808825
119955
447119
258175
807920
23346
881208
690705
405716
940232
878125
939908
187347
389978
476430
200822
83008
99874
121845
523318
827587
802000
230483
423772
989430
888018
992044
183180
90102
327272
469841
489250
245933
672240
551391
642465
978266
671255
188697
712865
790288
366549
972808
315033
601090
965679
789471
839549
805955
605501
163397
820117
549749
951472
306002
272847
332389
616084
422239
498936
902543
773327
936031
991567
520756
824998
993161
472277
304816
332572
924730
771443
113820
512894
259459
152277
400873
58673
913128
146118
876135
619968
438066
892256
979402
123081
980982
824088
812712
423643
370073
550587
598974
122979
428771
887464
400765
529577
386445
15062
913224
676849
923675
21302
21333
464710
854732
331287
306265
213585
998379
246152
182514
389519
532256
735393
522793
847469
834740
462352
184100
556365
636503
233172
417396
328742
917590
645273
703067
232478
708675
696274
830115
329117
236885
5098
344516
618753
149328
709587
725713
808044
485
916407
205480
798672
960514
175529
66948
384704
355805
139570
265859
544238
791463
937215
454980
96563
67007
30451
594129
62652
299070
837343
389826
856734
667999
479685
242336
897557
145806
335757
172018
399320
532823
557850
144558
626391
870868
469052
636713
743805
686761
479888
337192
427390
112262
91410
704603
443057
899844
704637
82994
70032
545776
554830
963816
786795
978641
787919
975411
601057
572120
690127
894088
445920
775933
306460
323548
427228
35082
169186
593732
368769
725176
836700
967803
582344
251103
180322
887174
945139
737544
394986
848347
758724
181380
236803
461402
515146
235722
274163
294181
431558
2001
12845
713621
173682
181295
315785
164968
634538
823796
646547
906102
939875
956896
478226
132577
867659
436639
920005
496248
472704
427582
700027
644855
416542
93623
576402
186041
192991
197195
507044
203018
50050
496541
261413
776142
307723
681469
397021
323438
308158
778814
937715
499436
622163
817236
510781
588982
262122
424998
625268
186808
957475
742598
437176
511122
367935
137082
795042
508622
272618
937458
584589
950857
767511
229296
841421
370401
459743
220680
161341
67245
572860
390555
990353
307925
430956
859049
778203
245340
641161
209447
867439
937834
199967
184644
302017
270885
56945
391488
332465
751207
412129
913374
210497
973993
1870
24643
180055
149166
955947
364370
348748
319902
371236
949659
352170
833536
531915
625281
908366
287472
996371
128189
430589
666522
558123
54248
83662
548064
338580
624533
490042
67572
723064
914059
830530
276492
904188
174045
319346
931892
997526
916625
510405
563859
294893
677113
840215
855505
641298
541865
906749
864908
620910
931569
841265
809469
785731
783900
859529
578993
910349
800846
642738
221042
601577
468072
314755
867756
39052
986676
438613
858681
846415
477177
635561
952695
42267
169285
548793
65122
427959
750778
427473
743867
757709
503577
899674
988005
289064
336239
200338
537881
351174
888389
185357
424718
275121
3778
169549
744462
960568
119864
75888
174045
743291
832565
836876
203721
7646
282084
812651
694551
906341
651603
120918
788174
677959
160062
14829
611689
954220
660231
171588
768557
476052
220111
549793
211739
931606
561292
312457
873465
665673
146900
330153
85436
225468
462432
995559
1340
689878
20834
947612
298275
549268
771336
456095
23751
573903
753827
464154
438767
641047
986012
916603
591904
414118
35174
845048
47764
57837
80557
353379
442636
830358
787098
406780
363212
425542
644545
519607
722899
77441
517374
552112
167078
198423
538387
839239
994913
287581
109793
318770
767486
921216
517780
662632
240372
39986
327271
116066
24139
713647
80831
575439
971242
711681
528328
329955
844515
9873
935461
757713
188293
738094
488301
22195
108617
225196
634436
776663
391320
349306
617062
475030
558575
81314
921457
639609
644717
128862
688197
143417
834910
247473
335764
957580
411263
827346
126241
318209
504184
583851
525858
346973
883034
822019
784869
366873
228506
489477
371790
95990
697926
52926
625865
39293
348413
658774
546886
497078
703523
548688
514266
5991
488916
304942
744830
388142
919955
532838
610978
541233
452097
131135
183898
87384
650530
557224
642295
73060
56767
132684
301696
853198
508279
376551
912472
558373
990300
138056
818986
375441
879855
511948
879097
996030
410539
549969
396764
865487
19320
659398
523393
115469
300080
126067
821826
47055
118332
828495
620730
992506
157092
175122
992178
788863
177724
438919
895679
143792
529302
513507
563593
126427
92129
916716
9137
55193
106671
291923
788582
143974
340447
965807
436342
236448
417376
558442
825554
916388
275264
221761
282611
28743
322379
251245
149653
239691
578366
485598
596417
553634
221810
358223
182423
246966
16527
571194
659279
654838
388375
564608
71786
272142
304631
808356
761167
621833
7961
92241
171456
885787
801909
382916
832866
951931
119590
566044
380343
414294
6362
746644
805978
413274
112657
379496
120838
695143
154422
750395
480393
356166
995509
153754
987199
330698
56376
455501
524564
27208
271653
320168
632915
101364
958366
710581
546808
475743
181890
448828
200599
241931
305462
578920
492529
158307
139706
305518
648970
808288
89891
444649
190793
182198
455797
785537
889998
561076
209894
946280
232888
226933
319170
319252
633988
745744
777005
531115
612393
327005
207693
146083
979875
232763
74272
982285
826689
231279
673654
98528
325198
420204
400375
911774
803865
116267
915818
909718
503792
104288
445896
568372
580140
9615
119923
421953
81126
231502
983846
391007
515325
438718
560843
872311
668999
803450
947586
48756
127043
258869
965692
731688
188961
199944
227967
325096
515782
486041
971443
392920
530755
835506
447673
25437
690200
755860
438666
827244
805616
608035
780851
547544
922618
335289
431438
492705
55001
48211
464579
985265
355466
381741
594600
944829
761236
730589
827052
488833
978409
825791
282242
597837
721088
836706
675338
962089
466479
431595
47031
141463
758356
205151
673923
948410
759486
206627
208143
957857
686328
961599
227743
249864
425371
951058
381992
521928
563868
719644
137610
311117
661210
508741
629653
161291
949611
855886
932463
142297
949210
67326
342308
177191
615694
581751
569953
831338
611319
324135
905162
75902
363019
363518
22121
715527
750902
573464
482966
318979
21085
889843
710947
672450
917748
388949
54471
262825
7539
757770
758072
405055
339117
790150
109588
605378
711204
704348
709554
322580
779955
290171
990292
478737
539889
411845
266726
491484
51197
707227
559752
369896
252992
657748
646742
991941
265363
383922
547988
210940
538905
673277
913792
535887
736522
153858
373835
966898
703952
649192
867939
77088
658633
634873
251991
688345
166730
579379
527789
732947
47029
641897
27995
529726
311048
309133
244111
92698
523124
632004
428692
640246
781518
198579
329651
36450
594377
264482
497369
281393
874461
500210
554737
18689
612836
907179
594004
702167
972164
768908
239548
981571
628297
259664
328844
92523
30289
922929
574068
76090
522268
70310
527229
698107
656831
269448
903826
277956
796520
193412
964053
583845
523667
727534
36357
259033
20958
729768
189314
67112
390985
297751
327715
147397
589661
354247
775367
784938
233121
403947
357467
804325
698737
846763
447420
811988
124951
361717
799287
672387
170223
202822
153938
53875
303757
751770
480732
980750
333187
932552
905088
497366
938765
793754
541086
85795
3653
666332
531541
957156
683180
39958
659085
565001
152754
653338
589647
740672
354463
875780
812582
94533
212005
544129
943645
442994
153181
410032
956776
621677
489139
145967
649790
9118
161732
469056
996585
219389
861969
312008
36610
443489
610246
771354
455792
857221
777980
468478
394316
495555
406052
129466
629662
633146
238535
511902
902206
284816
193222
580618
368438
33605
376631
693877
750499
535045
811695
290284
727066
659412
356373
538764
172924
182482
46107
415823
503788
974173
685444
593991
68592
263246
922598
632102
228723
181616
646511
973027
232912
582619
8657
599694
826924
322504
856724
670635
309183
169295
823485
673627
895252
130483
394190
491005
158941
497328
390124
257740
326992
976481
70935
173947
463921
431326
90220
209645
407171
1125
845413
901869
346901
439206
434359
290577
481691
729289
527696
131629
492231
715853
289348
291344
951332
974339
791526
606876
933522
641226
894043
844047
694232
742167
722569
68450
455622
432161
942160
274043
582786
343549
687426
522904
202468
413787
259099
744179
572376
285144
312734
240194
435345
827371
511507
99582
808989
355114
218684
111711
705514
11372
377302
115710
473048
150800
68515
707235
65761
505211
691008
914928
442490
199649
787615
806028
706224
668410
608920
524511
622161
680395
377915
165569
229206
66828
108077
262682
170819
591492
746240
476996
163958
317104
539228
78840
950860
613000
656623
924663
189007
143971
516795
851602
249570
832269
349460
110425
64768
134880
144319
758168
971946
742266
239974
98034
725081
508050
328311
987727
571043
504742
895408
497323
563091
478156
971246
128117
417862
875821
687210
573769
259683
217909
525066
922500
608274
438233
514321
366736
111560
403055
895017
759087
282042
788698
758238
878658
449332
581931
908893
275428
597217
596799
18931
643992
364951
844019
826824
770009
760154
553416
784588
551678
779036
126752
799781
340881
862444
377784
785728
814442
340511
685859
769043
936592
615302
509261
88041
918164
111584
405832
994489
964075
213365
376630
546707
486900
183765
565155
313756
23846
433499
609220
96663
832689
465002
437715
625023
130765
100339
259184
968974
476365
963450
538913
934622
45010
465471
11712
589831
217557
425207
752483
887996
127516
249427
35344
133226
390734
734451
322033
971084
726622
147601
657158
680541
185738
852950
734713
863942
781023
713561
981132
440136
600423
772687
435633
178300
914335
170697
298615
618354
634093
971321
571183
984804
996159
756522
577296
986468
121379
854141
835775
213629
457233
259435
957656
887787
225483
882195
333836
750554
847941
435121
983367
501450
513101
410741
941300
156104
823317
20573
877924
945740
516761
544498
706798
968069
756408
363512
487902
903827
962639
175759
383839
505076
347594
795410
897562
157326
866914
394216
974756
711327
972046
723285
876665
810203
574677
508515
882144
351604
214657
918032
638836
702335
503841
623112
7760
578547
82734
926349
851430
144554
764087
967984
266120
251968
236771
470575
169052
813777
547048
46905
4260
48803
411002
462069
124568
589381
823194
469941
711682
569148
629313
225160
109807
998743
272009
768279
750948
433287
225270
587718
180268
2828
130909
703564
82768
921686
251374
707318
99628
368604
320277
785406
466535
96278
321720
830564
357220
932522
70554
109043
711086
723043
716327
587683
450956
83611
476332
417229
441881
899455
731480
509129
249574
961458
469221
129201
708835
970497
122861
19694
616666
252713
118563
546416
186734
871758
800967
59287
396777
964752
888944
591307
355829
599283
848270
265023
823396
698766
67101
1930
820652
128298
45698
632007
141678
703305
140795
814314
148095
909018
392395
942605
51766
75094
135813
344134
420698
267130
671360
743107
992686
148784
790854
481729
321099
95228
735174
152182
958709
112463
956644
941296
758616
279939
417460
605797
517464
841986
973245
87055
661350
291490
331363
560983
329562
230239
81249
128536
720216
726451
356895
567381
675859
618859
658441
504110
634671
178072
826482
498961
812523
187653
41993
444169
739735
296652
248372
219130
861491
313436
225761
257942
42176
217309
34934
974642
270961
709120
707816
39920
336195
319445
811692
388148
999660
888416
759468
26149
73594
617431
327885
445439
423835
970795
161530
967335
186286
375386
778028
418083
160487
149488
619267
235704
65031
167171
145187
815041
22568
325335
311483
22372
25189
612066
421547
742095
595746
688327
302280
333371
578527
421941
908001
90935
512232
138208
810614
338642
951193
983848
792712
678027
114316
782120
401069
98776