253397
182618
237368
316196
811298
467819
210305
811309
814970
465482
605978
916101
109250
476382
293891
30716
136519
127553
148606
273025
126942
113578
547310
943994
545733
683395
20161
300511
832895
981840
328248
490412
651254
919556
817772
785600
300666
727843
657251
708663
608166
321312
43984
986448
739329
46522
135347
960092
710574
598708
90654
628226
809809
44354
551025
405600
809119
328829
851142
142452
655561
258396
287784
585616
528301
217473
913304
304199
376275
537713
830357
550651
157998
465668
776888
82170
496628
571192
553060
115936
966256
604670
148827
197167
177867
616013
179197
61739
494061
654806
63931
768990
772920
740124
152414
133342
964050
491665
331670
151939
948872
527466
352388
754403
164360
136389
227620
869947
50415
266858
196858
348949
91543
46170
730071
191148
793813
339130
602906
983220
658476
758508
116544
858091
961955
819526
39791
203012
956879
236323
260751
288029
355916
69258
919543
438375
475335
971652
864363
12394
61478
615112
35013
674597
686779
276502
25565
59642
730854
896044
599471
340043
964224
741374
597542
295170
168441
384583
173017
842044
947876
274892
946414
956729
466788
400292
983895
132686
330598
454181
597405
87850
571521
874597
221430
84556
615851
713596
7586
615249
918606
639542
799169
275800
860557
883158
959885
681054
668840
593781
209263
854021
78209
293961
845594
599202
102775
703624
907507
948931
241609
627812
910349
916587
397143
966535
393207
266763
647980
856574
368570
166300
346061
336878
652890
502739
431162
138497
192449
532589
955549
889873
112609
23336
486366
658122
203599
332513
212242
541791
320774
379672
543854
319870
848931
35780
222857
355814
262922
156259
609673
62211
104238
383863
113290
454560
3671
55161
935168
517919
275454
39120
88744
763404
253694
314020
57313
58337
734361
78425
498342
988690
119241
942130
92942
83624
622257
276848
881968
783489
869669
281326
424314
751598
327388
313564
982015
186593
206202
836976
2831
696753
609996
932957
831092
999517
777034
782196
37942
523212
935023
692541
603194
854689
395207
516254
329909
735386
80892
633786
582072
281503
245493
480365
469937
13825
181820
909962
899568
932091
375130
110813
730015
328001
170312
300859
400049
220114
627066
627504
175947
385451
854934
388170
923930
731992
324148
594604
453426
801575
365620
212145
209489
553271
943104
139403
804207
367618
257810
831373
206493
905876
144639
721483
122293
602934
921128
862617
882159
175238
613281
573055
22973
429491
11638
644262
446139
111313
206813
907712
853494
647260
781894
769968
859912
195515
565430
155216
130845
15938
487958
420305
543342
309205
626697
775673
964501
119974
465415
867343
617542
807875
429684
212403
591641
285183
589622
616239
473438
131383
210247
443566
544779
935788
1464
905582
417266
374016
429510
942533
966164
239265
652978
383076
884850
981444
835336
163525
231277
184795
549318
304581
809616
721623
179096
693888
937760
705894
793699
116271
868170
971367
719985
589417
195082
822830
880140
944731
59708
741842
731033
43689
185342
531868
797058
106201
220368
490451
383667
496245
34568
737410
214862
323351
828064
677242
34287
491842
405528
384231
727217
802247
723449
43021
565128
508994
162873
596776
46412
406372
748337
57511
578244
414599
891146
342545
130609
936170
63253
569876
303924
913737
577763
287841
77278
41285
4084
767447
281409
590319
931553
677808
905805
450212
946831
976127
714620
201132
347928
55244
88218
109010
915897
33262
545510
369616
499915
345231
893231
696562
415286
851918
52450
141149
808524
994762
391219
460140
18591
178961
590576
190866
28031
194048
991622
167610
855253
891864
361205
661431
96228
16449
559180
526452
65822
14487
39750
701336
180121
242462
153177
45722
282002
639948
358166
711514
895032
690607
280089
512597
121937
213558
193008
965233
683637
553562
457525
780615
822005
183014
828470
329499
427593
311878
335781
68955
451511
492292
824683
652424
544236
445624
464902
651150
31627
398182
615869
539608
520845
347835
772483
427193
170603
986984
60936
853113
821936
979697
355532
307461
255778
886956
452025
987290
90865
408831
384879
474916
434546
925605
166432
913435
958173
330475
126241
59207
665815
293869
145202
866512
782399
661383
883391
56399
178380
105407
95252
196519
953118
726562
686335
970918
847686
236119
964420
848825
542029
606902
618538
916692
97097
735376
464567
726422
566615
32464
1545
915023
279700
863641
733045
93724
217043
522473
451964
458746
759475
408529
311746
74498
976996
459002
856529
385156
205485
739650
773517
933270
548039
304020
957991
709088
335838
593235
69390
776646
503338
150701
977187
724668
85536
910066
550895
729809
450664
139897
896715
940045
68841
394055
201620
358554
310056
972511
757506
366102
40773
81982
470910
303545
813824
213114
948931
807586
886052
782973
919335
625048
373652
486619
185227
360619
567530
277731
973948
674893
234420
465696
509903
624049
923668
449284
92495
294984
856597
603562
52265
623460
857863
796251
766515
534444
325625
388210
418220
915516
570758
282531
443139
659533
569666
668470
738471
143258
851657
7744
411563
24218
362635
283238
184093
410117
597211
643282
859496
21121
504981
581996
494220
864489
266754
958133
181441
857212
140192
437722
14149
597860
328045
459734
191110
918786
775528
729458
950780
195923
982930
314640
681779
383039
88154
714682
223065
427171
149783
27361
829855
101322
998304
128916
727453
124494
650543
530366
573493
17673
611824
474443
69893
681731
887789
521172
959216
91661
134160
328462
550579
625474
833776
5981
680651
631850
747887
842793
259982
104377
564992
653339
313661
748658
393579
416464
911412
624537
939686
726429
493492
198452
600967
224223
800576
280807
778036
91388
310139
601314
470749
567216
983988
265116
438209
802265
228795
109018
16737
800741
351936
457043
519617
983061
366346
96248
673377
109327
177674
823804
422186
871053
180963
465886
209753
552340
400817
407331
845055
41719
204068
279476
913053
612742
78683
786992
176594
732686
801082
644626
32289
662899
569350
223801
243182
660065
294176
835432
886672
581556
70658
475511
452023
370145
337660
306858
30265
167251
580968
865015
527294
519623
259505
144523
624193
575131
552927
101603
151258
911342
460436
783516
800648
672012
182306
665465
47727
54810
114196
927198
360242
668295
70967
660917
208204
631719
404755
101947
322881
538463
639672
711304
432463
388249
641374
572080
789421
47719
422125
335408
701525
985536
139308
707671
206718
850316
181460
765713
572598
151089
474929
818798
501718
403093
377992
429021
19425
332869
537309
251584
495923
397865
405185
601655
496849
345769
158097
964191
289944
421232
762423
410775
686213
298996
906260
291074
436269
288131
260483
634777
691514
320039
459099
632473
560516
619958
530090
781929
956777
324953
678586
465515
18909
538443
271242
425944
531344
761376
330846
720883
43167
991059
543521
14588
45749
562613
700188
795022
791645
181847
744616
193028
600684
363846
317988
287868
896843
126497
381544
894033
694414
471035
919872
272941
209805
583969
427083
241580
112715
120019
216117
578618
91349
601133
84426
477729
998606
274165
751161
802969
279184
147728
828698
499500
107078
793598
496815
514365
648041
616009
462733
759621
800301
29538
859550
315704
417416
413978
901591
332033
451986
169807
172493
872584
214101
19596
434994
960803
795961
408058
316609
113283
49249
269572
19739
201413
915971
518302
399343
142518
177446
172168
254476
335588
491499
586335
530843
499427
893277
770345
136379
565327
564994
219689
269239
343883
490656
159520
262666
562156
727832
341200
600572
213893
621361
428938
381463
640
29284
858781
147548
855002
381781
638995
929872
654598
322684
478340
667492
777048
213474
343163
389302
979499
808723
526752
281613
219262
675080
75008
492240
584022
500570
710633
927144
735410
732387
878903
143940
517807
499487
784147
884374
490281
284888
630665
419622
489846
168666
770853
713058
111334
84401
299312
72822
686492
968212
394391
996389
259483
484498
806327
639416
285451
656080
44031
969906
900673
128492
710051
799098
580001
742851
91230
791578
682933
142110
470266
402244
472455
760194
585443
223507
928956
18565
823652
538123
27251
418180
322130
817039
393096
342863
313218
733632
115713
271922
964431
461114
162116
94764
79463
139686
857108
404719
475978
831952
440234
445818
214036
597480
153235
780818
424306
161343
274858
875688
512055
689000
303090
271641
303486
494754
68363
400561
760315
723845
469746
132328
443646
795384
313978
815367
479303
465850
324384
609641
833648
536923
544858
281868
571165
485716
753454
469035
637863
596548
45952
998318
641761
120652
241056
637307
636505
333729
732863
609139
133208
192569
834974
981190
672225
729522
440522
404435
593115
551726
772733
849115
655888
25958
83372
604450
819329
482439
113885
532361
186039
947749
887911
530913
995957
249935
718726
349274
521669
807804
280202
840969
325480
747504
173833
137322
72192
949613
188909
948196
393186
899304
558832
559582
711287
922942
876432
916297
471132
884539
17313
370819
293929
109827
876759
431292
882100
830713
915814
312865
645407
219019
838446
22236
936035
915262
704173
714311
238913
640908
989564
604258
711056
830118
314102
379666
14438
340632
650577
850319
867263
108069
824427
34213
914705
166485
819871
151861
73634
455711
495517
928606
376239
497238
124981
938664
447261
833550
929687
120812
517929
32050
150837
789496
65680
369398
325659
218186
705296
243055
914693
217718
62300
36976
422532
451307
984263
971829
723359
309469
665095
628061
197965
868403
94233
930545
776586
674476
876184
513484
640712
111605
33481
916428
419107
619963
138047
68619
654609
560456
52944
162988
323278
322644
22445
853989
299725
728144
669439
876948
322689
490540
907455
415087
73292
947405
353834
130210
89455
997493
628574
452141
338386
358471
963360
662390
53472
619680
69586
299441
573299
857406
261613
498324
707425
521733
405283
354295
693861
606916
338592
437335
282590
199340
466432
847716
587270
384161
774527
577114
639192
781580
980175
831418
151050
332916
497672
654109
241895
437443
28733
705330
761593
831382
380213
240455
667046
403182
699231
525094
359184
635583
378657
321684
923789
720344
38790
202073
646180
721429
325514
634421
966669
312894
812955
62907
400562
89530
95168
895355
496593
807879
250469
103685
132430
280010
794798
860888
960297
612658
131671
168881
521460
205539
369709
726033
499536
174894
769163
234151
633532
870052
98052
490672
306643
605425
582953
993609
920490
188396
994640
13173
640050
600544
212872
447121
625586
660652
954434
427252
640025
394846
171029
118452
790901
695401
685768
255794
964427
232857
549854
260654
484213
161688
400936
426801
893861
768468
651293
232334
561631
565535
367201
15441
778791
35897
896733
287821
304608
818273
779853
569321
604733
384325
86929
273453
499564
532525
928037
960314
689718
209466
543677
409167
573232
691858
969826
351785
856425
149689
763321
970454
210134
659071
186913
952969
271736
87406
706191
217239
134666
830777
860745
690078
126676
134265
780748
359965
317540
580563
270711
814856
441456
513440
230340
776372
721012
149121
983058
6194
379519
777218
524167
167809
836560
971703
891918
218265
753561
404146
595781
996017
710396
604610
97911
545448
822859
914792
330272
947752
960237
942290
962558
399429
673318
362528
165434
308812
966494
709886
43879
75447
687470
520703
941629
885751
292871
322670
221351
546470
785246
705842
500241
346241
325000
669350
258825
267492
728574
407176
706313
692188
884174
512648
434031
952149
74281
346230
194432
752637
603558
607506
423687
552509
524918
88842
38928
873535
958570
836649
406118
896343
606627
677654
855561
819079
459244
571269
777182
841819
879591
465656
714671
418042
576938
947278
481455
122697
96769
653898
542062
163178
133420
422962
931406
964292
502419
204311
854352
771597
43254
84589
235636
163596
663490
88600
992990
631769
673002
710300
10791
960769
396647
424704
467616
449668
238024
363055
527030
950892
878821
493119
722450
780533
400310
21838
187878
217722
936006
39296
238336
36082
397085
155994
340761
899220
666851
717915
315813
417611
627161
434376
573935
498916
357821
743842
996034
727426
161011
893009
300118
755392
365022
543036
402578
68403
143428
685380
906842
783844
951910
496295
228951
410229
76253
969844
312558
451038
328255
697467
866646
557525
726268
177162
873735
892060
444597
631481
165758
522727
737584
468413
716305
618406
111479
146523
369205
406030
352768
397543
196531
92885
384737
867101
916916
221594
333025
260255
152610
92443
881878
958498
174640
238403
2681
569076
762959
778931
623314
830328
556031
874278
53415
803217
907900
353938
753015
901516
267387
395763
891892
908802
939494
670035
779805
575497
68895
135437
647947
473569
704053
787223
23961
746822
895786
116113
519165
179935
441725
295517
500872
142636
249915
592750
911054
131055
605512
361361
239662
632021
427413
259190
93914
610160
898399
967412
578317
36601
262957
776728
631720
403273
467691
468547
32713
844503
854596
402028
450092
126342
620002
399697
949171
168221
402291
987059
345400
146645
434495
111662
406481
474920
60715
900099
578563
377737
634745
306557
294561
502978
83978
99106
652250
258835
129675
62810
934157
625398
317910
8678
47417
797669
955506
961348
148076
711157
239888
15604
253634
164077
374781
271246
493331
700901
499385
525415
37227
385367
470313
531504
878784
412110
74003
716995
28927
306452
347962
248047
107763
489202
734420
887575
265374
676869
791257
78495
687550
31198
113141
283122
718723
573011
775286
680383
266117
294888
184141
138322
327242
938426
643832
242213
398658
950683
586168
403458
90349
562848
841903
808180
729406
27288
26048
603620
729939
201421
626312
965881
942916
926294
871115
495975
131741
336597
822788
387353
514037
139050
248052
421352
410967
658498
307978
969688
984446
976655
466919
781641
575352
445242
129503
553688
720838
89257
936484
63609
642862
774910
390206
728031
318453
61484
775072
977012
503565
625745
171998
565320
746966
354125
465875
36408
929228
597102
481261
409483
322538
165953
188767
348934
116758
363438
830882
705413
389161
478354
357236
337948
669456
241446
121285
761395
86702
862495
436478
743028
189086
137949
12356
505018
410111
966268
98497
136277
682218
37520
635034
67811
576489
264198
418629
264380
403434
140729
824517
34873
210690
755136
107265
846000
49210
360683
838857
489277
515460
568572
519351
898675
416797
981478
564273
853160
747777
395853
574935
694355
194005
851504
812723
60080
67842
266689
846196
127978
974647
514806
755185
27860
587527
264101
289516
778648
854421
567621
661833
561877
233043
552777
792345
678087
213074
903396
681414
190675
37815
478095
290480
622773
347989
487244
792324
126118
656427
622209
151495
25216
943813
291118
154936
361972
338348
30603
300070
931308
599568
655093
675262
431572
412732
543898
242768
707923
63674
410703
525043
956529
770304
511668
193907
970728
927120
78376
885354
108381
472655
997171
193148
70231
744512
745837
7034
507155
629131
123440
684003
675923
601690
352286
696803
411781
361900
788566
219501
42183
95275
416401
420850
85399
887716
559446
889305
117273
554449
372562
124410
150191
762218
335530
320448
973087
412326
126269
227137
176851
517585
52019
574866
204072
7866
535134
128186
799638
356954
317776
353432
480213
516846
369143
403326
511174
316456
151347
208605
583714
826259
92703
63029
443163
146322
217287
925517
218517
807390
325821
999785
54227
819403
764337
971771
816573
528880
677558
439577
438313
976114
567610
356319
166948
647103
860869
519050
410363
800838
540033
918672
567383
284668
646035
775646
821902
976667
66004
8678
293156
346825
732488
117041
982689
598885
686725
362127
630296
963808
936597
888904
481212
486262
103456
584465
284680
442785
130929
134434
794772
701405
559788
871865
98643
445826
3757
12647
851593
739437
860648
150240
606184
219463
753815
392707
616837
205470
317760
673241
314360
443938
705463
234413
908760
971501
152671
458556
256217
206816
808317
148161
907791
841885
527865
328973
6881
867662
786370
579848
811778
711618
912130
19129
831218
261018
786633
954527
203590
26563
792302
860302
822842
749664
118045
417864
662883
873996
621657
624548
367634
285045
706803
815842
645044
168699
680537
659405
981993
661413
330430
156113
714039
416413
833828
404025
864598
118206
745619
883928
313461
509272
469686
197813
946896
51018
409487
586968
966551
678805
491153
240433
413916
453738
915891
918076
804987
534484
448439
6284
29697
766084
18579
361856
283273
557997
848643
565289
215389
665085
452882
482916
770489
45267
841828
226644
678235
821033
489685
69702
647417
6343
36849
39009
460122
118193
650119
854809
76526
209121
928750
472371
907561
887107
309236
997138
698828
585267
475219
80975
684173
266549
64860
980999
336295
889170
378767
499167
686016
100632
590524
879388
16978
167370
440597
841396
797256
596963
531817
229173
310796
488287
866388
359634
103701
367501
552211
204116
938013
644870
342371
550595
896395
783975
638464
805225
487620
105405
587626
656399
385885
733236
260955
889748
580957
823207
462004
835438
571876
797735
243549
387518
581989
997560
760871
925017
718381
923128
428085
504026
446080
642206
260387
654655
484040
77719
151345
141784
925220
854378
20237
760863
213259
731053
815510
149131
126085
732457
143478
504386
951615
83360
872607
180169
930695
626779
16865
470699
696940
616606
177907
559210
657271
848310
464529
25926
283922
895410
93381
67544
545059
932723
817369
828635
447147
944937
748721
493752
252284
724340
369420
79273
665896
476057
915426
179787
979601
805015
562268
664276
602898
315251
777203
456823
294499
87618
255380
801073
49655
512677
440590
391996
240640
808123
185682
405344
386742
27519
796933
107965
688137
498004
499325
713866
154986
212252
680006
922044
339976
39586
30963
42588
407274
513098
197822
636003
55210
623988
425199
674714
86337
636621
453179
664563
400868
616346
723979
294286
555212
967902
966507
688542
568132
784410
140871
299893
434484
297030
22313
77877
133439
487305
14358
905004
369578
750479
225001
440099
887779
94316
680779
547816
329999
219149
432693
361963
709723
416209
77245
681653
211639
240307
186670
470272
897352
434516
209239
750466
603339
299870
604907
606095
936209
521838
436394
444096
839022
404971
656063
813077
447588
371130
141065
474246
1082
554216
149138
954524
225558
51594
618466
864365
654192
394571
649675
874216
409282
201341
357056
734309
518988
243978
168004
780851
212026
412444
250855
535555
890016
168896
812391
709365
774983
678900
953301
869228
609546
513318
5920
797655
6327
142338
976760
424130
991947
477211
811326
352080
414353
458504
373222
227065
947606
281060
587559
967312
8046
565529
167192
510798
844306
497529
864760
73639
717518
524344
852460
568696
207682
90434
217674
130724
817571
600927
307775
437487
861840
300695
716193
780976
808201
795865
11018
721680
21140
11311
423748
808411
171580
345500
843301
325988
390637
190045
616442
329933
882834
658205
507273
223867
470645
830569
971710
377120
192527
692486
729080
431646
29674
124819
42582
828768
99720
593541
80575
866964
702607
121262
788887
372318
922090
679861
4704
580049
204978
563595
38032
24585
331524
690078
481084
9308
157363
129648
609234
893923
368284
44850
462267
169827
876478
862553
105973
750622
741644
454144
951962
448940
648788
924449
17934
739145
562913
260048
532028
670996
265139
327086
554208
627826
18728
633867
216484
656513
749842
20583
954300
692012
271682
700598
160312
953312
30844
145834
713252
513607
1140
90727
504311
853684
81223
537280
773626
912675
522349
535867
878423
917732
816523
348489
796018
894280
744877
80457
359679
782346
795404
940505
938893
683681
884924
39258
472680
99831
828199
124836
972132
389890
485770
118426
817708
354678
531951
280217
199949
522899
167969
823539
238136
714440
365569
520452
745244
388044
910551
107710
623224
928284
538529
417776
861438
572595
569225
122128
737509
547941
596292
437762
181371
329576
512071
993610
670320
408056
211557
246874
596865
893348
824243
31523
510002
216060
500168
462833
742190
372503
390057
410335
971059
70611
51910
994728
856938
856988
601996
128385
565280
612094
432783
955433
555084
122870
336105
533698
982572
344291
937195
45543
241381
974341
835047
70796
631194
119545
957730
332064
248960
364717
148824
958843
350018
877665
931587
847892
792558
52350
21176
236617
400985
27246
383836
217344
854511
885547
626289
682703
738842
41576
5518
477767
473641
560872
167844
366714
289353
149154
655612
791605
384580
852870
157556
415819
754091
237590
849779
661487
327257
780685
878902
416418
713420
948290
867446
907963
434360
992665
320682
479782
223346
730994
815627
383159
935218
207416
885157
702789
551652
376641
834642
415071
436092
52550
489284
379688
495329
400292
419059
300537
867764
819205
160930
858640
669789
488060
846936
614657
647028
322771
382574
628691
294259
771625
340113
187248
739815
171143
45487
430185
878473
85063
508658
411900
596411
192509
479063
2955
387492
878123
475762
531471
346902
700115
996296
467957
923354
208311
775079
718310
899994
105177
756561
768010
743111
562582
409879
101273
483537
717233
460277
731021
208207
973349
100212
610926
346038
797131
894422
822670
688180
937120
176734
469999
921531
678531
339135
326723
580943
885027
779247
119661
693125
964273
894063
249091
449934
136344
741084
157587
916486
666264
22731
246795
750032
269702
170204
22848
739114
687018
772883
609475
517405
848363
360182
828094
576319
830713
666568
177736
737382
988357
409979
870448
110829
247871
745286
240654
760718
655711
211142
864437
27971
993752
959803
212230
540555
727431
505700
398594
574058
174785
840342
728920
31812
529189
649676
877582
299159
259110
741478
438111
474595
588371
775382
543246
529709
851778
363380
879595
862877
296528
698596
358284
222434
829714
339927
411042
719598
838526
756073
493428
187598
470173
247542
497772
613514
504709
462443
973184
706736
3644
381760
27850
650372
414985
942455
752887
537369
651987
554418
111768
422169
140127
329512
587321
974992
801123
981
827395
380220
480952
790368
793010
16975
217020
392066
47796
552895
882632
497153
513507
730447
29844
128477
172598
976142
605385
806066
199122
643235
848912
3322
475718
347594
905349
826843
736994
619549
667116
954641
585484
151849
819232
77103
964217
847374
575137
446163
510777
422983
205638
478960
862296
630179
347359
157777
63151
150325
669816
213538
428185
91569
673824
855915
184462
528489
534091
977017
698392
887584
841888
538664
141796
968453
243801
237553
977281
33592
779481
334151
243447
66868
303203
97338
661673
629800
442173
850263
489933
137828
148094
112080
454120
505525
326114
331246
21979
241263
586814
969548
951224
528221
786850
487572
159599
609291
921685
522437
735811
754269
261781
42814
766411
924505
17566
225082
852868
577905
194697
103208
65857
711091
223744
662130
245340
58081
24474
72365
961651
888525
952881
677128
739782
407803
154484
425072
888688
375776
579371
77404
820332
646947
940804
221391
579069
189143
991475
418607
61316
133967
511994
176404
100680
327671
197041
494820
598730
554866
199024
471460
147426
896654
526814
748890
27520
2349
834913
777597
549401
829196
16618
493277
306063
224424
903125
849739
699734
331323
154899
704365
667623
112993
555804
347682
386572
459016
133628
607345
940898
485737
150741
912984
395674
837955
545591
968879
234799
821193
338895
10042
371094
108664
318561
510309
438686
967949
795054
783018
945498
123171
23777
131874
179674
717938
716763
279867
999633
329779
49336
765818
684523
108446
744993
54453
356290
994249
101630
717808
482443
595917
122219
157737
619064
297875
240935
92126
581818
728985
692374
783594
56494
730814
99649
684641
103635
810247
520069
9239
372781
213699
216693
998102
433906
771211
184091
646702
454967
606977
937383
227520
701252
569885
539871
663222
292989
448773
803555
237474
258346
447726
890323
19905
158558
375953
875859
951110
164752
796140
645280
904336
557762
672509
797933
26665
367268
155828
164864
21499
428466
687779
247552
352357
480768
915011
850722
669658
557199
977072
242240
358722
694537
254281
266883
88850
811340
85201
483977
908272
414204
152644
982910
294644
602696
117286
791287
604093
58979
348852
549124
693041
582129
34039
313660
557614
51115
765032
288757
146165
965315
402882
281884
48614
694196
997907
497052
713548
79825
154590
24983
460416
687613
184287
875478
180114
232769
775382
462925
421064
151509
674297
766716
210027
739799
576816
951996
372422
918912
447234
569956
23314
889874
29008
947297
954980
174252
732804
649030
462539
79610
6206
661666
312027
541327
635745
750251
475740
725361
530544
788333
470956
119462
625560
987715
123828
659530
857930
872757
86008
98174
379972
529604
942599
256440
905804
411433
844020
33114
891988
846110
995540
158810
688415
800926
479315
813019
574007
600372
858204
927348
588550
187852
655562
969094
820459
32024
853623
572057
645811
119343
645786
108309
804003
767824
322535
111370
554901
232695
262181
393470
557003
206295
158944
244323
581992
104694
108165
357337
777579
632802
277897
637345
614798
102957
29075
563694
571614
207131
969945
178200
366477
198241
583305
640105
166639
448102
893407
340579
744801
240588
667681
35646
427287
594223
191796
531842
474001
11918
609608
83988
137030
973159
978375
893190
86607
742541
885079
193304
487181
257072
137944
510106
770437
691186
894184
397236
193917
498436
772289
656010
752572
775089
362128
860243
371975
702099
881164
985533
984291
793965
712476
397834
786015
20376
310442
536945
528512
823989
295099
353974
209220
476068
489565
313301
720048
194411
474998
295966
850812
850128
924182
824885
884204
530905
562441
29292
304503
917842
714827
143963
888946
379360
449850
628428
739201
916659
125748
750740
204201
464928
660325
832721
91666
196812
822061
35974
525681
502108
317455
804274
765462
136077
868524
733434
249631
882594
223825
587617
723199
22937
425222
863602
883370
685549
746956
438989
953837
608454
641065
374225
157472
677977
627754
524312
135921
370897
261535
921795
911851
851139
745083
771828
655962
819399
517054
72826
160887
918906
981857
17607
86070
562549
240866
646285
579171
896833
266450
605059
713631
882027
228119
245612
81125
358613
769689
402722
656547
195911
769761
366649
701460
952320
804812
660865
832687
502626
493711
10351
663519
24450
589631
37218
719164
267561
70446
79845
99051
444075
850140
716988
653435
777654
964773
90157
984647
159938
869312
537569
444400
637217
34871
698352
98659
784120
196080
389435
513076
322420
71405
598080
432
56682
871415
293818
933353
106752
708915
585233
198974
66617
565219
132999
197347
7297
439910
413548
266255
370746
811335
481640
373396
195003
912531
886268
540626
840894
53315
568154
346087
581777
343062
507016
113833
385785
388484
182163
774813
293273
657136
209030
658826
686387
868161
550449
781407
520067
708719
669260
472016
691101
506787
73603
162576
971762
10905
238400
422066
591112
720668
820368
950963
839893
184784
121041
587905
67553
139104
413904
964645
430846
187941
831406
237160
41300
915689
454063
510825
94902
555280
632832
935955
258615
232407
126001
715259
815824
100756
679094
612839
907175
558545
94553
675220
211398
632745
822764
827446
560993
88012
267688
512573
524100
734873
533880
752180
987767
333527
85259
661416
668711
225642
128383
280835
939012
814161
766517
439787
555427
992647
40938
128830
250382
164354
646074
294744
244058
38114
812059
833428
923582
40283
424226
257485
792457
833049
111626
433731
351942
373247
944399
613301
972994
433003
784352
307398
341491
307669
822987
74263
208016
725510
70255
176141
396757
773234
541235
896150
28466
247370
485942
672443
91492
989824
808534
511207
212221
337397
391270
251230
738058
857583
491269
719824
472631
613972
250690
611514
126890
631593
258852
645069
471891
99466
601050
362904
517614
797870
446243
513442
429406
683827
637727
3121
604370
776645
425897
261194
929578
163801
861433
994652
656541
152081
645294
113525
406384
930403
809545
301740
933032
257874
725516
940422
812351
618417
722350
402993
252789
108088
234680
679246
617361
279152
253037
372360
255803
899572
424247
111955
580956
417784
369299
485770
518818
8899
380225
142100
364305
895946
437249
710788
308622
455774
27281
956788
203993
491557
373189
557134
793148
203204
778975
268147
543081
507345
770778
198561
973684
813526
653945
967227
140783
448606
351075
695409
781374
809716
195755
490330
477101
629555
775256
115617
147066
960752
940918
864311
805569
307692
428890
552172
859434
396801
335182
952444
112579
683408
504768
926629
246826
359752
624390
340050
615450
153312
666216
186518
977160
318727
178080
611322
495308
700050
122941
919009
11857
121054
146153
518907
847872
110466
29427
425520
671903
774748
761632
762076
419498
174950
151050
61673
687779
529859
589022
338363
689313
535251
957901
785760
379268
439134
664977
828234
564617
296269
406474
66128
451807
404914
692284
860699
147661
558742
603109
297482
280472
224342
328446
875806
914481
753157
496962
339868
265521
154667
944734
54335
227375
927872
722986
341667
46510
184648
8715
661008
992890
345642
657798
985547
379873
887033
182895
31148
182609
795136
362084
702040
369224
871170
274856
677085
374552
315512
821691
412623
854083
937877
996633
169926
116340
462266
915623
905598
57212
96747
191112
857107
529662
611691
335187
481787
369807
372301
502541
807550
314791
513063
418441
832547
470625
894579
231762
224002
367838
150495
715308
34572
3159
420684
874941
227802
483349
378891
62492
692999
720729
76917
974683
35079
458803
232779
576630
181473
47625
816490
160843
340786
824984
549478
993728
450110
356846
850429
737314
195380
308005
66456
211554
130402
756061
553898
971718
499340
811086
828193
121914
454273
137253
79763
850412
524162
933795
904873
409332
650375
701791
289197
562527
980432
793831
837754
899567
916384
85308
958673
434970
907339
93952
614116
300546
323612
908015
101117
368573
879725
316807
62368
232959
967839
940982
159382
210849
907236
469419
24262
608081
451460
131803
457847
785275
719513
452937
300375
302070
673436
858015
392746
336954
570799
915625
114777
184318
420214
394797
904881
453167
758299
595538
795790
690871
461666
648791
226626
951961
130712
619377
974151
233644
737460
819349
30858
683628
323171
147749
431722
848822
179488
800215
220943
83219
597776
145768
640332
705718
206354
454300
872661
165204
404672
256674
874666
334646
84064
81073
241213
452588
23517
476480
165770
784025
973927
149362
406218
913936
712981
131728
449344
573420
194282
761334
251385
385783
740779
797347
25577
845557
334088
438204
501567
775271
220998
491520
45044
340145
595271
344221
932573
111197
220218
875448
702122
302811
549776
487175
864353
482619
491548
454047
523533
970547
139387
377875
180157
156085
118801
575985
356360
781417
240372
444361
357155
681017
899231
50967
881171
602884
260380
627189
776110
720058
730468
473479
170821
233483
809837
536644
433834
505162
460340
312166
919311
1772
774153
462350
62778
560785
466794
974303
197458
672494
876330
458677
934164
370081
645511
611415
810234
876121
950812
17098
675785
495575
332259
770436
387675
965080
269674
658528
719933
150953
707215
920458
492756
565709
139916
516153
204807
812390
263162
277032
464387
19539
618809
690433
951489
880694
330413
42864
982044
916827
62894
807975
84814
71299
678057
213715
176051
159804
867175
273194
570271
185346
707100
497041
359671
476618
513661
217168
954080
606466
257684
77737
75096
376305
87482
360643
396052
157646
888290
912664
106347
471729
425725
985849
419462
168096
154849
768382
862022
561614
689638
717501
342518
903620
398120
299973
866792
179093
652233
502580
713266
260088
665245
498828
494627
966231
54219
722688
778098
501051
56584
392967
579111
493719
642548
110156
94565
428171
510798
596607
898389
126986
171046
297249
278375
180771
285574
706454
876289
150428
349322
565555
926382
672900
244555
609706
74652
74930
835945
68332
684281
98652
452566
581249
586875
619636
868694
464482
324834
246130
365142
277974
276045
814164
964714
868965
39274
349895
680903
783888
669140
455159
619095
442998
720801
812461
551108
978515
909506
929377
491557
986755
481921
345366
758878
273283
737777
199547
491219
24311
255657
298814
551146
789681
441564
210249
617083
732939
106113
912271
433270
223772
393411
256561
692978
450873
391686
897089
736402
317810
673090
93185
893477
561638
67296
310837
888239
329462
817819
676266
701584
239401
584386
494188
332067
640085
239235
311129
197812
39206
495476
215403
962141
625020
391353
553844
664432
131686
508649
507904
513381
704793
838502
721773
176511
327926
357820
227751
982379
734589
68424
910671
607342
685840
459761
579662
931663
143208
383459
681374
318095
959130
809476
997781
728306
954839
833255
846497
87636
461699
550401
610320
27302
561799
499559
250536
294336
258731
118164
238074
79457
451474
917041
371863
708105
396217
123298
79365
623040
40105
955356
509668
442031
148817
419878
862098
644536
161210
722701
849853
458412
555968
601980
198818
90212
157758
180876
517960
497553
483938
172638
678007
262698
340442
502037
216755
893557
43927
593004
886364
499661
717218
120160
297609
399892
906867
940385
382167
540760
74888
138208
410142
575683
613937
791588
337164
41808
754104
918622
170967
118733
872000
159226
447659
110960
153672
385855
393549
695974
520487
541503
587510
521677
695429
280992
338635
631967
981696
929528
652729
1183
355768
872861
568422
973453
929447
809534
278559
245440
2272
755460
454398
535088
754289
186958
219402
329927
801944
335586
244610
136132
447727
100799
345420
230311
120167
45775
2695
314394
787445
608389
660082
500648
440936
469466
20577
489695
560689
991761
484230
29263
109904
415877
247045
196015
263743
161590
175801
966780
873041
747896
795644
895527
208855
92378
980276
703947
359035
651026
716529
675670
91582
174226
780283
482181
975314
43894
620849
254126
413031
682424
64212
363118
86841
311370
290109
194477
346521
299892
310096
464134
291538
494218
238963
550391
104605
900557
889715
682332
870887
561129
792943
236402
583015
763202
759344
681040
95951
96055
199661
510165
335375
611973
421759
40829
572179
950950
661972
870825
444550
482923
259311
360920
957142
279273
278455
631669
485744
652645
964607
926966
563639
6195
473330
815510
635511
818381
609722
903471
883263
494680
705503
224332
66701
587965
560882
15930
522428
228739
202354
444521
943251
646492
410205
150891
742558
888893
520941
199073
645587
6418
749914
587600
366667
22084
220630
914145
904837
820553
618649
357365
248391
78735
676568
744326
948104
130282
911614
174440
397515
4352
904121
307095
310198
652985
945920
867009
152897
203690
833329
135082
329322
712522
574465
834550
550505
756183
275253
791271
887024
511694
150740
131886
520936
246137
179127
351049
587235
390695
97730
388377
411635
78365
91769
13011
473857
658404
323463
14920
502998
746065
985763
146673
99007
320486
935291
711056
829061
503807
512602
342629
863428
850069
790533
514658
579445
412137
672158
517573
389878
598505
352182
225886
14642
381977
180961
564983
3153
826397
128403
877571
897185
255014
741556
814801
642264
148042
507122
18142
454256
705283
579836
8410
541382
553101
733914
626302
696696
738932
307701
450086
653691
739264
629647
66947
683081
737287
364870
484888
681715
266532
262767
404601
977256
594159
121748
631291
429495
525481
509236
109238
977936
282028
985585
455492
184600
955827
308733
805894
665690
177423
668074
306152
438905
651122
174367
393051
464230
266038
329568
845763
870711
38935
502737
228297
26811
862648
998402
570253
286795
313220
75404
874378
596522
248871
505432
834294
400679
681607
674017
226731
189162
437937
896232
589905
119951
563468
862561
405479
473978
671785
493277
457206
176912
535138
369508
653561
559922
30617
355608
247217
568573
901011
549527
595639
575384
753679
100474
81217
729220
831602
446929
821419
651058
92854
803960
582282
747863
223722
972673
938832
110095
641111
562234
148264
502187
361903
554627
787328
940210
577067
405989
95887
284580
171289
473496
511203
989415
485482
864133
415106
484583
814775
641644
252624
387833
428530
674541
665658
187417
103607
137849
856758
87134
84233
706744
662331
181513
428913
127740
164007
184598
307565
540655
364580
837677
772817
540065
107327
66750
541012
478071
203987
508081
589495
646947
442666
879840
431024
794685
145769
969105
729579
806937
902250
683193
530117
202038
943404
444946
722967
712676
769076
307524
731832
379573
90531
800091
505858
582038
5910
889089
962231
492723
465355
648944
794708
135904
933808
762230
675432
200062
176656
811482
41864
218386
237327
294926
618057
307779
285386
265085
10405
610589
603046
549106
927600
632815
391890
19789
468938
15360
654181
202155
711316
812320
552176
694010
326738
11959
967944
734580
94631
287102
915906
181957
209257
257476
179675
537464
82531
818379
560718
945921
263311
659161
905412
437431
375585
807992
374349
85699
689070
159930
834972
332706
914202
557694
484046
991194
285084
132640
314965
958670
513388
941348
114115
731475
819539
97577
237710
247586
337467
589507
859191
235021
1242
829052
597707
449424
851805
433169
73827
744408
227690
45686
73063
786918
858993
326209
255085
52609
455749
446055
300175
674918
9187
885267
422853
16631
943344
951653
574591
337456
567295
770250
225401
903201
821436
19709
275822
861284
504275
689241
485129
102284
87221
970975
639114
140273
503456
262574
27520
147496
442804
41164
92817
258856
920566
332383
821760
843503
267079
445
128705
755890
228652
593405
436357
711426
168824
238040
778182
808313
508006
80479
198283
910848
815685
12412
345288
585893
23048
671509
726282
163187
717867
997121
366567
397339
828578
974231
72432
351744
393624
370330
518750
92962
940510
744052
835590
684187
15006
247713
535046
449197
600338
577492
220864
4433
716306
686128
267176
33900
707614
562559
434684
932712
64482
474148
970132
345377
696580
507833
971201
709193
167059
181745
663534
926371
925967
996127
721554
584017
35345
750320
299520
578640
607049
348525
294922
247053
532329
887974
253998
412012
132371
518130
816090
177263
753255
489748
507112
533965
930987
805075
581159
870622
547720
562788
965530
89941
932468
198954
702899
343697
693005
640879
270270
830459
213666
971830
778679
428786
668465
144560
471430
68085
859577
896458
455741
913047
843873
11692
858709
255097
401880
779931
632472
488379
39645
142353
728595
640993
194276
629533
286746
760157
7867
812296
185368
820232
502079
56154
254123
671006
966249
334131
31134
381809
494077
595993
558757
229813
722146
999142
585830
969294
254820
598235
726579
194190
933223
919179
835206
115833
350151
746784
403765
727272
973498
281544
826032
962322
466871
641007
988245
143782
501321
336115
701056
782072
139508
258053
678241
44551
120362
661397
168187
863877
704059
954328
492564
57568
628165
630471
500527
92499
367767
552673
231942
900365
280651
49250
759767
643097
136071
838851
864620
199332
435620
738197
769380
946616
740738
868045
653945
53123
646772
43705
70148
76968
806001
484396
500650
503254
230949
72938
852982
261591
290230
80838
905256
91490
631312
862343
610217
232748
589060
691191
164384
590915
232953
900139
480062
241694
110704
748553
597737
458972
860594
931584
639681
846616
445365
246817
408912
368133
235331
931311
517215
798843
440352
995969
612203
572167
581412
121576
766569
336033
699923
166119
548573
943672
973144
903563
525892
498033
575789
829097
26404
619440
145166
262513
40440
865622
13668
775363
86716
351145
704462
849987
894941
326040
812949
174933
127731
796873
590109
137033
845023
827125
272934
669932
636342
718424
794850
442376
995801
985999
148015
282546
718294
222411
18266
481342
930412
505482
835454
829724
299073
357807
260254
365845
361792
909085
531392
78772
556711
18229
961045
94101
554105
48953
229037
201395
616639
648255
460978
706827
652873
527987
668852
332544
259078
120756
350926
79221
735716
755500
846399
499502
537327
746821
720040
135227
147950
375358
955200
37618
688689
703755
390166
231203
89357
195884
19627
652880
404381
620703
970668
340960
348452
47414
154227
618183
670684
329764
656076
962897
429255
519182
394390
580125
718333
125357
716743
240239
844007
199550
733668
613018
463824
564848
862424
404550
906604
38478
789168
428561
733650
354602
160672
547979
499236
336142
358483
223046
780668
635360
795554
663139
26128
753556
931267
212532
439169
214175
530107
650408
459344
630890
344552
915931
884755
169385
155348
131508
563326
584443
422921
767378
755954
285088
993287
632068
767894
550968
224816
589724
295801
414096
996507
402927
562600
171211
979874
752224
617995
2358
914870
154391
139404
208223
891470
703178
832890
197491
447829
122467
756679
724249
55147
739065
118212
864477
614345
342484
810367
208391
828698
861370
455417
839770
629361
48713
862306
518521
957786
175270
233187
596727
646118
376607
113208
309951
889480
682518
666555
214867
870429
328597
371353
64063
608893
770837
442516
135692
176604
706021
846815
353706
50823
948900
464206
295204
14253
658094
502171
904830
220628
178665
638111
251690
568563
136387
1752
200045
262434
205764
464053
313903
522093
960796
909941
988135
80667
990060
970872
806035
465085
900392
147639
318146
376741
542331
642529
367479
370489
939314
574053
57555
172964
673503
854642
364768
943920
943
295812
516532
528200
807979
982761
777524
770299
171346
981315
196496
521630
146794
533062
142265
588298
967713
108129
944230
406760
995318
128650
505887
212570
34682
77083
166454
94010
416857
506710
679646
490621
197400
890813
203649
168788
801557
530785
633138
835362
699265
43325
556357
2776
453217
425471
368299
607893
529477
505983
318770
214026
19621
899824
833408
986102
915646
866706
444108
227666
420428
40129
934272
864088
482917
357184
949002
489482
213802
435643
793071
148741
157115
979956
224362
413250
888848
216771
103378
961328
56489
669235
824881
135675
917352
933196
428733
777274
371226
213997
144867
923215
34325
117263
713544
533557
816885
837857
670495
210276
244941
968831
64057
394754
476447
293173
655445
791572
582432
904662
310494
559889
580630
977792
111892
547864
213958
308265
111228
702188
325970
672411
143858
288576
156825
636525
497750
971393
947330
415177
556720
270895
369191
213864
349968
299752
843732
674263
880394
639259
456503
791661
402956
570998
724859
34628
34018
781715
351596
911386
748490
975619
118378
630472
267558
266575
582041
913685
277854
284983
400352
79117
358408
335224
240133
114713
661718
693328
476845
755873
2612
770665
351113
773664
790165
24312
100848
910933
582565
37198
280713
799009
347600
742811
468084
502568
920173
500640
89093
567892
884777
806399
320752
18484
333832
540086
870396
145573
2538
707628
689230
687384
205125
419487
640743
588575
413100
901459
392615
915919
636804
476569
84245
220859
992504
365510
927412
200100
10191
672523
829575
756218
293619
37192
829853
472121
477737
481621
800181
653170
90277
851358
674389
473125
495434
538655
948039
46259
997413
537627
948398
313963
352785
227868
254837
682688
128698
743609
95208
510008
75311
639365
648944
538568
445299
234964
156478
865362
252812
675240
24412
877335
846828
430875
682809
608508
457510
4632
786540
132639
460851
427855
240338
589625
476728
581194
570591
464640
179824
700436
404605
710023
131750
982362
212811
143238
545391
140446
409111
219337
491883
240373
968296
837846
401950
72304
148070
196656
644553
594266
758970
54298
736629
587750
239800
944654
133435
28439
647602
834385
422050
847888
975655
239126
757863
590670
904006
818374
705349
680931
699344
656373
376085
933478
775875
752845
985629
312193
699049
228096
901534
83856
539255
234667
296052
312069
761104
812048
754437
638603
669837
515601
521311
28490
325908
780298
103353
868441
29519
72688
545311
566281
506499
365372
783044
962247
773146
470401
882862
229963
947596
663482
713404
399964
889921
397451
102089
184047
715670
84886
131960
650739
119176
80902
401199
666925
297522
995359
841268
904229
300607
581045
413447
73632
91716
871176
246848
179190
346039
871198
100128
970618
54161
297702
104967
170497
428588
198005
38634
400745
209994
256492
649677
730116
246744
407863
602227
843846
929259
869637
36385
925881
104561
778844
124551
557428
902599
923896
558883
983637
420120
191053
510271
964263
640645
514934
570253
428257
536625
80664
718683
715356
325902
411061
484259
138519
71148
567144
98607
714872
847084
607353
112895
68988
257193
425628
540664
970254
880744
340416
574539
41479
270794
996336
592464
811568
185621
630796
738618
818486
364135
394422
577763
460657
536461
388602
194122
887228
259992
390220
600653
210390
199333
427665
77676
688594
586740
254823
102703
884378
672842
46465
920998
425423
443039
129253
21264
193983
15266
994946
895559
213051
299655
473630
485889
102514
317646
28336
255796
734531
210242
525557
116728
145633
42942
706667
853903
250898
347968
848870
462821
258326
849468
825632
677717
439909
506776
158934
486824
157300
743402
862995
970488
371300
131338
287138
417345
152360
942461
943944
42153
541928
566606
685990
625667
627880
649730
332688
372791
313631
990284
199059
137503
507706
332043
338323
762335
884864
920548
420339
247626
245021
139702
393647
635799
145532
959118
660923
664428
17334
578381
229640
720885
353681
519415
789052
333790
190965
26809
123041
854002
500856
107105
604886
412816
599354
710321
976179
721392
931698
229714
174626
324721
482906
213344
791383
34939
302973
820009
990680
750737
168730
113021
417597
537578
604435
536118
192293
145061
762923
589694
370894
450026
266532
642687
908432
519055
145826
904205
247655
45389
458994
685962
134358
375615
227445
776618
388737
282121
300472
624737
215480
253071
598765
987658
844229
659001
986572
932918
3656
855486
400281
152421
363896
492978
773666
586717
67151
971261
311877
314091
313243
633630
980814
267167
891635
371889
364195
81492
678351
200284
628928
293650
12879
512897
688395
606893
321437
511407
247196
940230
281024
688696
298993
19673
455756
533650
962705
150548
515248
67268
606231
286042
583674
790558
186901
290444
964229
586238
5843
482403
799780
912631
185667
496191
356198
885012
80263
233570
661827
317935
228197
986828
727181
259471
80822
911277
956534
908193
160227
248402
737650
925456
701247
806795
676507
438037
490369
546619
325156
361041
974095
839735
998701
370518
803496
755687
736021
553811
126587
473482
770070
558260
806231
530478
554552
540172
921182
240725
340679
190140
376229
965561
770120
506559
508594
723022
50211
762177
226263
980305
700544
886931
593290
16984
494125
523657
438381
329137
113663
957430
49524
263437
790007
850556
548122
295816
69420
16274
841699
23461
551986
116094
943981
516545
981437
383923
395386
100339
444376
83141
554927
628625
98192
726297
510054
562618
10367
629866
707286
382582
163646
736113
921247
403536
721928
247375
872162
925173
26690
405839
761853
583925
540958
69464
649600
207986
646878
838967
359268
573002
623756
200394
282519
479698
509163
657135
82208
870337
79496
78452
149948
737462
145039
370030
935386
504062
145003
788012
124282
538749
195691
126408
45928
867844
911451
931053
476745
733806
463365
279872
39472
864414
300785
407214
585686
271143
975347
698644
159110
218445
75599
499684
627757
403231
935632
826332
387612
58417
282789
539365
607960
252052
150527
550549
873768
750517
573143
602926
796794
582189
438354
437113
836044
121343
835774
784435
481118
530375
912240
370161
91297
213527
427891
809492
641514
950030
247446
75737
66290
826099
844581
610062
317708
692879
838459
516035
807725
92497
849321
512438
718768
935118
100041
709489
821786
425130
206739
162955
931829
313385
825097
871685
968250
234134
627354
852723
553900
57420
548386
304923
170166
200814
420907
719190
73125
798851
291230
868624
465300
530001
387351
314254
61852
991895
152214
880940
421429
519479
652257
784601
999895
186869
398127
516600
930811
166831
596714
361763
524102
668663
980777
374029
489566
465565
163729
787491
145922
812229
826765
494983
699514
138495
834253
950920
302843
163675
110413
766141
370573
749409
477522
15722
157056
493427
62509
118503
424415
769807
840483
590692
837747
563929
677295
270712
916145
914012
250414
21622
571794
387604
99471
338578
263453
478731
777059
670206
486297
201186
648144
218695
465840
234871
617077
463761
801110
666014
105774
338645
898243
154410
551400
421795
595472
789700
550202
827094
174760
505004
892118
198892
619719
518480
627716
269421
879246
274617
553044
796529
820661
348655
215126
581398
459095
176569
598938
671651
391803
488520
590029
992372
528482
885273
290472
462541
556273
695157
609958
605811
574592
321595
120288
81964
671052
627840
912415
268985
818001
359882
60597
904384
7003
102162
267141
579288
900052
218539
564765
716976
834207
718249
743365
881190
149069
853323
177765
563705
644491
292317
626197
896008
590730
499450
302679
637645
547222
186873
94314
594750
113378
622975
196207
666209
668491
444478
640325
466721
144005
592650
288045
119425
954733
104562
251303
395979
866779
285535
737812
109287
96913
236386
748040
707904
261531
122218
397635
901972
955680
266068
786895
484005
5062
928137
86523
914339
692927
979707
136762
117687
775764
785915
34686
413545
715015
309327
39575
576469
939538
73929
900218
888144
15169
235096
649325
513563
893240
380830
461842
189904
954791
499132
922503
977635
188155
109829
356737
75310
77874
83839
177064
389321
67256
182837
717016
624511
395330
222264
877633
294659
253728
704999
182629
882759
483831
670999
53784
284814
260570
117935
736692
742183
653126
404990
178337
308921
943511
666461
109750
699195
192064
194844
277055
456218
955226
65428
742759
417870
515919
791386
521401
774481
732953
819949
291645
180232
666679
813880
627614
984823
38880
988592
683188
348510
69410
17806
207451
823143
384860
647382
687628
936883
599739
943866
103108
715550
187552
765355
822390
218556
258321
350216
882189
219683
829546
894407
38165
517775
448058
701799
952460
480437
531754
51219
301109
930790
966430
297445
289190
220841
127791
602085
250567
839340
917890
363142
832580
887261
806740
403332
908473
687727
64158
847583
431411
262588
857692
205248
259183
861820
995578
181908
488916
491550
477991
607619
434941
581617
934007
173198
140921
50251
264241
263597
357565
612282
925182
362994
965864
599249
814291
269374
740093
725572
212619
446549
264732
600947
735386
904121
372693
296415
697488
400584
885240
978810
245897
76117
420063
81301
14377
582730
55702
420977
527322
333399
365278
141004
920952
153807
90281
234238
235111
881035
494074
40795
496401
373301
773954
890432
77862
293695
91107
372863
147357
738732
29037
657828
997642
320711
352494
617907
320279
970646
855650
397562
211257
562429
394035
375171
564648
685490
894392
247014
679952
935421
94759
532005
365305
192425
630305
852330
871169
221752
175239
872030
372655
413825
780088
4722
442040
653106
985731
437711
47466
71532
690157
543533
207324
991968
53858
774469
452421
508765
656428
809914
128349
238557
131651
778050
268675
99011
577094
78936
3264
889648
761342
932156
406771
159480
306000
44223
775847
3284
46808
926154
854623
947574
766751
33121
334212
594992
22926
809058
901589
374387
195169
257580
855854
316035
564577
274442
812632
923229
880532
99906
82532
898952
797079
161492
584500
220602
470366
108927
135123
617588
739764
418884
734062
45413
440580
177268
317966
969263
34856
268206
820094
688995
506030
805626
772665
309406
189480
11900
458694
861088
153357
608944
698631
505319
472297
380835
198689
995222
111977
60743
349927
101464
398569
969838
221775
466896
697483
136621
37590
35381
67385
357293
415453
843262
911153
384315
74211
941597
415452
380407
694429
14747
657860
690590
291716
497430
1219
983429
260935
65040
783187
783857
58215
791591
913166
150675
180611
184847
764330
677858
689450
195229
490266
387132
588894
980927
650486
193257
430519
50623
357442
842079
289985
701448
419715
473294
653294
870495
573731
409534
580241
743829
879632
704268
860042
2745
856147
907342
636738
478213
820726
412506
845858
272158
639492
255641
840375
985240
635247
937166
728270
401743
910174
440195
506923
92508
547542
767220
15226
435457
402677
659667
428051
467397
975617
424373
970616
641585
458815
178985
522104
959346
900138
873744
108170
607054
250825
68193
431595
33377
254175
683370
306849
829571
540674
582132
223366
560090
326987
157027
722245
633516
272380
555359
42147
383618
264412
908303
490883
112861
756904
755700
431179
757464
924401
122607
595820
910223
248655
185132
790042
643498
520298
447416
400617
243292
447161
384375
742286
991149
367571
747585
174727
27693
140972
802247
554015
485844
345142
10928
427187
66348
583899
687038
80133
21616
840631
758743
674781
960337
265360
704075
865786
33473
270531
834044
387872
134378
390112
458103
724264
378741
5799
799056
653884
778309
840874
989241
818931
438444
911091
794878
28972
131561
952545
837044
481807
351122
469422
211479
897863
633000
265453
306344
226498
597232
276835
127496
63809
463999
728388
443737
514701
256952
353154
135951
771620
112769
613669
937068
688448
972856
81616
331329
299575
403226
826468
748816
724984
173817
194515
573274
71574
102953
663070
658543
471940
218111
843758
246908
332785
439453
133272
982441
875277
48252
150834
243248
832511
783487
917454
815090
700873
712075
290555
529763
68060
378607
585416
573695
187481
492929
141332
723425
489177
713075
525475
893190
161315
416515
301895
161712
693950
749580
917227
295490
209773
838168
470921
996572
85805
903300
374426
870854
3555
480542
399413
836531
513692
616473
361159
913776
671003
616424
615339
215977
934232
872931
315430
971497
896932
615409
879887
259575
343338
568737
37523
319776
31011
467393
531851
319814
801521
700693
445142
593954
876646
889044
29105
922176
92425
141112
633511
840635
96740
464421
641896
429512
124025
910167
637313
839705
828327
636166
54098
319954
903362
936034
766605
267559
643883
604369
374851
908872
34299
49986
54127
834476
450082
791736
745394
314757
230276
778162
498593
628065
811165
266108
166064
259077
907456
987906
175640
948440
707447
223203
196883
526377
725660
38159
170852
49100
356348
611045
881383
710724
790910
410211
346957
542931
383930
35027
239340
10652
981608
875319
513616
360966
271312
493150
191758
71236
185357
850229
533813
394640
598191
70021
519223
119408
730979
923843
807803
221677
432901
39129
483855
197846
241913
846505
946871
351496
448851
533084
689592
942244
244315
507598
412070
903776
728654
874977
231606
669093
46808
564146
32055
287237
277877
240897
339840
346471
188398
818438
900993
57001
303561
121932
644857
875583
418120
323881
845071
120012
858709
805449
586179
451241
130092
269373
53268
491540
205708
147683
815
399912
609702
80609
470858
69528
807584
257656
662398
556529
463223
871233
893937
550812
671373
535602
991622
974393
588914
313877
861182
950875
322849
21028
780779
509322
79044
617840
119931
436686
490194
109799
685863
8713
913616
343093
586728
36437
860638
601704
844247
920946
965777
240864
270959
749826
410063
80478
379414
938237
617082
560727
196321
521444
756804
163489
406063
569126
420153
639447
766615
925717
816055
33446
391305
501027
527047
613216
32623
501524
374269
101945
600481
95658
197386
271219
346725
673550
568339
718727
963375
919046
914485
304567
259677
887681
682690
200487
470559
765640
106359
825582
118411
77019
192496
69014
894099
678947
644008
974304
590884
172579
883676
83740
447884
506986
368314
464843
447230
88851
639348
391427
865632
703827
566838
351791
494747
219381
912123
457953
144694
299190
416955
170000
166650
212676
82379
591038
571306
784269
397409
952602
510651
280181
591497
604793
470253
69026
966156
985928
771414
44559
563559
68011
821556
876919
278573
163185
886881
565938
470474
196808
699171
283186
184621
984214
460068
329671
519453
503186
356288
407010
578072
283554
769039
395830
138094
680214
315639
463535
596690
991367
527840
697259
635058
879789
859704
480635
1646
343174
609056
458761
73528
449052
238003
626784
659990
106655
902638
66764
407867
961743
588916
111060
962069
935480
945238
980099
476052
58885
725399
651197
143186
857760
191840
385069
465771
62845
570776
396554
641497
75688
583568
416245
395788
101831
435799
177783
535530
842333
696880
705347
849001
423290
440552
633676
568512
525581
952975
313436
14073
551652
531845
783746
986079
306494
63913
968741
10653
751386
423482
15638
595162
671708
33967
423980
668065
436504
190751
461162
613508
418175
649786
90099
248540
254997
782030
148
448978
278878
527615
500589
911255
737164
607460
562318
656707
834107
573472
2323
3040
712236
301226
899615
127757
502946
509867
541451
906940
178716
492295
476717
471043
475429
646192
159716
238231
904289
837912
74081
272254
9404
894871
912140
621520
978387
876112
56115
809366
252427
329319
882234
639905
224299
491707
860694
109170
581729
811164
542466
182906
2748
865823
743935
927083
644241
371779
325267
950371
800315
435651
111398
516724
451674
199932
878835
71246
873060
812774
648995
900081
860257
639789
9004
951148
430122
29999
986276
732354
834651
78861
524157
624696
296931
785264
238729
524128
662157
450416
203459
73555
91507
803648
917383
378657
450616
81998
434783
643404
451091
436138
431934
540332
313684
553349
835135
496716
854020
977656
339189
899022
852168
551467
128712
576989
218851
376735
889026
121115
199468
595548
70716
402645
297645
763676
986365
612111
756985
546609
252542
699208
535809
557714
224592
283819
497899
714047
478978
330777
817784
871239
664578
244886
231235
805062
782012
727249
490250
827782
141466
643513
693221
223996
278741
40079
637580
379333
368229
844048
81122
884958
550065
584191
430460
683493
209026
940598
903380
314327
712921
716119
45711
106622
903479
673860
392967
727949
132969
613607
56480
381622
309744
292279
88970
328360
71104
322903
231127
933137
324992
102575
104914
628106
600263
172549
753237
94288
716577
650080
96559
376474
56678
115348
36332
806579
918587
383096
53174
44005
589545
440638
653942
351428
859621
904539
480581
815091
652248
182024
99153
703635
863131
490253
209290
665854
880722
686200
300948
773656
812187
281269
645874
616307
643412
303877
896504
456231
473030
776878
279712
91144
947239
32250
514449
871317
99373
12530
817292
392300
3403
654461
833583
191314
450061
739882
902232
968864
30648
305051
112009
201289
997801
969576
638171
166807
471049
494321
929590
566269
884610
434117
276199
572187
394606
948722
455644
883023
60703
73489
307071
408739
359994
234494
114326
183128
437090
125967
708954
886405
107783
931818
913341
348630
363902
577552
871467
608432
919422
269596
581464
263463
571891
663607
463750
285000
445272
242056
983496
208835
86297
655423
350368
985746
174464
326977
212682
831171
951261
922662
100823
356349
703214
326098
316908
74122
69207
371966
733493
268153
791167
405324
18906
87249
491180
242234
295695
72669
433446
841802
625707
676659
484340
743376
133798
410530
348104
878239
119279
901188
360610
26639
561145
260573
806017
333489
517780
381301
535636
288827
313614
677678
150839
269682
598330
622733
269267
762179
860370
746709
713559
943361
462686
560034
562336
483048
356013
521977
263765
582475
654782
602125
444196
834010
878503
618388
392857
543791
941590
377410
497498
251197
395939
292233
67925
106506
424514
877589
221964
524424
269167
204208
932150
315081
972365
15721
127274
100374
703690
223417
950355
54895
680824
77835
341196
835525
639367
175622
655383
755480
718430
488165
75120
148398
647444
438957
236997
844533
8482
119348
15159
639068
146938
394548
341250
5317
74370
517299
746967
170268
161564
14571
425496
660343
437188
540837
107813
125580
596131
859728
151165
122655
631005
36416
917256
661091
579288
128366
551000
8560
862271
310588
205551
554363
479145
977270
845401
845527
259302
994247
273701
233834
203736
927310
648625
571799
623723
889715
830113
881601
869062
151274
986527
762046
77367
825412
478318
134532
167051
498858
809531
850807
733075
779964
771483
73659
292899
566004
969370
506325
765598
578773
68162
437616
859927
308450
930905
681109
647341
89350
259530
168445
943899
521955
331965
969376
421579
516602
635717
929914
666677
483276
964024
649379
366905
665627
668683
235122
448964
183258
124074
606273
473886
661120
885080
568621
470969
684259
207082
545728
18279
178388
52266
794505
722389
601119
724717
132239
817541
471908
616210
911851
254090
976869
342428
726060
646571
221668
339782
71203
681255
246947
162338
758400
214045
185187
6278
133023
760129
228030
229144
856919
143576
200963
521579
35143
380735
771527
883933
616443
97112
920163
583475
691133
786382
860460
706021
478734
992368
621687
565439
763639
929131
147849
996423
958315
486445
809464
947853
505188
469734
539996
925385
996958
820195
231947
990801
366785
702228
475680
3564
454497
413451
934501
937552
678527
730045
686095
668358
173598
995813
239955
159487
248619
476818
321427
124233
535701
990400
541095
794579
600157
275405
521855
4292
531910
963474
569685
76785
322389
132445
551904
250137
604865
262478
784111
568990
729229
231395
213526
445122
182272
632798
362621
823715
69693
497701
405411
445516
823881
504617
28081
304040
15161
970400
696296
359659
484889
450879
735661
458075
272417
215563
891431
587052
847289
449803
713507
407539
125611
541313
421817
996990
268309
470029
503619
843756
521587
840734
845536
658908
294015
871861
857198
351152
134570
218600
723585
625073
851466
702313
317803
482234
549558
286905
254054
850719
548035
202234
29667
125021
924447
93457
281569
211357
266093
663760
720528
203419
512502
13540
995090
309623
794345
142821
584108
2557
412759
281196
599172
166138
807639
645844
263251
825098
206678
497311
851361
637443
448420
569495
88506
23649
430682
643724
59022
599038
632085
999956
692673
170837
549289
269240
435958
162358
883288
365886
695876
253370
820138
722605
843998
995145
506062
316829
466247
544071
913412
112630
895631
266196
930299
340719
903403
968928
818403
297130
519396
790479
238988
328238
344947
788209
962390
760065
520125
973913
506109
562279
732851
598717
518098
72642
488938
50509
737605
285991
224645
913820
139049
784072
182294
44408
741075
892497
790566
55083
223491
869923
843567
335653
707010
998760
341340
238609
535658
357279
379911
384039
356693
215559
205602
796849
221420
692139
86617
730933
592583
10724
192218
361222
224368
363679
702353
168113
308366
286711
854653
624115
226994
416326
407639
987644
500486
868085
845593
604640
361418
791454
960538
395153
504969
765757
141830
537566
961562
872849
646629
933446
167465
422475
976049
204525
398423
881534
252829
265861
757949
193500
21783
106192
678685
348695
689360
546687
525920
309804
397815
638955
496050
397056
524427
49922
103480
237124
160268
911835
717155
567038
131250
941632
846691
663024
438791
235722
893141
79218
665320
480409
653349
731847
417694
877924
520149
682067
876852
6620
441821
730244
538398
21793
198320
36121
71430
761846
595169
622882
300202
218051
11437
61825
20053
663029
160764
662897
444279
883815
845149
977355
189782
494801
805985
957220
574325
979190
484267
643859
328270
842591
75919
564451
751249
993747
865363
451206
945469
184173
633966
267536
342939
556106
732748
754933
462176
103236
866136
607739
430280
773487
388146
436322
672033
859799
944791
872071
644273
924520
583309
86135
26287
92714
677119
773359
422078
315649
294758
8346
192297
705373
501800
941652
888041
942115
132835
762347
883680
76245
585935
138379
994261
85045
560647
87048
217830
888945
117311
641363
166919
198855
201104
815632
716212
414336
398558
661722
302433
809798
490494
50854
223623
120823
196204
553057
953047
352524
526894
984459
163044
712576
335975
135565
436804
205999
260558
500922
728412
994543
950243
308001
769182
764680
823224
426938
225653
960415
862705
667695
18913
132290
190452
293819
222861
913272
240688
708369
393237
485525
233237
871355
959727
591708
285431
616762
128776
390432
205394
294993
7078
668850
510264
896426
352015
34862
170748
435090
193612
441812
865641
867898
901566
11698
459594
75078
720114
955447
375517
145557
198404
775098
638514
146086
732047
509827
135835
28572
244172
190960
488874
819490
814505
401328
577665
240751
814545
605223
359858
396896
496158
483696
559069
707650
232823
922830
698284
851420
139933
259526
260036
759612
361594
950749
352646
112680
648662
39951
178385
445692
206383
524111
765331
286156
236693
173121
30298
222504
179582
402954
970311
153537
425670
866979
354877
373378
140391
98630
642676
467336
575899
731213
8835
381393
610
189323
864001
756028
419511
463757
118141
41607
794572
699770
999692
596883
145668
742178
270862
893011
702842
640518
633060
659949
354443
52817
519751
615256
267404
79669
606127
192673
464881
93486
345915
753775
275401
15703
243866
230154
530176
777194
295498
325093
616261
125281
837604
581106
645381
770734
382625
809146
120957
701249
747095
777675
676758
637141
547207
578346
581083
277740
813495
631893
567984
333948
37257
528873
274539
379120
689285
134350
91558
271763
231488
794323
412825
779402
227059
328989
457684
237177
668740
698022
737344
686661
98580
702791
252036
766159
327513
218116
457538
908193
545394
36957
449604
941061
418616
879530
219723
158594
33775
173924
717662
290189
575899
745747
613491
978729
261075
280734
962625
125014
418120
812918
603638
611327
389927
170519
662730
433349
297801
725149
822624
310777
339323
286639
38856
626362
864057
454016
934537
593626
747887
512099
161294
860309
97548
47328
112581
504365
64121
100847
386782
15055
595422
93744
663683
447605
108649
441847
721044
825938
826697
352541
109669
747733
154688
252581
245580
750321
693016
412085
685628
612938
536647
244137
619558
146791
330729
300925
195104
845329
663929
207287
926553
697256
714906
51184
664697
973201
307786
921897
395999
818493
683493
783253
486563
795860
532775
751937
580728
312443
851445
884899
10984
987470
998291
565878
868560
32926
246303
742972
691242
290972
498215
327459
287931
116608
265612
412487
85592
249351
27225
882539
33755
63243
813246
504059
567445
196658
188405
33199
284720
674834
317922
574620
757686
62843
523502
78262
504732
570168
729528
380620
862302
638552
66731
904647
243110
842069
335619
135529
531846
918396
500201
935018
497424
596332
362974
637260
547319
175113
83941
650836
293710
455973
691251
391027
998883
943441
830620
20067
815106
171015
163596
885808
578689
605859
58972
160641
446772
131997
630541
86182
555020
961965
939576
99941
944554
261214
707263
298691
389217
67922
300126
875125
100429
769595
899207
477868
467812
937107
522498
860505
577562
197961
604885
664475
442432
823812
273358
279152
271689
708373
821653
648284
308836
611314
93544
147053
204288
629274
139306
623245
693278
526280
689609
205201
969690
76874
177198
387591
48824
115199
961504
591642
172269
819011
783142
236768
396579
660213
383995
83253
321562
530037
38741
199892
891039
813710
220872
148962
547676
608450
364148
355358
680410
584669
295393
722191
392622
893870
28080
56959
783694
25091
588286
574098
492675
124766
345620
207392
896946
825035
526973
173208
641577
271610
171914
610606
772400
99332
858988
965805
461581
859816
438010
659948
816844
369696
407959
899140
965377
354278
348436
573790
254412
778677
515865
711687
57884
948046
261173
411387
971720
602658
158987
497784
920746
714239
985096
802984
8832
489656
160092
574146
99895
181844
959106
432299
858571
500742
699303
6488
951331
932815
675503
909553
992075
455122
345093
10454
476015
225344
79585
10061
907127
278661
97493
535371
623225
219510
521634
670734
733956
86682
421118
141741
324469
296007
378476
469495
853317
66662
467400
773403
824426
975782
984483
964572
857147
415650
22332
24641
163632
764359
188700
910529
697384
187757
135022
469173
128278
884949
237641
724405
155289
97781
992424
41870
970763
733826
605591
184014
418167
991000
15302
384574
680107
186195
588535
535850
809504
810612
637593
534083
923774
833443
818100
125364
854014
778353
264559
304883
677047
309746
312932
362171
671737
793724
94663
334630
892212
934530
328700
385266
374564
198895
862427
815707
653392
939684
456328
655110
550664
484613
275517
327375
510072
274491
791517
395361
932802
29082
896360
742737
186640
710005
129315
506211
795047
889036
713133
832689
221366
437620
611710
512858
532909
83086
83173
709528
82189
316197
545843
186430
41841
814608
558226
553310
616566
959214
667124
409062
595962
230156
657753
606913
794827
55297
720658
139737
381760
69716
124270
323560
853310
507535
431823
480345
527108
552732
315548
113142
530213
282244
505710
851261
140734
696472
81363
434069
202464
447709
62844
761466
979987
157260
725553
734831
562993
87792
922984
740632
626703
688887
452067
592734
279643
630745
32908
998009
301857
877057
846122
682199
936221
328484
906082
910232
807078
986272
969077
994608
483939
452695
887201
777124
200331
894206
109237
268103
168004
10365
469607
60681
284105
139101
886825
489684
21690
897763
589222
486463
633403
500196
767536
232020
987521
701179
242709
368079
709074
938147
848590
362090
160390
249101
766091
733454
734131
623547
29397
273633
58998
518760
803277
957807
645078
240679
233986
928721
300320
291845
65242
873644
790898
530438
80175
921459
176645
723612
500321
169455
582601
71773
736989
870848
465667
539490
282066
291441
291894
309224
676771
708346
46273
535533
443076
130514
342899
956657
128795
22303
248842
283155
340767
19361
213314
898240
119562
397149
444905
995636
529289
545581
413349
311613
766606
409019
233790
915899
330808
313671
142120
405193
400979
646752
409978
76396
514787
358843
507614
501824
370596
997513
869855
466320
72117
624532
82732
958111
522835
437725
149475
845791
945286
153261
798280
918854
187215
463149
673973
914690
913235
390226
714057
340912
27971
385788
956145
137901
454438
7616
145071
41714
596797
469780
405533
367649
233783
512001
874409
757439
787280
188957
665636
972317
871700
808683
472506
922213
693297
148067
561963
478096
641608
569248
12586
405341
905815
834047
546369
872384
561472
659380
395107
713160
32161
410741
331936
302946
128836
377450
920744
684326
943155
637363
93055
117498
491677
123407