984930
797407
807526
286571
907336
994764
995813
86551
392857
901925
354531
950562
644186
578835
973194
8132
408136
350595
280443
881054
916238
224734
248099
718575
879882
506881
185003
799970
85540
453846
772108
353171
457220
923759
715446
157100
314624
643544
124136
121991
824707
710790
85872
520096
488160
96977
367970
437919
663392
612052
411527
969423
850063
892818
616613
753298
959016
783204
265271
439979
546693
353202
326570
755122
976632
262087
457469
632305
920865
417847
820713
580576
574022
108120
906871
58476
163254
36504
691828
744081
202092
527418
751936
793618
690430
912705
930310
616228
767779
511974
754650
372763
64407
977267
904158
869904
48681
753567
276198
220352
797514
404672
860579
879258
420644
462760
658331
687205
604765
637560
995818
564290
55162
751578
132476
973564
100427
409239
827939
460308
364610
865981
982643
883848
497314
449161
825104
352446
381751
558067
795896
49860
476682
387609
504711
858299
410285
2432
562068
559831
388350
759373
463460
720381
316117
10614
140171
290129
971931
688676
427892
837640
896985
829585
742640
510288
258168
333152
597553
105600
254727
915248
857699
364870
111222
880643
807300
548097
789012
472155
585904
766924
148890
464965
72302
571849
528423
447630
574614
238384
36173
388202
883647
404012
451315
117879
779775
222559
515085
345860
224676
304408
979092
320491
275158
571157
215647
682371
126008
364334
257162
19298
893392
197890
465003
954103
400062
182316
573255
596816
390803
622223
72839
713549
59519
802973
555583
103999
290116
773717
626528
676380
991577
921842
749994
730083
982144
597297
740770
995297
79954
879947
946771
316715
198257
868808
522515
873119
249834
418106
427256
187969
976038
476007
478955
241968
210841
72543
47522
98357
527040
825504
824934
113164
854192
783925
10603
792338
83977
341269
782452
591551
604925
924078
156014
723162
343102
497697
516817
48470
569394
473759
764141
473005
529850
460466
432363
938721
597779
40248
683133
33028
813671
156954
654435
182331
374243
872612
476088
914433
565076
461833
614042
255529
591145
649573
292317
174257
383733
85659
808428
309668
502855
746892
222435
314286
681043
495896
232521
191197
832741
671235
766992
36765
105967
869076
206409
557775
49478
827245
439473
45586
342867
412157
960211
150984
977106
795585
428917
762526
826370
620937
18782
876720
999745
786677
310353
65160
316433
141283
657454
951111
165318
928214
907655
936289
714791
835268
868796
394341
829268
401792
425775
828319
9225
390347
244708
710389
17867
619976
774442
352
358987
21204
804047
252538
563885
804348
534380
139683
177529
241221
356434
983785
250354
252204
527229
623005
607704
597242
23604
149365
151562
736324
267321
314477
951866
574457
743874
731702
185150
889798
99316
542546
651470
897373
335413
915009
45370
293230
117674
594337
563898
240320
265053
352324
944545
213978
862703
143934
595251
561512
930419
786008
691623
965981
913625
126935
312851
528431
842071
913080
532429
905194
502064
463441
314255
126518
777953
27003
367423
266053
352015
898088
243389
513656
537700
302143
261670
606366
815231
311930
339268
607302
735292
823936
770046
114224
822924
700529
348555
561789
508446
247070
677524
89235
302987
705450
204828
188703
63730
724825
17049
174263
512995
676433
663820
991963
368333
265315
455593
392103
320004
635874
53685
487120
830401
282929
508169
396829
606172
259358
413476
273208
880248
17316
694338
975654
576691
162333
207506
981269
679842
876795
390725
465722
122242
388463
880694
219708
92480
220878
791959
758993
627537
971804
750772
343994
877178
500296
500081
224315
720975
192802
233756
580629
879823
437999
28094
376973
473611
158525
665939
188788
697483
4970
875667
26308
587702
375762
716981
326619
377817
681576
620231
556859
811121
249723
270885
83951
511680
462344
722005
784321
680015
658684
628880
809470
70432
250657
227977
694625
929026
687286
238035
422623
448703
888330
471632
953010
698533
269157
223475
851776
99234
215163
359981
679824
915181
751114
959806
988565
831464
870787
591773
285907
124297
345727
156895
82331
182906
791556
509854
592092
42490
230125
61261
385048
912985
587635
142426
611273
984916
87621
312905
962905
775427
355076
129490
183902
614983
615589
136567
738515
692653
276972
810732
878600
213813
121457
105751
638229
335931
688992
91138
775490
434541
241582
264385
934144
391568
351268
131655
261554
543415
689116
508396
251318
838005
419145
614566
689104
679457
824135
248779
37282
378474
64382
247000
940176
84053
661811
676867
820353
592943
972164
416016
798430
334972
724243
928165
990053
739696
385344
970507
848198
982797
589483
678870
105912
770064
794321
694787
742573
792789
495588
645405
763936
178184
439475
75533
457975
672553
290182
910045
663860
202885
339368
299837
353867
156371
221224
458762
300738
712631
821809
315084
939960
87013
869283
887774
250391
629133
194911
291548
743846
617024
101126
806590
291988
340691
924633
323991
696958
614862
481856
934997
976521
923734
296888
181674
104050
764369
143281
127842
571699
503087
464911
688963
117463
820037
265244
336027
416051
163843
869252
348895
965229
180625
195251
90766
784996
658287
345012
54157
515450
362420
827301
904198
838056
872435
361063
888031
702938
952694
59916
81319
511216
385411
259495
482003
163219
169651
987025
233654
446591
375515
378446
158804
687932
650772
996525
438748
697829
740759
665415
738853
232795
143915
467640
822487
526014
974705
747502
142537
478519
232029
738416
934446
162808
104159
95183
137825
299856
77063
292597
542701
628918
959056
79526
275883
187333
556347
629378
878504
434769
947835
578278
112450
387309
126317
181051
830031
696409
204950
822638
49811
155000
533093
326460
429493
244197
742778
243344
178697
872885
181554
623712
356506
730361
260118
266394
867361
703359
2607
780398
308735
226113
542398
848689
529306
518184
15207
925587
186436
441713
282872
294346
187166
469779
244190
108776
992182
310860
383113
861507
614312
886161
180742
79840
336135
686942
240293
98880
648190
680437
753246
667034
233156
190111
996249
899815
266685
616841
422623
485220
522960
430176
32618
673549
449917
551075
378077
686531
397770
54945
455454
543368
522955
962307
564013
217750
232290
497260
511462
119704
68625
204703
591035
515360
666497
108072
565673
479210
269576
890564
503216
403558
294371
433924
590612
549014
292595
913468
174265
49604
444139
35949
369054
424814
639968
471462
204451
310514
252133
212245
910330
795013
182870
241666
374838
831861
305671
67320
757074
33884
9911
517083
258539
144584
946210
691727
958261
586130
44977
919075
559307
890982
972027
730095
460037
277016
642082
20201
858404
773132
423248
660535
43139
567109
734622
155593
373282
804402
689418
530510
936553
848942
474366
256884
402372
526794
906642
647666
858056
126441
629209
666378
822006
490969
568280
108412
180799
425250
748696
768912
753085
83159
322509
740247
48212
422465
61630
709910
696540
787423
81939
740368
235516
278476
440185
681503
831407
302707
323051
550265
169605
543433
110827
406340
676428
383090
727017
276356
164145
9409
907914
225796
378635
623061
651499
691297
592294
565667
282077
315207
692964
201682
964563
934610
211311
955688
469585
283418
567040
641648
547152
173697
768781
30985
80503
296020
375804
590833
78828
40981
250651
76932
700443
757626
965192
852357
575936
303320
846386
530615
527368
560242
791127
202120
615332
174425
496014
835932
469104
933289
524414
606421
84683
332805
928647
334706
164585
78432
506431
89625
335314
384220
365511
548432
658206
29259
590617
567718
61715
899800
76858
165769
105921
569030
593418
406930
785367
341712
789566
589307
893680
68491
33185
50240
957254
70659
228972
720507
555156
414907
38518
344686
622868
993722
470407
361172
33104
337396
861408
210282
261301
447428
622854
565442
196634
664813
964571
190440
319357
42392
611377
125167
926620
933990
576557
747177
412577
620376
415028
429685
265833
703904
911048
340505
536727
867264
91040
419633
80400
845397
280439
771098
670993
815862
45076
676938
688791
654007
174343
714423
446646
479630
988157
828077
437528
966582
72487
435749
481108
164854
130133
793175
440392
694623
606408
321358
495047
482437
346229
224943
664416
346368
119513
798238
58537
859933
660108
96537
912707
696213
384118
348492
489199
467788
77568
448609
51903
198721
693726
224856
693113
647708
757843
261057
101519
891124
418104
207851
740340
447941
150187
905305
787693
60126
857045
222932
950510
437283
110842
247623
170335
352316
756428
247881
8235
701502
824753
438626
237333
971703
627516
164811
795437
428205
433506
244904
401742
72485
440240
575058
128710
292119
668811
789758
813751
342375
320083
621785
459438
46374
738098
483522
295330
897294
808474
783398
207486
179857
994014
932819
823472
930502
702908
864022
998037
425851
435805
399062
893433
938246
369106
314349
725495
879119
633635
952496
225875
381938
162195
519313
650648
653033
527439
920459
164521
103582
812348
915558
111974
18558
208068
946570
806705
813221
839710
960316
87084
190938
525146
827126
406149
699765
453494
132960
527223
864981
188706
520292
63209
253329
728198
947912
222015
171415
153123
429563
612254
302819
295384
890400
870017
588747
918285
496053
861100
730058
722209
25075
815204
239161
910395
695399
623074
564363
874572
927198
882229
989344
39034
325038
511203
558026
456274
861824
559581
226996
86045
691049
463483
987771
322246
945284
433253
744307
412579
493772
694127
708928
936811
9918
177402
629073
219971
84014
557137
39025
723675
674103
224099
948794
221735
73004
31532
685233
373044
898206
386563
292540
249305
188477
148434
48704
545098
334220
150007
351647
327044
138392
641204
158248
179351
901815
344332
475548
259093
686801
351588
774160
297395
496097
212702
226046
774660
210766
144928
847309
635619
766411
805623
861296
103859
934080
413918
51933
953293
575469
779706
485233
347150
373768
745226
597126
118338
498666
538213
446662
209997
159546
954162
383766
43806
298287
357434
356326
94524
148229
603628
24592
231957
221128
139539
102835
48777
678302
245476
666249
733088
301852
696209
728968
86997
446093
455442
81913
87138
228095
872413
987084
954106
826144
980080
629237
649091
438086
275078
139860
614788
983532
209652
455538
938684
483100
151659
651837
161663
223497
284045
224346
40730
736947
274981
226145
553371
650279
952234
612115
181887
284464
572770
13120
684243
482792
119310
344989
982404
778481
290322
937165
644757
678749
814235
851643
87577
366679
147436
671388
920531
128493
123684
370408
974870
724464
787761
657331
489013
660390
723666
127807
515842
640873
890956
308577
978746
9748
971893
432112
312206
753173
493019
399636
899654
645652
690479
814197
831850
791363
138289
590461
952391
662034
48905
948588
861511
236236
18576
426023
688232
250889
488866
65093
859469
187589
74344
950538
39501
690457
479256
876048
38537
479368
321636
811136
704817
900493
397084
496261
796313
911392
517318
811206
185733
62879
967710
142602
287214
356583
172298
850985
798907
168121
913233
676611
741138
11111
185252
426185
500148
455826
808783
669561
541780
410955
857223
884967
17346
448813
363531
269303
945966
914285
717649
321994
57820
100134
519058
150846
355269
967071
103741
207056
102835
575000
78784
300674
297190
268327
113046
175826
228306
298600
959856
406926
117428
607193
562434
77206
728595
579109
225232
290614
741409
721313
673773
946713
879807
429504
893292
46748
382229
395024
46091
956095
378922
540349
629428
841142
345700
406628
857264
44452
755597
141300
818116
144474
800284
21391
406734
946605
672510
560807
324838
87891
889437
413590
730456
720982
104582
933238
449162
797777
830293
941375
458786
415058
445545
661112
944691
293323
531951
125171
121338
60676
63076
690335
145466
587842
120558
40018
313043
1602
118210
50882
502419
918781
706520
186868
956673
219690
290162
902518
301319
462327
142095
605765
831963
467975
5141
375612
248665
272016
34658
685532
822388
234859
879527
748917
501771
665650
140616
33680
214355
142561
23515
810634
398529
212125
972326
246825
195403
475815
780171
508273
837434
159116
785107
434166
402438
939593
352378
766773
457300
430438
803836
869826
837607
799318
486764
567826
93121
221974
846291
254685
473389
889321
869868
38607
927553
697285
387561
5511
200172
115215
986975
729225
517289
701933
652067
582728
188918
6
88456
581969
356215
966787
861459
971180
183548
56575
49849
188171
428049
571851
633439
24108
945966
24279
240816
876315
226560
793286
876546
380090
143549
976465
267128
899085
609398
712447
545641
625753
396067
802554
594951
1818
97223
471969
7454
304656
746260
352600
604469
569096
250975
535063
626133
317553
241760
883489
251756
948829
602334
686888
444305
291998
246782
342927
963997
384385
990264
353137
573457
162314
358675
94990
756854
298395
280377
94143
227465
462087
738243
661058
782623
929862
409212
147188
73008
910145
187241
702207
63489
111962
273561
537408
351559
447507
925870
778869
889586
442272
354152
570317
950271
315231
113016
738327
802065
315929
411577
114428
519836
922673
187059
614496
600077
656516
533641
189830
483885
765208
608612
517881
119015
83601
247744
938300
764662
867841
482544
771416
99206
534323
994169
901654
164224
715275
792992
42699
636448
118515
936116
672379
725784
36657
440983
641736
5937
69165
258676
236201
257430
928340
420521
447895
511798
881317
249268
738930
585379
267357
630482
189197
439528
780883
255170
462518
105956
542910
931943
463245
686820
346010
140859
127784
545324
817419
321237
832827
637555
353010
304147
818917
500132
729777
19839
855867
68085
475168
648499
960624
955031
724392
37944
564133
943378
230258
919216
647314
726801
573022
18217
588543
875697
269821
891545
775839
92844
272835
176743
304570
168665
380558
542971
172108
941349
797947
340026
721190
248583
84207
77408
302380
420449
302926
815281
965228
304607
941521
1625
432435
835806
3226
311033
315103
716056
95240
112409
709816
135371
685350
76136
24810
180189
91553
894654
662418
821314
509556
6365
990783
503484
537158
905098
400676
955069
265350
858636
525667
181199
208387
157699
744203
848393
784407
833670
900200
905064
848991
605115
924587
46001
926066
634265
593297
463972
192255
280358
36744
88492
481210
371570
345821
449596
662787
659761
890627
462840
76892
355456
247012
988535
896747
908790
618188
881851
442611
197818
961816
908249
735095
734349
323701
825376
375453
321272
89099
850608
447004
496705
567488
68272
659596
737948
338197
406973
592464
150449
370351
450335
362050
803985
258245
358043
426305
783158
914902
314960
134554
6718
224350
728294
56207
404301
239444
588218
16803
411762
315026
300377
457231
69440
988499
483752
218987
584354
183866
554111
18722
277223
600754
928589
844674
278280
84413
390290
483656
114008
564880
211767
732929
533476
555962
773805
940673
720909
716309
966433
60685
221410
791317
684506
247035
534080
836677
398
402695
380644
593246
613388
745801
305454
501740
792018
286611
933013
292344
384684
455584
662780
324262
162613
97617
429197
237293
502440
67437
708954
99125
717033
993548
381279
542971
994114
24567
178600
121901
356574
967911
320215
764300
150358
397632
714633
835704
820242
380590
189325
847300
861636
105365
394194
694887
982756
115136
842113
538401
710428
397342
48101
29585
959164
399656
201008
115756
459771
469015
209193
162098
991848
137119
912878
630027
805579
955571
390289
520236
43224
687543
666344
313277
229769
246485
712841
707023
807435
220916
465372
432452
884576
321887
602175
802932
584751
551112
232713
577485
950198
808067
178112
570612
117523
79931
764523
330569
982737
870840
958093
301384
261646
483323
481519
192894
328346
823190
218832
142387
921912
856975
527882
790195
889069
115523
301163
11393
896246
743668
170560
402774
281289
885266
997847
300328
467333
475686
935740
770188
110011
537763
947104
104634
231843
204840
840948
147027
264416
393767
769201
195033
868202
503371
347614
670023
200299
154153
916571
319764
32088
718361
628399
700162
899393
459928
992559
100568
419741
915416
578702
858337
92437
974432
954020
49455
282848
722640
268136
403358
612927
349815
460675
235173
520617
291076
558282
860660
688119
109064
925648
616791
395081
822206
143127
777829
779805
277426
446472
245545
110033
751108
515485
400676
370087
601161
883819
857547
628350
90911
966142
409000
976883
29118
505673
474658
314274
267216
984358
49617
49813
571052
653711
757758
823755
202317
637209
684803
559341
97943
182383
557943
20023
200247
732652
156960
818312
878506
833445
127162
162188
823976
487843
298770
844636
438323
413499
851197
640009
63095
485411
388358
302021
941885
574887
209160
754360
997159
831447
474088
811053
770928
97339
468240
75936
319255
512326
723436
746165
697282
349875
598292
881972
816429
435459
142255
195520
968566
351619
612002
542758
595022
536486
768475
787012
328535
68782
635565
557812
688133
46900
10216
457759
607560
741601
178642
299686
66297
798351
47951
513895
36957
578213
736491
972548
417935
626235
80537
615044
647663
245048
312493
182373
364751
147956
224576
867171
533935
945804
258287
647168
167184
878525
518772
510876
236855
913525
797003
216541
814780
64454
40299
816071
809380
497704
317970
456152
745552
464868
859512
615488
883890
170983
697474
671177
110569
750075
177018
287222
208709
832643
398324
819450
250867
789993
181728
906307
623780
162387
883844
22952
169982
103951
350667
375506
876432
259009
44470
703527
642921
178069
623309
391287
448994
888300
598780
802336
52340
573599
280320
947416
135127
395576
542264
766004
645975
983336
875431
64753
619022
655505
717238
919528
475754
269861
892521
213512
317400
198014
279143
777507
902476
593425
833909
811071
741960
722347
386933
43615
656589
332317
722057
413587
727998
472739
422803
317961
481498
741652
613108
897290
949902
759321
996148
758420
431099
814470
531740
300966
89675
915841
588825
937306
955788
544286
924269
407963
342354
846701
892495
712658
695103
955658
565012
640894
557436
981322
312748
210943
674427
652900
525107
675018
773174
784351
849910
88606
304041
237785
732899
976906
606251
79955
744956
288544
396957
533201
453949
467572
692009
813405
853829
92228
195452
933291
917860
297465
689515
738542
813286
202968
859623
259978
513122
535495
371063
876115
284765
419558
68346
486005
503837
299995
181880
667315
927442
940243
662965
227915
261281
334152
682690
376131
344082
169115
578867
401915
65668
922582
35723
76700
746193
250100
81464
109543
33752
633675
21729
483294
842932
210009
324675
867414
343997
694402
441796
481530
422684
462078
127650
735138
226571
30930
704045
200083
815915
448168
863094
939944
378294
505299
954380
386776
213820
371951
792567
233471
741262
686262
630031
646444
247211
127894
829345
625958
984874
276071
793112
925129
734659
797035
940932
769127
566200
499373
503211
379531
320832
857127
557760
795922
575578
804684
940640
19779
11636
104731
309133
357205
791254
733963
879251
319859
58382
204351
676023
622098
261668
808624
241244
121857
63352
172172
260079
674820
922014
183538
308656
655222
30209
107419
924820
763165
303671
158415
844522
358277
349988
347181
691285
775637
433174
73156
558561
937064
534104
127843
416610
165023
286839
611725
931182
991775
837908
909075
971705
975931
448063
233088
838267
146348
922950
338973
46718
119239
194836
696620
344350
65922
837852
464620
284776
351920
296468
886168
613568
130662
147890
161046
357290
80466
381760
618040
536352
279048
13045
634984
834389
514
773089
77748
255115
594767
30294
919077
836051
935171
827971
606196
365235
43619
472478
484734
687384
177654
569636
744809
27758
218743
739090
146434
371944
532596
367007
489911
306448
570211
679361
115053
861850
244448
397085
921873
395008
245053
810591
860534
608303
326666
736359
13838
485196
368243
458987
119820
468020
988013
427283
699115
440829
326910
332127
276002
810775
614410
468105
832152
147026
569073
125144
737896
870308
842575
872717
121750
774151
148031
702477
711420
448227
743335
337368
111429
423748
850912
845104
565171
224092
576387
793060
540620
316574
596966
214811
400314
100667
677374
923955
651939
379243
329168
740928
719260
394750
634985
996195
39349
388774
908603
687403
271315
595956
54555
623926
48834
613862
860649
955149
653969
411923
25827
128308
742982
586768
641240
483911
68431
441701
703001
819390
308594
358597
310509
237491
788176
398935
149664
415791
677688
446656
339815
231216
891280
802073
77117
113802
605169
319851
230375
896518
122618
954682
870441
89091
273962
211536
481315
605077
459725
936226
16045
182256
940473
865907
565507
113044
77146
457531
385413
618558
671569
698878
545796
464257
680969
245447
274061
927603
997556
693063
30394
34858
292945
266908
452725
758685
160449
701686
790785
423535
510417
684133
698120
245193
182635
388368
258676
820513
130798
788317
717346
565669
982390
375796
720467
366026
222658
16058
607099
924701
467377
193295
387167
679844
155162
875232
787841
841613
774449
26104
105631
225747
132766
561927
59330
580857
644233
692700
191221
383353
783391
408966
236880
242295
897875
894548
531027
817243
411126
400482
887234
729045
184389
62791
654255
16063
211062
143160
995399
962258
869350
506870
973113
79869
400498
493981
826888
552758
606980
816914
530033
765518
583949
61671
155969
356569
975987
196148
903490
674934
112330
40233
749406
870490
733727
259829
847577
691821
466796
809118
562878
82882
191792
113676
687584
441039
758270
870728
771834
662105
639643
690801
745651
901584
586881
492916
647452
923378
29620
64169
353162
474306
947164
845646
970954
292440
252650
663805
918829
63452
190929
99074
854864
335022
406846
553482
662066
456118
708215
393892
792227
17243
472187
652134
416280
532142
969443
346707
168063
406285
704907
342370
132115
431922
378719
445413
175827
619982
235411
285628
713974
742900
286269
913010
521991
618361
457720
870472
197137
22641
258717
223497
778848
342869
726424
844106
632806
307228
797854
539946
784473
959749
365314
158996
150643
249803
525423
897264
507822
27555
872031
465051
977695
189044
235822
894245
23266
126899
280745
19805
927894
218985
194690
719255
556296
245725
768853
857403
144090
289175
296508
135685
438621
446482
104242
264337
330132
379498
703379
534403
931880
747043
52766
993428
253376
613205
776950
568683
746617
818462
694231
686958
716909
880924
967119
806412
320037
149619
232294
836399
230539
459735
893208
445820
918814
365695
577847
917036
90524
850899
836910
785222
245579
612115
105225
721203
160502
913070
555428
82165
438227
545224
2935
973103
974136
686086
532738
184980
173529
90332
561130
457003
206262
289000
483868
518650
989808
227826
561683
278072
158716
621562
147485
150882
475081
920806
41020
426031
631661
272087
665543
680756
559892
465460
192039
272103
785780
987960
777456
881856
836552
127866
256106
321731
496083
197290
994259
399844
880015
21951
287369
831726
993324
797726
343122
735774
986394
479565
66924
373956
709847
681667
86047
54841
236183
612903
676443
576939
269393
279605
338584
780551
527582
736994
761559
869727
78067
448997
367902
682947
48504
263566
992447
887665
934421
990954
450963
527551
789572
410717
181944
987044
977925
364068
203085
403929
15453
45431
40252
839059
600459
660286
458220
723620
13150
678262
529952
508794
761488
629443
301590
318115
791736
317551
245531
842112
170878
845010
514797
318417
847191
97081
320753
48960
934277
308754
94906
272452
617979
722178
405225
792874
988133
449588
922434
719930
851619
874556
750586
606053
170326
320321
657492
612403
739492
192297
152346
31337
388525
76453
274774
129074
724348
949516
781031
16998
922628
138085
864901
57928
572710
45501
192974
95197
427617
34257
28954
758737
723365
423887
951925
767911
685491
451858
51804
192842
739504
416314
724753
302683
93675
98781
242195
952065
537356
524874
464721
260712
737971
7325
248385
886323
984980
28438
427523
515458
54053
739
896966
137764
63858
314119
796745
336157
379869
90892
98521
860100
452103
199029
811984
870909
592277
897247
818456
282337
896690
386260
700706
601704
535086
633118
51965
257923
181678
760073
851941
563934
434871
71743
931919
383011
205362
429683
765788
418202
68660
578283
175030
346011
797340
56539
785354
858730
614215
915117
772258
866441
927780
530243
39300
269472
775700
196074
933033
415512
740828
563038
170275
693049
303968
413475
956992
379507
161908
282643
859276
566930
585865
118171
621909
142035
502567
368433
327851
36027
349207
25755
921454
45593
471424
684574
291893
566133
482927
185404
795840
117964
248892
710747
181387
426377
394964
614082
255881
345039
665563
474681
734082
118397
599053
55000
38611
458631
523890
76625
666374
324500
243877
608576
226172
125455
824032
79286
733214
846411
972204
216702
108300
726696
178398
339449
852684
815746
858400
210340
172921
649803
496662
398301
489194
941467
497237
293969
845562
458074
592452
772196
545933
856164
123937
910397
403880
555700
494319
841734
351943
701193
252226
168450
702164
470081
707812
894012
235503
288139
961001
66867
961834
185196
246454
321820
717826
567801
753591
512598
519636
312689
25795
512607
462825
247380
556648
265728
934018
248384
664039
395762
135511
297972
841882
33773
781988
383886
981020
104362
591778
303571
25238
623405
457399
690825
65580
795029
491667
18599
359881
837603
681419
484987
161244
59071
755110
614182
814427
894801
665637
75305
511888
856094
568313
774572
307895
998952
57992
293108
267817
387132
331928
126374
86935
915466
380545
204338
333445
491648
293313
757558
226217
428982
195832
158306
448852
733438
603667
959987
590043
886343
490626
672006
636346
889817
50038
477283
862150
279700
704064
340169
952863
689464
445073
897352
571688
849801
653751
803022
41148
167240
658589
698656
118097
286799
264932
638398
609636
599904
439657
163548
768254
544233
208548
291662
354656
712772
726698
971402
857694
391892
693297
831184
655524
941930
884325
233409
272969
818577
645277
578800
497428
759456
759220
871349
995776
466211
75239
636811
378580
986336
143649
816214
96376
290475
197407
99379
280101
249411
519139
106175
105392
449569
573544
277388
786421
925244
821422
580068
785568
288754
75302
50717
975863
261794
129582
678320
116803
382653
10230
726223
996384
151873
887992
211030
534833
578987
276774
469958
814263
754229
100933
257830
641308
903766
774620
103641
350973
411209
537165
181803
23525
452921
769211
883729
853791
423785
514531
209616
885131
540389
368606
867996
581837
630978
250352
76456
652704
292021
853141
716071
66418
923083
813847
17306
197722
442757
590480
183947
208455
39686
666968
137600
786447
576702
468337
18361
769493
330626
658070
11563
41670
854391
959074
5649
317700
82162
148006
236717
871551
722541
890902
46873
823576
798053
992252
744142
374819
704731
76116
182238
636352
33897
638860
438458
227718
458486
123133
876104
818456
861032
553864
49294
757344
780942
597704
824738
303529
68610
611030
187014
126982
488060
995906
743352
261616
560996
614931
758566
827486
272884
897090
504401
74009
559965
936856
995283
274056
639898
568925
348262
111547
639643
179524
749546
624066
814638
18536
16525
795145
397314
91392
463874
597646
331931
237105
5991
76344
346648
613441
892616
724485
494957
767979
3485
591567
226997
730554
790933
283515
918017
329229
383797
601729
248849
173286
391808
763657
97768
359862
72710
274240
194814
796324
691502
656236
927093
973071
502880
279703
437332
853203
797232
525323
744908
154738
619673
971784
904550
325801
433784
139172
391728
857296
662
963908
319040
580808
808840
52992
286580
563159
635135
414211
105711
925265
490637
533530
337907
831386
676072
951111
771376
203299
599695
980201
781084
362225
213345
967753
160693
916954
322407
178491
736413
892716
147201
654536
547297
585464
728737
624562
432326
510829
951313
371840
245085
411164
389690
911666
640554
764569
611784
87995
165398
161330
551326
55086
767495
846080
64646
913477
614194
167368
715822
940248
502531
425194
976677
753919
113606
42803
756605
678406
92356
866100
32387
445171
694883
652830
133514
948360
720486
91843
664365
705516
985267
709585
513894
52493
886019
697257
568160
257276
924725
27882
629658
880952
310135
331189
974687
442085
221181
950091
19903
317119
334230
68365
803069
36813
583023
181409
472559
144313
551103
39084
680113
156506
670509
627698
224270
875572
973091
718800
808317
431360
624539
164923
901245
482059
26919
737580
620449
689376
800163
491425
271188
53788
309932
765206
309268
391295
499007
5918
188031
497674
539709
283446
917344
779964
444430
584943
397636
891334
564971
500274
651300
296219
487837
799262
699099
375700
718149
28388
499683
80607
394879
556867
233439
870003
826687
196704
451498
493184
171670
53653
770698
624438
324771
276608
51099
193824
398049
80368
325940
21546
423590
505586
6427
831755
410058
748886
40467
205190
454668
131698
210360
254446
228920
422827
200424
686706
82957
858686
93671
740671
54691
840348
441299
225236
788133
161102
129690
801281
475470
139229
840147
293263
656556
400044
863499
410037
145281
9162
389677
386925
748608
664280
187377
96685
334519
108768
130621
22158
156786
409200
716769
619818
233832
511095
325584
856606
871346
232477
878883
501899
708347
875371
65427
326281
574900
643402
786880
178722
311274
726815
589500
621764
386896
881052
24420
905490
992760
88336
77740
665740
210731
579779
440706
972190
706965
377267
719862
209333
295188
947680
518119
970956
279155
578157
330006
781836
616724
758996
358668
28393
993473
354219
698074
841680
649258
913344
122577
835217
710870
868312
640656
149123
418423
806720
562555
484122
415608
770836
975417
565927
467666
675640
871039
560989
599635
37091
210200
356229
992412
663196
563792
398218
798711
767074
996502
617752
13290
400629
508712
268482
95879
66069
805937
630521
737926
953173
946016
872428
86475
812742
832510
350181
609409
789934
804997
585961
558128
33167
190623
225114
792794
168818
11936
253569
659134
138628
958508
681509
62252
908985
234020
189874
627303
68972
360561
494799
877913
435975
146113
596926
916462
508661
558822
350891
293067
470608
419385
16843
961592
208335
178574
226723
130316
229116
536567
285075
941989
12303
676421
93973
449779
974535
231874
747974
365382
618056
78841
590722
405585
94435
413752
70339
36346
710656
560101
74074
379141
614196
792459
993525
890437
305632
489847
102139
765318
444333
781607
232420
785844
968631
440713
989664
744874
89906
57136
260751
555745
161893
128195
778054
534747
276555
555381
514815
259060
3278
730627
863770
404812
838961
913045
797249
497398
502763
73260
482660
31893
512170
82399
495758
883087
203721
705997
55198
892655
462150
156034
140931
474984
970094
544638
890354
814950
791400
746205
464269
323296
802735
76103
260539
143776
529693
609519
948475
993953
878346
16531
741342
536423
873156
399498
935013
16835
744752
22454
475920
917931
355820
72265
574167
660521
58981
158163
75981
302309
164762
627763
926072
473601
170496
689058
697311
258934
791927
623188
942964
988765
293737
344029
100556
42207
598124
733382
816139
771181
786698
422603
210318
825410
222683
440798
895130
78756
346871
78619
698078
342434
417663
90363
719045
414841
38591
122523
726837
248671
947563
289908
472545
924536
472534
336199
689294
750170
713403
290673
855403
868649
96058
225646
447167
827691
829626
815061
598102
120767
947093
253987
105292
489630
495081
221932
4706
381887
217869
755609
84833
676421
712846
568737
590246
685015
612006
191648
579940
790103
436426
593621
802954
986453
794113
447651
180684
310008
902351
742889
36505
569395
488247
156778
391319
119284
738190
496090
375486
242281
866410
639447
574527
553190
675379
310305
948979
874776
289446
139684
212353
690482
528898
938032
341691
759371
650692
405235
571653
426540
340608
407456
143013
940653
9714
869675
601588
854110
398319
482826
37849
381744
244939
968434
302295
197768
212274
85714
590033
544011
938337
909406
434947
254654
238864
420580
824837
904897
11407
14822
853014
382691
132606
31357
661414
461521
130485
647775
77654
718472
67466
631870
396386
724266
310597
311549
347621
161084
622617
87338
710973
70467
143659
153852
250998
468080
235735
170546
817077
571125
260344
542089
924502
407828
181505
270505
938317
786743
605515
446167
35401
262171
565701
358332
444168
997397
87532
511966
852413
474233
938411
913880
988451
626298
354850
930308
449046
727146
695686
146503
118149
672698
672269
296023
233139
799842
851435
253757
919529
236447
25799
36208
739496
498537
477913
934488
252658
257405
204571
920059
870656
981052
349918
612803
132290
515458
646116
193960
509939
575086
723179
908920
628413
663667
997212
350189
234155
956299
710894
266336
184654
187564
737146
950486
104901
842274
22478
554818
57838
601602
608
888519
711600
246331
37208
899066
37746
74321
795719
289186
271471
340833
37714
882607
83498
920808
150188
795817
267465
441001
717971
836867
953793
912217
163332
429915
907386
491005
707878
694376
234011
475208
291926
373772
637162
89586
763474
809811
738978
719855
458149
390965
432596
327363
703284
928372
787880
497241
71415
979160
788422
593440
324850
333447
643851
464040
177173
526433
151685
85082
330474
64711
705329
218849
178518
17372
608563
144930
936537
952801
168866
378635
582082
485209
46298
570554
360686
13512
855062
223413
59769
344797
286933
384503
434907
594283
94205
377819
418152
883515
914611
657570
901868
319623
242119
995325
333590
587407
919057
747880
635583
933925
966030
765796
902570
790565
307833
421307
870211
374158
220873
571246
999368
722192
725038
171226
897072
503077
801600
629111
273504
736847
981783
192598
763355
145466
417953
229168
553189
348473
874964
542700
151070
421547
323956
570129
605682
341002
120638
170543
787285
800162
783257
961206
968383
173357
395592
951140
677611
128930
148113
133670
578570
408568
918960
649123
353455
684108
859765
970363
595702
434514
300181
962280
289012
319149
43163
290631
233351
71281
865705
793232
674206
934717
146258
173106
224198
565674
380979
143760
818120
501205
500309
91666
989112
267000
111773
33513
183739
315767
173828
826577
286730
638666
565079
32014
456591
857926
252368
598486
993311
328051
870160
472347
93558
231456
696190
559349
481611
242494
201950
640138
600855
968456
296908
91996
912575
794298
717294
198915
266089
146195
700554
27980
664783
738540
489704
990144
848371
327951
500797
97069
3164
944745
513005
946375
706153
369186
46088
990040
459515
58156
300652
89152
956033
855823
28563
916745
355955
848310
25172
646003
547931
684344
245587
126796
556438
981552
548296
367004
67619
195007
415899
340170
794527
785538
588378
135615
480686
668824
812077
265392
702980
576844
58348
926534
159865
155244
28070
523072
767837
491853
592254
577233
388949
243042
151468
570810
863986
276672
245896
540632
447135
92220
658770
527684
403420
497152
238388
64880
877287
771683
538253
613376
621655
904753
257708
850297
558133
120299
856542
740003
180375
161928
484426
982280
201019
522436
375208
412888
896676
111981
380866
515957
836801
765870
546654
71444
951127
89005
604805
633825
92340
553400
718346
83682
134301
406897
489416
989458
801419
520058
1986
708298
585961
701644
295780
29162
760280
870038
497590
953934
39716
198054
446453
16279
200171
249072
200131
119268
950152
32355
429077
384485
810985
14432
453371
709025
212279
241117
397628
935735
785117
664215
869378
228300
150888
785907
401314
524937
555560
775022
190775
758414
491160
631051
347605
889365
773383
815131
743733
296243
55427
35415
278668
942691
10926
399979
760929
688409
621956
44906
306130
286314
490659
63893
85106
462454
850149
59780
263016
516050
636535
287460
224459
361277
50318
257287
389288
151903
196823
971596
922027
623538
514498
201592
622220
90219
375743
308849
542225
727255
157149
791439
54231
900877
211489
515550
529946
714229
418510
132096
513320
24341
398218
912309
365948
883538
45580
324120
614926
742996
995163
981723
13421
160099
851924
999471
763528
219179
337356
558700
575456
117198
218574
348244
524346
470751
392024
51301
308481
615325
809056
220305
468054
65741
814961
116918
606182
836306
841478
679387
533362
747696
466609
342738
993205
920689
472871
933089
348765
959514
448319
392511
478650
321608
283442
758915
6750
582512
10142
613466
990
986439
365287
385196
674703
515495
197390
40580
749700
55706
417521
648753
197796
273263
258300
24171
708982
699123
748769
145404
662131
506420
145978
190100
553517
562110
132217
261745
551237
691194
159998
604168
30043
795073
247684
80128
962204
246733
651363
463498
884687
56800
27221
228521
432573
705514
576107
513148
402682
477938
592456
875862
164162
276119
79687
202455
443574
368548
707376
207727
897799
251030
568558
823802
632066
361423
610152
983505
270325
258278
694173
87446
40587
416890
284181
466341
495110
544354
38761
160906
70403
851952
425378
87837
953225
788312
74429
662181
621940
183432
134536
885128
235414
4629
453155
340914
461680
514284
260284
169267
400553
971252
618418
286208
511160
407700
33365
35469
188346
399755
263303
981822
66648
746529
699673
644024
364539
952324
606204
482007
699794
542536
985654
424632
835152
788587
780504
909194
680666
267120
720875
15945
805486
473629
183698
186773
272077
322816
865196
40156
719837
900802
30778
384027
610219
668725
64332
58125
162985
816175
623057
10252
938676
362121
285237
655348
990705
87920
675010
377152
352298
486697
117758
183651
452065
20883
477289
91435
876186
134348
695331
374152
70972
551567
251229
687672
313780
141971
308891
620412
584135
251614
420395
516305
793353
892855
509158
256795
582400
176748
704897
890889
535761
777641
142463
787807
613701
613426
393218
298682
144913
925870
11468
328050
416844
155052
823194
902155
601186
581183
909937
269712
57465
17575
597594
421466
365453
506421
885209
712104
546960
595256
252345
877678
441321
239578
749809
340855
908494
55204
303555
703872
847730
410105
686604
952033
559013
289445
867006
254931
874338
345074
314452
494474
30180
576664
452835
544784
361805
497573
20851
21697
602539
166901
83081
282228
227187
698781
834569
847901
370024
11039
983493
909679
420811
673098
877501
886791
141608
214692
886885
303463
566900
263711
734547
163176
982112
34996
908285
182568
345017
945056
585136
477824
684224
567078
862680
997422
146554
238829
888919
648381
915959
332585
808709
629551
599209
975490
200046
84898
399387
555611
596029
768879
572865
575642
895295
769414
208273
761559
532399
390409
613588
284296
470071
108160
545285
959896
572588
245430
755631
294112
42223
977429
878783
946021
253190
413901
587949
381239
317264
513154
629030
996080
203745
65032
694587
484110
699830
887541
799653
59986
924417
939541
16935
415519
213322
260355
48948
499599
616078
588906
320681
351682
901313
214632
883859
487064
846385
703554
788031
460079
368193
310642
562713
259436
86516
200796
341870
843645
431987
255412
283187
319996
932355
491029
111715
69490
361885
817499
141669
530036
88105
917158
561650
643495
272702
522921
595129
148935
161249
712782
29138
392345
945667
553449
228434
780954
344383
97296
586226
499567
71718
647343
716411
54022
521853
384371
148865
646687
505871
384241
287156
998990
561154
300889
412579
1695
628865
972940
416924
329490
735828
399707
767247
119193
356932
438276
237559
469801
764080
763272
778401
650236
193436
143512
509881
685935
332145
221179
753155
90257
466334
565621
599131
948523
98353
645381
195869
426216
125079
287827
863263
650327
895405
17030
535399
208754
301537
88835
661877
849566
835083
781905
993772
175204
243598
203782
352436
241595
910481
300858
176336
652185
86392
55033
960825
403335
627484
711980
269418
430524
709746
576445
323466
661380
759285
349597
407391
924342
958141
397190
950339
104818
93165
814654
731456
135534
933313
423344
602335
732417
309262
805022
738654
742675
846217
468453
18648
753782
527623
22838
223810
984578
463086
699190
47405
136989
121184
880663
200900
802274
612344
591950
123193
383346
538750
858147
708582
613810
491667
899521
385741
761934
630851
378404
963256
447117
878266
202441
297426
423450
883883
845702
59957
961559
13564
390159
611717
774630
375176
703099
958287
805152
456599
60335
472219
907795
489050
758299
8039
684892
39856
896941
707927
695106
268907
723720
854769
964230
191847
369349
164648
888418
336233
968194
74758
830266
438878
241834
115438
776142
706439
500277
715024
410782
840669
771790
302180
29143
130490
110247
786913
735795
867544
974533
904749
642199
263024
236886
36996
635975
137030
157039
467713
413247
724855
579499
480362
528080
881216
224713
146827
568749
742590
673460
246277
201587
865406
749966
679659
613950
87633
575564
92995
126134
638323
359323
802411
389032
375781
836822
852659
936463
90405
979771
357587
133355
977669
695392
481963
776138
107081
610023
118555
43498
50759
615284
587408
107220
841385
581505
631989
908882
919723
821621
879288
117976
674895
461593
713381
506224
922472
875870
979881
29255
576983
866717
391003
612451
998007
948511
284627
485905
711079
141701
540905
777988
681079
14628
533755
682943
158665
269198
476346
909106
173006
174186
118337
199250
443129
833806
311632
330705
65010
30131
315921
752716
866542
237373
75363
774703
395463
451858
779789
679439
63026
450073
956170
663206
310057
322142
616584
436643
83274
761536
637469
111088
886055
223452
737577
795464
363166
873237
923883
570336
9956
693993
764406
427296
34125
283798
465810
604242
804017
471448
945515
664654
30687
214125
672688
435494
251293
355943
446952
411505
340736
715360
341845
493976
598501
284007
432748
205449
490736
414779
258297
297528
52777
361858
185891
806421
813741
19869
93918
476808
627155
310758
398329
727496
747493
809924
741283
800250
154280
837601
308347
853625
734418
504982
418533
216858
86696
952411
609573
470891
675784
825721
320200
315935
828870
969845
808752
657473
154300
171933
682678
261823
566202
767039
218007
521970
481812
660826
698509
40266
956624
27584
508519
248905
732072
249265
533544
944859
476141
579031
545568
945518
657810
287855
768281
211922
33303
33788
864133
288286
889085
304512
762637
59858
192511
659969
821239
804520
465783
872897
30900
485180
442204
894918
688858
437388
228919
872004
871039
790448
679343
969354
730884
973407
89881
745190
742954
443982
41876
470072
429652
750688
198250
523801
329076
826140
450978
746048
615914
23329
401972
279171
468434
582567
568329
1221
266898
571384
728824
341239
27864
810177
664582
336929
354148
465390
59736
696466
46424
727362
837894
341057
250189
896558
841599
102350
945030
998890
854449
658217
899748
578895
989103
424811
248392
416412
264313
558462
266751
51908
21780
178921
304543
623143
31342
639458
960348
966767
384156
986142
416464
136126
348774
435399
745403
904216
542342
198659
136735
139225
227078
105884
436485
631031
745164
174822
593208
103142
210265
676557
757742
627678
968234
27578
229190
349844
999721
574077
565455
205891
171377
735371
581969
763484
513862
625380
904385
148043
893092
45228
645152
35521
355811
51340
867265
412328
631035
51510
990222
130669
42079
748322
382516
77884
591426
958664
374652
959057
414590
217765
217353
721528
833686
214969
998492
237253
815104
96425
834260
829039
715044
608555
335604
714318
245192
786436
177738
66347
836345
493367
507375
134626
341464
679816
357827
793401
152840
104169
475628
736092
705089
637255
673455
987075
957861
133845
369048
424501
382092
29655
601433
779900
746130
181187
909
845074
507445
45478
128827
997278
543424
72175
232792
924290
391509
707530
960761
508654
341198
385394
500165
30867
648373
86204
832493
301559
46313
588353
84115
361649
790737
812773
120090
630060
404735
356499
358157
93750
185413
55326
392462
723341
731129
196734
659802
992877
828397
58154
26453
982609
604645
955775
927789
536237
361859
845651
276809
145376
621578
264282
777626
798377
679923
466640
582050
409632
111982
135509
376328
719773
433218
16431
240264
366105
487193
770382
321108
441769
65362
751745
455170
752002
212895
763728
659444
438256
597039
179278
894358
388901
726418
180193
376210
962938
659585
379397
39045
919653
685026
618136
847521
70570
154583
97579
599697
320311
819078
711491
157501
29582
981785
434162
678521
353505
151144
827028
100833
937923
282143
398139
767411
369787
683847
573207
281079
6726
878062
741311
917733
574527
195120
252300
337550
984952
70942
612659
837507
305571
81010
446839
886102
580110
806967
942760
283101
308514
447283
149899
679126
765429
261289
592588
398017
914304
466929
223231
975041
240709
289083
787903
941368
72719
991962
23359
717372
777339
904945
16600
942097
926742
43904
269150
803617
353965
543888
413293
377649
718512
152897
334544
110459
975462
700447
364323
165031
362720
371683
582211
307089
422159
705414
81904
840896
274496
906277
309788
668359
151420
700530
279123
180670
591853
346644
989667
141102
496821
332204
333758
311371
568332
763483
802252
902927
418607
170088
42988
296368
402899
152570
858074
511918
662804
424843
935614
524553
219833
847103
226609
436944
340049
847367
114053
670818
737803
736585
43129
667720
681212
746616
367894
576692
767957
656918
611722
528004
586959
400238
25595
242934
271836
447252
759923
324178
254373
827664
434091
490202
393340
585432
719123
413228
217564
990162
860036
41351
660331
887255
189068
708392
121396
548317
618375
599832
27034
331085
418159
524591
75613
251196
205956
1810
407593
905705
339716
351714
922599
838659
188895
208522
647012
279052
549944
41069
292658
677369
700129
110470
309856
3093
752174
726399
749373
800734
814197
211539
738649
292136
648793
828101
580893
13612
235537
599893
136447
690211
157225
712695
204804
890759
831063
525694
413797
779670
323693
318647
442736
336513
662421
107402
164579
779813
649039
773706
562181
298613
405822
52436
801986
80757
939586
338984
570411
809436
366947
783253
941358
190405
986725
960945
597669
965637
550952
45439
59367
875500
262613
926826
542117
437812
759163
469965
36588
452934
838760
570691
509313
905039
671224
263024
948795
249871
537432
101256
400112
315026
372815
406845
216023
350477
716171
434368
662992
812503
158799
438404
432799
300733
530335
533841
354652
537505
719023
955313
970542
546480
891548
268325
645353
726198
847502
953271
165823
730525
959821
954159
477226
318285
963601
443458
629245
142244
959449
227824
605503
374111
297923
870724
656022
113572
903640
328389
565970
497755
823576
955941
338120
659928
587744
903696
822599
904994
213332
507651
221280
919096
807663
628468
302825
999447
443145
365778
784422
133966
976110
703508
543064
268130
382885
551781
872574
962269
557803
629565
645656
76736
936364
941971
37969
212845
138314
877290
495423
817048
691153
228292
869245
217186
266705
339811
24323
783570
147157
26167
488803
212495
761735
67023
445767
813516
99246
282282
996051
567708
7241
238721
546278
722247
880008
47036
332037
715302
989495
44339
144312
597036
17819
743477
227577
728940
238014
357621
914134
771375
242845
54550
317951
721777
915529
784840
52338
906851
458057
483003
183675
210140
512015
410604
216555
459674
800416
178819
471559
658681
328201
582315
609671
528109
898359
463723
555291
633306
624317
687572
361444
78104
772167
42968
308562
990556
699554
593668
367046
647644
496201
677448
730279
388160
218781
677747
966676
357302
338589
788780
977828
936736
494991
362453
351761
4748
292278
640944
810093
996104
723878
451916
85142
204333
803488
641835
162453
497467
14418
19156
831999
970352
986980
695926
615087
164659
658148
614772
230524
623439
541654
926123
573698
412652
810643
977241
801418
157199
77504
207256
151449
137184
735293
540911
874378
648254
345988
637356
849183
947937
205172
172689
875545
624677
776184
247095
367810
827400
761349
583535
263286
546871
11477
418563
771321
569255
544617
680838
932809
895949
607516
668426
311302
894043
417933
81106
311787
201817
251214
460128
118533
303509
376044
221873
780277
787260
950377
297934
271665
548113
102987
510700
556712
774754
253187
383696
518200
889721
146968
874097
253689
448336
650542
557885
384407
582457
526561
648917
434902
187756
510515
631010
555131
697021
886083
560637
298351
242805
276004
519903
532951
442064
816743
24669
482615
668173
174057
509950
485378
424510
381611
135933
752054
396999
249291
998807
889562
264473
87219
617529
100691
312492
760604
915861
836900
512236
559542
972616
371769
698669
618040
710361
602258
999761
495673
4456
670611
89331
319649
537418
457388
344402
523110
395971
790155
433876
398033
888798
410609
91678
89047
429233
762075
498644
404265
115366
828915
748089
463742
840799
592896
428508
629133
675763
517131
341890
144874
419917
742510
833296
505749
899926
635347
664111
3497
143208
912477
300447
525828
786118
62896
117515
539558
667755
765790
151969
165173
657520
648798
997615
965723
817785
64193
899593
909815
182536
177689
618274
217286
218651
307395
321975
532810
829801
5226
848026
475071
730044
71403
167344
479505
158500
211964
553367
638308
857891
82493
325674
102522
742143
762988
308192
480640
825577
189949
574827
588906
541044
139875
872501
432183
440422
333225
261830
322082
185865
469464
20088
505872
964324
428055
151226
123112
795521
661669
749395
935391
530197
600259
445370
236511
299018
334691
251264
967998
574346
491815
273868
278962
987722
66978
278206
48816
976080
783906
969886
305126
662441
371301
316904
55618
46854
999566
477622
851897
686259
321353
698391
108680
304410
373138
307426
627653
987133
839066
709225
562387
539078
339
178088
81539
73502
373885
482269
198142
382678
142867
456315
816950
613350
703048
397108
583503
726867
282687
24865
606310
87351
519231
141320
742308
904178
456950
443835
376466
288728
412679
848166
813372
376325
969143
132479
769061
55457
260706
67021
81071
782226
91468
837549
698914
247875
46440
955241
702537
365551
599224
291934
637312
148813
260604
50606
715892
279152
38878
180077
184818
804772
38227
831675
1802
208289
346833
377405
641388
412448
417220
601368
842617
251466
674541
7080
663479
818453
61829
270944
823397
439080
745411
250757
5016
647864
975539
405711
133717
411785
226305
683163
201508
71172
349706
205224
442351
481656
652337
672722
33862
492459
554545
510259
798827
439166
746946
214017
240526
492671
41424
640988
565176
36641
356936
92608
788280
798008
729487
243778
80788
204856
271542
914790
891479
726671
574603
337718
279273
374315
534086
601848
260564
120551
470967
224856
605344
822959
624399
42644
878699
704519
306234
455939
309274
117399
380423
681561
292102
19569
97687
88644
76031
288854
695593
901804
944599
873079
303208
263118
912666
672982
162618
596649
692514
544503
510548
673537
869180
253944
580942
581675
523541
209114
485205
157456
852325
431384
480603
324236
661635
482132
818577
213314
579652
314456
387716
956054
851229
727811
683354
716041
320873
101522
961038
658866
55650
969516
202451
446947
873019
28263
1988
267391
716035
783347
144811
283401
731815
353826
578927
681846
165205
469842
847645
666260
386879
956966
949820
424033
402393
238154
680502
439115
932973
26715
404569
382980
523020
248941
501184
739175
125626
478041
837582
889121
195613
366886
341872
940925
598659
533780
717667
337214
899450
214427
26903
489469
697912
55516
641912
207795
189738
205867
64281
459975
635710
569065
799988
475710
688002
620785
473473
394439
393677
142572
339142
831354
659559
276348
367551
794859
653713
727947
593805
652095
689273
786457
315458
682238
193720
607500
965301
892659
141970
980993
859774
582858
937596
22658
138170
688681
815374
850150
394960
602135
688487
219931
359287
489392
313965
458268
949572
300456
320162
156870
73694
708867
294048
498593
28333
434350
570091
712225
461138
934230
306017
914920
825008
167923
915332
571727
283220
484375
584737
225752
499197
368699
461630
334732
719605
343513
154331
252136
213404
932569
108662
52507
796523
831835
273664
7295
633993
715005
559409
995023
716801
292872
6470
814448
763718
738578
789647
457535
649829
469583
358939
905125
596512
906800
221996
51973
537152
597044
998807
931480
816819
355802
677463
251765
300941
930088
844143
342049
829457
54272
494887
985927
404214
284447
719166
426838
581530
338032
623572
367283
485733
349193
658202
549331
196379
738717
309880
736327
207343
586520
490557
933014
228273
581187
76009
74570
236501
59310
177157
107134
474668
739800
963245
767806
903299
299931
756300
451429
363333
411460
65362
283129
873657
462094
676791
784699
935205
859089
888824
950955
760604
26183
243276
347342
875763
855491
611397
689810
709305
214377
329898
528392
663263
867248
990870
818320
315177
256492
422522
684460
902240
828232
281410
249097
860544
743671
67226
471792
3198
444425
747355
860117
90398
421811
166808
562022
177089
81402
675319
945734
919604
833672
844219
908929
337051
602676
238257
247552
167785
803978
534501
581490
806132
21553
10437
627973
312670
943343
651362
328144
212274
827336
279115
999254
938674
203064
517848
6257
755803
158904
481939
13639
423955
550711
8170
688802
728172
941796
192494
793922
629209
284175
706296
335961
360337
953551
963014
789671
872969
791336
893481
158646
109946
929635
360789
566490
305568
177846
184144
388748
654122
22589
415408
829364
560808
747109
655444
450505
807722
430507
439068
566944
905118
593325
125876
808329
410076
261637
538466
932998
564927
55035
865575
15684
619943
935962
163530
63136
680872
10091
134050
470835
516965
464398
544036
795709
282853
920642
455427
976879
160892
163302
357522
328997
905332
808615
252419
181647
796247
862329
657588
743901
432412
79932
156738
306955
715194
774759
33879
634309
142739
440574
686287
598164
895094
195815
279503
579211
398037
894120
681615
63466
68472
388884
791973
294237
677022
822373
748353
650787
287617
175827
251778
626612
47751
771772
780359
383356
91582
596720
572698
176628
833859
164760
786227
393867
795215
330
47342
2194
780898
958225
343043
78702
292814
725703
540778
353928
330852
292701
157366
546405
888983
670171
554453
144532
582666
334814
590216
878705
987479
26889
658049
579402
45597
273820
755356
34734
722428
379433
403270
154665
171899
799942
801568
94109
955775
500366
851454
589170
307589
477597
738434
807178
342720
911563
327260
722391
302691
632418
172745
617644
965727
530623
593125
72360
464957
369570
627183
747109
192509
469328
343141
900936
633321
240158
959652
2366
159057
402070
717727
554698
215588
901238
30544
230180
390433
875337
332885
672432
581363
877764
78353
355908
122086
475190
589762
667028
556438
195230
536747
535129
340815
53674
620250
406267
20815
673328
832975
155574
826325
859800
681582
964492
823460
140827
661227
75362
471081
253706
968196
559390
945918
18850
93725
567326
550778
450061
622763
137371
831043
567790
162897
925623
841883
816215
850818
275959
226050
169955
70930
599074
228604
781523
45653
625978
920097
632134
363058
541446
656868
799634
758288
322440
66249
207768
352221
951253
776793
574909
681201
250783
742598
404813
148976
901778
817918
583181
842316
741625
663084
733300
29313
476072
477915
386620
679841
504209
219182
307046
49416
667287
948692
212090
368046
864418
561586
879226
531612
88377
577334
850244
674501
56474
885437
431778
800127
606213
424045
64537
95326
169904
164847
734990
56929
984505
968885
209655
361376
807078
39740
687137
626697
723552
252582
966487
760638
942092
291020
936663
12084
648016
214758
369074
846221
157103
282046
161195
400423
550398
601112
684935
35177
538538
562410
431898
218796
317277
630456
668833
571319
132309
798752
368214
676317
680515
693452
252810
538403
262792
806873
136270
16691
728324
411578
248557
282224
845133
944071
849263
440404
922193
907078
241108
815402
7513
293245
102690
523963
485207
195058
789653
849287
458748
883238
345118
348135
418241
164989
84536
820586
978494
742424
349149
646948
489535
781239
311702
372316
412173
389452
936228
149168
112583
807169
888989
690875
473086
240473
216650
581028
467786
871151
556257
469361
433187
471897
88554
325628
594086
52402
912386
168345
901449
399147
2385
120673
218422
917702
675009
8052
60891
606234
719263
644238
246844
983778
647320
368474
477361
553365
328533
984328
427564
29639
650751
749405
777991
259333
211280
473656
600221
297589
523373
610454
376080
194460
381154
286556
916414
546968
890323
876943
292334
679459
968754
351170
22465
642189
409637
857551
966316
62419
401971
316007
979395
588278
13566
141117
721957
787998
25283
600183
881946
185072
434361
676459
119862
258282
733857
6304
964694
54316
337496
891909
571150
137353
103504
466503
322480
336026
580402
966269
193832
347746
407882
50831
214871
16836
62564
376993
930032
918590
160930
708630
980495
23146
492212
449943
805673
561384
608049
774956
537877
490182
991635
259562
785654
506047
140102
587108
409373
371184
184705
281580
766514
164224
320688
159092
833354
173493
508504
937118
531588
882453
550957
790291
927940
898679
774240
683138
343180
777929
167050
748040
430282
665442
348538
34854
208864
366063
522805
143902
179251
453311
90974
46274
353414
933110
519514
981349
123147
514053
855397
145664
281216
316422
473795
146629
931777
394961
175058
801394
726570
69223
613404
116434
634835
617454
446869
159560
318507
496826
396672
184951
287861
474418
604803
536985
19397
902613
310607
675857
317625
871623
13713
456900
208568
847218
146654
555673
754606
626352
487732
388870
960866
412501
557013
357257
485310
296774
710256
167487
215241
41358
901172
271302
305300
20189
405238
16279
963710
182650
459863
125249
933385
841803
125549
315576
258190
258385
400909
169878
330528
670682
762588
95418
328976
520893
939759
228226
693077
771819
429537
643629
357353
481265
454994
912717
535753
658934
642021
423389
318584
940699
864053
922941
828672
494084
356157
905175
26772
145477
845164
44621
460597
312965
726576
257945
343300
765551
723701
616150
775053
365293
857466
98631
70112
691307
244878
175524
230942
181851
310449
777785
178495
34531
551053
332999
126343
270963
430030
510314
22059
428323
535177
246364
516184
172214
216386
339693
930112
926149
984019
572594
537944
797791
329281
828003
520209
853259
863878
314129
24303
996510
211819
949163
858956
989152
902406
640397
574066
726128
481713
739523
374992
523096
701146
131560
663960
298423
410230
991762
977563
252980
676238
968724
52220
932936
958825
324063
170851
129463
569474
71201
504085
442056
757931
62123
915151
389622
105991
210888
40825
379929
903570
450327
30319
929538
257123
870400
460652
100500
715792
370626
75691
327749
800801
424328
656389
884310
774117
292554
472382
456585
336825
653283
71149
196070
343676
864712
700079
592267
968442
153109
709782
696202
951006
193263
384513
536527
915198
112450
596564
130139
389407
657649
503
638362
60579
713407
817131
575222
364545
217995
40741
964935
268388
646120
41500
431534
825712
212629
857656
110957
829372
398691
468606
647920
542604
268377
378024
680966
439396
625559
786737
960097
477945
749285
224702
359864
627826
839977
951905
648484
941461
412121
945384
748976
179679
323317
156908
739660
993190
922399
151501
978812
260526
303030
60210
410445
578469
992337
761297
382060
837805
392175
459272
100677
671795
954696
108955
174418
329087
565679
78101
583571
907259
354142
891975
228964
559430
523533
417196
124872
169416
414883
918215
97509
280861
639746
688843
390764
851949
907119
564272
471679
535138
148671
959875
612823
377948
783957
769437
173653
652517
185604
271574
205221
634384
393632
78726
676255
683122
799082
264611
510237
344605
615796
953974
498918
715511
940741
380614
576700
136152
851668
162341
168279
296189
950308
535671
706905
44565
541283
627821
844792
605448
206680
745459
589829
374369
268179
418192
938533
775873
165124
56874
815119
277006
363212
891331
941732
90096
614536
330137
564055
280381
430499
698217
406548
293303
31805
982650
627193
933692
963441
89665
544707
691966
387045
607713
278726
550231
631924
206227
316085
596418
392154
905476
18751
468957
295319
136702
653574
258039
483874
602718
664446
833182
188771
937422
257848
564676
251901
874631
410136
685051
458902
958801
532304
474132
953631
358646
607195
853747
509038
597731
188854
356458
665041
542306
971732
615730
210575
989622
925943
178229
966110
944497
950780
783867
51263
33920
539931
681318
840886
746113
20040
486727
215978
230199
677765
763309
608768
95635
708999
871632
432446
571418
194771
28331
504627
337086
450340
629011
172628
930465
560018
627698
706370
980494
573422
777672
625252
271260
741571
231223
251190
127618
435243
277233
42076
923904
270713
591500
187491
92312
800461
480564
549919
103075
450417
473161
642737
858482
650261
616090
475244
412209
689025
476229
545655
475438
976258
437998
986499
763318
562808
407025
338237
722375
458903
653176
947620
241531
883618
566901
238039
67771
101074
828204
379299
707312
215336
725734
444084
961044
273304
279967
245265
459528
676733
675520
305476
799937
949426
46885
484367
805079
787036
63814
19933
336014
617202
112512
89811
475141
577413
673623
319831
969959
539348
617225
768009
542951
68997
11592
366256
911493
101803
898201
782381
630426
344473
478783
55068
219948
542240
983582
206143
444013
854254
665284
520927
464522
156406
178004
808952
859099
611240
549352
969181
123529
242607
352169
112474
528204
86785
182137
707801
246602
630463
858731
495301
40735
835349
949606
272221
218583
584014
84553
869839
116792
805028
676399
381848
796562
566840
498141
193099
355953
92108
677815
540557
410144
552688
313030
834263
721945
914887
626741
980956
915620
282800
282369
434839
878880
645704
241454
680457
264104
225737
176262
580604
276125
564896
898683
466300
23543
703312
215834
782814
943601
450657
630983
320042
587074
744201
245843
35789
517836
989831
816332
268536
900126
528609
490271
209846
6955
238987
962679
708956
104061
493356
600632
983802
241626
983208
170809
875450
561680
882871
251305
6465
929658
229413
249149
56347
933732
158496
798397
791468
237156
480088
112058
875925
365420
251268
395054
732701
536655
727901
927451
149412
392938
105513
954254
741092
507052
385657
509812
111319
429157
919906
277893
786679
882407
425683
930118
24876
312592
565769
31290
286860
121928
961781
263486
624662
400105
607561
322261
118608
869128
867801
286922
503118
581939
500542
669060
514464
525082
51732
500511
299939
282350
919396
823585
31618
349855
903898
639662
194009
58466
794034
743105
983496
447922
462801
369605
495892
710187
10553
625126
501171
915462
206566
23086
622456
338498
505476
814760
301786
448956
95119
126237
348325
791832
215801
740389
546597
808200
670681
262142
843375
412613
775107
105138
734438
654704
898644
482713
7840
280246
737107
382482
956485
591588
382668
484581
697543
301279
770737
320074
353463
464412
883424
571204
534337
166511
917581
335870
704734
248020
45878
713934
228817
678468
149918
879704
796286
246769
823458
467538
859861
480428
412267
553722
186269
87504
34504
356481
695696
868176
357036
492447
238072
797105
770468
351639
982153
738957
675074
561568
729655
549085
340122
536287
462254
129058
733415
426712
724702
332217
778256
734263
66854
697996
68273
26554
942678
552168
868475
637497
405241
548236
558391
323701
275562
359459
395873
717143
221150
392739
702453
557299
350069
553133
218612
560424
563707
824627
235392
550061
941458
516728
786268
341034
896813
150649
295603
156824
6981
98397
605247
997405
628112
111621
260412
212488
704697
925484
465535
713042
674487
158034
656810
340380
674284
171185
791304
766776
700586
510505
886028
257910
468090
745760
652193
954634
400983
451703
78954
786524
281919
763664
377058
294547
972590
725056
3263
149778
867961
472335
101550
90926
834587
870511
735315
876440
469080
495306
94295
32062
621613
86541
528392
134101
517571
203451
178656
447026
153024
44153
734666
36431
265798
679883
733983
647885
808058
554372
41369
508437
923512
224010
441898
253087
231642
686637
369908
275879
101763
718442
911210
356102
843684
521951
361710
693932
207863
405227
135350
192432
627871
519769
830500
34839
503258
157868
565155
47109
736406
271089
344534
294772
145166
746998
843081
963294
600791
554121
334500
20205
112378
996957
24777
15818
488886
139773
213807
608288
53354
389772
984840
410434
773352
417246
572827
42216
991889
232254
473732
514610
432322
567163
67642
679021
290499
145106
963516
750309
390595
798056
61175
739890
852361
103426
311629
455506
424740
497904
686190
660488
132930
233172
837151
525753
210269
653442
856322
371961
874729
135177
322887
104447
157761
513577
883725
382127
818521
965655
776303
880040
712236
263280
244072
402857
443865
989753
612075
663027
463554
553758
98136
521853
63945
690632
895477
46624
159062
89413
209825
921250
994945
122976
124567
252061
214826
359019
170339
711643
629924
221617
506560
955620
250907
414277
28502
745286
712137
422309
301614
460006
838736
14711
425642
38627
949876
97631
841729
182427
239757
325189
908552
584211
930312
748332
197921
543561
787373
365806
989224
884107
146053
967297
272898
338463
599560
580538
932916
777951
527356
45959
9320
369943
74679
857247
768428
327993
960097
664928
718436
79380
463009
476041
603776
372728
545464
285997
409570
740753
135005
833444
866026
755620
213656
183436
192400
874860
170958
712073
35600
274422
542836
388038
230241
132518
145212
524972
739725
359672
948492
757580
314239
84682
710479
435769
49825
169004
828897
361917
612120
563961
895196
80956
224739
962016
512533
413898
730888
395086
547909
414989
254334
994935
163965
738860
841871
707585
578664
932940
246527
121281
764908
221356
566103
312854
73349
579860
763530
745090
279778
797607
244651
707789
183835
481493
839886
527373
794000
517889
948455
479370
600844
118693
427442
73864
244084
457795
236632
386634
850809
361385
568822
765943
117098
947820
50206
456453
144782
243724
584492
715738
281385
810923
432272
520341
410559
51968
916769
435581
915590
280956
792251
535174
63852
405043
75176
459609
193270
113710
830010
788125
387755
975323
363150
561201
244441
318664
881031
535705
211609
20749
491119
209703
257242
709111
53654
24445
962377
423762
850484
155616
285628
764649
14738
878247
986216
164557
64991
808173
714599
167546
86875
484302
898282
974642
643118
84445
823394
27293
495273
115694
847900
653716
951436
29121
390403
904563
297692
620680
733704
2982
307168
268809
589378
905959
256279
438272
757947
137374
427834
491983
769885
961433
168148
978585
228207
441398
487881
304280
96048
122390
372
764282
962541
498532
587838
56488
546841
561270
133111
685048
945874
755423
612577
440358
206743
272431
26297
92539
963041
988497
376444
157530
470643
638216
399665
729131
572571
799426
207099
520809
941533
850108
153641
610558
576868
844966
948313
227650
472707
90150
602135
226095
540912
52559
819263
531952
622239
17887
531145
614545
783516
990031
715308
108004
154796
243125
783380
966478
185436
787618
258983
801827
74595
452338
244830
973664
998036
577152
72218
818746
289927
919711
43944
822795
349842
485035
294448
572083
470585
616398
650583
123547
10199
457755
46430
388522
659748
103017
733271
919122
196353
943452
328739
259257
945465
806756
989128
300499
14893
135885
880735
598085
259207
860754
604856
912880
368391
232536
432492
694922
79046
572091
839094
333701
475669
677498
256621
560861
778406
421426
822502
537527
764377
916725
255103
762301
471184
695681
785693
599874
476982
424742
174019
439023
722794
296012
857176
80517
566603
520104
34281
627743
615202
655456
581465
971484
204663
735152
43588
382230
325326
45406
323020
863387
732032
941786
641904
798183
614044
97076
318883
488489
451566
706578
944537
684979
466849
434073
337077
934791
680480
794017
449454
838518
977700
880783
950763
108492
15065
563501
591552
462281
284930
141786
434117
241196
601287
28709
424331
706974
254078
677852
732164
654382
725031
668701
12897
457107
937779
233148
742967
764023
490675
802986
175704
630300
912393
458123
840472
515982
873359
988464
497353
367304
396642
965488
568324
611385
6050
301345
357975
170386
435497
77665
91821
493388
788314
40144
915896
35569
381694
321695
263044
479054
714072
892232
273032
803502
795088
684526
19543
530216
654371
688521
151172
74123
458379
551248
526298
895111
227861
451460
812606
744736
871756
992702
387266
86379
60675
831864
284959
389254
258387
345027
785246
662976
692853
553149
650775
599020
791504
360465
291454
618949
156993
514647
329371
42890
107973
328037
815142
504613
680900
946128
598433
723906
321462
716752
899189
599432
389607
727947
625387
633036
895412
893123
767820
265922
573215
924643
171990
820564
776689
91757
707131
599846
416088
431459
198901
379460
577243
755197
699829
204431
673648
112907
131810
29957
308264
158822
53283
143510
359778
878658
993872
208447
969643
493176
277003
975538
115928
43365
390664
81743
742067
46845
107661
285847
540384
649060
464238
708191
195575
154646
428332
737706
846711
675474
879614
498566
694197
187468
309868
922250
714585
420480
286647
945990
520133
773251
619097
745672
291581
995452
82710
932096
392252
960830
930543
337909
768352
74854
671714
46458
571858
129838
907489
417221
51156
851355
671384
617407
526638
554002
189912
495581
692794
238973
178194
507294
191611
844415
154529
768737
354156
231231
814076
765180
538398
548219
263790
939065
682273
311560
877950
969843
377389
778851
5409
944445
709943
429063
698001
492401
202985
939171
373031
704472
859157
665425
76708
131068
611394
966811
332340
587592
816649
50994
772556
719679
486974
250703
132022
311481
139884
984926
202115
292994
333846
215456
932881
279576
852335
928596
608512
409919
698257
37633
647037
600467
86934
601635
389344
783994
128069
989
168157
474388
30648
141234
373292
559953
103492
350971
584741
49791
895929
493774
877408
530196
724569
770416
806101
245561
977616
864088
536367
411665
280840
138672
502944
219496
183864
57058
585133
679335
730755
88669
13380
142778
775999
777119
157364
647637
624297
925070
887798
645960
316189
76393
530571
168966
7194
780474
864184
41318
74170
280776
95230
211973
649616
161704
621339
562142
149714
826211
230357
185564
149352
246378
965298
673400
206556
722421
593936
873747
999435
911439
573563
460106
567873
706665
646614
205258
89456
685168
308981
269317
933688
662460
616920
627566
447403
690288
646881
913932
695468
915431
132040
126746
916993
66872
880199