89254
25435
920329
589685
924556
94293
604844
302070
357017
352180
79017
318957
369579
57617
33360
96186
829474
265024
296120
82782
140274
72679
183262
679111
15815
455892
903450
240525
995815
952077
817494
428026
409399
594930
496772
97677
485361
690337
581311
465763
543434
291373
675500
936259
316447
165035
581756
711463
763347
250247
429436
858819
278149
950153
127501
320705
754336
136700
837833
220546
686528
929414
149990
747676
239026
626642
989522
584453
502499
82272
645793
358977
384490
571732
404196
744852
628307
572010
530411
783570
120703
679196
845876
294878
98607
785446
410543
849377
905258
4484
662501
258492
548125
525213
585777
172824
323413
804886
796829
669031
668373
916848
433800
238543
20806
492894
275723
482508
340440
2496
524181
973525
689987
721349
848381
505256
491223
953374
981892
781658
497940
780928
432473
278337
137539
199544
241610
741456
557914
276991
519976
463676
242892
220713
489229
649835
21730
301889
223780
68284
504897
690423
676516
924917
458544
754804
295664
722340
847066
104092
496051
648081
760378
325317
637506
779936
391320
371008
462046
795369
162400
934005
823663
375237
484443
111058
370091
168209
840218
827920
650693
544517
906378
845005
846919
39137
930124
330148
37354
900269
851136
868572
216627
366870
45670
941553
890241
905491
80361
732408
571619
454552
501464
294666
606835
715121
293180
802524
814902
676652
678269
938438
729732
419655
614961
979730
572944
486524
655986
416187
913837
829734
834655
776630
386936
470201
362338
163730
470783
864445
612666
657352
690293
606273
192709
268022
100744
333919
353234
917522
566882
290559
173950
498031
186951
103877
427972
268007
222000
903045
564602
28637
995921
672866
734596
266286
863230
299713
992977
689574
385501
63782
440548
379087
971166
273372
126302
27587
487018
897007
85595
107833
246180
275962
151080
373927
890712
937972
321874
923840
300635
536768
693653
894838
791552
786789
180630
68314
938042
499262
46640
741499
446731
788899
751290
295133
573837
320413
455594
814816
267286
733629
183612
979815
107598
432936
649610
161212
908834
925355
120905
700852
63984
198408
422156
602953
342762
458059
353888
184872
597757
172946
675397
689822
175745
813202
393991
892621
518002
163024
536117
406807
771825
244666
6572
581091
284018
50358
840853
174433
768979
997203
200727
535809
578143
205332
42509
785325
56331
375630
634113
525362
920594
934042
726125
313808
932259
805255
826990
524325
433455
813543
783041
879378
379604
131399
220355
765467
989397
311527
493560
252742
313835
988979
847916
355190
707165
831992
127847
286971
568420
139487
64709
872287
530175
875470
559301
819260
384983
269262
797212
267573
91089
566840
307114
456986
242803
942844
847088
242672
600352
291614
20981
524147
279990
364564
389325
792351
846901
334419
764156
833143
556806
368338
690485
444603
861117
195789
566049
64451
940676
215112
183182
319100
533178
468444
161475
840544
594751
705393
144772
360318
292965
962288
484257
323046
310326
389124
652922
205378
198752
462047
136308
840258
508279
462714
945162
318615
800359
931832
230395
960595
786152
452261
147998
968863
515950
69740
146020
917959
211539
406466
769741
669790
356344
737478
664111
196562
907053
262695
350760
648876
109620
236517
78579
669556
247277
614127
950314
639808
896646
429393
912457
897181
452250
352223
868841
903824
43818
815680
669777
687271
167290
487137
798548
410094
591165
552919
818887
597877
391602
892602
43190
64543
904974
476537
261933
149570
738465
456073
790733
951078
712427
575180
968541
792761
306603
110557
972492
23903
788249
807035
588130
135386
470271
850344
845202
756601
746239
401708
786794
37983
955367
447696
715775
260405
888434
132369
311914
593609
695108
659379
624449
949557
804531
354488
281629
746652
161077
196938
608974
296243
78890
545240
350124
656354
313215
106229
701685
692465
785888
917792
73883
107272
881344
514075
783367
978321
266291
697851
700315
395262
247592
947944
821762
25855
782819
231896
731396
832333
638184
43862
608098
320033
34342
718332
510288
203209
654615
909572
635306
633131
245360
407351
516874
80481
534293
982161
435051
685259
167736
540180
932865
833716
303815
840731
163235
239193
917352
396527
125046
841477
270568
69539
635526
913474
970995
349124
659373
219496
741875
67340
697213
85792
169605
981547
863363
192151
547964
644463
2073
448647
100356
296726
79917
534051
355006
694889
742672
50731
202893
970673
538821
429974
544222
831389
17031
735216
463574
258013
426216
271877
763815
476976
683120
53841
6467
426989
891659
569242
103337
140600
407251
891705
265738
925563
513296
921555
903219
660389
346061
659187
398878
981475
809968
901841
717670
822711
224011
533140
849099
330347
790069
694593
558653
232792
893080
141360
363740
880527
162195
677012
864508
44875
847167
569426
943648
835863
158517
626957
250612
92824
767965
218550
338708
182817
874080
551782
446904
875866
646805
872129
398225
554291
784696
197400
420425
36515
314828
351422
912273
448872
733239
957320
607977
525066
891493
129579
932051
531731
840494
947610
206140
196534
596363
208769
995473
884229
100747
527590
597508
412401
589371
174479
789626
393819
983542
256997
333768
261457
730311
622624
591860
376437
545994
719804
846318
448015
24978
426979
17827
405004
899000
916092
651217
400160
489808
873333
824856
791024
122674
992659
872612
639408
728698
903375
539931
427096
722398
435304
226775
391447
562139
672067
799865
153169
243435
350615
260765
478522
264967
388114
147065
961400
100410
777043
602803
275118
902814
346287
531063
781098
773448
685422
708579
93324
496336
513169
913085
882073
377950
83521
6357
766259
259404
40191
766163
140646
97345
171256
683779
152706
215228
866713
154692
905536
134382
277201
838442
674615
436717
939639
803840
825966
600366
125897
822407
898680
936079
176257
552667
775597
39832
146791
6477
131718
76549
973616
960451
149796
806902
63831
732337
529909
543586
915668
859666
215709
896379
406007
562740
511453
186892
7001
782499
552091
313409
808073
315291
945911
469601
555323
367334
768669
705061
646131
401907
212717
627467
895224
222085
577869
843381
681046
633040
20312
10740
666608
185200
265646
517143
808186
149451
630739
823235
814493
27415
894184
725139
476300
242630
300954
622430
697231
738137
780818
276004
79379
766757
127480
855260
265177
845297
182055
119258
383247
638341
236463
246754
175908
286908
811716
972879
818862
495938
36164
302776
223223
282337
372773
670549
108030
186266
58646
755094
435560
308296
881842
847598
1391
891100
246476
849192
357786
861344
435219
916964
326513
201814
29284
196846
122119
957466
183609
866275
549996
86642
905036
905221
818978
257789
51462
799368
741454
397027
75020
613196
24478
407596
582316
516047
309601
619224
303298
277297
690263
361312
470751
933626
941931
549433
386032
670534
257932
380161
449385
749616
320353
618293
825296
778036
533698
58831
558185
247756
884508
882536
993870
461539
539553
603130
596886
342987
650518
362630
418426
429166
923863
30872
625253
138292
579033
221257
407196
562176
472030
47089
994634
828289
177461
861737
208181
396875
370999
785059
75868
372796
978205
350678
793448
275160
206642
297661
642836
201717
434431
140974
985706
5282
481694
595446
441242
404381
633678
837335
885603
229724
372621
428639
884729
47184
981973
153306
70619
812038
256836
269356
630332
995262
234740
140155
570827
830515
7110
115844
74263
774975
801652
913594
430160
213467
346666
5912
416975
359131
374713
39884
735956
766200
809505
482993
635396
469836
624399
338467
210809
255465
678915
257836
955127
51666
180550
965972
634007
117256
59557
579345
537415
511690
517855
330013
696456
373931
545984
149789
280511
735076
361666
883898
164340
430895
523092
983050
18703
435438
671895
108511
808305
762513
379330
383833
291490
846828
74407
812005
640481
4690
429256
52611
338811
165654
741702
2269
881009
985348
763786
771916
650440
314035
471024
963850
575323
752727
782423
855260
610434
435314
22960
972046
299975
132705
131251
480320
794829
613606
65768
194184
965678
607980
248343
690849
107299
988241
252356
347355
239615
141530
658425
292077
777070
881220
871870
816209
635156
606560
182571
439756
168638
462067
964456
101679
213752
461690
500415
991158
88526
741391
908137
290084
243461
37344
400865
403291
309307
631364
975375
592282
190164
344892
429233
174981
514228
4127
675546
148952
374938
528732
673014
175705
806511
368890
589822
325933
935728
912749
937167
984426
542298
571201
814564
917919
534278
370408
143829
245381
439760
200789
617691
297867
732140
86432
900423
904422
672773
850832
604633
693008
595772
329455
471597
644411
423481
159583
87090
976392
890138
848699
529953
414436
779607
561805
696462
260936
728027
506638
638468
955655
157105
283468
181619
893363
635192
902537
264429
60264
686174
645038
793550
717620
24241
852592
900822
317288
647214
407515
498487
914272
589109
888430
34788
691418
783195
300153
396160
988771
369088
287822
291026
529529
283277
780265
633632
309296
844481
405286
699982
806095
558886
353717
899386
923748
760249
213405
173083
592513
959085
820763
825766
726148
779195
2432
875341
337312
287326
478968
150849
876108
911350
945311
498310
314324
370734
350618
376548
755175
187402
560994
416673
980286
952057
633675
216300
224700
569785
891346
128445
438950
329257
860312
865141
459016
44677
297455
713684
263626
639398
949864
258137
903477
49353
325247
117283
767938
456289
890235
891368
534660
30091
948968
267817
402165
327489
43000
894829
996446
611233
63221
303731
139043
171719
174091
952249
214075
381211
24136
504192
86490
64290
900287
458223
589057
630351
776280
706559
146489
325799
778890
5642
645534
827548
201199
593015
405930
776926
789543
850361
445175
415292
589690
209961
137300
669084
569987
6735
476222
491968
174163
742757
602961
808666
751961
650235
176436
354580
683170
775942
711636
742900
907817
122331
564374
409308
734063
668996
165347
849342
304879
841817
234503
612193
248792
991368
398272
836738
147037
180935
577714
453876
603987
515357
745056
799855
214744
264762
986708
451274
826291
259875
320038
253
793066
432879
694715
94266
641119
612085
322078
84968
318176
386786
648835
904262
385790
16305
204675
518365
995519
948178
293740
492615
245449
372510
443248
732368
995892
151775
954144
394726
790773
713396
346360
370545
976589
987182
269423
622420
588298
197789
363289
934943
668521
903633
199096
157498
367090
642501
371260
490206
33038
219215
415137
616935
168755
111447
407385
352982
53705
588401
726380
550176
165070
493771
23177
993261
422226
516757
989420
220021
641324
9420
538417
135065
562768
246398
799258
783962
505885
88756
183322
60931
180009
142825
254587
192098
783027
141894
281164
230697
67130
53867
470120
273791
812846
930353
574941
641838
629003
609705
337725
461405
370531
378108
896695
697262
328311
499041
901370
888668
228225
174603
637765
994868
943374
434399
730142
747633
636357
60499
188236
333379
997788
216513
735867
775674
974387
778429
472670
806757
895265
633509
819414
432493
949714
637657
364699
79593
582406
304854
742115
130457
676792
659603
909212
667780
650149
949703
776422
298709
565126
543843
577836
678633
830886
933168
493177
696786
765950
959180
83930
491189
98135
503059
633498
469041
799178
441412
468385
98194
150660
551313
381558
981840
925032
202943
345753
753116
86633
507624
457025
423140
257653
462731
245025
678156
270366
457192
209025
152663
994469
557306
286616
470395
906053
387227
837324
250481
698244
877770
916983
128934
574891
188437
994920
621835
372922
679917
777358
570961
718139
695620
314178
368741
93162
321680
646607
578067
599905
105230
578764
441251
825622
539296
132820
220092
612607
715235
656942
509541
519063
359086
938042
764931
767380
497721
992477
833890
185083
876094
751198
620759
7638
597762
869485
654015
395477
786135
160586
798285
956783
354807
633529
699331
186471
148420
537485
658057
459603
990016
568130
618576
312413
131346
836569
552236
711332
679623
136460
782227
886137
856860
158931
328699
900637
299138
756875
20956
400379
100187
804209
860712
78484
224909
278034
532892
94964
154994
978366
144303
620781
939515
503938
243014
437849
406171
775255
855868
684056
827420
362446
422760
805452
850763
894510
351683
421495
888972
999628
967395
753724
260587
730886
260610
881271
798293
304359
225436
517187
441513
220227
435710
330103
433365
872800
147556
621811
784703
984281
587550
238343
849715
39356
289874
624472
991856
221172
10863
294792
181088
6454
206411
25522
412172
854071
959225
478836
949519
387931
43332
369571
355657
610129
483511
657848
232306
738319
147937
150511
517742
677569
487775
309440
246904
864029
970677
826404
17675
885005
174515
312402
254642
611203
372695
279856
118850
919535
942454
647640
51207
480201
194771
554228
119850
460206
502331
424375
151055
793493
334435
698565
551011
606069
457421
266539
313550
90851
84707
97780
829742
32558
464767
358426
973104
114796
505846
504476
124121
115588
718796
159200
186164
839376
550405
79955
835382
926960
227115
399908
83282
318588
20630
718847
994626
740176
311860
679955
908890
84176
188486
259979
449762
69181
30977
616939
298194
31080
511250
484827
289031
302710
628785
908850
699032
717347
648070
632468
67641
870030
617788
285805
31046
969890
712042
970837
886107
240772
532063
284023
955672
686987
271193
406758
464972
252896
194142
518785
451878
368223
683073
507340
440755
933235
774033
954101
32155
689049
805558
818695
334434
63327
896511
476428
818748
510491
267489
131823
826073
893614
530317
11789
826646
623775
543793
610648
189470
28971
495293
359703
263524
640770
390325
201627
142164
3937
504864
749850
807672
239912
374638
816485
123720
606189
236887
707866
299596
192881
263016
178407
50889
194719
7554
120362
670588
103787
83706
252018
579321
64061
231784
913557
617722
90904
506188
27457
679624
679252
648271
845581
554549
223663
567806
181912
434969
622015
788774
960861
531923
917271
385079
13573
326389
239445
405915
72070
852731
133982
291724
987402
77252
368493
706172
810697
876802
621458
587711
261428
319770
386287
832147
312973
956095
161380
533315
375185
962206
816380
186333
424638
354997
169902
362392
268051
792044
767889
204691
46741
334703
831450
151344
511069
904852
376858
782987
273906
60811
859062
288465
466543
536465
809618
781876
188642
929391
638547
261243
10669
559397
471555
430840
380080
217337
38278
214637
914704
99654
884398
674844
831558
790228
571854
353706
876840
354276
766
298771
488400
67593
33022
237834
814862
82008
584421
247798
73550
966749
96236
541698
945226
615528
667900
567743
656389
885707
92237
586146
485733
817447
996310
988711
666534
681097
531192
215173
674858
98006
309249
492077
373247
932807
884267
899150
689902
220828
899982
241975
132321
722624
657069
296510
835566
524957
166877
9589
283062
874183
940313
131341
34165
786068
389133
392885
306632
122162
45696
832000
227743
759980
676502
42240
394625
448314
313927
280101
806248
926079
513855
18516
744286
13942
523333
841930
383263
928634
622002
491619
35638
744858
417809
52722
529538
824690
582458
866681
578719
864301
400585
715841
312693
228570
309966
534841
690432
470874
346521
297860
636257
10588
777376
185943
886977
632787
451610
500734
114718
284877
49731
426015
668199
969621
238163
798290
344480
980708
922393
123584
219887
613460
782401
856146
995716
326617
556624
619057
435172
810095
713369
692671
384592
284340
761350
815955
447418
807388
853370
494074
707942
478856
228310
580845
151891
531539
226857
511274
244027
373548
461459
386173
105330
987446
874353
459997
576273
545247
267481
362140
173577
385894
778638
748695
731773
803339
796590
290197
180897
446525
859887
186244
274431
120108
658035
452460
635823
153694
747241
252380
580294
49314
560883
50704
529858
150499
91683
327388
125466
174976
552771
711790
901106
324687
87152
142212
887984
846123
382533
272037
931614
548956
974544
293129
64528
611454
868788
380335
264788
319231
912660
477929
317487
236121
774805
719750
321983
990713
832285
575926
601247
246369
301874
879328
21548
683176
686308
284037
393885
713978
93422
823768
386819
483407
331427
330065
49213
87090
473759
402072
134526
899638
184344
919974
624913
986060
475635
725734
305167
189087
132666
7680
919784
112671
116344
475107
883442
355407
495279
872049
921919
261008
19515
180569
833743
970338
602228
925394
412443
398547
733050
976183
202217
198338
170788
499096
83763
810622
826828
884668
324994
240887
658963
490114
154118
834945
892850
992625
716021
600402
983547
939736
538121
625121
860494
447408
864312
413150
66214
527054
702172
371913
82027
742951
143972
919051
797331
964487
460205
756132
894713
2862
389694
646491
447120
787312
119290
144882
572300
558782
677949
437843
929626
226192
425722
118926
503199
987340
469791
78947
618979
889949
280155
454564
267532
783419
91901
653222
175883
157979
379034
321409
412319
1893
992783
159914
738513
560218
456189
641101
682805
671976
669285
280459
816620
134597
585686
571944
425151
153510
49820
230453
744404
417947
900020
863834
545471
505680
193528
635124
571964
823322
793530
880290
507703
171483
626717
619392
879632
813224
985250
214926
665223
450397
160234
530036
453123
365437
282515
151073
509734
641593
955214
561293
773325
663559
483837
306939
163476
2770
490625
644843
238667
952186
258979
782543
157126
342084
685942
165355
370244
253792
754378
19881
464695
952418
97186
217405
885384
816595
234690
273237
493336
347389
554862
347081
26055
986878
432185
392760
214065
561308
335755
586184
603626
356250
876771
496780
504456
303455
20666
337756
136515
684513
847274
316431
555604
323970
51157
307400
834071
348124
637984
319577
511422
789166
393827
267086
632520
652083
860856
17999
464936
722805
946772
530046
910067
970053
97105
707371
176787
674279
268661
118605
316547
157583
343263
217787
290265
551570
450128
139185
903291
959421
344530
322646
371792
258203
217898
485212
474736
233815
776010
341007
208842
164524
577744
518684
473846
575711
660535
237055
152747
430938
443051
754991
2238
610910
872859
767244
436462
39417
381714
254112
396708
401598
203188
937283
595904
860720
538177
604991
60592
290184
940212
646345
388285
805929
364512
355348
633147
930623
765085
693464
999615
897538
651920
28700
332045
458002
862058
550051
303097
586609
309467
798349
616477
399189
243401
674235
902585
281696
96150
185236
77230
486025
156757
543760
616192
860437
963188
900356
561125
330053
749166
390329
122550
155078
651823
26484
541404
306798
75815
356101
187108
833680
971237
763317
253299
191727
617737
668624
129055
217220
947403
288435
489965
822193
55494
556369
112566
19870
726574
778058
915243
99925
696752
74241
136507
254293
253953
58201
294024
279630
156214
373314
7668
461470
982545
982908
479964
597258
348672
55438
464298
698298
987305
454830
783723
286752
114737
132249
210417
965822
390053
788709
645674
893278
909309
681589
992857
245353
714628
281445
881553
421444
114814
607461
753302
410299
911177
4244
566914
816734
712678
804905
323315
587009
669745
621314
496326
400166
686619
349389
158378
592808
701044
831890
912024
527992
823711
248725
38139
990333
369447
612000
966403
649213
279377
6251
540175
13103
406716
204730
604468
794016
177548
227354
563556
963206
168214
329885
8445
41073
950996
272118
578018
899382
940223
529236
139719
412413
542687
232084
289928
374106
776675
244162
179109
297865
412902
435269
537316
575130
560707
312994
124961
932834
5222
292911
386389
5930
643437
553204
64651
638890
642474
705055
60790
544582
437220
58854
317254
284855
821531
328582
114947
444216
496122
934341
522409
508952
203642
635379
141870
270353
563846
437494
196919
82115
780174
202905
369070
910653
969927
706469
821753
57856
181256
897762
525331
378554
164323
50875
992553
157993
231586
311156
161296
18611
279319
955904
226763
594540
774961
222857
992797
600688
128415
485662
626342
972759
835145
218422
600445
18965
830243
108863
444018
766759
856224
910949
23640
292548
225890
588730
256713
454353
319592
113085
31256
859249
939541
12841
618680
390924
241837
806703
427528
61171
55347
265014
600270
889412
913392
312578
193420
825148
676403
20324
895329
583271
821129
800950
634186
119166
864969
657173
616016
458958
409769
561298
464274
61986
164101
637134
829824
454075
408375
240386
325144
405976
800610
883549
272125
191688
509308
278290
464367
993108
29066
549755
852007
43394
338745
244239
91906
513893
714222
184833
124560
444016
672285
839525
427214
313790
117035
608362
702346
442633
713839
705708
848817
632065
619828
267314
362972
177760
694512
923460
866674
213442
879700
408339
543586
142390
701257
695228
923879
308258
967060
811454
711485
838058
696769
488952
873137
582318
494336
117292
679729
646719
825752
973571
602754
155754
877788
653077
294858
672191
625776
988385
456849
210531
730275
996407
546925
332252
736347
776234
831007
150408
963446
719496
811128
224376
507796
966083
856593
533609
893121
986966
792566
314576
561389
579841
430201
273096
884284
141818
202139
680638
317006
37142
487985
757980
79425
940688
61273
45450
970396
40841
837878
546826
341892
224485
779593
562589
486603
390168
282961
234036
756758
342251
275616
146256
941535
228709
170166
695580
727134
959402
390161
198564
214089
67198
136776
226805
514077
234966
358948
37594
588831
742685
356011
334071
318339
928650
612218
545911
429097
556359
834700
6375
378490
208847
525618
113195
137515
800881
81400
406786
507775
74208
170671
305778
237165
850002
826068
200451
799986
334503
886919
729886
899173
175737
283538
425659
720564
772798
545594
677569
885179
597844
517514
475672
741002
382529
428310
760779
203106
605685
963481
1672
291785
409393
961370
546622
427904
934532
335664
714393
686494
610900
852066
123950
316779
508454
466534
62835
148668
402711
26979
314779
840174
832697
999210
214544
670903
801268
616792
418564
13586
569294
933538
919273
104004
329527
523198
896845
84590
438316
846278
468230
759019
831765
76165
567633
866074
110523
570320
115198
345931
968010
331810
212894
410149
434580
851642
626479
920114
589649
899274
926479
170540
514605
608223
971702
190042
53085
11164
983279
406413
448915
805225
446558
680357
369120
426912
791587
607872
94852
402669
956038
191481
888508
916127
249159
732250
37167
702403
582559
821932
403540
741939
539761
617508
267614
801473
835495
574177
744601
730220
317531
892350
833465
541777
833137
44347
88215
108950
565313
270724
780759
789298
436255
705489
351546
590743
14800
60672
880234
940559
678537
835595
961570
338825
64959
423027
817128
902421
374334
186338
46455
406220
571760
214158
243198
548184
954669
728045
38988
261910
459633
100437
562455
650891
760489
351340
757813
553201
192088
554755
626062
28331
918867
337745
157021
220384
890018
235071
611805
754872
442148
564903
805615
989134
891839
962041
680873
518194
288488
641031
701019
486824
871829
669954
619635
445199
30523
714294
316171
672467
600940
971882
519023
659096
414504
576026
340502
741086
2146
140845
25812
743747
368009
190976
688032
703909
999376
36806
474814
15204
343598
689496
344788
532723
899043
353003
283509
70089
78882
954790
907576
154699
879362
403511
996021
891202
156947
237406
167271
645657
553048
241654
483206
207221
727097
701276
972209
571994
992754
856741
596200
812014
139373
967094
338984
161542
888753
615562
399274
263686
809317
36671
301088
643372
257704
316979
66005
727052
73283
149318
719236
576798
207882
63216
805303
983666
45186
463334
735385
703431
13809
484228
503975
624236
41575
502150
993060
476873
185863
472569
142821
764063
233752
234223
157339
816319
375246
588688
100426
987952
402423
672622
870327
378776
878117
945546
586671
440328
107834
441305
310525
13106
984812
536992
365161
628308
345692
727877
395313
508688
511044
493506
844914
155203
92533
321336
789833
743194
984256
646711
862453
901367
850410
178872
318500
597028
63081
119512
865782
8441
382241
581341
563655
386759
975548
326733
801030
146312
94220
551031
410005
223598
181824
82972
908498
378008
732819
317849
746960
377821
61987
829832
960975
104734
856429
226720
359285
813486
700724
343982
870640
840403
492094
108688
67692
704515
351928
445265
373913
218267
812993
725109
41308
698410
204808
79738
935857
121471
565755
24792
436621
974696
62654
303825
84893
813178
195188
684156
816166
806414
147026
353985
306988
216193
954445
825793
61399
129386
79537
363396
647169
83872
450807
210733
930658
679572
72045
852129
254366
973246
868419
239371
484474
605625
576640
959220
63872
930609
894951
721612
53326
881494
593279
296558
903563
585594
778425
531888
966286
289784
42342
524623
131419
549156
173888
862756
186224
238718
195663
548367
97511
119524
110572
687129
625864
74697
853993
115711
586455
633652
155107
867388
678956
528425
803626
347186
168050
751387
994736
632986
901742
69343
892614
791835
101149
337019
733493
486449
576217
454257
926634
337333
213341
544784
580175
784013
105964
733641
949177
629092
334487
221156
898422
988211
768779
328684
545964
624788
233250
416111
269108
501397
854996
271772
70745
665210
138245
273919
389454
904795
303372
775120
866149
94292
501300
506795
902272
817675
299302
423568
62834
832590
187735
346577
622982
179490
798095
545564
942376
969696
67662
547060
347537
398682
351110
85437
31092
474256
462196
137600
409820
809171
649022
217075
588211
108914
809556
751571
597102
508483
307763
49896
62709
700415
309294
326620
84267
876779
891835
310503
887556
252031
385175
576095
187084
343068
875315
678596
716856
544990
505783
690658
827200
362816
650924
226750
408063
325653
713641
743214
165449
161260
104649
404470
423142
68847
552894
284619
389484
759523
549764
373149
939850
452894
226954
876338
564229
5804
750327
952678
379848
797589
258211
398208
505657
348604
902009
826156
204363
831048
148329
898109
927218
233704
793558
60970
480243
221039
504791
641400
289623
823096
958000
709381
749354
572442
120485
119544
331835
69446
991439
788594
532417
666417
337672
821732
572705
776490
607823
447813
578667
272887
314434
869803
159011
596334
645402
988282
20896
801178
787821
724614
614036
607772
228105
711545
636519
175175
799146
770879
365156
607146
581953
338733
116417
530950
167096
919307
571484
225597
598849
219857
57593
288812
861124
508812
828313
947115
310663
426941
464150
957727
196422
422777
567977
938758
5231
48726
533519
143969
482899
523422
841713
432433
498015
761993
154538
784336
45582
506495
680120
476581
430876
356669
800796
172365
256734
282548
924859
709505
51937
540976
931252
116056
276541
151840
760811
692322
513200
16430
88992
292398
895715
773023
718015
400142
916484
908703
30090
901030
716698
606751
886108
144330
494793
982873
993163
378008
61828
956640
161153
267404
800603
869166
125822
578239
679493
325944
966388
236075
464796
452480
714881
756247
585207
858727
617928
89732
148337
219442
240748
701990
116693
588014
2020
498237
199696
518100
838354
666926
128293
579561
491863
715868
94917
291616
71546
803168
433962
515959
206602
209214
494224
870126
619539
312073
663244
170435
364178
380882
324656
288003
26099
134027
19068
959716
306671
719419
859036
419955
343047
13513
919242
438906
198293
448685
413246
556468
802163
83749
780937
483284
902604
81251
189113
408996
599281
60234
497556
21565
512348
635925
334633
333630
920497
606813
444711
520566
541276
236700
217648
76361
389908
183299
545532
268200
511287
898234
378457
566
771778
753338
86834
711654
616558
343843
420992
779867
526302
272894
147473
892032
203693
172664
314672
211576
364018
688022
558541
655432
288378
528041
447434
726471
609041
328799
288894
246013
263445
362194
488727
612758
186752
729071
854182
412454
554686
548394
310255
944316
963465
909940
337297
119394
764667
578850
3586
366181
775314
287171
855723
322062
197015
854446
90847
954536
752866
235216
632958
175558
310659
538822
109014
401190
337220
196868
335189
713887
645762
407611
425596
887845
424794
254937
783953
729017
145583
665555
259800
921647
703970
80769
917951
155829
653937
243964
563958
965656
83727
198038
714138
409458
788046
67045
67688
751724
148520
967558
140367
550094
607653
822214
822714
76504
849103
504129
21017
644550
526740
840827
717925
607948
72267
523222
196598
697081
872318
993815
322692
302511
176320
26269
342017
504860
166331
974859
702587
954556
765021
126717
961471
439308
784090
125686
368173
741347
778985
384054
731804
453182
658138
47867
42873
581980
38216
535831
858295
985920
261492
378602
171829
767414
851141
576098
768835
158357
567713
895127
963882
365946
725357
146523
885626
791094
411179
347375
180666
551145
452211
602961
448044
837235
935670
633485
215467
456037
986197
75361
63778
76177
296420
824008
641286
87374
33506
125836
773353
450976
697759
985326
807318
734477
172729
417451
209742
308584
346574
563188
81293
923463
483427
141686
224439
812467
782620
586325
24856
364633
684139
484397
976374
389607
631468
33578
243663
342407
546700
599313
664202
133056
256297
349783
823059
56820
66955
222008
390717
243752
853272
989071
125893
758512
161368
918298
113582
597533
34096
373391
913666
950085
495039
44335
280736
166899
376241
270355
596935
606553
244092
870360
48794
250469
119615
623825
389234
820040
825307
206696
929468
396206
808296
232912
29459
124102
369874
786074
598862
948406
322568
921433
682230
378935
976287
276247
390061
282956
341166
462899
330286
321435
371650
453455
909438
485069
975291
710026
310834
200923
227317
412089
382248
663242
827095
709578
497137
144597
671058
211688
86669
550306
350004
43724
717212
289313
724854
883512
854832
465719
799927
493968
600207
614553
228573
157856
68591
787732
807841
774861
438963
725279
266284
740808
128265
959910
474394
205139
445151
371002
137014
599717
632770
847511
316849
489948
722330
449196
736290
868148
931060
40165
720687
474998
943768
647983
42190
65070
381123
937662
898346
934129
514147
34901
306871
809759
889164
753017
745224
244154
791391
929302
330643
676985
200800
338118
17291
12510
613615
895471
908928
113474
889869
126334
403298
319316
395293
433924
50072
940829
646053
117063
433010
857121
9483
297565
32467
920891
94188
756082
886760
416395
504872
29605
314536
546350
154167
474026
590233
834744
27273
811326
966150
842731
106198
368936
336956
833191
982760
954882
157297
926226
407266
319079
965420
103887
622665
840526
168489
880840
372499
15193
62279
176236
21699
956753
356798
195305
297227
308004
272504
676288
111776
136755
575870
548344
85219
65534
128270
381705
592309
453713
95227
574659
652495
785086
130089
975541
155677
240259
714379
208616
845472
445650
920871
527213
897035
199501
684030
483287
6617
677671
862157
281658
186663
437900
209019
373753
297943
703971
316367
990581
653398
906388
307532
798306
961686
606426
237234
511723
856598
450655
880114
545965
400129
572087
222994
822900
906260
711994
772071
702458
195550
901498
888466
693708
25956
691512
559327
11915
848271
736946
33590
949977
913777
985161
675222
145521
822780
782384
636345
337106
161802
214098
946611
341550
545548
822746
499200
893796
917404
538998
900226
966192
450119
91312
265079
122852
78334
139284
392735
206781
915218
533901
175258
494018
899136
134177
620659
777787
950636
320584
614826
508923
908636
523276
383083
551213
287682
946988
409992
972120
593472
87477
985104
854229
57517
702890
911682
746104
777357
116952
942612
558276
290937
525184
870033
627357
882289
185161
839474
464303
658036
655030
759913
754354
860751
452158
901924
488319
20790
287843
901144
959870
790673
51114
374736
992113
372048
660067
86975
905050
57047
727563
676356
645698
161666
25947
344021
952475
360122
837223
285569
499067
842414
484985
75136
724659
845394
882409
560353
612245
197594
113972
665447
432135
740864
643434
694539
835168
611135
635340
148581
843726
220220
303461
923080
741201
301624
534106
109808
82595
654169
607938
956152
543418
575032
922182
90184
203042
759538
49234
462206
704975
800086
422721
512505
397592
905802
4701
272863
112873
96071
839812
496049
371777
330705
709413
746293
835346
219052
246671
785708
174271
796009
573167
677403
549985
718200
599030
385898
434226
143247
556778
590796
595507
175577
42532
341187
885692
469767
691095
753464
209388
255975
550013
904098
804248
441772
487515
968199
758047
591721
926203
850894
974766
760243
92956
195231
341062
15459
742536
250024
792434
155319
758541
938204
312123
340501
360329
234744
851185
433887
420461
559012
179120
213213
103582
388348
596515
401547
168649
265205
128682
512033
232561
108117
704024
114176
385094
251956
286955
560894
767076
551216
143388
438529
227831
455574
503488
52813
963199
877424
254992
374985
324932
745656
661562
537238
538721
869163
497449
452258
923047
886020
502990
662950
642631
187800
700699
593531
51205
244331
256054
453931
321722
880932
49218
562071
305820
281410
223279
337930
149059
46325
929423
413761
728763
429240
147777
944041
449667
956287
879850
38925
153451
563485
333956
532182
628880
802347
756442
811266
287096
928200
840543
416403
125344
768256
407987
768628
983835
700478
921672
779650
158727
134906
761999
585467
471577
998746
713588
815155
962314
737231
236744
500272
949807
573343
524812
469543
679312
797572
303839
159383
438215
200388
505939
393722
971539
180944
566243
262190
631083
907592
417968
169747
835774
81150
291009
547036
82366
879082
190576
841924
726671
113461
438409
380603
678426
724863
947047
160635
428240
239343
198493
111321
80580
914868
92404
335421
193004
250785
130257
16482
582844
698620
702447
625082
267702
23127
394573
398834
319281
982849
545466
888641
952460
191005
319419
436484
939894
81900
79780
464517
76429
184977
160100
114773
433650
579392
815648
465787
267875
497387
374196
616756
420269
683119
618390
352087
895385
13214
90223
90844
595375
895774
319689
446522
189032
310041
589651
540692
919799
379981
786198
686305
948617
334013
850046
352683
438060
419921
661805
539917
774231
158494
750856
892851
418233
964312
855709
798099
833185
869224
592471
814602
224510
179526
455077
458303
772433
51537
256834
956492
713235
697405
873637
991266
365087
214326
950188
201759
703428
973839
441751
428317
159207
993361
455757
202472
953105
619153
72058
307439
110006
451394
29723
456901
370869
817660
550630
860384
584255
126194
571675
481804
282468
970473
698338
248591
705809
315951
7579
320854
849098
324906
58040
77822
482283
205652
889156
331026
792430
290803
418200
181394
658605
186424
351039
731225
835835
465876
935225
553063
245071
711446
881797
930554
420620
380990
258385
937317
244403
430732
436020
933452
524000
25659
414680
897727
60903
265333
220293
896256
572894
267961
964762
836006
876066
620052
825652
927681
807785
564812
771507
64579
15695
52053
116242
926595
61168
497475
430116
500132
384282
67897
709689
365934
89846
995754
890824
876297
834931
234987
131595
840825
667595
32626
985815
426239
178482
442459
718788
642847
578207
218943
813944
853757
501442
878136
716783
511432
840168
7720
369275
463059
150798
590595
296182
849957
224762
668512
368453
787539
443340
458749
402527
345957
887798
688144
126500
628653
438899
726227
825156
925962
682658
808312
903175
224698
956524
81504
354846
513566
562351
611950
172319
135656
273890
488137
59775
377768
390790
679308
451998
149632
408686
785650
654962
212335
168214
93990
720256
385321
855308
773353
967970
560661
924443
469634
220412
89006
76408
398483
543053
513353
116440
310342
710061
433939
265780
439348
883623
65320
344005
840075
932817
271839
607527
544313
923705
299249
907693
712570
324892
994227
163845
88010
252266
919253
575572
451923
493967
717412
889812
263105
267768
971430
36077
93954
665929
993836
670024
162921
124144
672468
19580
753683
231412
947087
511743
286855
12619
851722
679584
804645
10884
328157
601914
916112
936642
594506
822231
688331
725096
6803
810506
194789
198386
425573
772244
330160
873830
640884
180667
135213
181658
502683
83902
260778
398763
782842
601785
871067
476210
152382
664655
782256
792680
11228
465053
955323
372777
262014
517804
112445
89920
397922
472216
298102
537374
63491
4454
290750
269531
57572
209623
738538
379587
844816
7456
71118
561143
971512
52440
828162
406831
481436
511805
754034
532709
37990
238459
522070
574088
759219
359003
975095
692324
606692
540842
421763
663790
68903
281964
276297
501485
16247
771736
757902
138681
451280
824592
993975
786915
425503
875518
973970
635461
634642
100013
503088
388946
947218
982903
609815
288631
376409
408685
63342
79981
962552
622078
981098
812126
574871
174853
562134
369593
237129
770344
496177
417230
689211
923011
666042
646390
679787
577912
975916
772191
458533
590037
638150
709365
906109
694485
258166
888057
143309
963109
468204
573433
391824
182141
567303
692855
690905
945920
677138
224211
399085
997262
657132
143150
835818
146291
351942
656574
726515
645150
522664
620061
441937
795771
630352
771442
446595
825688
669615
969482
839377
311871
654864
930543
7794
264645
114859
674930
258193
717721
514788
47818
943327
417910
358023
83201
906388
159722
796181
888291
386824
783705
574253
191433
902748
635937
898654
931129
122706
849859
386576
881060
707770
436766
830366
186523
737282
639145
772218
715226
172649
965520
48548
196229
540730
985636
554009
118680
81576
670960
705555
225105
640918
730458
759127
937119
201793
596359
899607
341371
943679
197350
107737
430772
281385
470060
87837
289983
751542
301220
896503
539949
486592
849540
898458
632324
710724
695726
4498
598152
137960
377071
661670
176011
593350
703837
127523
142071
138807
775487
245458
357504
351992
353043
967671
612311
672935
261197
693004
527666
613464
853140
985025
533788
435495
712916
805760
898612
919471
796947
590661
388941
611478
439573
678815
392595
438397
691489
725924
354997
377118
165329
437154
887713
147873
634419
802740
316247
259645
540031
79034
716143
68383
707872
55493
498380
435621
316567
586422
984902
114926
716223
833421
674000
730211
429508
994974
256678
722604
56293
262137
372076
342946
896292
910351
327686
586735
901474
910389
17948
425227
233749
919547
532481
262684
168592
703604
690984
241405
825173
583419
473156
641273
344198
99544
850907
611262
152841
672730
579999
65513
606920
943447
342700
544497
464351
887155
431268
884801
678019
744922
658289
243010
978483
362955
931963
176253
106660
843788
73148
639569
352441
774560
975121
150564
661832
512944
318496
285501
814661
462756
528654
499147
597672
533935
922399
199722
5856
410541
919468
226324
713649
158846
898198
889519
620988
302414
364048
450410
949409
209510
218485
577071
338780
618635
475530
615680
816564
81524
808737
622028
221726
649043
841008
548298
343589
901648
525523
557188
648030
576959
259564
119149
145562
195217
271459
264986
344981
753100
173944
226443
391825
273441
199206
868569
468090
73568
771302
667968
85464
813005
459911
196693
991086
543265
489943
107495
570150
623033
954496
614984
947598
486200
943898
86395
759393
989598
363894
524014
970415
191802
849318
296720
104979
552899
662872
349168
234597
89076
35626
596922
798770
419364
206083
500591
889694
945182
119218
383006
72362
367722
270103
332009
46217
679288
106415
75443
416053
897760
842719
811790
169556
140606
373207
540595
558157
724663
938329
992187
111728
325381
819527
651694
638422
533858
868320
428657
371960
175285
412519
196122
592193
110391
346752
538278
486265
67243
294338
835473
313567
429142
626134
295975
155812
822885
946987
83565
207007
484839
911802
621743
861286
144237
694698
234931
624334
449324
845139
709424
265273
377128
83440
438213
581320
371815
560880
336944
542821
429573
299303
852754
309311
918431
53027
214263
173732
797553
485341
653899
468067
210270
17617
123655
750614
924955
874951
500078
424825
790494
864350
156707
963526
647964
571951
525826
259351
753711
269824
109739
873434
693297
153855
346959
100131
913369
79793
571172
986153
92784
979389
42763
758794
66806
82134
618483
928032
921185
939443
476268
576007
395031
952932
916190
865551
968
980065
193405
281184
916492
406066
797628
103026
501763
28041
120296
823890
55031
617268
810196
133789
62338
278444
387700
630271
661387
864105
247753
915498
863364
606316
21755
995687
379769
160727
855353
762650
450796
269647
191558
987065
470534
565035
146873
699345
512592
947048
21585
985845
499106
333323
517910
166265
442269
821058
798467
580295
679499
404178
935460
313230
630665
17254
974453
637714
496491
353052
187463
54157
486688
219621
609415
971006
553717
54279
756295
376597
716808
405050
209732
943497
145958
579599
345122
435658
393210
842222
973373
38436
93925
850261
813213
227519
94398
640109
900213
222976
248598
304339
161492
607498
242194
244642
952654
871148
623321
775313
404050
244471
229060
726756
841386
940823
288346
728372
628531
988860
297283
836274
600285
597411
208292
187270
843268
716975
239503
728785
683155
561506
832007
527094
981994
448597
797124
435638
744642
935953
26274
543630
351458
598322
500109
712162
16676
901276
68632
482037
675630
241685
824719
868608
921751
736165
490175
238137
750996
269102
399550
449888
123288
110338
751717
884111
627236
814777
704582
267788
459617
921820
537669
572220
124792
272796
167863
464737
750026
829663
519611
184365
251941
642840
375919
275335
833127
720553
776990
707464
575457
174999
719141
930091
565865
717079
273886
798804
461392
341982
9533
346989
123171
413510
874700
975116
311298
143017
469218
713414
761129
578028
526673
67776
139299
255760
266110
971492
156157
970261
747500
458611
993218
181648
679573
228988
595840
591011
328678
471769
988288
326160
396346
696329
324124
912191
206963
225987
996448
395948
759061
470583
561820
435662
618930
288139
317249
58840
140937
62186
455630
437890
873868
395307
954723
306728
218204
460731
267695
548431
522079
155996
177288
498735
182388
653847
499717
476867
859706
99652
234309
238225
92532
685704
397987
418074
199074
738786
922781
908988
821689
745152
271330
404574
526008
971409
591729
995211
585642
264168
337355
839758
222228
661786
552443
607059
825778
361353
796486
2282
365984
206547
123836
529368
879185
576422
919999
867526
308676
581082
18111
530930
649321
895084
139488
505096
643841
236075
679777
961580
749931
384048
234761
250118
193144
292781
243601
590533
305765
109599
324822
906234
653638
787126
703528
639733
65598
467473
272947
388020
449511
618685
110632
22994
131117
962062
311342
706026
670963
376166
544448
728654
972318
77325
838826
889833
853795
917291
931667
485312
893815
972366
606899
140434
633385
162968
349054
345554
20984
237984
450313
685814
875082
190039
692730
286144
906047
740197
233010
355639
130510
176143
582281
454320
244368
636129
446324
997729
125581
352078
896948
600037
113054
593669
100722
523252
698100
92612
844814
178173
284297
245276
241361
419805
834750
608634
480146
918009
930702
651516
15491
935030
785057
530157
732045
535581
947598
821401
408409
852130
265308
213425
688940
533094
569673
888929
408536
986811
39368
152307
939344
43947
598798
497965
933102
522912
119296
891751
998687
703028
438842
672446
277880
606177
191559
356590
871997
366317
941913
234003
234079
262627
357448
993670
195451
488100
315052
741585
230019
978661
838515
507717
465488
601998
216002
638622
506216
597669
905259
700403
404147
700617
85675
175026
246936
637579
853388
71627
561070
860069
194902
812496
513618
105746
169931
124512
564209
936604
717692
796025
69006
280438
353565
176330
604871
476852
404485
741869
48155
555843
235175
437481
597559
28945
946298
478595
944139
446014
977213
25283
874929
119940
744078
881934
716509
956143
880347
312836
99745
617235
286321
810854
975249
47744
276225
446579
841531
443870
301021
813394
616936
155350
252773
716581
124863
72404
101469
470984
123074
417356
285860
720546
296959
563389
181890
803176
153759
987673
669873
920040
410290
280805
361518
64847
538408
649875
69049
360745
569820
281006
137212
698780
5200
276224
717038
329816
614039
792568
529267
118729
263579
764389
219199
82357
146149
836473
118239
769038
58874
405773
791639
67440
459670
811545
229912
924304
710429
983639
594306
93291
398863
160295
984911
641146
51062
572570
22554
428883
770583
418446
718412
568250
236309
502805
590478
791333
530605
874590
207435
420301
136951
187351
823885
781519
284163
852553
229733
776239
351942
284839
305517
498947
918112
402072
244170
473960
754031
783511
391990
698419
450357
108971
59480
441801
620867
142665
91640
85548
787251
106798
191106
430852
949366
722802
335408
625059
259575
300481
296174
809365
409269
200864
176521
933418
211563
41410
171574
295235
923337
801054
389012
207689
475044
111844
294610
152104
964395
395021
921444
853924
426359
23440
420990
190089
108122
181296
753548
236039
17307
238821
415356
96791
446116
148613
422347
94820
741936
293344
531948
482275
881606
804694
215225
548778
504121
755855
27774
38989
992336
349618
610297
307624
214841
720012
171310
515776
448564
674264
187970
890844
283180
516105
410638
262193
347819
283400
193063
720729
204139
3394
841502
185279
98125
794457
185216
432068
408550
885610
110760
144276
144203
174121
75309
242611
615775
739223
417936
734614
57096
332763
664370
511506
82929
177906
365569
342408
608520
60343
252548
269929
595871
444694
58334
552069
473581
125627
55456
932676
900936
480553
657027
463481
84720
995398
517658
518203
698061
345092
964576
484533
312225
938727
910154
331535
567981
978795
653215
203646
259448
37735
805316
504265
129517
788770
846916
130044
123582
247029
797483
180486
261082
437961
351570
310868
772080
229507
226463
626617
284536
344377
723778
748122
344211
723029
759427
916599
719311
498860
495185
686219
997645
650729
381451
443688
784004
285983
79691
663882
437400
708538
960904
598864
752215
175356
620365
315124
57070
393731
476287
981752
528483
253251
196594
685653
726309
465100
823069
361224
543414
852634
355498
920578
779611
790228
769782
962973
595260
676944
212616
544970
265599
935582
88321
624592
539209
656964
597203
231332
393114
53743
411064
466250
736868
421639
916240
106608
246577
820937
492431
817136
668867
209281
451128
667112
902239
984120
749031
595127
884908
359812
523801
601626
103567
363971
897413
533729
873164
976584
863254
788943
831034
454154
749285
603871
23017
474401
108133
542220
29436
171621
16062
408561
135325
195616
272742
915372
245501
444021
632396
530799
565203
175761
844411
494216
457938
102730
31558
34750
467901
770911
982721
177720
661487
292973
667021
856868
64452
621595
192715
930793
249123
773448
357996
874069
371809
313024
716185
528010
815205
756904
250654
320965
658029
319607
419283
451150
223739
717580
732328
70155
247357
21534
542520
259827
204950
681239
554242
521302
242752
656387
275113
423473
183599
248326
51451
682293
611672
210214
969681
241324
974271
107446
69735
906121
820264
615708
734161
482589
369529
995722
569889
352704
34309
299477
126371
508624
520023
568856
859434
145609
805523
155129
866696
438759
951235
226354
873112
419817
271474
276046
193759
893534
704207
33199
376756
644692
820639
155273
268734
996082
814234
560097
648402
447084
868405
765549
224576
661240
898163
809659
958586
79907
276219
826176
32466
191208
848588
563790
787612
462107
61205
781973
756816
766549
445208
519241
890217
663737
286027
543901
787739
711852
758832
720378
569406
13477
252520
973399
227297
40484
168333
125316
22074
711497
887123
258808
71012
672796
68602
454743
874009
571625
293957
897740
319631
722407
106566
723479
509603
768982
759608
832399
861997
33363
581701
285429
146783
5180
952718
85522
419504
896846
570814
570872
528575
328172
995414
127026
464976
284036
402103
635931
923594
370809
84974
744960
435661
375251
820883
764654
25491
333471
605067
261622
870772
742832
959972
218960
442960
159594
332271
867054
110715
112269
881370
272000
189735
770975
498113
842197
300115
771349
515506
925982
732073
120532
100431
958933
331136
102014
632359
990499
512809
698751
653050
875904
324768
196915
163651
998441
984966
879906
90127
589376
620640
990432
673440
277606
215477
83640
809033
301830
712903
480254
846779
849004
605863
156571
502595
530769
546308
261730
961797
858534
274017
745198
639912
988508
824720
758184
624462
845072
734934
289011
999608
176388
178053
949549
13475
35021
400295
114430
898672
295612
765851
943159
386906
717739
378461
486042
976556
627390
26315
406656
333335
932770
683383
600427
15378
225959
939950
163431
598094
304005
653790
100017
111978
574355
74033
302833
536919
894926
622388
446724
95618
196251
279294
885299
594996
69731
124928
344934
123065
570023
536384
349841
856977
599992
449955
565956
856955
600274
320485
836216
265252
292827
587477
591656
424379
972256
591201
952104
578903
37625
996369
153808
449487
724893
92752
693913
523109
355660
897140
853852
578329
326454
26578
162254
588167
965837
579170
572322
776045
117018
466750
962609
710332
508542
418147
275678
952018
299429
784630
309383
749471
362656
705466
124337
382687
962120
168359
252076
876987
149110
317898
896303
708360
320836
128409
727536
84565
9690
721229
122017
463150
117633
964621
735627
421009
633224
785446
118256
162963
758421
469419
249159
727240
333331
851643
350326
318365
647317
923318
905172
990528
45787
724325
120995
112047
132728
355387
766406
451832
606889
888094
814248
283299
772314
594040
479659
715276
127389
481252
2066
569538
479425
299636
547270
722404
986070
608425
505443
952413
970476
863368
54433
154626
681790
426017
998136
661679
739425
307202
519015
608828
695623
157649
746112
306141
528209
476427
340111
28639
492614
304596
140092
520918
682238
3645
173107
419309
552540
661295
926042
755224
996577
614856
241761
988897
932793
329583
242742
914853
138195
496035
81194
119406
888371
560146
78224
557860
978313
210125
463330
427935
619592
79893
137107
402088
694384
597102
708632
856387
193964
295699
496262
114459
515987
539093
699554
203970
906733
574776
410777
371849
226790
407245
35937
142166
299169
185729
600485
241580
231990
777222
708129
9940
592950
34256
224023
12102
861839
12369
790718
26173
185395
881880
814218
804695
38022
684148
666899
601564
916855
87007
790264
255102
884858
951681
978602
523943
858567
477075
196937
670457
800974
831235
316311
276626
624231
657921
716858
148367
987086
113516
208094
559225
186051
298933
205122
303553
868866
947334
108646
806712
879309
622150
891515
724589
493727
871431
944778
975453
39777
476200
691685
311526
838523
471945
870822
722412
403002
624139
155700
618406
96891
978547
805053
875893
97640
445230
925817
588206
512432
83271
481671
912685
120340
625559
250822
98628
623791
9210
524967
385045
503528
528613
48702
532256
799589
894963
443113
556541
211473
61512
932796
166676
14891
110990
663257
343336
267906
35369
581621
55048
978042
949936
516594
992139
705950
420785
413815
706459
858993
641849
587318
772358
163586
343019
92204
949909
317950
294126
822347
186981
671185
321826
957865
627801
704334
877354
931283
995604
190598
650837
484493
882529
491372
222611
924845
377610
267207
579315
166547
896819
521357
969135
247709
554627
841829
207702
724072
915330
29149
656975
418345
136007
912860
533988
854535
860724
331547
504006
377793
36832
312436
927799
801725
640728
821935
580231
386272
212517
404247
520291
236487
581613
866184
344253
464074
799141
190140
80668
547701
455133
692876
124036
61328
283086
60392
919795
85673
625649
515148
441893
352936
189646
957184
335903
346630
756163
218505
591604
332748
822242
493272
381603
560013
196496
543822
560099
96415
381610
969724
527558
242911
823853
944208
634220
381713
817992
114315
3561
825376
591313
886975
174946
59812
104190
549093
173902
625991
192242
33759
960410
43218
726260
679291
674900
769762
142641
968314
509547
15635
731122
647136
989736
39154
515308
17939
367694
460557
965691
597197
361698
216948
706196
804330
319926
795792
853346
68156
430306
550081
326228
284789
464840
521656
22904
634097
966551
801975
856774
920508
857701
528189
2954
277898
706373
789794
938819
74732
346657
743631
963647
776701
527501
970991
121670
754689
980030
916282
17828
366210
536042
547151
622599
322956
677870
272972
877531
200415
923584
990688
380348
867444
54696
443712
37190
442898
397581
640912
324469
53787
844244
400584
497767
240060
795955
315334
851858
426561
533699
976944
707696
185800
486276
576962
435668
134450
22263
914689
587138
507058
385899
94286
332022
824158
555871
406798
691439
800883
547019
268143
975210
940617
173715
207858
454547
500435
864719
488316
579579
425328
858900
608822
463935
34630
223844
267991
99978
344413
599368
229383
894106
203085
419667
545370
420487
405348
121915
738948
133782
297612
972617
26316
920467
768326
901479
382219
236174
940152
175120
188813
608540
417308
884350
808090
389688
160918
988196
221227
637913
90051
844981
541348
776109
509069
874644
675663
888225
10449
208868
790056
359264
895776
619111
489846
495460
618686
850758
558264
713812
785036
169801
166286
181404
263418
431706
41752
535180
23476
88744
955837
906120
256232
969202
513836
128726
369935
444723
469242
743594
658383
637815
4265
913323
111039
263549
104702
330520
201033
817483
853562
684730
51487
86796
366479
326077
782358
144073
32291
257095
990452
827718
982304
944790
589281
66359
190243
635814
357586
318850
509762
969814
347537
605188
961652
766234
901542
437652
907169
470597
573843
769855
464624
944225
874037
601204
645762
652738
63268
435014
334539
567232
943747
549683
532242
328040
373027
900114
472643
463048
774624
259610
190871
395623
495379
373097
242004
59440
922831
122113
451114
494603
677969
59608
876897
562649
843608
304462
947784
591641
728465
177282
762872
180626
880907
304527
203234
199427
964626
404934
877390
215693
55711
93963
436353
300302
422910
105874
271980
146453
901245
326867
536212
179648
512147
90872
664488
670025
254478
447045
900226
854846
362366
554110
555287
569155
243677
862816
461014
358576
290651
552049
759061
923913
971582
647025
388309
656963
100261
695209
838169
178840
194305
270503
487338
732318
629985
530684
261443
872122
971014
639242
421104
582502
400781
212499
56243
91570
347562
666448
466655
79129
834884
878257
545234
573932
194436
275986
642437
992130
949728
728248
361376
244940
829261
187028
398430
368502
828546
849175
81887
677366
791689
337546
165861
273044
627631
569827
118703
553263
976830
62984
657605
338087
285150
331591
881871
110757
849959
856830
30966
278065
187034
715828
466178
631460
958523
219944
368676
391135
800389
556469
863134
478391
85869
735771
713142
315391
753315
562578
801973
662942
738162
444812
748010
221469
245265
491375
344634
435912
268157
936141
306914
732425
960519
165616
751549
259249
19748
956588
194108
918890
775850
467056
284819
750831
751315
326626
737911
642677
455340
487586
869827
833585
320961
203302
728238
550946
962767
756782
117225
911799
981285
94826
631630
213630
674231
236357
50681
530983
559330
211382
138290
195461
907628
410090
124980
691349
305895
985283
573803
976887
702723
977742
533375
921607
272597
652754
398565
515480
141306
189573
789735
275334
147973
318100
434686
807380
873457
200067
469751
32269
589908
810708
509940
862626
2158
527780
79532
241535
857266
233778
954042
204921
35264
574961
614820
180424
379914
460789
768187
4313
200115
781017
917236
370150
512472
783013
927086
886000
340387
343524
25837
606280
24742
685114
598401
205025
816022
929316
18135
738458
280029
694724
111100
385323
843389
225
213679
297976
585631
144601
689043
82398
719905
125616
396201
414098
445963
542069
338732
921644
423224
597833
84844
857416
543298
186300
769464
461820
432260
657238
364291
9804
865483
561997
9302
352347
847312
781565
241340
161672
41073
715058
237255
209211
909258
262913
142098
114344
53358
852979
120492
536064
838631
895104
714913
232423
443030
457298
508886
712663
374076
437277
146603
103488
594399
60239
397330
868932
714219
287476
797845
673130
157706
996412
877518
485663
216578
596245
707807
894827
162411
81005
308924
7521
964741
190842
633291
104066
568280
74403
290552
698869
37476
373372
638492
562677
736970
391685
52265
22414
31452
822304
179385
969776
116479
446496
144252
374812
871249
328535
330165
443445
618318
534826
992487
462771
478136
747476
754534
907947
675012
270063
584004
579036
870862
669315
304411
78470
544863
241700
860900
833831
685633
481317
392011
646302
606342
244804
736922
430453
386543
515345
502334
700728
217192
434526
721338
125005
277381
23537
600802
929260
470308
965238
682003
672762
800571
565459
932101
450221
756693
403632
156253
279773
441450
609947
900053
961725
732208
311314
447904
413610
30880
655416
487192
750783
264210
815258
732906
931454
95367
425941
483628
667603
979423
689396
614926
175629
543536
53969
430737
121358
18976
579632
806548
580067
820287
472974
48081
105960
59284
842956
275697
256572
833612
95870
876430
637209
914036
32417
417135
5848
492680
282092
944337
461876
385806
921769
96465
199992
369786
193975
283920
260356
440207
14834
381495
862227
10465
734097
163930
750880
689868
544366
50020
633139
529530
233596
752099
573492
914668
43937
912791
983388
549767
743809
531766
696383
653277
489753
80729
931158
177157
278448
263850
576232
931442
844847
711594
434685
591843
442461
511797
728913
618526
982480
152192
427899
511004
481221
186915
951968
109823
429673
735075
388209
726896
658520
860605
390319
837025
517857
732877
521072
349799
239290
320511
47883
329537
707716
233983
893972
419899
66409
285435
578319
508552
338153
754312
383081
499162
510955
185727
577600
46953
995029
677997
443633
173634
15794
553015
591094
657837
506735
198622
857292
335230
579996
210473
295662
112179
419934
568734
705582
320374
234983
355908
589595
339919
678624
481360
972494
93165
360960
390283
381806
433237
386766
397223
910710
461632
975891
253626
268339
976721
993260
697582
922599
618594
689614
560873
965794
339296
986564
208928
898892
368093
264086
83717
600207
381167
100233
302417
367596
358873
98416
897154
510890
147077
695663
141652
533684
154372
676851
214318
481583
598367
940227
888383
630523
47914
768643
638174
372177
116974
705423
479622
909760
28551
742087
465197
198092
178058
133009
366080
677378
297005
641966
477843
343150
474743
143851
354448
662456
500517
674412
564556
537062
816031
218180
475309
603034
605790
754983
863845
702157
766330
713848
93448
622864
493168
175775
543689
307400
623814
875524
211002
660198
250825
913560
831369
994028
33419
249715
975136
867711
419517
872655
988835
636854
668757
185123
264046
749078
685375
522388
461705
955638
356604
151687
392520
423586
151359
670541
109627
308461
102494
784285
277612
126739
873355
703492
941797
593889
579758
146585
423720
378291
141661
37296
702964
250752
172416
3310
621383
702965
789949
142270
258429
133540
259673
238212
872005
237595
408226
301414
97389
251645
340007
130704
680616
401640
360418
347068
258584
636445
301443
241725
771839
760457
274887
563214
302431
470346
826148
573252
9927
434737
833038
583460
298107
454826
998556
389379
616137
290687
374718
956336
471588
398165
964542
561689
872295
926973
455021
573271
648074
680121
152255
1727
758944
851233
386095
919066
537283
669743
196939
876436
663524
912004
536069
141960
467770
354638
565557
233168
597872
700049
493833
910318
188844
284865
99522
451945
544796
305525
227762
81738
129834
852371
763647
924871
379969
633547
346745
663634
425508
748652
484827
790315
764993
349731
75549
421968
869816
88924
667669
469883
593202
757253
134222
510773
998967
317734
919378
182427
104840
633002
83061
205353
129031
639941
682328
110200
319228
459430
236025
290163
561866
641976
899417
105060
822289
932115
207820
270965
828879
317142
747564
22888
235978
484484
247321
45954
940234
149336
931351
895629
526424
940879
219379
581650
629605
156286
86965
62329
89749
859221
68215
763691
998891
965965
605184
275652
503185
525044
59945
774269
742321
613988
681407
201978
481216
500620
386893
91014
331320
655325
151743
351354
571943
286752
284777
109001
684206
117690
306629
527678
730788
208065
351176
690910
271383
41976
896958
920033
821323
98652
641748
246627
465714
629879
955440
557914
546518
232827
732319
543831
493467
166974
675145
99064
250380
851950
149953
179765
965695
766780
999322
216320
21649
156897
867490
771038
795724
157754
888174
137668
861276
40409
520220
229839
450956
144143
159159
942654
683624
647576
619737
715969
840491
249517
954621
45433
257902
643050
974617
744794
564654
221891
309091
288028
369192
848735
717528
479257
241794
75507
592584
851833
210403
727417
314764
3784
291726
90019
73069
2064
94919
432296
653152
57482
730753
36904
486108
491950
623725
631808
864038
446222
890087
87794
487610
507335
650336
878278
220494
351334
478566
880208
209576
625508
289374
773252
334988
252130
294652
462147
23459
410778
572771
134506
898451
43335
609849
392567
909112
943028
280142
933076
870545
507576
962306
682074
659072
700935
993053
255352
619637
312687
313933
390534
586560
125942
830802
219203
642369
938262
392030
22851
791932
855554
618714
689617
363858
385119
687217
206667
704853
123126
506261
333273
428282
659681
543810
244004
858095
233199
998859
851231
563837
272146
869559
414316
816742
186552
954162
903643
434885
637279
752830
579271
224396
979433
843534
444022
171836
595026
382666
52823
241223
59781
178514
890184
876841
979592
405736
303961
974850
200961
466687
140468
173286
619837
348986
228580
479916
866472
868977
432009
525261
863255
831542
423200
99765
12950
684564
177490
825761
164888
976963
511298
870924
360461
365681
257809
365641
550046
866224
290389
940160
609009
924525
274908
299878
656178
134688
41675
528266
63431
730844
882355
213664
32200
207657
97832
754043
817470
159944
766563
456671
219072
195352
918509
768749
616447
508907
920163
325498
156311
340755
858335
495273
276316
805123
214437
32520
469874
393834
143679
902231
760958
504161
969976
655916
557223
444750
771475
464316
435168
236167
305484
326056
228127
767767
517400
676297
519848
774951
590515
195156
387274
729227
665166
410863
429312
618407
432378
453428
465775
867879
116315
998239
383831
464167
326817
814902
946649
71622
150564
61384
733820
884276
75201
55088
609584
434855
385933
351994
451144
625910
903109
192437
213692
825270
457133
669062
363380
181061
611372
883094
628835
699076
277016
246892
355734
804111
63231
380864
619061
591754
689022
959588
330178
843336
666274
86410
678611
376244
862477
305816
555851
879873
932253
115749
346441
999035
158945
342983
644482
383413
858859
248648
354246
229877
467050
551976
350000
17687
942031
308444
773978
979999
476516
292106
835055
476690
586476
742993
757921
404308
541405
286154
349085
339693
423614
511401
55344
644491
189388
350437
855786
487288
546253
720172
77631
666399
634076
985990
85992
995894
535753
736646
251451
726378
234986
178335
657613
320377
140385
344243
359261
434273
278007
810307
8914
90631
823114
41952
179602
740724
393811
690992
348986
17819
648920
451119
639201
698906
740454
695175
592264
809921
760549
226252
183375
484045
796673
459659
440196
791963
884176
915799
290190
230369
612095
312729
821249
139007
528568
968057
418659
641612
968345
708394
801886
963730
420668
343231
264740
198028
655925
574995
9644
363277
679349
445773
717485
327191
434977
814890
206877
386122
482084
704782
736211
947357
94788
459927
510364
362910
436120
724932
942477
454631
346318
34653
516116
703734
764882
23612
544940
470433
854345
890683
240566
492426
196815
452881
468861
698192
21814
861696
690574
360190
357827
421712
170933
635520
204404
247184
809783
627198
314002
128997
406156
242356
440451
399859
355820
634811
162395
278802
434469
12649
710982
457492
875214
357399
88520
783592
624710
1947
978316
673560
91992
237128
188598
385986
4661
867346
152963
95743
40429
355902
5752
86368
337337
319144
171137
685842
715625
514632
930200
408968
256239
675478
934782
6057
681012
632389
956693
570674
525171
772357
92185
267225
961433
881492
953102
204297
232270
832773
966548
349140
119275
31046
139947
38497
139743
704803
409734
309575
600602
992102
50595
869767
896491
385145
496399
579553
889555
191544
573342
502766
670311
197556
927031
220817
115207
638123
198825
605312
350718
535307
194029
254291
135533
552991
911885
899952
81218
245657
942016
108442
712494
313120
696135
907568
679241
988025
925724
809464
949410
403475
987671
273746
773358
694471
99232
153139
246785
185960
262430
108134
777803
304328
841157
697846
507940
505938
789733
347890
342318
354218
991655
612947
380815
558332
492852
538346
768842
10440
389644
892109
126844
433314
797518
225898
18704
811112
21501
101620
292860
812169
510164
563282
651643
71358
400249
125465
163467
603105
492664
755543
411828
615243
929376
152285
631651
869285
923640
569696
298554
177823
564940
20086
610746
485996
443168
254278
325532
107175
795617
721841
689300
683231
613359
35280
106978
896581
116674
874400
243867
381637
817880
311873
938127
344471
933785
701563
7174
158992
282176
236774
477691
689459
293061
908895
427812
735034
755829
144090
251443
5507
200196
646786
248071
460866
320876
947825
545471
769146
1884
237111
218891
733424
181930
876392
840961
818311
186994
251507
32853
298169
749698
86673
449105
586402
519842
579307
174407
979974
641367
702017
986269
274508
25916
681679
781350
618457
219773
569599
28384
675922
249923
696313
704818
375640
297271
648770
617450
657083
22391
740470
116920
877100
310518
365969
388162
679654
266269
372625
855744
287400
631297
546214
734945
504447
41791
17419
651990
703597
784990
467400
627496
712538
846373
42329
262487
921058
472615
535204
212479
849588
19538
288401
55589
364637
819665
982969
338060
913572
918768
221504
174291
19263
203155
110341
559272
572981
868878
648116
750140
191427
918967
166948
390795
465893
849350
364793
824363
178806
653015
782157
857025
398226
152204
6719
873126
737832
404059
989612
479234
771787
131469
513776
180239
685842
615927
133099
975325
492209
185029
52106
355978
151629
444725
394896
943153
488972
205788
622198
991628
908252
797531
242798
812057
907346
766897
512974
928230
902567
619531
529254
285964
530909
481534
123812
869093
197433
44678
578315
170262
270688
397112
835617
66805
152916
863199
206416
925383
930927
897725
311552
718814
620378
393968
417254
845924
807111
990490
297398
263554
169547
717428
422124
591808
454530
933958
529402
867872
145893
670460
454326
960873
778599
196694
715573
311905
255747
273457
560284
743978
270744
847767
287733
865266
147631
415448
529230
4283
76254
873122
502743
33613
304889
849639
336310
614213
52691
340201
721410
97194
472404
670385
197109
59662
881172
712326
241396
149540
39887
72957
255405
149294
551523
964973
900734
10217
629532
666954
844211
863039
918282
362183
490905
396463
548802
980089
401579
903901
906556
282569
534872
823090
376984
261959
509177
277796
598886
110288
754008
375156
84133
424322
423230
239047
917746
711753
670264
193507
487178
279227
854123
18838
854166
217905
933566
96503
282627
135858
447921
484934
846766
166768
785461
766508
163898
134011
465933
143925
810286
772900
674555
775452
536527
289769
496731
853102
545508
505543
490993
453583
870468
615956
538677
437542
523075
358625
291191
142647
759902
229962
844099
193819
842522
400572
105168
326434
917524
547312
868572
507737
873285
89790
553479
608254
527241
379696
503052
326638
326925
318255
780601
514114
426775
725061
542589
11336
697391
132490
234543
703295
38896
428301
820227
208644
334205
397923
838034
316293
378495
601212
280368
884382
166924
137625
844338
391455
981765
467779
193886
659956
568719
496817
145437
479299
362167
71796
334877
809977
301322
83066
409089
520195
370338
69788
636230
97348
833038
217461
579956
521327
151531
219411
963141
91396
988917
750504
181923
281882
468660
232164
361445
852692
337666
343871
641489
827367
795779
944920
610804
696787
869145
886143
547440
328580
818217
142234
683782
700440
345793
247464
104058
135941
571497
566939
748332
516070
6281
872854
441966
951181
913895
419339
629294
224833
862176
981165
2169
512403
635536
471720
765044
345663
619292
435508
713485
344862
615620
521483
330793
348128
974755
978726
656375
295519
577044
65115
896851
305696
974263
854114
541582
223611
525116
516925
209446
426697
926564
884528
879666
722576
485603
219182
674580
847310
923164
336539
24275
874999
999363
358157
866826
714017
989689
453147
667303
306547
375884
59780
801581
95108
553803
13871
743031
7265
137090
346427
210952
150673
682896
230454
827419
676040
424016
114726
376402
774637
895036
320548
898533
452440
906219
47808
17894
65565
299357
956212
285216
591157
540660
175040
891930
152101
163992
873736
92522
96652
473638
130549
471132
585682
863646
602038
208869
974785
38411
356565
589055
550554
573553
534257
518636
814674
966430
363820
727580
731876
440520
165198
547184
970522
881791
187963
727279
631958
159106
814088
162895
549090
341432
723465
211092
703807
598106
144814
567119
576629
87505
366
789443
31180
688094
500960
137683
784718
121664
924009
335230
568401
122917
276348
1418
494700
375529
185349
825540
524633
75563
686762
10630
3968
631296
313256
469154
271253
411111
176500
915915
695735
9296
751426
772819
341138
28334
383746
958233
214605
359381
192997
297758
520238
349720
324906
162656
283728
302576
807675
102493
755871
474102
425115
781232
552258
730134
972304
478981
824741
510756
324613
294266
918945
251528
43225
944481
766704
82143
167672
546395
332084
301039
700394
532649
705712
122260
126895
859488
53940
911761
146763
669705
848655
941470
610054
813541
413462
446838
389186
973108
852034
107615
92353
432946
447350
797860
141361
887901
424424
103164
47194
844800
586369
480686
585962
262246
218540
841084
197985
76165
247633
703466
165872
35067
265993
248809
404859
910494
970187
516171
480974
393721
644356
67747
21966
467831
44332
544740
942489
830722
399210
288151
473927
2440
652614
577675
626564
73168
172973
4955
878220
65842
698075
289051
251037
604295
806825
183530
14124
650426
837393
392376
151302
847253
797532
777110
879097
778298
350656
78071
997470
138572
84160
801395
815578
542040
745566
520705
389802
215300
439179
529556
64
981095
103661
813420
672160
434322
976495
485543
364790
641319
43162
758869
974977
714845
198380
795703
153797
842977
966436