509005
357138
811211
74357
745213
571990
254380
282643
536578
660033
258412
294713
443215
838061
917892
768248
881581
175305
729023
612204
10925
94708
810784
957922
33184
962357
247455
225315
968822
191406
683352
974847
373038
882854
605287
372227
108327
475065
599155
26312
227564
60162
981458
256346
293615
146828
471606
737835
82875
481295
899751
520328
554078
56558
191886
314661
671841
729818
843734
103167
402399
53631
60646
402453
370125
640833
598251
322066
494814
828647
793785
978744
495157
764281
745069
936752
771639
513358
972502
200277
576804
146479
309617
973029
756049
733609
617913
681320
816888
390505
95125
200878
919517
535088
972683
252545
79292
85482
707283
661046
448583
52101
321383
415043
454567
245689
95239
966814
387220
395896
721190
293863
982768
302856
510328
415446
615808
390740
606230
615355
599732
601766
93241
562757
24136
723152
901082
443663
935354
209254
262610
820939
886726
74505
710557
754040
645960
527000
698346
383704
724698
495712
795555
9091
402814
595955
951453
219904
921000
628269
29015
248314
816032
208053
586088
59940
423584
101088
437849
416288
274145
206298
38914
970410
842502
526073
671492
180671
847363
361428
979597
131822
666827
924517
128866
3091
322568
911056
937889
799105
414937
322249
765597
100125
730539
708761
318600
250053
67145
138330
426204
892177
976479
305163
293800
139170
419826
231868
30086
323627
132423
344018
358243
459575
467658
631912
539997
709238
603737
247102
814758
52979
940820
968250
723554
948210
209505
271036
548562
372481
165521
483241
415933
722974
58795
750201
769487
287161
519959
355769
101379
385296
489050
693124
101668
511259
112056
72141
173669
708115
357503
480860
451311
852208
876393
316975
216503
242352
281303
155527
210714
583885
356521
226519
357788
581766
997676
761836
390750
224473
319919
995846
523783
229456
389409
739975
941726
107468
685319
911881
185572
381075
668202
734491
665781
443404
946523
294014
402826
257124
813521
815361
257294
592150
919140
741554
266693
109049
741936
826797
937021
443052
276510
171837
744475
798791
533992
33880
423131
999790
670427
164045
517157
893822
8845
53152
905836
240299
405359
193307
802193
108192
91329
999694
295822
558833
952857
893701
263109
823424
648946
170971
498914
713874
139308
252025
387805
701265
249776
735305
624150
624260
356574
783188
240962
380007
637146
195231
287694
816439
152062
256153
123768
464967
635899
332229
565776
989548
806735
224627
87536
306039
951546
309745
895339
33355
484368
484655
556700
562498
622754
365266
989197
136435
76470
156419
446647
267487
404147
86618
630704
92391
881643
400197
713338
495476
102292
689907
116773
576097
209846
893055
944637
649545
727275
71018
235317
82332
713187
181655
738606
253383
813019
304418
349646
405784
734615
165742
267628
671398
330306
465859
688249
628923
758955
832158
900021
87275
566621
122226
46731
716314
726997
762813
948960
969585
650630
345029
719592
310384
46239
352564
881502
338323
94204
9403
227608
756980
159642
616030
625535
432834
249072
169436
457307
549925
636334
445597
749260
271374
412021
618663
842086
420958
93366
965919
593948
452512
161795
839881
979218
429812
469202
453107
257436
631713
252135
991120
475660
954915
498429
747668
453653
613563
804793
941661
997600
742670
641700
277731
880814
697628
25216
17582
607575
141325
721121
894958
46290
315435
746470
520254
440595
655821
746663
699561
366159
194597
107581
969210
41157
100789
198233
58939
389263
832884
393197
104915
746447
833270
343003
905294
60767
282500
499316
961322
76845
427080
323989
193057
898783
160774
170647
605045
276090
779064
663266
226922
964802
795191
279067
174405
680422
850087
526090
982727
921215
172659
886538
359991
871912
338800
365599
958902
768046
239430
200298
807470
141296
304282
820684
396146
179849
326613
584343
815653
805596
278921
207134
225889
881354
987099
826417
57296
376173
545497
759439
48066
286341
796167
481454
180801
758926
605178
901994
781910
415283
748551
915755
769533
39365
60038
507760
366638
745983
510849
290407
895135
679709
513466
523121
562797
25796
438114
689512
403785
98652
419206
16618
604030
622209
454327
748836
824354
740539
551885
679682
144705
993951
577421
501665
213654
833820
142966
403873
384320
271788
63897
112897
316058
845339
263509
823820
372498
774194
173833
828640
456355
787765
89282
54503
666469
958768
657241
976945
441786
88273
401966
671919
865290
114183
882881
405321
820287
578503
220448
967663
814156
343328
232456
533188
174856
169388
157376
719628
61940
61602
954945
58888
762874
531545
986228
228011
725274
982211
748615
561974
73324
741351
995569
602103
147641
494382
633610
623945
395963
453385
848524
752628
81712
879027
349191
429848
51114
665046
167572
714857
888518
590297
737624
233904
251538
620275
870428
705855
789037
735737
70233
622116
599182
662276
418761
528213
332233
197803
690583
116135
719654
56732
261807
843148
170368
789448
3070
538618
533916
309546
146004
397532
191783
297662
780979
315756
970585
944015
701994
652609
125394
132278
788554
31154
901472
954553
485001
238461
622821
907190
917929
511970
513430
996932
93427
702368
442369
586946
677089
498834
137532
247022
298200
832508
598278
444359
147276
489340
85453
486946
223351
429529
410535
740119
147918
673071
878806
248841
398671
222266
297375
159508
399175
265141
866827
959796
208231
25372
708674
985318
849961
805333
839966
867341
137960
746023
286717
389508
347150
566920
132511
368594
758081
761246
776246
574116
132072
950452
827879
167329
215199
92875
609860
435061
670014
855713
397013
967666
92782
947565
490790
189959
735156
296547
708310
480547
307033
210863
473150
19212
358512
476372
634136
541717
523828
643371
897538
644110
671833
882094
95101
705551
642225
819215
498488
84061
84967
574883
392585
524834
225623
591074
398204
802440
431286
118728
991259
976393
624945
45169
698322
394335
285132
433500
483175
974651
348857
871273
316970
985575
365594
293586
8149
243700
799586
760891
151273
65416
151918
123941
388020
916551
688078
254831
174489
953032
404482
976692
892717
67652
780172
51869
383601
954089
527876
674043
814016
776515
169805
119652
282602
818035
308006
732402
903328
697857
973359
459899
363172
789843
114531
387019
762585
671472
944872
746348
592091
455101
493025
518655
933324
597750
86196
41037
169987
112277
360870
318956
804281
4910
849383
994577
185644
129734
766623
344413
129959
61682
297604
955601
867472
68220
679074
626903
310153
937414
354011
307086
115719
567863
828619
534407
993442
46892
632539
502355
188940
47209
158987
440336
633495
985714
68983
313848
5647
415106
788175
655937
351996
204418
248492
462151
957985
565492
242462
193695
510957
281032
760374
353006
349833
23181
192270
186125
610330
709087
156417
166252
322294
761112
982362
916262
374451
512966
627903
509118
825971
998883
658020
356322
136034
9913
600715
742927
287818
796113
738520
249847
59450
470297
913958
323934
908497
51033
124127
759773
757443
117104
613312
778153
748989
159568
657342
744710
170176
405085
393353
114247
880871
459848
665139
607583
72260
966989
307159
845861
855305
50830
511527
843142
644
769249
937986
952912
932472
508906
403001
417938
123058
964126
375559
447512
542152
638082
222479
735140
565041
396535
752251
56129
713146
949379
631492
726296
914098
964475
47287
876284
627374
244582
513218
781458
403841
19166
834164
900383
96948
49222
577260
758371
118973
446744
797696
698523
862769
688143
692933
454731
366781
896731
685099
373484
28055
918118
404981
789797
221329
522960
405390
506915
338037
502417
713438
360440
533697
478317
922750
72897
695828
403248
339170
321523
189758
373206
876407
587573
172383
902049
441808
383751
595803
722739
710428
379726
850015
577011
857395
174743
284516
810545
85311
454295
130275
683296
427696
190199
846089
448326
859220
449834
579787
308268
737053
924445
243071
530382
23836
188001
472799
137719
151394
105954
453474
774546
102532
226959
465869
368744
694167
870009
255502
783451
94404
904163
393073
431884
903521
623568
176224
290974
639030
413603
65648
753575
324425
46477
609895
297041
671596
458422
65555
538241
574924
954187
840600
879818
719221
890985
82417
212056
822593
232611
386299
268978
171469
628736
784637
809455
929049
778222
337757
649509
973588
878038
82120
446964
790296
369213
260823
633727
62368
331827
988445
728957
951961
918548
612919
213373
308339
292707
54962
79235
246644
15582
207924
59090
369859
312318
692496
456014
690889
584078
679646
380769
946642
814433
775709
556030
456928
595241
427533
829798
776265
842938
890081
583232
864012
801348
324673
199919
657642
974661
316608
976557
540230
241203
499817
442193
616710
790233
768004
726842
835811
141977
320570
256830
102597
529880
877542
652844
810560
417433
417072
880214
288019
716713
747418
649357
878227
140659
677531
148232
170629
188885
684276
720167
308314
55346
414891
69519
706358
294842
161129
171536
597207
821378
671717
51256
323759
793010
166476
3089
682855
4863
927723
8344
440481
19906
172478
788251
886924
987225
596105
323137
867551
924499
109968
857672
238252
801833
220977
640436
72173
154297
14737
321884
496397
37414
793565
58839
362877
616882
551555
732370
9019
719101
540844
805538
144720
963305
975921
50843
915177
808529
838347
622368
144480
439035
116576
541991
649531
310175
934941
414666
774126
92212
251980
478436
243453
515509
360353
293297
697922
91225
392221
869915
855263
190320
470170
72187
968791
783441
91415
179567
910085
671564
831275
646153
648435
917000
831079
395203
71217
679227
497709
906509
881429
305191
42301
835216
979167
451127
868741
224257
462100
228651
129628
670621
916286
477909
977657
765750
458320
201417
767317
172365
858485
699694
36580
28136
473145
236938
960336
407755
732075
985129
228013
237228
182842
204190
863389
812716
958339
986838
279846
363754
897317
766892
885712
530962
111076
561607
513242
566499
168610
265195
800590
534306
605546
308737
361144
302449
158495
226474
26107
737161
661713
503767
81999
236914
240805
195658
647537
741703
539360
973273
514648
532409
278154
124973
904620
804438
45624
166551
118895
475178
216236
718005
693710
762878
383909
805784
325026
654823
819521
823374
697350
683633
47971
664816
291552
226868
590518
31158
49965
248309
492774
298525
376850
919565
522454
522433
336863
797117
292500
584921
415627
143655
86335
604058
817265
716861
16673
562473
579969
63993
302376
686386
432211
782008
248504
520435
119093
28467
260740
976376
626250
252901
309816
688051
792926
994256
949000
685790
147185
319076
106162
975052
86858
928466
796838
819235
841338
762554
630279
89501
600407
758945
730811
628272
974948
595226
957897
488929
81644
329227
531348
23755
310965
152834
494772
562926
504014
68988
317602
520593
242697
466014
681086
14460
632414
444878
623141
990158
198780
471783
518512
318828
47802
158379
700973
921533
685872
912325
592588
154849
264000
929286
453223
540404
33376
170634
824210
70316
846542
10401
727802
659169
337688
196803
106890
535991
193797
364612
14546
461319
489483
489824
313162
433180
138503
467770
998741
507824
137249
340372
63183
102360
901436
702173
788519
352433
352617
81675
239479
40490
736668
318444
841301
459813
586960
447231
120259
925086
416285
25337
598084
854802
737268
224363
861248
748487
722265
571960
627799
855335
602296
135793
678394
853132
82551
194369
548866
191797
121618
890260
436303
497950
368497
69749
432426
608896
224884
493277
768899
494543
104151
54628
83313
268432
121100
874467
313386
933161
909218
887486
503520
554811
908772
358307
106250
158436
410293
995995
860549
198278
791242
416689
551318
253002
816660
597633
508896
808075
214039
280018
331326
780009
347742
775891
180685
972570
505471
317118
666639
463334
573373
238719
242991
721425
849876
419709
694876
920593
902436
816433
780512
533656
545401
268096
987588
912290
626316
928082
243962
433570
382442
275721
703146
555617
836124
449944
982841
132099
846216
936977
833471
327019
219305
40927
448633
657890
442288
531525
428468
381527
655499
265795
647712
741375
711426
797456
794199
478457
524109
40970
776475
561326
354447
907898
683652
551963
2405
45916
876803
514723
610672
124863
769394
382142
855534
752576
270602
216691
637857
519778
342926
386061
692939
350460
638441
123376
977960
392796
482845
478123
55039
294495
413418
53139
156242
832444
195637
564350
255925
757938
538543
484989
38748
972230
67713
564735
141431
2675
773794
5562
792641
962716
577971
547024
988875
157980
398217
538830
636116
232791
564970
570766
144498
377302
528726
238834
498018
313197
828150
636179
904547
49657
960901
212695
889126
868667
359870
130695
35040
226318
841734
750990
19301
593998
766634
348966
404322
833758
361553
649726
248579
26900
363915
549781
344320
976245
944442
667916
375340
78580
771548
663395
157965
713504
185509
668697
991919
492541
786636
880100
788273
522775
537162
577417
123100
713557
787137
361660
623364
904205
688274
841096
164238
495496
208120
76721
913060
634367
547915
332020
413372
216513
756967
103425
3484
229621
808659
498707
959023
879936
190211
451874
18648
613757
962375
923363
798733
651409
51224
884514
335347
816575
339744
695964
226748
47509
534081
239704
416480
931032
850940
700102
625717
815580
470064
871180
549134
383888
835801
776597
458639
274887
444247
286141
660343
3580
458161
403015
334454
600650
669044
381361
82649
900628
996172
473550
910713
171061
840140
978199
196071
39521
113999
327596
206334
836978
629629
588621
806354
269963
765579
906765
921603
35386
655285
264670
882041
700949
207289
176515
594991
931802
140866
15685
974147
787195
232726
645020
126857
109587
399076
886033
332438
311266
451223
436220
170360
500266
308171
521110
199414
420757
709979
797161
614888
33045
641643
237052
593331
623967
284496
529255
814009
571568
775606
130268
982284
953369
243516
832341
412102
160676
147261
572144
485436
130006
871005
22619
477517
410534
569384
106079
87754
822843
674936
640551
643800
48148
961506
653606
739021
616384
712285
294056
464326
361898
98429
145177
247139
687982
480721
108702
70284
118155
904023
964825
90140
470597
598636
187386
546597
303545
916031
366311
720227
303706
331575
155080
129798
617503
303523
900731
303327
162936
35452
349598
409370
773154
930954
333994
958739
851635
118274
381750
847620
334726
376323
380038
55790
367826
739186
841119
341701
245603
804141
13260
956794
385045
924909
41512
6530
336851
748421
929236
861044
440123
272186
690553
930464
938342
280802
986905
606123
777755
253656
364710
947760
173180
597715
832751
593501
960806
423227
91770
330496
924206
256648
231041
122893
99445
225716
402942
750753
189717
731540
632328
659985
884162
64813
286980
465174
560421
155388
370059
993802
276756
767484
33127
22276
549158
447527
585192
75699
415118
515912
547445
322394
98492
133510
561956
676994
378125
740643
360008
121843
599960
316552
643524
439967
588505
815447
172480
891995
652677
447850
402143
685893
372369
87535
182656
596733
92351
172215
331861
921976
846350
192128
168304
706182
115527
589997
235255
496423
813459
156532
649122
337758
685997
107779
205799
556735
433790
739899
913331
225761
862609
234190
302164
323237
994286
337681
492345
268558
288959
375548
677966
495835
161685
541499
869907
978228
982402
187041
167057
244438
126422
278369
652338
429251
316125
165951
83097
916434
467844
725320
816017
8093
4726
505061
35692
529501
268456
377794
48556
626921
818354
126424
166177
618627
370613
619510
584296
185386
231695
291829
829570
624693
541264
694639
837914
969186
683681
828901
271558
13366
437784
889683
546457
76986
695658
430298
120858
593261
389068
785945
30929
609646
491831
95198
188958
713335
673970
641097
582631
21724
654500
316232
18227
675636
679768
89879
207381
825062
107093
137593
494171
750557
216735
733551
690733
441087
313653
124464
628715
547172
558618
13207
674643
933813
394611
696457
645985
541871
546509
279583
97910
969442
737464
563554
456771
402298
252021
408853
283694
986735
442475
328363
336811
352616
42441
745992
104700
790057
334618
589517
833546
755927
163748
165462
717510
762264
87092
911604
303040
632089
354709
608646
358504
128641
465594
875172
812926
804936
815200
478226
931090
316599
307889
893979
482950
231429
776256
180095
321849
375055
692869
138518
718126
326162
471872
830574
527666
839171
980148
990416
961158
524838
200766
675895
200077
625393
554614
264139
632494
47693
713273
576481
72169
575406
890562
184341
222604
747978
615553
725003
419167
51893
791636
809781
666239
817994
764659
435009
219039
308321
838505
231920
142198
75000
972413
699628
8143
467413
192652
950931
204829
311625
113866
359426
163868
935255
983647
247238
295243
246152
450243
791509
670429
241054
765047
243925
973876
97227
476146
197996
601568
101165
211125
749870
648449
223336
598064
702459
83393
299746
932183
176163
46766
227275
435561
595660
637652
210022
488226
44658
533190
369127
118687
538940
343438
695321
467085
264009
835467
125226
974269
974984
864786
907969
506901
765832
930591
696156
642284
300668
192623
736492
475754
922916
420232
299621
817819
366825
187045
977453
181272
344983
230467
575431
622888
908665
673633
312203
959269
161449
700439
554217
83376
128609
295604
126522
213744
522564
605554
950937
585165
87787
510711
896110
347324
480639
542874
323596
398537
740381
212474
493768
969482
224080
229626
338202
851773
682500
453607
807742
620527
586842
696134
369099
60288
370928
600590
48884
915932
683369
272892
613357
720970
496224
107192
907575
225739
548724
497900
945114
535212
882902
750289
424451
720542
59141
378412
843994
737998
828099
279775
292936
102681
467506
185377
157030
130461
819921
653279
651210
358119
833805
455932
12819
213022
492539
518020
768156
438247
582368
663746
808014
623386
464987
761991
979517
753328
985593
20927
295219
431820
646833
195176
194854
558452
475808
855983
799364
839979
436619
406681
722277
628921
863673
236472
555051
281621
546513
185994
91962
580354
100502
975258
314803
819912
663040
138000
657023
595510
832864
835240
987408
110978
530560
489017
128036
924923
227094
984653
616446
467127
240214
389393
732311
997302
927659
995441
321487
359314
607566
981646
618894
762881
437119
429728
664502
109465
204031
680810
601867
517757
456776
656841
338188
473714
4727
783629
662399
848195
870913
192735
597010
185542
460313
855932
467593
809690
137728
144133
838849
307998
269445
448648
629905
549382
368191
198813
376965
803882
860560
849833
751425
56900
55998
214322
579475
507538
974336
921413
395438
784254
516046
891526
294223
528195
925371
763426
982861
242374
554468
550068
953491
561049
757432
71054
290430
709316
183266
844129
213703
854245
463153
2609
173674
324752
382319
193668
156098
260497
843504
194638
190779
596622
584342
808488
987197
631156
296368
808699
191072
594981
132457
257900
989400
848014
813416
735531
250071
610753
196387
941679
962210
127875
72041
846013
466268
632230
402738
359590
562089
815897
891721
748076
103601
264711
563523
992195
617880
114374
367118
265367
590855
68007
114381
406912
457280
523626
376315
444490
905642
20870
227577
586864
155520
458056
470346
594915
524810
698331
411766
824335
342639
459125
51934
423587
15027
999025
454280
365690
964721
158320
543671
759205
360996
747468
537736
746752
929492
691258
24304
339235
699015
717456
829590
179468
726711
629391
519727
135446
668156
867950
288058
778250
370507
434146
93177
387804
566439
698921
64312
227188
805386
460432
284649
997939
875993
239456
706584
554532
194363
461764
489244
644096
612406
159369
977296
808986
43107
289414
55703
637294
979944
75713
755740
617159
354059
435220
580017
153969
857763
825663
880740
726660
973859
854404
240329
378906
972456
706404
517806
779517
955958
686274
654838
791120
916030
830688
511179
645276
943980
658827
641666
908829
327570
363394
814135
162654
328
557677
541414
45390
426624
702415
75715
168406
518252
295670
685596
875369
577605
516615
150501
75722
360246
194506
75065
489887
519474
929880
611824
58779
220178
566575
64055
777558
266820
625944
738193
662073
497208
452278
720519
427389
831735
952144
965766
503809
609951
153620
597287
778447
953043
191998
602934
81627
123955
523008
240821
157027
265281
674150
991742
806563
247850
187426
495835
830914
493683
252634
179085
5768
581797
751725
549875
499768
335159
535464
512916
308941
719460
551127
974995
47399
422815
862433
383076
725503
453293
885157
759059
311388
398589
487627
365330
91435
998913
365796
546170
279914
298815
827988
599602
961348
142235
34279
623838
707065
25896
728382
275535
872273
551400
531692
555728
350686
682591
411219
443818
917092
670727
473359
64353
976008
432464
662558
757266
340386
593244
39371
235947
42778
483290
748523
867263
59191
168574
945453
478350
852222
651729
575310
56199
420458
6329
126781
671753
866
20447
894521
773290
800021
26324
889592
574541
522768
754793
236242
341368
128625
314386
178237
912557
734223
853836
193078
776685
379837
170250
194720
205565
33271
675505
960316
465415
688884
428967
387563
52481
768265
965014
719072
613141
132075
166734
451836
783533
292021
754683
469956
727264
889531
592477
223000
581221
569285
941452
281882
272071
857688
986432
247453
246141
405784
803857
262649
547128
295219
401650
27768
982340
570533
964987
241359
47631
433829
822399
364742
800031
412170
553764
819929
216771
18135
653601
697342
970910
92891
897387
566675
409425
56931
691097
112541
796499
51897
16238
991052
93027
514321
44724
437221
496201
2149
708231
864795
973167
830511
93753
293827
141172
627008
5267
527059
659608
711913
353679
778872
786685
359493
600490
808301
986302
450477
557347
173233
761528
508478
602334
973380
939869
836817
403314
752423
59326
755757
281438
713986
251476
81811
463450
590593
221308
302513
269882
918198
85656
54754
704969
945881
64463
673785
53481
462959
340701
261522
49980
136527
883706
534972
949554
697483
698014
861068
459427
166252
807784
285906
790644
371727
355725
355519
550816
538502
782451
652758
923181
945404
34599
374602
874330
813525
108586
29814
412161
617218
257970
800696
26937
473156
124018
199626
689019
261450
289485
652946
528269
209950
768189
882907
244860
98156
703539
298705
179171
879988
970425
961849
305541
56399
216782
481063
387596
511791
31856
461142
991874
124726
816728
942392
836018
967857
499147
123437
390562
885698
667694
306580
914043
921647
520271
410620
913372
14183
838097
412556
190307
322410
241301
16838
929579
486706
508325
782377
106757
624079
794425
695097
739402
661688
569358
766055
76840
680971
770844
53629
347125
375383
240740
651001
607356
406145
716301
380219
926522
741063
444464
264458
341984
622433
537227
561741
112133
888152
274900
160850
43280
919936
259968
625887
492802
875904
639083
34362
137515
520232
233192
644750
834123
528279
925936
905684
753278
429189
962415
889684
263196
989098
19000
961499
660815
22870
24398
392072
774635
841146
335575
209946
239078
723426
371810
624716
756971
69245
374207
474013
642199
482534
410197
937775
200917
545869
686516
183069
562017
731748
665122
237421
923361
237428
244259
887602
337652
190935
567197
205787
454325
99321
193393
884462
907514
112494
325650
414737
681736
499446
24097
883372
209941
14400
27171
431390
760555
557630
199863
604502
678417
393951
344031
556713
604241
56826
283103
808554
18882
340360
32023
366477
465645
144370
98104
349942
784382
878628
375000
461700
740937
994073
830761
323853
269034
264186
987883
9880
490543
550865
162945
483180
813828
991188
950272
920621
955886
864393
92902
258912
315912
482635
737877
651116
592549
519455
92459
167184
735178
669750
30528
23811
385112
569822
178903
881012
33558
483108
201831
448710
255390
476828
613307
570042
580163
873654
983185
245134
570634
166258
156056
199704
832720
252846
881842
547025
836422
269405
566263
312023
235362
213246
933887
318922
631937
226755
838590
251184
449443
735009
723498
84450
862520
426501
90347
649613
525650
621487
142787
396467
562920
305531
475060
341649
678846
736096
930732
250343
284505
440794
858819
924449
136652
953367
183347
405372
155123
757213
682820
102585
426026
167852
161569
599716
46242
752355
316381
809219
76592
828281
154175
929335
621005
408741
16624
896694
547083
293568
719942
424541
634376
31430
200622
358159
625776
916700
747867
648714
766036
814273
499848
672658
131018
688388
653036
701234
254589
27206
510923
784258
534011
787289
950073
137691
467492
257963
632768
124279
424324
594399
568667
795249
378011
218285
335571
48479
131663
820873
8160
202412
883320
819015
664150
911068
467784
516657
14135
722388
461508
922148
133426
774806
261578
44758
542026
720360
743277
229540
752669
869755
325066
730946
670714
307131
97130
420724
677262
477963
162856
166786
953776
412811
318151
805041
664897
980279
583412
81532
34347
933679
854998
206773
282922
90341
202852
266339
45884
623829
762006
383120
639869
124436
750403
632299
42193
421602
865682
71838
247634
747046
860906
141911
852183
756329
667666
182130
43452
181250
346205
905954
484565
338491
894365
248419
235308
743904
879492
840979
98284
745757
865790
934173
864192
982911
411783
592116
964184
378774
180234
158269
734883
806723
350153
733724
653836
10319
347183
339160
489153
706861
28905
892891
25719
467885
294161
15532
224527
49669
967650
83269
831248
953077
782352
419974
173577
494370
28241
521952
810149
33792
459457
468650
546607
574691
59194
700265
631658
657879
216335
491862
838860
206055
890104
405113
199849
309898
89449
93261
727982
498018
850161
227709
350570
141047
541530
695006
212743
522643
275530
506722
325452
901646
266836
35426
107372
600579
184611
315179
696142
61754
980199
509933
732915
890857
68167
37615
121858
954780
86691
400169
937273
465416
30067
330393
143363
153389
507729
872798
118186
902742
917222
908087
504757
636458
951377
589116
603233
550753
101900
804684
776848
962135
66518
557694
676267
459998
151834
910957
390787
806481
339384
227118
46964
418931
657110
479048
181553
114921
604067
41114
655385
964502
864855
22221
69352
792364
604573
454305
524112
656011
455318
643179
58173
228907
567240
254092
640849
616657
811785
243081
346905
893009
448279
364171
874394
131682
748324
92433
130242
353032
66918
184641
428613
499205
29736
193345
785092
277351
499207
379861
972355
687401
521624
812027
384714
6520
921765
121022
427380
910078
150080
776189
781428
985936
705231
406857
813556
264091
207029
774242
889173
150434
944123
56433
780822
208812
973731
159251
897805
898430
396213
702521
315446
602498
726503
701647
951994
842851
850783
80557
32398
888299
787524
547027
151617
817270
164093
1078
89836
63376
472413
753668
993148
203325
550430
606081
356847
7438
223418
289921
501923
459260
727393
945666
912947
537661
410294
436872
256522
471503
253177
258362
482270
888505
142063
5819
246171
449478
189856
701037
741014
412659
210874
188912
255335
59281
963790
279486
109078
372254
763205
827107
252609
839230
692099
630445
75026
630427
270518
324039
508126
239117
59240
875882
967249
429087
749459
27601
492274
930476
737391
603241
240036
872060
215235
824279
361447
885813
785620
130298
799267
913284
615446
715933
891603
202888
552436
553740
708877
730876
86742
870365
240542
927699
964662
344311
858042
264073
403675
157064
561318
617403
599058
396131
627483
369460
819358
43385
237570
565741
968817
657216
648857
672674
46208
745759
738719
172193
430114
490129
86350
504631
304676
255994
370486
749088
657598
652042
105294
661194
128898
450093
772890
446914
396382
670007
227225
951951
513792
873031
695086
56044
838768
92936
744861
191641
245915
318645
162153
989938
289594
670391
347355
342451
735852
590379
509056
861499
765227
156050
84056
639150
869072
344703
85129
120170
220278
4090
616781
122359
36169
766448
46113
506095
249244
869233
91389
101508
97422
802653
147452
895623
952483
939106
973345
621171
876930
663412
294411
594829
466495
422034
643622
598104
220677
820556
694399
283174
668891
176178
839682
10563
218824
379168
541130
807796
491272
975277
388410
336238
976422
492296
602530
145420
545432
584329
341671
985393
610939
463990
209245
503363
528803
569774
775730
123197
86244
269280
877433
344214
763386
816958
114337
877406
884975
907158
564492
439559
772715
420156
382836
613799
558150
343405
128794
74150
536187
220612
343890
46953
676239
200420
18808
588817
764601
250647
482560
156437
134299
846713
626859
692225
206657
547933
906445
947036
47982
843433
882626
639511
542819
116177
350765
776252
241877
466164
677804
174044
134811
635025
564454
272922
332530
496215
155084
315482
942419
891758
512465
109567
795997
533850
761314
232586
210490
68584
290969
898910
173421
497003
406332
594165
544037
216623
169584
746008
558099
521811
163602
793642
783300
614833
3432
635171
460365
974427
464902
832637
705072
808068
827052
58309
912110
363669
807446
238290
828722
962160
117393
939062
317160
674229
905366
34577
660706
116040
155554
967384
792435
719544
516905
644497
796772
150111
238423
323399
142831
879309
421086
868604
183126
991157
320992
763693
74334
719641
763711
608635
456851
209201
851304
509693
824448
428628
412592
512695
43556
512410
507334
192642
195627
871795
575892
474699
144532
240172
575696
735606
593482
378991
417673
928463
920862
418712
120074
262504
407994
477408
258752
85322
255292
284357
223928
968473
179098
849243
394359
925891
641071
747583
393909
337703
992497
118163
623443
501728
262805
16731
323275
485370
145531
133778
861497
372331
104155
808371
148584
286782
77843
332326
482201
308571
391435
629838
657531
498673
833773
919273
897350
906796
944097
538522
560736
45076
2147
500946
936537
972493
748730
138137
61721
631295
265549
708147
980548
43968
599547
292157
819927
543476
203778
164818
45665
61235
689613
575733
916278
601400
533547
481814
145316
687044
752111
47087
508397
420349
625615
852227
876735
97365
361561
747276
976116
687885
352356
351599
781126
705747
381654
890234
850358
867332
145041
222208
522008
316912
455372
845550
346855
990169
293534
348537
60400
544750
212967
940411
777701
194931
556962
515973
122170
300754
865598
521140
234360
50393
502769
143575
874595
350403
788749
258868
945222
76865
371216
253755
944483
533230
150102
188731
120878
666127
630584
911560
236483
510444
363562
589437
90716
705019
400669
32922
959005
876534
72662
595348
199517
637180
436947
205290
152764
460099
33722
635421
75554
852327
985621
383383
664017
745305
819858
771910
357075
186002
142564
595627
435309
234368
929312
238049
606679
838072
695117
847543
125879
644311
791390
537777
317773
926438
645082
578920
536450
49093
71699
967269
642387
828865
687135
37911
961246
131493
669606
430326
403251
256182
875936
334682
359725
508333
803325
324712
440136
470298
917350
234502
176255
260115
947073
913132
544812
62478
161372
721561
974727
684353
129349
989574
734813
270403
524527
701279
941467
669003
610192
800575
403448
307138
140623
29322
774761
405526
533193
235141
550786
377353
907996
616560
714153
70773
659609
190997
599914
254338
888826
229188
524236
737961
217800
287105
16115
895074
596344
783719
91115
171005
946052
629682
271904
821928
830765
818967
243838
629180
837513
847551
58272
534958
957118
551034
365280
924988
83932
195396
978002
351638
294657
458735
92570
189945
147218
44569
264857
653236
247150
791002
347209
24684
372278
328098
37398
21302
730973
89328
459004
939547
133867
755770
483500
936286
614846
978961
935923
29289
435860
994326
795262
770805
238658
146817
779346
173869
722077
615364
673519
324723
542523
656767
810012
805557
513892
288758
843364
859103
276780
191849
578968
309693
432774
58631
190607
276919
41957
685146
580546
613769
252844
154990
303719
747983
248828
374361
64000
868296
316415
323014
634359
573142
944802
128196
630311
400372
908456
24955
288708
644832
723324
39253
164681
54742
517034
46915
677662
67909
555293
992244
306883
547082
320309
466989
894748
373131
216192
254457
734641
408197
774845
641402
99563
979612
383626
776058
717440
886911
428904
792341
225099
573873
838537
579844
788221
947471
600037
560398
103473
518494
83901
77161
357556
441956
251804
800144
674785
339468
518814
318639
757419
822493
99614
257734
53295
637621
546739
689509
852961
73803
8825
587499
812487
257292
674456
899176
64020
229594
569738
564586
427170
982030
128666
681806
430665
587386
867683
179755
454755
158522
158351
308483
844145
58377
950744
456767
291712
192920
114613
838988
124587
613781
197086
132209
490950
895679
895478
255605
439329
804554
193531
450730
757325
172234
815483
863557
983854
429259
327437
346912
346212
522664
254432
387366
656140
220501
514029
235496
809833
835544
536705
601635
51177
895258
434888
818779
752525
357622
616271
138464
331013
839138
818603
57077
717735
358929
170566
940318
262640
992721
541117
562363
403706
49033
319560
385287
234627
569540
248454
978203
905150
110629
163968
400356
352866
543645
314302
250406
261346
9485
128005
797531
857330
887706
307021
955310
270025
985773
279848
599505
870234
169084
855918
807300
329679
116220
994369
16001
884458
824170
679162
502527
139973
458506
604218
437981
107443
393950
609577
288886
35615
646815
364300
221930
776764
978206
724993
231674
63476
317058
948051
334500
964150
589452
773852
967069
399222
322611
645920
377930
683861
73468
726497
201459
790533
575269
68546
796342
311589
888423
633001
281229
331896
524706
296591
704470
987346
441767
737410
624808
209503
47071
736802
251161
967036
383366
928810
435923
138776
427528
391144
955132
129203
307479
822271
593621
652960
599554
818466
442096
957548
344351
590948
722606
755637
412443
404797
493093
374449
208036
608325
436148
126533
747971
325613
29796
702871
159340
400806
388312
965703
697372
118165
603141
269407
306849
366395
507840
570882
650495
176083
74265
233480
923218
889639
673100
261232
590911
537505
763495
306255
812363
503309
500436
356510
726656
95965
698370
772406
399599
664791
369660
356082
613423
883047
945279
322919
968007
389598
536262
573657
905840
433427
466049
980207
934755
130311
846420
123000
39653
726098
882721
319824
773816
922622
329933
763965
57831
149798
192115
34371
58312
647426
705584
337048
250557
865844
883924
516254
937246
642337
688773
589555
86823
583774
980747
738500
515899
151982
529774
954421
399320
242510
728197
796675
458401
304069
578485
377226
972135
958356
639610
520925
850412
365042
293973
242640
503361
369657
367788
928594
434125
897515
841484
513370
721418
726730
647962
573254
650390
16053
327704
27399
805596
543208
773795
377572
577047
973715
626683
507116
429234
22801
472248
271445
525168
350900
789798
843152
637494
354008
655465
226960
991583
558115
20087
201608
33885
787595
593313
980163
51449
545453
441322
680320
962938
200385
746032
222658
76985
939894
98608
174628
482836
447027
386238
363170
233590
789661
565413
585332
286884
551612
986159
900708
944189
947537
313214
860822
18165
136157
374217
464320
471156
197042
93568
299385
299330
442443
591427
793383
452438
949187
123232
172883
425693
834443
188997
348185
476886
306703
992134
659436
97715
212841
503573
344122
144057
252194
525704
689802
864639
835122
249076
639808
678412
249075
730455
67957
353063
974387
425580
92417
4425
140292
475028
508367
468522
906020
741036
947808
598820
967915
245677
107735
733730
462001
462236
419689
665886
500890
477024
803520
470285
940189
518334
592303
610426
856391
600207
906077
989665
102045
579260
822320
965412
584590
919965
698008
81355
769570
854316
472933
495132
53510
329039
250440
570315
371542
971020
176352
988262
213991
901061
597170
253829
73698
86967
935879
969498
871873
840012
990884
794289
225843
499507
792663
545317
48364
768028
472908
359435
259054
707249
828164
974133
74786
251219
450285
195970
394246
590544
347594
513136
236795
403607
69281
897074
437602
202155
131762
885912
939991
110540
528378
761015
52747
552181
919039
740162
683225
913764
654298
517246
493614
724647
252125
136960
230430
796919
671620
409819
737380
81677
839601
455592
221851
772711
828912
480060
487729
34790
293620
380189
986979
714178
200695
145753
716794
407437
937042
74141
180897
626742
320501
582201
453981
870072
809896
89314
476311
210563
130597
908318
705812
90687
332333
692364
120713
343440
675175
620058
18154
730230
955320
911050
190926
415283
301451
597650
547861
542398
119417
14774
78908
842840
72472
20186
603460
164175
479824
506198
782970
988834
556272
747952
418786
401526
895703
256705
947672
310375
867953
931868
862253
286100
70664
775937
341131
623427
59189
346258
438609
503292
490434
987638
32484
737375
401724
364842
457940
831942
432515
804509
625557
731299
333847
978646
733596
604559
574152
218163
271755
198367
913056
813572
296237
939886
528360
823612
774154
395201
337179
218882
801379
907946
129080
753082
246548
805156
748462
918793
240242
791115
835229
933103
276127
631579
50287
578564
674734
345590
17099
295210
388452
352415
527864
194144
300382
783237
386786
665018
164657
989754
209224
950300
698084
93210
570065
631254
654517
110432
842487
987056
419834
627791
584226
307014
768481
885325
129382
186998
358013
565775
145741
641860
326725
684875
143452
910734
312099
647952
293526
899614
421610
557064
840158
128860
328459
830627
456467
670015
973253
698986
651962
333085
309613
184236
386599
721210
722273
273744
187018
175459
272686
852014
618684
976271
403763
943598
179946
242223
891700
752590
10046
165580
951209
696061
77298
722538
453314
8330
151676
334688
455100
244907
636080
180863
562901
774696
902448
123507
214065
457630
455398
950179
5863
820175
79792
121475
164531
986745
527754
118744
362749
693576
653340
76378
654718
289393
312803
503873
315465
476926
775047
434643
767832
849845
713360
873444
700056
328355
163918
423623
269730
29779
654809
467153
837093
564144
407879
507456
812828
930816
586811
151395
199118
898732
83710
640542
354886
129623
897584
441490
627541
183152
853109
491332
643362
997299
683497
109727
394130
531616
771212
513660
623477
777919
594544
35269
58599
830890
793341
366365
144031
27104
6102
481269
544302
643515
727036
815856
80766
270375
805943
123881
764470
451414
492207
415700
741140
295209
534564
76249
532290
495351
954292
388897
748314
408718
641102
415764
204832
486667
564312
716051
435924
907023
933255
884403
657032
742403
696588
209288
937486
125494
700345
525725
141133
375263
339633
194546
43822
738646
760408
738161
868953
773227
623030
488919
816620
236074
422385
681568
43571
166207
483846
794132
868010
464445
651725
997686
865394
631111
889689
669516
96293
88599
377182
573902
430521
579473
274775
861647
498329
567259
104672
957343
809671
656323
740362
572140
368409
383126
494584
239420
459302
25119
235165
706324
700895
61849
683415
308223
337494
417679
318906
307977
744407
707084
338690
512257
30934
517665
699795
755490
455808
911181
836461
541139
461032
454466
642178
16292
908082
343566
894530
58135
159870
284711
987916
602629
805453
837879
179928
971677
96887
351152
511785
306119
524454
935674
111597
451403
503916
655712
53558
873772
251381
329547
156232
68330
381663
479310
248504
387038
364
676805
363614
115015
187420
262895
989412
723629
1691
645852
865264
330866
425804
96626
870318
416957
60496
475689
679772
957985
763869
635165
485309
229733
484531
764671
835124
21895
990324
599309
599345
830446
82867
778971
279836
5890
728050
341581
719070
271263
609953
703932
453227
806662
174567
853048
50636
27712
73998
71376
290116
480033
603455
68792
666990
706757
144063
652174
804915
167226
260765
921496
427700
779889
363487
221707
317629
489616
84287
901151
193701
514492
994981
829330
632164
731763
514758
849224
682225
584625
275622
921318
823355
701675
748267
149627
735367
579650
38884
973986
189688
262552
133444
217113
835739
175795
776166
868781
577388
77979
247012
412829
757160
527085
676394
116120
724906
544707
35137
731758
233773
779556
889810
205363
933350
375540
408262
495760
379845
851084
234401
490953
558744
418764
884015
561988
537551
369631
546232
220797
539753
954134
595918
77535
922378
557844
736693
474837
570563
450855
395722
971838
768966
303028
180041
274114
734135
448922
982678
751096
884632
207333
396346
603704
131670
87957
782241
593903
28690
826724
567
582487
81904
44636
184959
840024
599625
809240
808536
142404
133686
362623
71846
36895
88642
987988
772411
712395
174017
109055
921599
737330
633627
664528
521922
336726
852809
602119
24896
757367
284714
183083
561108
542975
5131
512335
948214
286295
312027
57794
918858
605714
484341
937929
923959
258149
483777
56007
896671
844547
437142
116995
32305
475253
934001
673446
357017
643686
840330
790168
36218
603487
829498
601732
913023
486687
714631
840552
478451
199939
243351
445339
183853
481143
643685
641031
79345
124853
495766
671372
393356
517483
373829
592328
381888
114997
384291
155708
193233
551316
522783
494453
215204
686738
828121
377363
807246
581995
490627
672909
453159
409595
1090
772684
14650
935752
62694
458861
366800
832896
85440
797488
950790
765259
980555
917046
33203
894854
615118
500828
249323
980039
921386
43094
928193
341923
799495
356977
110770
731329
237040
817822
133739
888906
320934
78225
224034
420152
707523
43317
315136
864910
260529
195090
78518
274116
428866
642691
391994
206192
58590
92296
379546
395309
81795
706994
539050
860845
350661
418198
696130
554451
199084
590155
107342
354178
29908
289084
318934
217535
105139
843310
66285
32673
830866
939446
206979
126225
196136
998302
923467
517754
18616
892839
408193
387811
521331
284524
344160
997309
998047
843353
698560
8122
19941
976747
185731
293244
118455
55177
263768
542271
483402
410598
749166
437797
130573
751950
419332
550330
118491
347252
552992
516074
286227
815350
782091
37474
30684
437460
253638
703347
108427
651927
280982
226684
225973
642540
428046
171208
570536
545125
396528
599978
750821
574173
466017
125084
986839
204959
327017
297292
966585
640804
473112
927738
704097
968375
879863
536496
265266
618009
602772
386767
720910
617457
959937
566314
448058
462700
601838
111512
598008
361975
434912
652582
84797
623699
646008
160093
560800
512222
935734
584186
17355
572926
432707
828129
294003
937437
935978
689326
318586
946537
658132
843508
467793
678519
999360
979913
252621
117611
109536
489469
783956
289307
781650
645646
427762
540291
585389
569241
356232
654787
431100
14656
514050
513090
3828
268857
161627
319810
513769
147076
688157
476021
147990
998306
366841
536025
955181
736127
303424
828652
519719
622678
347131
655038
791304
472180
525276
76109
818660
322063
452589
371202
635458
178608
789124
42446
553089
52047
103698
593262
731292
948019
829832
596130
843866
962293
964681
753975
113209
155322
990574
126464
993590
122031
806545
611093
394225
910249
662321
303163
636845
973729
988955
277065
474090
800916
772883
267204
545711
148493
526030
283104
504576
151932
772946
887057
628864
350157
336443
924041
485676
565763
322749
29529
576325
523801
80472
915670
221475
936668
862320
69346
902191
545460
268011
962898
848394
988247
296335
998161
521301
872646
380609
289354
403313
454040
536644
594291
203028
988591
808339
172917
620374
194723
97635
808716
984345
416141
616990
735638
532060
856732
252970
955592
61306
753978
332072
251652
767214
648067
102236
980886
709108
730226
505639
132899
666837
900488
988049
891136
318104
658426
899674
45622
904283
532114
628519
723272
293957
154736
644972
535147
212251
123037
229895
882273
100776
8294
379446
969493
990932
408396
163690
572709
309876
657897
843119
796212
443962
593915
109461
626558
206354
712584
23476
248181
766859
69560
743739
28377
835322
169560
539950
283094
800168
543420
129486
850455
243127
995509
685695
491766
558688
109150
412508
183864
223737
671444
60844
260692
545879
771505
510498
172074
288819
765924
837666
879372
360183
140259
372523
688984
129878
75114
159357
582429
370654
383304
332477
1427
863069
512758
867906
838697
932576
394884
777045
510131
934228
986184
8166
238193
298105
391008
667453
903670
527942
606805
183707
409061
702082
392297
965694
548779
157053
400597
496469
645972
717900
640153
674998
233191
318903
151100
714475
538229
424504
5697
557326
672575
636694
77316
992522
938534
774584
941529
804410
326730
735628
191970
813608
321316
225280
356325
499457
52597
878020
243517
172298
992373
501598
159309
928147
795088
181092
178266
904497
572592
176511
121389
290880
476709
730658
957332
578854
25697
512671
324267
488277
486310
866190
170256
67205
150546
2525
862094
150425
818401
526509
78275
946091
625874
531815
600317
79693
261117
837501
581608
481851
530990
475853
692659
940291
813091
822864
80790
591324
468130
770298
29070
339151
938262
910112
517734
473683
918308
849478
583830
456366
918019
579581
829160
432181
840320
732906
837791
66488
412684
389583
551906
302166
956487
562192
484054
265007
901748
923068
680913
328270
256986
10082
350356
980610
474340
794245
583696
659643
850254
137253
426571
363894
4719
129320
448202
261954
987148
806759
956289
821344
265935
482849
798653
220087
285218
182316
193463
253327
395969
151163
61903
209498
638120
407645
18460
435653
15651
815307
855835
298706
192415
854892
490802
44715
951939
329371
638115
484499
923390
642469
919092
890480
520720
288427
393959
852437
506321
676312
57874
179662
935506
817970
360215
930025
139761
675037
358852
187273
236955
538848
328841
2850
201918
60072
916317
653563
284283
569972
78711
531008
818020
219401
734983
82610
789318
167442
619598
285392
382566
915413
990587
223666
135720
198341
6657
73273
196707
912038
177694
357493
969373
313863
680524
157557
667921
278007
253881
374184
928690
204944
650491
765760
843698
765811
953774
344972
435439
62346
672656
522731
706118
490134
276599
975548
707340
708249
926038
846521
137452
721273
847329
190935
902603
741098
497951
880347
37632
219267
718406
185865
826455
669405
746327
216153
783671
669822
794522
137934
564261
904881
493743
461431
203677
964195
823373
212572
975373
853871
494285
394743
61835
508087
709695
678305
255794
888233
740241
452694
86373
660447
577412
733278
323176
961937
397179
656780
695795
120214
716392
589676
882680
899281
307371
628109
653881
224856
124333
314120
647944
253954
302118
873108
481193
247626
131296
232192
663180
895652
362980
701322
128845
963561
903438
51017
450264
678602
83949
117466
997933
858589
483826
220654
236422
945033
692468
633843
378276
233072
460725
738123
128220
159484
986530
189141
710298
411124
63239
238124
417106
417658
275409
731583
579169
46470
796116
68731
257196
432292
861465
213288
870579
609514
985863
964119
79645
995906
291195
857448
329183
837170
186739
686250
72790
775209
810921
802512
419856
705575
149149
192909
745386
904518
339606
286708
173828
409897
342020
759325
822083
561461
796940
577390
77191
863521
917335
975257
754300
67255
536895
321146
764270
329739
514986
186039
682308
449421
899522
908131
422521
79539
16528
445087
289867
733033
869023
962640
96455
662828
695627
260356
688370
407753
376275
392529
939718
142361
112094
986117
388887
842125
288508
301073
438124
392907
974603
311281
656387
501392
589178
135077
656342
699082
391165
605642
512522
797536
352220
862275
829462
138883
599673
172840
357913
694028
987242
546684
562223
279432
563547
223081
277200
625438
952520
517988
543977
344368
184738
866523
90579
982185
682708
242359
661270
105358
776662
52192
120487
510273
477483
770681
955478
161166
537838
333885
405809
711884
555836
222812
690185
410199
985009
644836
885600
893095
651432
965887
277272
404434
58111
297578
955665
346479
135501
906207
218738
126018
110773
330619
637856
534728
758851
23469
730569
873039
454212
414971
537676
577599
531059
23601
604277
782700
929833
662457
457657
777650
503278
190461
271161
740582
805190
145948
292370
869453
226175
542164
694031
666050
480236
416660
167517
315256
480798
22120
495804
307105
834037
639448
107070
264914
975179
833155
326841
727146
681025
856428
382947
15226
201399
72350
957786
150224
677528
639277
161890
756973
740272
681199
741165
784769
324516
716772
302804
582059
428868
30544
90529
977949
463780
191664
522812
316709
257428
329548
150651
636094
505812
286196
873981
152181
161775
796761
771383
855722
663618
624196
266731
421402
982361
621326
692476
304251
390919
331360
557229
89841
244186
849451
811460
541198
480564
206744
188612
301261
188548
341452
784270
724706
434566
524945
828215
179948
551028
543638
457078
448077
300020
775945
885307
111464
906346
296183
765671
19735
224386
116546
150445
963767
499796
435867
590543
27889
556015
776899
927085
734683
409294
651725
903894
752946
550062
722858
629554
590957
314911
586633
370212
952644
997064
965778
721753
5589
264342
141437
89048
414545
553158
436108
662735
340145
458329
201639
171860
188764
623762
100527
57257
137717
682668
440671
51756
135996
508377
672827
807976
58498
857389
473927
161561
589223
587682
252364
621406
412859
882368
149933
636795
416027
788683
407067
843808
656472
550346
142995
411942
712623
71043
751590
99596
717512
20318
638224
862400
491297
127322
660998
708004
479261
111726
631604
227154
673995
271810
16743
470876
818247
801994
674162
978984
948840
103756
755766
350677
252902
929097
422354
116923
804388
84323
368411
655010
384723
312261
799119
279976
665048
276889
27133
47143
984654
650221
788143
611157
889760
254111
596670
579851
620295
296604
649936
848174
344836
417840
373422
440196
869759
914292
475232
543640
426751
562877
69534
556566
220773
769423
666346
981016
708988
122675
59969
585875
534755
661968
775291
891433
382005
757243
578847
767728
584104
13987
464595
25451
902015
12145
207239
98571
964224
125969
226469
106679
849277
753504
432959
573436
10661
840731
439613
112119
632784
114795
415537
622249
747925
626418
5630
134747
222949
585219
32991
25503
305621
161297
347650
733084
65540
896898
414998
509649
70998
509435
832932
189278
476869
338764
83850
10494
700889
732165
972874
944828
293808
567755
306514
507331
867889
954486
358816
555127
924528
384704
26491
765420
827899
320575
346721
367648
456951
653085
931486
554313
25120
302880
514663
699132
545540
41660
44151
172933
786065
526265
8551
107471
72530
74771
56075
231756
671758
44799
759666
166211
719342
545651
324022
859607
319542
985288
920732
624283
407747
824948
533925
919988
107764
620841
670499
647319
754851
946644
894723
733913
814760
93545
504444
622766
774425
841667
188408
91853
650338
696157
745619
167292
706730
468803
584048
94667
39009
606221
695308
331767
59480
101587
435353
681876
103342
17087
406999
847638
97133
80998
829782
612341
1739
583465
77202
992352
647421
959268
981869
514126
196360
759389
47410
457478
619047
669456
858504
679503
368383
711088
346498
953735
500170
68147
823834
277172
646561
650751
549166
695333
104450
175152
368825
434937
214617
234120
161174
391114
198056
612880
422161
435651
122321
255575
800125
578426
969625
652947
620760
369058
234790
433968
325582
809445
623865
62836
916407
204058
302300
256783
192101
69663
994318
226634
413913
229907
315456
52589
104108
797174
995289
975653
748081
465894
19987
622007
598186
423940
714681
146039
567155
46417
328332
45698
544832
542547
298725
711458
311311
33095
200768
909522
662351
133170
775911
7772
28591
355770
679038
242785
280857
298839
734590
523903
319670
293418
172248
408748
611748
661065
714604
921908
989936
959800
151761
415277
479631
77889
704266
826195
740900
825957
703050
848560
82193
537773
270476
554318
220620
902394
27751
962979
619050
38462
157293
722022
445343
668903
622035
555079
834951
516198
803897
948140
926901
800621
894468
306549
920133
750318
127202
579201
599599
241525
781304
472613
555095
328580
203712
367357
352602
215078
420917
568362
779297
330899
370688
611645
237994
879709
560801
461958
526191
131572
519168
554687
657564
815963
116680
36309
766509
828623
228503
130252
687524
709295
415562
351958
510822
233129
83530
624543
566522
493669
660461
695932
968825
638135
829898
793921
427202
680262
968487
729687
53388
38086
200698
951608
325114
89001
237980
727146
872527
230613
817761
531891
170045
16079
53425
206977
720410
710176
753928
766700
599312
880129
374497
445938
509260
969626
450776
446108
455199
271169
261327
432801
443456
666083
303113
985795
500827
880706
939643
773382
381352
552312
243692
539736
229853
3700
913393
835269
149081
785980
639092
640355
746527
589937
384666
236412
219011
711474
638227
745859
704231
4818
40662
159569
85254
448893
582704
283829
672810
823770
399625
172031
644247
269868
156582
224639
870813
531238
937693
697484
732261
95879
974167
281275
633720
253258
658873
265786
82417
692226
903762
770780
875475
569730
297772
814469
370218
750604
773375
931051
934599
231628
412359
162261
106161
211032
677683
174293
149988
617084
303687
573333
341129
317542
623498
464607
908501
90852
331036
452509
619354
993539
988028
500318
453884
77784
484382
301429
279290
529881
609579
869859
472591
657587
699159
708829
783261
518202
448333
817488
397281
948172
412410
215052
390001
771019
92692
194060
665983
479187
291702
407734
430713
607144
135220
380847
937288
515985
181371
609116
733458
650410
543614
451354
481588
536590
742413
870338
397985
704562
969677
12699
951369
345123
554382
12495
692109
274680
688690
607730
634096
777430
858914
74043
779929
871368
327309
292878
36633
803295
472170
402490
1355
628901
439035
540904
523607
620996
577440
834137
513181
766057
166837
643727
981664
533650
477551
602939
867012
875337
899408
457183
866291
738099
620119
437090
550190
843419
646183
30348
147564
432712
807740
564780
894546
578018
185296
507528
834342
547469
552673
293766
537055
210706
926709
147399
60964
228155
805168
991357
982493
793165
79619
679936
654618
433613
509872
323605
634965
919625
244071
213385
138978
610056
603788
892251
272092
273877
793743
679301
956966
210151
281657
651062
377441
519487
914791
106848
378901
275626
444862
249363
265207
129343
5438
141600
235249
814320
615537
832496
155437
712460
837264
263138
921113
15635
953377
33046
989870
170393
493295
392318
936748
78229
572481
763814
617414
74799
152658
111605
725589
666268
202219
463094
292944
908358
412899
439373
917429
712379
365822
892266
844307
112249
512017
347675
568440
203357
812181
232459
48807
419629
427326
759368
788983
811950
49971
598205
124027
564403
111481
719491
344726
45138
535772
842136
83732
862724
766137
231100
2984
612741
476432
303239
856863
533959
141269
214500
124625
594918
927074
298506
78894
500529
335271
108426
749177
272337
988486
184464
804356
719441
481017
673299
404110
93516
908772
642196
785373
62515
841291
671119
365500
207472
941967
333998
574081
163504
142365
29482
967920
449940
860420
762467
830473
663936
900490
969021
418762
203026
462417
528428
395466
500973
520836
859089
35470
899725
365883
136180
103092
914025
917441
440373
949963
574579
166124
635623
321137
852776
770526
265986
280569
664095
433079
458083
6026
179044
73782
826134
618015
871689
678023
728924
562791
924671
270298
149670
625799
876282
309771
93867
800996
577294
767998
878096
125339
185400
687511
854232
417293
231833
431016
796802
795986
702150
558965
74858
792559
976945
678932
28100
631444
661956
103585
881957
751255
463786
773719
358103
493404
958323
316789
195101
483755
744577
102916
198957
693085
933061
706427
225319
956594
82452
25934
760766
625768
642699
514195
156846
164059
507388
401296
710151
676903
740947
722414
416773
62908
220286
126542
641418
790454
673113
961956
516963
848575
496898
188495
766836
659173
196715
954197
457690
261678
607564
522543
376839
240741
486757
851614
654985
111049
790036
598699
787146
703678
196106
206501
344238
320817
920436
577229
888290
52571
968463
950716
438514
81568
539728
544071
293216
630141
855559
143058
666388
49581
642512
244470
334899
261615
337960
792992
906249
112531
352944
451469
969249
454934
267605
666356
168050
120378
671024
63875
746470
401732
318848
94648
337451
339006
841690
542375
448419
122713
33752
13342
686971
219709
364188
881355
216130
666822
488234
676144
523093
564680
150708
763306
988323
252880
859350
664875
651223
427139
923741
776790
516690
478467
427273
309201
220870
237925
565411
537532
945459
569007
441383
397714
103961
216618
531202
13220
214102
230398
112071
582983
750069
509768
810341
631396
698465
851942
833356
814212
971763
784567
574812
624768
500113
355158
400495
797442
981136
220986
896207
84025
800646
186688
880722
149121
274662
794271
693143
594483
146176
576084
357942
546157
515428
901110
220494
981298
876035
692261
200877
927302
487329
544001
386467
143860
818183
819405
975303
495469
179954
303416
710335
537702
555977
864016
225530
186200
951289
175142
699688
854015
543055
885972
700980
427227
680624
823336
471693
684654
113533
757667
82990
198425
688032
158377
111116
622062
620643
848984
358076
513909
218274
895070
839733
840805
645234
943759
85261
591924
141396
564924
894568
360484
872986
321448
218341
164510
346716
121407
17908
748616
887166
284083
314168
157635
66070
288172
824696
238025
951284
521029
146215
356716
653176
736544
199323
21505
258248
759920
832814
189462
450237
2314
610489
962347
516213
512759
227634
223786
243515
683874
363495
395158
841581
917294
372590
232677
929005
148209
182055
605147
741233
386444
116962
277941
469436
403991
175225
993223
955862
773033
306468
387142
821526
60196
413293
177140
4293
48546
9008
396529
896770
217210
520505
973749
405312
139061
238054
972192
201049
798094
972557
31173
349955
396804
782146
701974
814608
94410
790588
158715
630064
333397
419818
771333
202730
793824
131196
63319
867631
314221
244301
633373
228405
622554
425445
514490
873322
766864
389411
656898
557124
937618
7963
299037
579291
962855
34541
755714
955028
902316
668309
252318
277502
906278
213790
856974
319324
420216
593216
20949
664601
844058
782842
98325
413839
665502
794372
267903
601391
238139
793763
453268
192694
247476
836353
146361
397088
206200
985882
166932
619444
527107
548451
419264
460884
956749
722560
294559
200823
539812
989680
633569
904038
233927
725086
893100
853066
433238
646044
497792
422534
76816
467551
750334
406026
176963
106347
388505
881134
9887
886756
839352
812934
886085
224046
723499
155026
695212
221524
876982
918689
168060
124210
583885
561430
380574
40724
582532
721862
90355
914928
889875
856657
311363
743067
701231
763665
465931
61918
13730
24216
464140
192355
996042
942049
569686
923823
292119
829358
626324
842051
683886
804185
499800
733327
203578
160174
552035
631757
378082
264120
484363
399050
569269
54026
625023
814599
299480
672199
732114
289533
478491
423058
423243
66608
464376
895220
914160
155700
922672
709459
577774
428282
917918
449432
865708
871002
357755
868424
540157
412784
994310
562229
748113
576695
122587
295734
803332
154325
63060
534982
24452
367820
305914
694542
790333
270341
229603
206058
165382
163758
503554
715318
673636
344815
535244
30675
610538
981430
26935
371522
881381
697021
989248
891214
797290
749816
293987
306669
186981
363037
72008
785669
803186
996564
803680
364127
124539
445696
895441
890271
259589
298581
151643
35611
592623
248980
844135
474369
834121
573938
810875
828565
133511
70350
716762
563627
466217
293342
806413
720277
536910
841036
711114
541471
901235
52140
726051
573440
354308
36021
390463
465105
170886
56000
683503
694184
865502
186048
524940
199162
182296
491550
222459
609869
566012
324661
516515
359305
883754
643071
224784
542041
335922
440728
83264
584378
339540
552783
204330
17698
562925
633257
129982
766924
563931
88438
50236
157971
882573
305273
878153
255352
51809
392782
574552
577596
792641
608546
56802
920134
54390
493646
348552
744412
528679
71798
404964
211607
344527
112058
437399
205899
717068
711121
801585
417332
109080
678457
601212
232019
492919
535346
143605
14616
541258
591420
236479
827984
406218
401246
829685
360725
298924
541657
570473
414558
383873
718516
627007
861823
922094
139232
153833
483949
125306
341012
289995
515035
161628
789836
34801
503657
220449
962538
92622
743796
196184
906363
328278
794066
980200
135423
847522
481124
932901
678319
695102
201373
558944
152901
57326
169276
204669
333812
547885
106886
71739
581518
658442
152774
731306
794362
711794
878516
200076
670602
451281
391148
27726
657663
415304
193743
157055
437953
502787
870702
64842
929631
209726
852897
678553
438456
440787
153135
570059
998588
595931
395616
615485
899923
589387
251040
944586
644179
919601
130348
22338
333303
233459
591327
297435
17685
598605
955076
967202
770786
842848
740011
316390
746457
499823
748868
739889
361971
371901
125178
552799
158541
530604
657437
330057
103383
446844
943751
603855
192036
171275
386821
320121
769226
845086
420607
943997
668165
485143
226227
464890
531447
8078
992209
3172
167709
480749
331305
453675
600405
342710
325894
258429
43675
997465
836753
179796
874304
509104
349866
59537
119014
356176
176141
742117
795659
682022
985419
94469
87147
679456
503035
845855
579756
275812
494099
522494
250579
973154
736531
836328
696350
823971
736287
848461
807947
689835
925714
339387
284918
488101
130141
212529
529564
554012
649914
373672
865007
761970
440757
996319
888416
584026
36237
911600
922255
63852
233644
531609
907390
298764
562464
235769
595605
422720
219078
987387
997536
805536
157932
297010
32827
143182
601217
683981
255729
830856
249287
597570
986367
341423
643759
919167
372530
232745
78367
852271
240778
283730
198358
795293
942885
614087
578579
16521
847063
902290
80109
530126
720159
618421
908278
418854
782482
94942
907845
757551
896705
232786
598049
207421
615341
907857
212767
548014
98781
927020
449555
414177
626860
115211
634637
881458
207807
645918
445825
898443
560006
278734
540444
957941
369308
895833
41172
846218
314836
716835
323111
91419
60595
513737
519495
939718
109135
954233
691556
249351
15327
627420
415468
378691
482722
413618
467692
730065
722582
639626
842793
151065
55175
852184
630278
950509
809239
968762
660478
797914
935571
546520
168753
814053
426367
246548
398594
115918
889599
272932
255385
857804
536517
674055
11654
849960
234956
29494
538891
591676
86323
213775
23154
925898
626214
677145
577186
733624
467160
597353
396855
311197
301910
122700
406344
694893
88593
472416
799423
961003
976676
397278
539505
597100
832792
411960
527661
472542
386314
535727
785238
886196
884827
669354
846927
303009
397519
920875
990070
968399
319878
906740
350862
411986
933209
23332
493697
986077
526980
877385
48380
410166
483492
293383
982233
412664
918200
61467
125222
219759
802146
534877
97873
1124
691673
425071
849615
307513
884617
486859
642813
458737
328372
872460
586992
443193
770098
617652
636800
56099
725360
9382
767959
427166
986542
677633
678700
101736
371175
267384
752322
447284
325011
492083
642121
931613
1856
493542
664969
613719
739726
997517
464205
962693
186799
24720
22269
370933
453845
398638
717083
811851
873002
920431
619123
182969
929885
394077
199551
105000
965262
727488
101329
203994
171727
218929
804238
962056
663626
860768
382400
654055
796139
165617
378911
525860
925159
253274
131529
876937
466134
16089
75916
453450
262740
42994
548025
562730
214266
983340
571756
563412
646766
595783
542778
279530
137015
660056
722633
537844
276998
920005
301129
580132
384516
988399
752282
23313
730644
51025
205031
704507
492565
128848
548638
492781
117167
263166
700528
672478
771519
779958
434361
954142
523955
265766
821179
215943
558681
305269
85642
932631
363536
186593
343637
788270
193160
434541
589607
335877
615776
879606
829039
663705
186379
925793
564545
294435
386810
558608
899024
633449
840823
348931
383010
838302
971572
858534
48898
349547
684947
11029
654874
269895
26726
804809
653228
853733
142060
541096
277019
620246
349757
272978
152155
263174
222238
369829
205735
335042
438824
952722
915348
852769
135468
693322
164753
382552
679242
263653
821465
475408
785156
946269
38507
864434
907611
963523
534544
916952
812199
750458
291250
901658
717544
932299
975443
286538
554048
271265
79123
942368
860266
556594
95361
719686
409386
616240
250648
210713
144991
974623
510685
374031
106629
990790
433951
277398
917686
419172
687938
905782
648066
105579
132651
613045
355237
794184
414780
385532
509696
894713
158883
950271
721299
298481
277510
688467
862149
334854
741739
882994
328975
107548
889006
298262
183700
533869
973108
6957
170725
40807
504977
729492
304907
159833
148832
526755
708359
319158
188177
390854
537818
799149
661010
510347
37416
313486
139203
119849
447193
192101
318639
963498
24399
746491
919391
2016
392651
828180
65876
536389
701468
562558
283895
786734
480347
651899
909048
115773
500421
874527
499554
875952
994908
72630
429039
911591
647740
769571
422624
405121
226796
337640
398049
278738
300458
673482
231775
895087
762685
621326
50493
778569
963609
256841
902710
327340
310198
702440
660481
88266
225603
710759
750398
480076
248106
733151
407027
288546
907140
780363
956354
31591
373875
45395
757783
350634
604603
220336
801708
443096
564034
516179
543430
119844
301507
110341
405063
390491
728596
687244
130859
160077
769080
473730
5718
990437
987993
5040
64106
245140
385676
292066
950023
821464
636978
529739
565975
726684
369494
950918
514022
618051
503757
204495
815054
308093
824937
673043
425189
555175
414701
411377
738701
433342
702918
204620
165593
460274
318482
706030
535318
231881
994208
853818
249826
704838
449834
573087
297256
451436
762223
148928
943526
75585
933401
981025
681551
610972
455856
848770
306773
255328
917842
384594
948139
681099
730176
316418
199787
424431
33499
370686
586608
837366
456427
667200
750236
453869
950562
506309
436131
158547
179677
913371
749001
584348
208146
558749
976846
261263
573978
722765
469491
483864
741470
992177
636628
763475
411899
892321
341968
522611
56211
684869
262123
167526
949822
444767
773509
312258
540894
640602
707293
297872
145451
615275
481066
668904
897611
675501
560156
204003
946231
577374
428433
417317
582117
512030
4821
503285
664526
712970
467033
958050
727546
189688
889395
925122
488538
489765
560949
893134
708626
307452
177789
95754
840286
136621
897551
702594
906069
208937
871137
84138
862695
962812
891592
739278
702416
396264
991379
694538
438569
250407
945433
472043
242994
980600
757936
555279
440831
57931
984273
767686
680303
564833
842571
227648
645021
883946
667083
62171
304256
166329
961198
48232
256440
807458
360545
15962
511678
545760
773658
94197
721053
150239
425246
937433
591144
406521
236961
915832
254594
582762
320516
353958
292995
724518
540769
943528
81177
819543
564081
586981
146139
651685
785812
494886
780778
214541
742749
652592
115427
306275
114376
187875
514573
402382
876085
762848
196510
158377
815324
559774
858084
701861
244935
220604
257893
405212
955966
487341
47307
953151
156314
385374
9072
5437
453003
385400
974771
431382
938725
167968
639374
971919
896777
105500
708937
794730
305742
988469
487642
426108
671258
26143
136395
671904
3675
483753
501252
983129
537036
374421
394568
516874
199511
933106
621287
314456
435051
831128
7402
662952
960646
660505
296158
966496
329808
266928
134100
529892
205687
109329
345410
981883
679760
562316
842072
637806
855921
639001
576934
17366
723956
210653
367561
235904
521599
849177
906955
946550
21601
276831
880590
789722
478046
282591
273892
237351
288705
505805
774559
181531
210286
814671
417056
783040
348193
251150
992234
925464
581373
56697
353819
136126
415759
743032
268718
245326
461303
969771
821884
255144
867242
656950
181401
312212
356179
316442
143924
654534
19983
661865
954420
976856
868885
236157
934520
518210
104608
407680
358211
17340
800756
769173
116630
79670
825703
302586
805920
195594
631283
954876
598907
788727
984383
431561
397404
426023
811949
340040
124251
141347
903505
79384
217266
909082
689154
730697
615532
765384
770136
234501
901726
705121
777513
822690
118453
606608
637581
703431
200433
261629
990190
353338
856520
78345
724241
796493
979472
448351
772882
253185
961343
616772
123277
245151
778275
259463
488604
10286
315086
361021
792182
626405
657522
850672
231983
77970
289152
319424
68958
349006
130339
995050
833243
922314
469040
305880
764504
802317
283772
73905
760843
297233
841768
46120
93310
573678
233913
654147
548434
33650
472970
985881
780849
129961
362609
830864
46348
434471
394967
469204
980777
823322
369446
409776
786400
240396
924893
488372
602008
539718
712496
807813
949525
486092
773740
571528
97629
26651
563483
249908
35310
138335
684120
891475
460296
23943
871624
620262
59898
234081
301563
67797
340238
46683
904289
459765
802867
590034
673865
453552
452180
860239
78684
94772
732527
400566
76973
878372
314988
308322
962763
237837
886010
695198
517668
351048
457860
249596
536296
944612
426441
240498
190672
83195
202907
371154
607770
852599
460452
588725
928594
155091
728604
664379
655289
996262
446859
943888
764404
246118
242475
662296
294168
331857
415801
19501
623490
353412
992100
179893
908557
104142
751171
134829
23698
272018
529468
296122
612948
523209
239884
174573
81952
586799
295000
233392
707567
864587
74778
553010
796346
58859
188569
161453
412887
26981
334646
113347
886387
548548
637182
858034
379477
432099
861822
222650
465361
234927
540277
723063
158075
655310
250343
99144
784528
92221
552416
98450
415811
394808
524353
747431
169295
866428
670900
221482
502275
56901
337579
688846
153887
780298
354620
368341
459074
25625
338850
319929
498021
170771
379275
82016
626041
451586
403559
427910
64849
459126
373215
484397
322807
724983
628645
259512
628213
126904
991725
297958
411964
608089
461555
181909
803355
245515
286368
944746
51229
738421
838799
230736
754485
134162
673035
331784
561354
751209
466794
646062
577572
766415
458943
448366
943873
156049
328809
812498
125607
668517
720131
221200
807943
818405
5936
214469
837256
743327
372483
941765
651413
345306
232761
483048
971696
426384
320461
307436
689101
647366
830451
672595
834097
383381
210621
667171
229169
493479
16608
64902
766975
890037
274034
195257
992368
678570
211615
711313
232774
683899
396019
6150
846046
876134
862580
901314
395601
826898
794593
108820
349382
921067
77817
776695
160063
712704
910863
134165
661148
365081
387813
592343