617554
763840
420512
902167
688416
493755
966050
814213
159243
547285
721446
366093
794189
521393
843886
256975
188797
154869
770619
235540
445735
858276
220798
603868
591023
115331
814257
102533
605666
565019
706199
167933
256189
501731
665648
359362
359658
919197
220619
403342
884300
48903
498724
308114
105474
890446
333755
882315
14168
831134
61812
54304
690095
101988
585116
498651
723262
559648
923497
931252
500126
25175
430961
813343
692184
932028
805540
856877
558781
492664
610089
748163
434211
274464
745896
82309
804845
552901
168499
661007
96259
580048
180016
568285
574633
453890
797464
395927
277982
392482
239968
93434
310128
407423
210769
718042
437347
975673
262180
819605
743130
194788
7672
277696
619656
30395
74557
385587
263348
243801
751913
133878
790207
217508
401378
212945
414578
160030
427248
722221
863654
189131
597517
52324
656824
858975
235617
448674
480567
765519
385005
729655
330752
614971
618204
639313
64692
76681
76640
207653
415950
862976
774342
648594
526271
742395
28607
459448
390986
514451
261103
372037
286531
303227
19523
406849
586023
491943
113171
338250
913595
749511
181896
858086
889494
967813
53838
698107
424630
129188
364715
683067
703083
859724
405390
253736
583934
957128
661079
970971
652744
286127
668031
50441
519921
683500
428854
774630
119529
820752
295862
458533
385904
341837
525153
567762
923564
636990
484235
387095
687989
611605
906504
147980
958384
976988
740989
703287
151479
810843
370214
958013
343623
177645
719916
308525
189664
104942
883012
558501
605916
373543
652862
329179
288575
675203
793345
111968
94323
581196
67648
208480
628416
126998
718643
656225
975204
679785
108495
318902
124992
23067
230960
24508
163371
291294
359770
570202
94075
185073
6103
816209
639847
608875
105289
300713
406455
264640
91551
580831
265882
106500
67673
747111
683315
184537
878800
789578
646825
605753
675875
310038
767033
943926
509244
678400
591258
501734
807295
260619
651387
390200
347538
596904
284883
762079
729460
930843
679823
877274
282509
998351
128133
160251
523730
355528
574466
819536
886263
521167
844326
516969
281238
8379
120044
713493
962013
728459
988246
798426
409876
732381
244769
499140
388040
535777
332690
113917
724813
504869
884496
644702
658153
561807
318405
795941
856533
237886
498464
199120
397071
897046
989590
68122
172989
261402
235805
249510
89742
895710
351526
366434
976392
16632
98843
745885
697686
550937
92939
470673
53838
240626
332610
90665
184228
994203
564724
433083
936249
63068
803292
935968
17922
883428
719323
267918
567209
796015
237115
865634
240751
90764
620639
886937
425987
864872
267885
792572
868577
363001
927690
240188
179956
373964
83671
488690
64666
570091
117846
612570
380234
120841
342600
813896
712419
901507
22234
548785
198131
19652
180821
185771
785645
882874
754281
28989
997106
155121
195174
323365
291784
282452
15560
48337
291143
537911
583218
503727
532208
665198
914118
512875
823113
985474
568211
18183
991225
3917
540821
262469
103797
951390
406187
430002
109372
349191
643824
452284
962051
177477
556638
263740
671868
56485
596570
365524
335870
33182
785504
224730
125370
614678
87784
533700
530494
634638
612561
846098
958186
470769
781861
483410
874343
853434
620073
925310
500993
591211
264889
9056
468800
62450
774435
921532
90257
295740
258190
220106
953257
308590
263999
916956
368307
829737
257929
496102
358453
408239
583420
677814
424905
25930
460881
41671
819558
295920
813406
622574
517785
248049
751485
156514
850508
693618
258613
251500
477615
380778
603776
665027
858230
281620
175344
732966
841917
751243
788336
295817
920291
503724
591092
432336
57519
942038
744869
55699
779420
222186
141105
166213
280461
821353
776229
11170
267962
954048
476141
215988
41508
686024
270699
390810
749253
399467
764795
127502
319800
696981
194736
633620
455032
432657
192190
677030
146746
952197
806403
226961
615465
140830
246992
335506
295992
24998
721227
790102
597573
673040
121018
645687
595559
719536
994271
166382
305538
707973
838929
723223
1741
511532
386346
369784
666666
82446
523715
495241
4385
762377
69945
845092
664384
788993
435154
291942
853840
219963
328400
785016
763662
177954
641168
960709
870588
675796
215495
71914
271277
714160
4839
364915
748482
247777
543780
281890
629127
233158
353550
126517
302277
232531
795177
49273
889429
99133
405910
722667
779565
152026
306696
980771
781353
522817
558570
880963
209229
501899
767837
983286
246454
545181
643385
91077
545771
393448
787591
939547
340203
661866
582659
661240
323052
948561
861426
347549
298344
59796
515593
20621
893634
3931
543257
822410
981730
547519
958161
769649
473029
7714
808877
200979
517264
511829
345211
585160
386358
215871
451881
536999
51453
738710
151416
48399
143177
580891
122245
277078
779775
753985
602588
606365
817731
76411
660918
260392
15697
428247
732071
811034
312352
234345
786361
2734
425949
348718
178065
306308
209560
239725
297862
970285
714494
460727
111118
897535
307194
152072
941074
499457
102424
901459
108813
233974
621604
628830
448283
874864
10562
193312
68786
261499
39896
367317
401029
453542
56361
55521
956187
302557
539138
789812
628529
702218
792693
104950
143555
573269
869524
553711
83378
271268
171012
406671
219723
25609
985811
828640
126498
431256
379580
85014
258496
320983
154187
996652
582863
661624
748748
62041
513424
246893
6005
552089
309384
758926
603537
515898
272522
803807
808949
405543
733634
364890
165498
343222
491102
689534
905433
176708
31200
611940
167680
818676
432147
923621
682873
389080
783757
247467
439704
788170
246299
60335
286245
547395
882374
873204
824852
819013
871151
348573
54202
256675
457580
404410
353994
81480
222826
793501
490892
201380
299996
312164
530284
596261
944629
62022
656275
350839
410718
239999
692906
458401
447489
842210
578487
931526
307633
182645
444510
320377
314886
507306
338060
168824
117666
708703
383069
120622
84046
822833
67218
119886
241611
386338
88025
459563
176809
58209
496879
831304
515774
939181
221068
60502
287327
461843
247278
400861
361001
135581
750296
525109
828745
413481
13276
447433
492870
13215
757583
434101
183952
665253
51687
213990
371123
724842
904877
554173
679849
461559
677158
586729
373962
789860
513934
670954
783619
743647
339636
271642
691431
850900
374442
188261
874812
86800
180006
199701
844666
299351
156016
346160
1677
378308
733877
351589
410129
267197
294764
349306
953071
764565
106405
326459
46907
913009
300521
834765
759106
658575
181193
984064
175597
844635
499227
487502
447586
822904
517174
600270
82547
48602
147044
6010
150206
191454
796700
703316
809460
332008
520129
480569
999488
67191
908657
151702
345575
273942
921149
453585
666696
172816
610706
450115
161934
227958
925994
689798
28968
567895
433340
554614
92079
401247
487261
525722
855018
163271
827814
838177
867414
908255
977532
578910
434778
706666
179074
638676
380822
743211
816173
842454
502778
471670
942705
375346
460955
780636
820793
585115
675686
480546
753046
871181
521635
994947
525666
612252
803749
459134
698288
533135
507535
313242
445797
721370
353081
31338
316244
842659
32902
296054
864923
479777
647847
127002
328413
512388
508332
330497
74113
48491
633570
211576
363742
447521
335534
563482
865596
127053
14547
966574
202359
237716
319982
460475
160129
537430
373697
175339
85949
396588
73008
246035
402525
482201
142457
319620
722753
590060
609576
623517
429831
657790
94031
505029
781753
676948
894991
653400
351969
174455
4300
376949
675486
390422
507473
834370
862123
691087
921641
46608
391420
457776
198067
661424
327912
168925
344054
633528
706717
699228
94925
789781
39602
838994
64149
628407
356201
517079
289777
466572
247707
212738
319046
218117
520605
932405
67557
287970
567782
322651
408995
689647
161591
416046
758375
582667
377110
138148
565698
722194
377575
803172
47903
172204
858243
824220
948867
467278
132638
341358
790588
125332
820487
120746
582170
850353
545152
37417
494522
414688
525890
153751
521104
505970
599194
343620
600729
562888
205454
266407
876647
36588
485323
281524
149983
934086
440331
937934
391765
977888
511357
516823
28420
162168
533059
121712
729550
956997
506094
806842
787086
785278
599451
420859
947046
808133
141520
25019
143832
856246
856962
318506
923851
200488
85055
252635
176100
588425
477389
244333
525492
210014
989041
546542
630820
597957
910568
249627
932811
831982
866038
942964
70524
861214
645641
686429
24211
868255
323422
96189
163898
956655
732133
379775
687254
337560
935457
699356
230160
254800
923347
37731
613997
307063
842379
930863
203134
786380
788617
990952
723563
884768
594929
958148
906350
709942
710619
495347
871907
200593
955495
183874
641022
75927
260183
911057
876146
632516
719011
56424
2895
442971
847600
961593
190919
305094
809754
311991
961286
388756
639560
91760
628886
439973
667297
486935
545069
729207
844068
777668
594463
369058
307861
405086
268048
546920
697063
630588
515176
171292
560587
892336
614785
109828
312516
771350
714255
475543
456824
875778
915040
109262
189232
698822
897724
65523
768515
142984
298947
132221
471932
368692
595075
188603
298178
888948
406011
903493
896630
629792
187786
911177
406508
537779
760571
989133
1927
46705
385184
811956
18787
890151
248619
564206
901001
919063
155663
560411
740030
152275
473707
410282
124787
877759
110030
237871
549106
494148
423976
177733
625487
374129
219451
774846
862745
94673
646101
98033
374392
928557
335218
759777
925071
779952
837523
530580
803325
632513
261220
59790
773208
555701
849587
613695
124004
797702
647068
955392
953423
472336
948775
177715
79045
981646
49030
770736
452669
101284
528233
1062
751987
142577
132712
836589
552353
932531
858049
824353
777396
147661
643628
443060
272603
813114
182097
616642
432375
444860
60777
69030
733353
565213
283510
235786
354319
268626
210214
983758
330253
292709
478623
392597
575836
516101
296206
707980
29356
311401
159959
663569
776053
994900
144494
765138
159841
7173
109215
779344
135059
807990
152428
986662
197409
367765
663667
216722
373682
961388
315320
36000
989461
630019
713625
255102
872116
836729
16137
406770
962666
243725
40989
164855
606646
543012
664231
382122
710841
798359
202348
46916
964230
537942
949970
18458
448625
352518
470718
361424
450217
608341
490960
91185
258362
618861
939502
404715
901654
306310
62318
332141
710145
115412
567381
46522
309810
261757
661034
902306
106304
825136
628128
751392
111207
98804
744786
616006
319228
620349
98435
34403
608063
349106
319755
853943
835269
485544
96833
451420
181715
281318
780898
258968
253939
205260
663365
834821
787008
823618
826118
252631
444397
914840
126776
351596
473074
569403
838285
485113
490828
874323
368586
528376
633676
57265
93307
761744
402306
898544
993539
900667
139234
426136
911622
325768
812095
514076
342121
894572
690896
801313
552708
484265
513841
702671
139754
149198
342127
992274
910374
957291
412885
342143
151682
907461
962193
749810
703168
855700
537822
8839
329328
865327
186481
131141
531634
195067
251709
867757
717848
46174
803598
917984
943825
13272
777933
4201
195429
943418
826678
446816
911363
200248
708785
879880
738786
130212
77324
20045
454209
195892
335145
645674
536060
222500
139477
597273
433360
62622
916083
746663
185091
925630
516386
941404
387831
913430
40368
954923
686588
879273
901047
410600
833849
640207
351628
336424
970401
438709
171870
541530
531606
668104
736606
824404
78012
222113
201265
638024
950081
279909
456024
827457
163832
835738
945726
484495
490890
734241
209437
708404
404354
60512
9133
675907
324552
690458
209792
358273
453742
419324
260725
479053
594886
795132
137303
366174
911189
125975
617062
538170
441287
188626
313959
334755
870102
228224
202038
939749
217234
955374
569748
997278
449062
850620
642485
850375
978744
63036
730245
451012
812030
508168
391862
553034
708405
341475
796214
232992
495801
941418
476058
604822
851064
250613
706472
31079
36329
227398
505614
10126
231463
323039
412208
684376
732742
439439
444743
779457
47340
298754
847039
475478
328793
841051
805161
973523
252146
21832
446141
453595
196249
35689
117510
560494
300810
550421
67789
17321
173776
391901
720686
960347
955964
568956
729631
221452
136383
556407
105417
175478
851698
521886
362395
905795
66300
74211
266768
97257
78060
547948
116873
176524
563411
925413
81489
706496
321313
26215
259709
750997
651886
38658
645124
930082
932486
863743
696245
336083
140244
546876
334190
209948
552988
682728
226808
285925
721935
808064
929572
118176
102462
879815
847949
118824
728198
988956
526088
333289
807639
23000
578299
56051
898607
102102
914117
168593
784647
956390
772384
224913
528772
170762
374220
31244
788568
917286
396483
129980
825155
627897
54904
373238
629706
244193
835780
746900
112752
980476
742191
558240
9154
203726
735392
748751
458500
983659
227505
900613
376373
552491
54134
447372
566937
469303
944544
960749
966985
71236
556587
166724
563800
997608
324024
916330
620277
532612
673927
922289
400622
851136
228071
546077
515873
507425
902229
881847
737786
591521
551638
661524
287782
233454
352949
165221
291231
259354
603868
4216
27764
739114
897575
736283
916188
13203
969491
844161
873176
573210
703245
67919
9830
246572
708093
585083
93236
357322
587401
259208
352878
436960
614200
829176
39385
598135
747791
757269
141598
669985
803038
237093
470865
610531
136166
679485
938805
334228
410442
612610
281980
983462
596480
746390
696472
732518
446464
750555
665116
243335
563226
775012
961764
590250
367525
463593
382984
888768
775079
282027
732420
12860
758506
21167
6883
374322
529505
374523
234845
803410
117379
547915
431525
803425
445705
785834
926597
620687
16317
22731
822997
730631
177275
567377
50529
849665
731557
161639
300913
410079
18894
348256
623978
927317
929313
865382
194631
989021
158095
740986
741879
162094
385034
285842
515801
261826
782841
846631
991810
37359
351866
413271
436454
788937
870414
437250
357352
101132
781144
194351
770645
507558
897386
425823
555260
327238
444536
19850
917707
395714
862729
497355
593132
469039
771687
745049
179225
820031
402748
831245
886253
6285
689789
596825
422039
173744
832549
183905
562716
649312
465351
933820
206550
632031
424629
795020
141290
792730
443311
180326
816920
721367
34505
7695
684699
964518
309657
950230
937629
68004
440513
159214
803413
667389
508155
68217
149204
444436
276837
912936
174702
195345
392823
463726
53038
59213
757779
123326
805206
928102
679098
788070
158285
839753
864459
980698
15766
226186
303544
783834
930976
97047
318890
855975
536460
762974
492753
302408
315469
279130
778403
226349
34338
249042
887949
662981
332660
327803
768980
589403
732048
464475
532177
288242
20552
350901
94378
461594
801252
141804
371391
782145
92051
820264
567430
353683
275599
365681
943161
762666
576555
780019
787529
492491
421126
665957
951532
796841
750943
641453
535092
834511
858879
915623
327290
429852
496031
937797
204493
340256
821190
410151
527002
380535
119648
584756
368533
17119
297636
975565
642169
638010
489615
491746
72753
955196
314079
446932
786203
355102
803799
914884
720190
129733
794096
931292
844346
598927
594925
721392
53938
914326
396264
433861
655675
682558
192688
670399
108857
926022
500899
888029
365702
45934
846502
616416
219662
537745
214925
998942
977522
245245
620761
252376
516791
280867
934538
731875
52970
916280
107046
447763
173738
652415
803871
581360
730112
556584
996623
869295
215474
485380
393084
696378
57012
668633
948834
822987
758262
160024
905122
572371
463437
306394
669822
912146
41861
376298
454387
775454
79391
70777
503366
515491
907265
405098
225666
907106
943100
250223
120117
508877
104710
960945
506663
40013
426221
480943
863482
301290
176993
262704
97082
433310
364186
925661
762767
521411
925475
932384
502084
13618
662436
753650
182067
785054
842941
796072
653161
189329
131815
492108
335847
530601
470346
582789
801077
755360
881668
633739
539885
504303
91805
433444
299371
122802
843980
569931
761414
581986
236514
635773
355239
727524
610943
540933
835343
390691
808394
540870
528943
818164
667087
149883
457207
577239
485018
895877
502618
550623
718471
477982
115206
205560
991956
681075
174222
999829
999839
847111
978973
323910
273112
932804
383854
517629
677045
54597
183850
391123
629265
141007
742402
211767
417600
25399
407098
816882
126394
331727
791513
889067
875294
444671
111006
872378
296576
458275
280608
496771
673291
872524
726743
368864
544695
125430
654196
521313
393303
435368
32609
392619
454197
59094
429623
965350
645729
723349
89141
410984
212962
654221
591000
809390
549862
3714
949080
80974
144874
97072
364338
806138
979436
993117
950036
876281
781884
770431
814294
404931
965468
764663
950967
89309
713556
264256
742904
36151
936184
848911
873715
152268
949952
713645
240600
972062
291519
643305
195734
820809
918538
931132
766453
808478
12653
47202
63627
612162
877762
764914
345518
196221
838753
958149
490468
8892
203766
56104
984387
157908
604854
391961
302206
987005
401751
200162
562198
868333
695747
496342
403979
210473
418618
705532
535709
419449
537346
473818
705027
854287
670734
236010
144349
20576
593846
281857
446430
336631
86577
737478
719135
70512
536751
563396
473902
429653
32881
245162
263364
126661
472884
804502
73561
788060
972359
154918
262641
173589
770013
585066
447747
460962
856694
956787
200368
143370
31104
741164
425827
61691
682991
265221
560624
293766
364855
647060
699971
762442
639974
608331
798463
124863
36982
9750
418316
542933
297099
489750
876783
732111
708278
236237
357775
934473
122145
680323
982465
63115
2773
270037
17215
648926
637544
518686
208285
511777
922563
453833
817563
459416
567956
686625
490879
796260
592458
599301
856006
128848
438457
814947
69234
657793
149481
655440
990413
210531
273214
352420
525976
485330
341853
95385
577344
113268
410632
395639
705168
429825
621101
499524
821636
550910
442237
66444
446811
278
712566
891264
948233
476439
295940
488551
637506
360908
375614
872825
736624
215701
336317
69360
781538
844974
993688
525046
653505
265809
495727
685992
149117
125776
660936
665920
989916
779628
760922
296120
503100
238127
391164
904169
865535
633728
719023
781474
556496
590746
68032
368906
856562
306676
362111
214091
49547
373079
163157
146582
267775
811911
136659
10896
459239
376335
973225
101218
974223
758380
182111
450475
20719
654073
920409
865551
116710
880162
575454
966359
942973
120097
607400
836887
827119
314688
584400
403761
87476
389642
492604
201086
635331
371349
459258
714980
935765
11613
206060
483278
627488
483364
387797
18751
307426
371535
996913
245192
370145
232037
506716
546641
95294
935656
218223
581119
302272
663660
665652
235313
604139
752756
217439
897764
267052
440959
7914
61055
277772
64616
734770
167757
386228
509146
976297
185667
586047
325875
597546
920750
830325
199601
156359
563278
708707
851170
350247
778899
217082
444219
336891
328848
566332
244402
61826
413292
364617
470481
467921
186822
24108
507841
288138
494892
649016
718094
486268
979781
680910
28091
455913
297051
231564
760178
609189
727184
897836
452108
921716
925090
439732
270191
8384
296967
262133
582314
860356
430561
68515
848860
835108
713325
66065
851025
343044
677195
941765
156478
844346
693552
32432
522164
136057
969397
639615
154175
492770
228457
80948
963834
126512
84250
803408
775279
105906
859648
625050
408716
627359
187641
257314
451055
494119
846824
271516
627334
555074
384856
313120
18440
408178
934438
856841
221715
859658
568363
57396
191650
484726
615453
419524
798658
953394
6053
250792
200908
699287
736541
942743
608889
996704
40265
451623
905100
37934
387833
846497
992118
692428
158739
448954
289686
233704
836815
32462
374468
791441
701419
37049
105691
253389
258590
460576
645561
6238
957574
581927
586567
604860
569352
693252
120284
238098
881524
779299
455317
567706
861264
348716
180863
162655
512949
721076
39140
980217
282452
969235
730325
621451
970682
699080
437521
962064
280610
92032
858584
257835
29045
21353
806461
62372
752171
126968
371408
497190
135867
392392
892022
919457
59705
927873
492626
951994
287492
138479
156740
245708
12797
953133
393894
475021
335859
483139
789939
303820
169786
97390
862362
42156
282513
959982
472030
714031
715424
409677
26781
656257
528335
543806
510252
968929
571491
907875
34719
132253
367611
898350
137612
595295
446080
24758
982053
538421
893602
596542
752831
724755
274574
66695
421650
522648
327106
993635
448745
730613
176764
194534
322245
745272
535695
725888
370198
98422
718038
365280
947739
38301
186655
635740
204466
783666
964935
241545
947758
268140
251062
35017
47345
300507
242153
711029
39335
651077
421486
277151
540443
960277
563315
687669
881784
884500
89572
450236
656507
992559
453867
447408
402899
99263
369465
570268
62721
215371
142723
660110
858455
955660
518681
217347
62906
291962
639434
657840
577419
301152
185652
192723
159095
857993
17080
393161
733635
383648
100515
596929
381904
946270
81753
35615
543926
62071
262992
375412
367408
367126
603105
570766
646071
692469
935543
785110
178727
226922
262860
219527
86747
162268
47464
49564
346822
39590
245957
125016
708041
193724
284609
151021
752953
375123
186020
715218
579255
610375
822636
919524
359337
295231
572109
96082
942037
113146
205756
413610
818500
268594
170559
451129
169927
692470
992455
909585
637726
574627
850890
357248
390556
457425
852391
711011
437278
487202
277763
331988
538314
250205
859240
695196
177639
591406
391589
296423
484558
703114
915187
882510
846276
784656
438516
566581
725983
151192
862004
815286
966110
130159
662909
727739
20247
225379
499610
790589
858425
798511
826110
172444
819692
593118
141788
297014
936009
462140
392952
570721
467315
778276
476467
297902
721023
781311
50639
857129
396558
841221
77132
900302
193544
6656
538740
882574
176976
776624
711403
484594
243515
140313
862467
947592
577482
991864
430235
108667
851483
102303
404098
566521
140739
772242
560979
321670
492216
191429
17394
451995
885151
782751
350753
727539
207977
894430
958322
678436
200911
88548
754117
432434
509113
811693
892880
296819
452428
76783
942787
297429
765489
390797
439974
929819
27450
63192
115539
906176
59557
563848
756639
92141
275940
366762
835250
990386
82618
88528
254193
690693
929197
171922
506001
946499
996532
100871
452926
855529
505515
520536
33601
581307
674495
247111
27414
657217
621904
32209
156436
888996
326775
306854
135341
54413
457222
308316
608209
454210
16404
433247
90223
709620
223682
868609
580900
17767
259749
730763
816559
840910
144609
643148
224368
387706
264935
279085
441076
304492
580005
961630
587372
451734
62406
226765
974236
647971
119104
939255
429764
999877
371924
981067
496666
275583
748468
15358
396694
106041
906362
665782
128735
993540
709143
437610
371611
1468
713864
265225
60630
446990
465315
351977
714245
674109
309807
43879
282814
204087
581539
675705
387682
65634
872742
377824
589979
550392
730479
519584
772388
827315
946114
461389
568666
973335
336510
565375
728997
414866
509863
196055
900383
580868
295933
571635
854817
65833
657453
773956
35742
157477
896289
836332
940214
670944
649963
227086
905721
407675
338159
921092
964698
627322
225884
407398
174831
373552
213889
947845
359345
490702
485181
622503
33796
523046
795793
75914
454240
328926
443171
199992
867273
13462
442752
195318
237108
966986
536932
673408
528515
638201
266487
418569
664580
11575
157933
753068
756761
652912
252410
804340
351296
817202
598381
343483
771878
15173
53464
76157
568039
958625
463219
709215
446144
170684
526489
729990
787791
982846
254078
674912
578978
263876
206543
268577
21552
873927
776261
650578
553152
132760
566343
716516
494603
167993
234253
324549
462606
848135
278015
91067
654142
656771
565366
882987
929847
679635
737140
729627
91687
390881
546985
936696
719288
892581
114023
646124
294634
993187
953716
182020
813318
530477
135290
893414
226418
488915
527886
549840
823299
903315
119621
336504
595463
290952
985971
495220
190429
555027
655896
261215
7840
437958
392852
351110
12438
961473
950830
348000
515038
206489
448920
5144
6895
753690
135151
953498
481299
112810
817113
328853
475307
36374
23652
780790
841667
721725
351491
80286
969812
59905
175195
904166
300679
698560
315082
744766
489290
622480
865604
971340
788603
604218
878944
281726
202813
40037
244245
867716
820446
153079
678716
824141
659548
213919
690320
33240
990404
585495
966045
201535
673729
298924
606552
898629
158773
733917
744856
405900
840887
341582
912467
595143
670100
186300
991820
13512
285568
487173
399083
251636
238169
615510
301168
833833
67145
868321
79634
739814
721652
718410
606858
350385
87944
161072
13734
430228
104692
72839
381585
849294
112400
506652
962964
875611
751320
211033
959129
999057
994779
623190
140068
989297
336357
724173
385612
125865
837059
258889
448663
188429
905860
711897
333956
777719
345629
72706
292241
171047
211854
834208
103493
770263
791224
811926
64359
861501
630789
598107
279819
269458
493735
693532
951451
526551
233262
492852
228311
316726
268859
792883
826126
691342
125783
964752
452372
979092
571218
37910
733915
534676
98929
836171
177247
427881
823160
271831
590757
385522
225711
970875
577354
661266
134681
306063
898688
881783
411432
581330
203532
7581
267820
316176
408074
22932
609177
40442
125716
799547
907980
13854
839896
103925
800157
16989
609366
775373
820723
975655
7181
993802
138641
742668
639773
143666
71030
157504
454505
397490
350365
370754
316765
747473
820297
169394
108493
344497
793314
634646
114828
968913
127501
387279
814054
653531
905219
484147
697730
100673
242646
212794
923064
340484
585974
477213
88394
120924
209028
335180
378424
424862
943857
929712
465959
258313
313296
87865
245583
118497
543115
208656
221350
219424
337825
884659
685002
456277
609186
620196
260360
900900
579986
714825
862453
85470
170118
375360
55121
223554
212852
767786
284539
499298
461762
408131
878727
238831
573475
559350
199724
112472
554989
629941
52945
787568
777569
12103
24357
245222
137751
717019
427260
437896
467707
627193
973837
624116
658578
863541
274467
184399
751303
823399
971598
276506
441435
427365
190471
573213
752033
142496
160202
498414
81786
289931
12344
963329
15790
706187
890040
517789
491319
943016
492445
795517
82326
289079
947861
279894
509507
757138
80963
299472
671720
808988
225150
192312
571341
789961
405138
472504
446914
910999
930231
89498
497033
527702
424920
297807
926213
965902
879615
249760
212720
902730
891895
74377
81339
830547
479677
284620
190776
888220
24438
148273
935829
766219
981624
774579
578682
843044
882788
443436
217908
577537
102766
68257
587292
180608
867888
979764
546635
402
123408
628924
866706
378538
227920
308529
118433
877952
952141
744318
132429
95951
219585
31804
367788
846984
382060
952431
989114
340702
540129
528106
611779
564573
726765
454249
331427
511246
488457
784258
775520
193705
112596
577050
282148
509542
583982
497499
666897
464483
636049
808679
822997
152651
323647
215108
102194
452462
128371
484615
694070
786862
765056
211854
425197
625033
529255
858592
234702
416894
470130
302457
296801
564674
102406
554567
338032
617346
309453
388651
439420
722179
313821
148697
458742
686730
232797
693935
418213
229509
338408
766653
937610
39545
352310
974226
701824
808870
583125
663788
751913
302756
561854
410967
700622
617017
759533
1192
154431
428865
832456
907177
320610
700446
559503
857387
684832
848883
652408
632516
544082
224248
403282
597363
926860
968958
371228
778104
419578
61533
438697
36532
735417
940531
516725
144583
844755
858034
211778
719633
393756
182730
724789
924588
326374
530519
462276
24305
930226
136963
355432
796934
974424
532679
355606
885572
885449
703797
129721
911868
399554
35545
390400
980864
470538
249975
710670
159563
329380
911702
30773
788933
140478
127504
171351
989619
381582
114537
799708
668355
48455
254534
886419
909405
906207
856809
80131
673025
942124
890622
390729
253455
464788
211947
148562
677684
650499
168269
183088
820527
217280
743663
389192
883258
921539
837424
131948
893179
981027
112916
14708
387719
494545
988009
474137
760939
243570
743612
550617
431080
114603
939186
834373
355027
594902
278752
354357
755090
936690
211651
140158
392598
117389
475630
265381
144609
107649
215073
229793
435231
913383
739382
976026
596346
246547
769175
250613
797971
87461
518588
771402
261062
327181
407283
928469
947973
144426
460658
642735
846208
365510
512689
98166
519758
908658
17984
308621
949418
508315
50991
87749
364267
783826
689291
182859
143180
907231
684079
727057
154926
358291
67824
886111
674276
578488
933201
49159
124281
456605
429601
606834
927325
931627
577343
231703
198511
84410
568943
689614
378018
227081
216445
442557
538979
193105
579865
971075
53669
313441
779577
538241
968159
298915
812155
841807
639838
614630
479025
64951
260122
541866
746636
730222
791377
795183
754606
674954
269473
245437
286733
337908
315810
545853
377522
54328
449814
270741
512430
257351
44293
418828
608147
160393
474475
782038
636748
652744
436336
43183
279560
358843
630671
560456
758891
294583
547357
902600
232459
635249
273040
356515
87812
669887
946893
725670
798278
471590
985856
78234
58933
592116
10528
657825
67377
673290
489674
781775
118666
502584
916776
764459
510206
222681
797568
744010
186794
673118
797112
247378
36247
782337
246358
637235
366575
436079
866813
526829
66251
995194
405652
514912
61889
303909
78058
31308
657207
775996
352113
508053
583265
542222
555809
897517
911114
930660
611580
495716
5750
358357
493305
275778
944531
324716
790869
76754
640158
525586
181878
621999
552476
24333
837318
973014
29381
846634
368394
705925
70350
176207
907640
749140
797719
978307
279863
648451
447788
212128
314571
303981
690004
707948
582842
429057
217328
687441
278758
715974
50882
763761
136483
313019
352640
867124
477174
601970
521653
362908
722254
72060
900483
747605
949194
89299
364112
622484
89335
704942
126626
907744
868881
766849
754286
705036
506339
437716
139113
647370
989894
748628
557080
387522
455658
661915
997310
789202
552287
762057
787227
4908
128004
842429
31279
168669
545750
348298
39659
301797
178909
784520
438802
663317
291135
44431
40818
230670
705075
410979
603977
618512
146247
414029
489108
673623
194843
332909
311336
294037
374551
594565
554033
478596
437284
393452
54636
858001
299069
714761
400596
938716
7695
728180
838582
191503
979371
594994
467702
645184
511407
59734
928998
118774
247084
748563
909980
266955
582844
181862
862166
465730
606791
662465
912841
802406
623682
101744
795843
403522
274092
400768
520590
460067
544479
772971
792356
631147
299390
17900
578770
593352
223271
835023
626594
254931
885365
911102
864743
412788
776614
372235
426328
319580
762163
648177
254958
387549
869645
58040
229569
941611
237945
697390
469139
794172
798525
112124
188689
941189
754339
114308
594637
229650
880194
140016
91043
633029
210243
317719
430964
922270
95898
287191
136986
694776
155200
788543
471775
561100
41818
565361
1937
438078
885523
18366
65390
951634
949441
344663
78502
428040
358538
385085
831020
337235
627081
241478
542794
150516
863326
942292
55512
497311
905112
199675
340162
679812
959920
448865
531017
768078
416311
540287
287822
518404
470157
259064
15434
53861
336708
566843
728199
913516
862302
92844
848267
230658
705968
960817
674971
317168
199444
951645
239498
741563
682820
511509
769852
561772
343670
861830
366623
803835
341288
917688
462731
8035
613201
476
714411
545824
807470
52810
158394
704818
121611
203865
699610
904425
195904
848
679305
512979
443845
101136
886794
109514
934362
303706
684371
932076
35855
703035
413896
948607
485027
551397
45416
286506
42236
74361
430302
979627
511424
582567
997251
522649
256428
302308
178840
487945
301057
367649
386160
58423
176722
652255
988313
384566
653153
803292
464328
16233
469948
849917
403162
920959
148374
160117
649715
17201
186647
50072
348787
164971
525826
922139
654843
760319
660715
168700
52269
718701
498138
332886
746878
248191
156627
878651
410571
527488
410404
526879
289521
642671
378668
950647
68750
195202
310341
258121
109470
571632
818066
923278
228772
904336
124168
255355
848324
626718
134729
240748
153574
601437
55393
104355
987082
682378
120993
96935
103994
253134
172173
993850
597791
530817
563371
465676
595177
71996
590696
123177
441482
898108
792531
439732
999183
420789
409645
691391
912338
35184
200619
138582
406672
804372
22526
844614
31203
980925
948818
903502
914793
558218
821991
42012
734103
597764
486149
754911
725465
277460
251215
264576
583709
886021
315846
680397
338802
153960
718123
976821
657157
280729
610348
374495
968087
683761
654508
631526
671120
311164
255323
802586
582296
516673
825887
453506
735342
276956
931407
673763
516277
24921
709262
380430
900543
668481
201666
368617
328325
779862
596852
743474
859123
280628
146425
53148
959448
750945
842935
241045
919321
859226
367148
995305
253701
379448
163782
129226
733273
770944
508541
659910
480971
349130
473125
390202
514303
529402
634711
608733
970073
899083
36596
535731
671737
747636
456438
177394
576756
547818
430001
283746
970692
66280
114569
39677
351399
269777
937584
7215
307075
191983
839400
17999
937909
694001
541871
539878
164007
437296
742906
813707
248735
302188
375525
946979
24774
965039
872799
87797
510500
32713
278300
811324
952304
13731
813486
391991
49080
301849
917798
358534
333450
754673
611456
723242
427104
546140
515196
927232
139563
932358
475601
631579
764568
393411
94804
488897
661236
508410
66568
684136
133478
718998
372389
425465
454046
647051
337120
382909
81541
754412
819738
149341
505768
750592
991860
857856
57494
38035
880585
613526
688064
94190
102017
608748
245771
325747
866179
454939
953328
286470
179481
103282
187020
328770
891442
291369
486182
837179
266645
559912
946792
634526
287033
347740
34322
669252
336139
68456
225710
203658
480712
111584
451703
924362
580018
821132
373882
379169
858278
770694
226834
591845
245729
381966
180663
699952
436392
937911
99122
83009
901968
380358
259623
506677
914320
880825
897964
941804
474379
859723
634786
193391
478235
484730
979824
142949
340163
235701
364091
482004
105934
579490
345046
836728
373104
138581
923470
531863
391542
496395
378584
856871
503467
875752
746467
841119
232811
38867
495307
715202
93560
845611
78259
869243
920544
407772
904677
896887
483941
102790
753767
400274
306800
854733
234656
323366
547025
54475
453986
977513
628601
250999
206080
161737
192118
726511
913035
589376
557677
108556
770984
714555
379536
717887
87869
818140
384680
903941
854290
621016
323082
524626
40535
286995
854582
158316
455689
197944
700134
33498
919571
217527
563156
58795
309894
87253
54465
991576
600516
382928
498247
273404
159278
817121
914219
561945
954370
296587
662197
321393
265063
981567
709307
224391
90599
814466
937337
469339
751357
336461
248145
735016
796266
659523
972619
847341
446324
195296
541342
543249
217145
171835
681674
361084
442067
633206
403598
982183
844608
766634
42753
450347
525379
643168
985093
243459
361603
213784
903048
150888
600142
589521
196846
360034
974534
581403
170247
395406
336497
623208
391239
406529
811892
122664
633020
672885
873323
324060
428223
147060
730853
354378
895501
295070
699817
775490
737585
224458
497091
782573
564962
387841
268942
92101
717571
297149
486392
649806
850828
760043
170705
988445
645423
503035
923089
728586
787243
876160
104978
694217
338997
677221
532773
184636
444875
254178
53519
294388
890406
33900
681192
417204
461246
286770
933572
143895
320911
866462
773077
631715
984228
796464
319618
324098
206548
60435
144942
849543
892286
652540
508442
932299
815422
275204
342999
994842
653442
651198
441820
390294
258979
628254
940109
453742
939914
786039
220620
695514
636115
756742
995722
971905
829705
216815
688333
948905
764750
520155
56129
721852
294335
518220
545879
512301
58598
360916
245000
790281
212540
626212
550131
48733
444829
895888
558499
667667
5875
119416
733358
80566
441363
57426
796368
471797
463932
39431
765846
434078
954836
821456
775645
78034
546746
806962
183658
868487
968911
877094
955517
611699
595671
804617
199334
31316
181051
827675
215049
224108
42833
197333
85563
472498
957414
477293
843068
939805
946299
336752
556254
700490
685920
945269
346337
110966
316652
693488
708265
776535
644925
435946
984679
869641
263784
789708
162315
581902
723219
288556
771284
539964
201845
24260
942117
140260
629490
938944
546700
872395
199781
254118
69734
120337
933675
735544
376053
795533
653077
869287
53598
831831
407857
213388
943694
170908
54539
793053
792523
72472
136574
104793
665681
849145
930724
17913
828423
889607
860835
993459
876161
238295
150786
744993
154260
363398
896166
478320
467395
43474
70072
631794
204477
244302
679230
246713
501305
770410
43299
324407
719432
498671
819916
229648
542869
415590
90937
577693
746064
912239
834682
658429
954358
238966
111856
222484
715535
736398
143052
214728
565296
913396
636973
372987
379120
594669
347999
814590
535338
842614
978649
216555
120988
27676
518248
827345
977109
131051
61520
626300
839489
484364
411180
806913
490439
901361
926057
45014
595726
796647
295646
190428
946633
611278
220025
752850
259878
178566
311124
690843
175231
922645
692363
986809
4906
841685
463427
554495
854738
378659
921057
907988
481499
340338
103300
174204
334887
809925
23570
754511
302841
256240
461362
15248
933292
211194
118984
937917
823567
584903
757209
509618
150082
805908
521246
292304
115130
462278
411120
151636
774664
565080
381312
617173
548878
359527
488669
299567
539664
944737
657091
580678
228764
911308
889627
416128
875210
470799
854204
527507
302044
752777
186342
216943
583196
650335
794052
588067
534808
567821
118474
408621
127459
949668
425167
193465
798802
310294
132091
839212
855728
214868
243187
875357
155126
208599
273683
213176
782477
458986
426585
993245
442265
478119
612688
362714
273016
297272
62588
641566
314722
306111
722611
986385
358956
25799
522287
124243
230936
186722
795239
552821
381855
308357
426000
826771
483522
353793
510636
646570
132309
386138
524805
156292
60807
392000
42952
381363
688888
633091
159588
905082
709685
955104
840695
501059
147276
954505
938943
429861
475846
434709
716975
756998
309049
626223
8935
157119
248062
228758
814881
591983
618985
247066
51224
205633
561086
80884
868887
552839
765073
543908
339187
995690
822566
526369
224746
620926
158400
304252
753063
135954
176772
328813
20264
415796
283393
406442
306602
179122
322955
209997
392326
457868
347216
92265
240267
411469
500183
742154
368182
811992
676743
949432
448257
771058
187302
14270
705784
277476
505106
305370
109399
343459
789277
221403
420024
234551
732895
222053
427369
89419
381328
119225
889118
618248
668136
160167
115296
769199
156846
634046
95026
192630
761762
879394
418313
898186
593147
21485
170815
395370
24886
352478
573106
458076
920958
318780
578544
657909
189123
4680
180357
643497
508075
43440
422784
299725
855431
957505
986923
922535
248183
749664
406324
792426
874011
276566
689052
774697
41694
125429
593549
566006
166521
300564
580283
510117
136800
583285
604302
791545
360138
616342
433155
625878
725450
125338
524820
851707
527622
836692
372223
844483
895960
865739
133907
964156
432049
725877
475629
647621
40907
122942
262097
323740
993799
229756
627709
140332
213983
467915
94104
385827
515383
723351
68852
354995
340132
414035
547041
696089
725012
399331
723191
512612
237274
602772
382749
367965
394725
963168
565087
414555
479376
687132
868188
455635
413001
242491
89531
765006
364665
13171
736564
673495
26283
896517
671386
550810
200529
592310
355239
420972
601165
279612
464895
93022
931521
546430
958173
884059
731159
193954
697845
109381
690396
994223
646677
156051
152808
861141
397056
565779
537324
358808
651782
653820
113834
131593
677845
967303
796439
62119
924449
580222
889201
290694
441025
47142
17973
149170
435046
756259
540581
855128
31042
256775
723481
486613
404573
833624
54887
188395
364591
384111
511146
584480
234843
666264
713110
264834
408657
319359
916578
771915
900676
500455
73742
448460
53182
221703
511779
756777
387044
162355
184056
654338
72815
293322
829066
588617
612416
554752
852573
185213
293706
245254
829253
346026
907480
113848
396045
414378
623027
9367
89959
862368
772223
396800
642169
900870
425571
863922
958988
4365
281748
4271
829274
924025
540076
178093
296782
900955
132072
340445
403970
521712
8628
436915
653036
306834
273229
289736
398202
817975
169417
371473
442957
46282
189905
206239
821141
769716
174447
910393
402194
831272
304126
905451
701480
933363
92774
254022
525279
241381
744086
908593
39942
767595
546798
926473
690867
173102
117866
232994
160157
416092
373278
501467
863908
931417
592643
631920
590273
145488
990119
994457
942611
836364
629444
960222
68039
168977
573480
80117
681875
488843
882389
976951
500204
779595
813750
1610
128594
747272
50525
492409
519371
533158
197531
466212
636194
515079
479285
427849
180825
171863
467170
824665
663187
389569
595391
311050
71093
793150
212613
955289
736457
127016
876483
866955
95995
616441
490785
583563
166961
884608
957752
868575
185071
641524
983194
426418
627747
512219
127675
101935
907714
510731
158830
790923
884731
801225
788853
17251
727239
717958
701025
741217
495628
339588
596565
265376
536330
736855
700407
607180
63026
309986
364944
735440
434773
879178
66945
903626
628966
97418
902462
388797
133016
286062
825321
758514
978531
623837
444783
895565
516182
704857
854329
193289
105449
587527
472499
720348
185972
379699
849573
780855
617761
905163
938155
163040
440846
55548
413835
736886
447170
14026
701046
342293
42225
574198
647721
66877
189561
649134
951027
884860
219425
86898
527507
740286
132339
324773
33633
147205
131315
268191
797740
280109
141888
282295
65562
172429
781842
461360
411291
315843
991098
653918
743317
985888
744079
44469
883944
337877
461508
410349
74105
266801
12144
620723
946045
263721
164099
855752
134379
274552
946833
801691
652490
650205
632819
496149
441633
774956
569849
93232
212213
630920
663376
462798
445049
349406
34524
874696
14744
904998
988047
977511
839242
644996
244834
568251
683360
36966
316727
327125
412212
851046
997931
987225
144285
329270
422259
958824
264530
674733
555877
853990
813082
842356
677027
40757
199537
109500
366302
516359
979877
299445
29365
372085
658076
18671
378884
95645
933637
672618
148528
338321
755375
475441
939087
306522
498624
664330
433593
816450
632714
479064
607211
718987
353500
263759
684538
771512
91095
497099
453910
806881
585038
351203
976635
22109
969580
351903
602004
467216
482726
698891
27258
771867
417033
597681
437690
988272
11914
164621
850188
233375
433241
350040
786476
145558
787589
80269
58979
774267
290689
794254
704017
541355
97143
993385
563622
448587
87232
151823
967981
332577
681124
325914
539593
915934
939952
140325
221533
403104
329496
305824
213730
756209
632281
292216
437514
320806
294600
115796
318648
851626
231246
413247
946784
702502
724264
297610
615756
886168
80676
663130
188838
60646
703590
582083
675485
383937
925074
238769
608721
95902
600548
645080
512961
132002
534444
300736
113349
863931
639861
383619
340713
991346
532842
540923
336157
937609
459351
964067
273891
417949
299298
360958
157852
781313
866458
65921
70678
805593
965028
552683
53061
87112
607272
668586
308719
64752
915657
43473
741337
351001
885480
987993
567112
976079
621421
980475
238257
417945
473030
813536
515387
593396
786937
126475
47426
337674
912320
548617
112020
240922
481906
378029
989926
8748
30490
258459
504692
858078
514746
860181
47655
397620
862878
367838
953170
715440
367815
855610
998750
408309
417973
551097
649779
20194
959300
629167
980039
483616
951002
257839
315140
871297
305471
96866
706027
541735
261213
851787
357748
455100
821960
945452
356356
954555
609888
961471
706194
930897
30321
681453
309770
712906
948743
897730
615438
474551
105987
400936
140389
460962
105046
476337
314886
399021
589000
549693
566298
888674
910733
459112
646680
683730
562269
634436
937028
254113
515572
107682
230106
467180
14618
491325
923687
199658
44647
914643
450988
861892
289026
5060
188804
505297
981037
44088
988315
300926
513840
4853
567539
234833
18197
637276
85190
785592
980444
42236
842937
376746
586400
452923
255275
842909
464003
561666
647951
414175
301085
27522
328696
57007
945279
690177
222950
573183
223121
539313
880274
820085
146584
379235
618140
406132
269579
125277
387698
243249
879548
896817
292901
801996
302539
323745
151442
289423
409367
78074
614424
757455
765078
547438
226852
56124
680584
229812
178145
802130
358733
952702
148224
799207
623766
147874
969377
271271
433323
238987
852774
163436
456831
6512
738144
471659
302447
976099
997731
658784
950084
840599
27966
494251
95850
594865
623664
571337
294580
146477
172019
65547
815056
897413
134846
897851
29088
730861
139978
749671
552448
540857
586387
828965
69613
150410
678098
89655
90675
812614
655063
630365
756556
539935
25087
972795
987744
739015
472493
415998
32336
808622
6002
867050
867612
840110
282240
965109
536684
636446
313901
230172
660245
89482
250664
187532
741200
379117
776125
343091
190916
44016
399107
130629
751742
305993
41642
95395
525302
462032
898675
534928
647392
557198
417718
146633
99381
777676
262359
169457
666814
331228
521450
59839
950716
180766
439586
793936
211049
219600
209246
243314
599456
310242
181689
151188
171029
125843
828755
107457
242988
446119
273826
17046
197763
735681
889663
2244
926374
766859
855846
368119
581237
206854
930606
471813
472788
173886
857921
76801
332823
855888
229923
183599
405322
522389
281905
819610
849446
568820
1297
906679
13227
818066
555501
274295
92163
49767
490632
890703
420495
226697
296193
724093
967371
967601
160269
276841
704067
456659
964189
752120
848586
660131
269183
843598
690763
705734
532057
13040
501726
225580
39141
302687
232102
653368
445027
497745
584208
172338
865818
698924
829282
599224
923433
688459
660697
182175
258329
682781
190560
72401
274910
76650
398911
126607
25762
986621
460403
919116
662257
217896
172013
422175
295171
310954
371402
217029
369273
298558
466096
786995
44419
922863
410977
381223
281849
589076
342856
249206
22260
322695
872906
786991
34096
814970
107892
805998
714738
298196
68927
357392
458494
668645
895200
574741
437799
43966
16413
151982
164104
938743
946859
126327
562662
410059
911988
302298
161473
477327
136393
439936
392857
898943
761719
692480
213565
31740
176900
173562
232335
987068
792654
393059
572193
319816
77346
63359
645811
758925
844091
91706
159446
429805
188138
512173
827454
209640
870685
36532
151479
698912
110814
230092
999531
757796
882327
44892
145944
915116
362100
493436
342291
206182
384234
99229
425084
678743
401714
815750
475918
19132
820169
835930
670588
395170
638727
336116
512173
907200
490731
594089
895414
26488
393704
891353
612832
443550
409581
13733
3348
132805
596514
383400
251798
318389
354689
187697
799618
807434
394013
179739
564344
265358
522181
927984
898389
476836
53685
319789
457129
838219
691206
767993
935340
734996
596866
178262
833009
366009
539295
427184
977729
631660
572327
64830
452011
583168
377593
551538
916577
604795
577934
952129
29164
701037
401708
25270
624293
557860
295045
400626
432729
571791
832442
374889
973386
231502
529496
71976
374376
364025
60359
872999
126653
986127
940373
132960
546245
589291
95052
11935
150050
258436
151797
996256
792348
842893
35009
797653
116294
97211
806221
188811
168523
241973
666050
720505
401837
793928
192359
361214
709857
967317
136593
410806
893722
110591
686134
253068
144360
902663
328468
370448
496299
263200
257847
372299
463584
641753
804177
912858
845019
92165
369957
216955
694381
785184
484546
960790
935963
666099
168382
184736
839246
246469
456550
721766
100255
534187
827589
5125
213359
166624
96929
918822
863542
317403
476081
357402
664302
744886
429507
675232
610350
515467
411094
459698
30609
167677
26201
75633
660462
294802
498521
276903
80093
82963
990981
602628
11008
35658
403324
886948
753977
537594
781151
292074
104486
588985
491685
365557
309660
439041
427165
545368
560403
314402
6675
266959
509775
416600
470077
757758
678481
559745
141589
345578
787037
762868
206315
306961
761125
538802
89166
513682
713715
439550
251414
477901
621791
504405
391713
505613
236150
637774
770343
484364
979366
737537
231484
667359
403087
244127
4421
159751
526432
88850
699490
897043
989765
463355
650685
652866
740464
409106
763601
783368
108855
155670
79339
195559
150416
343598
412219
181106
278658
602714
272765
232576
22431
15012
126024
572197
86842
723717
91474
686151
847648
833920
66634
54716
708892
8391
118820
481875
179752
298731
269010
92414
58113
543167
341899
901857
309859
614187
446833
447221
522761
116150
699488
722648
299016
251958
797270
768226
156136
843896
962203
436184
803265
756579
993250
548871
157632
863417
330196
764440
750143
171591
128376
830911
265889
796983
873584
531587
649163
241248
208732
638769
576799
990665
13596
536164
672887
466666
598013
467536
947555
340060
198910
427996
923801
922487
866815
828179
321086
745583
334806
666788
842113
893156
893586
425755
970771
147157
108939
992170
541039
866486
127177
152299
662790
453176
603522
119259
862480
912794
760223
317072
242182
549463
945926
165791
861900
243817
24926
422338
662238
675406
307829
293437
362489
345460
518269
377569
951552
307539
61803
592124
799188
489583
180186
860076
282797
660358
853579
507942
851693
86478
128132
653477
189481
561769
828474
646532
13739
97380
844323
944627
117472
316168
599125
874043
305547
560259
51407
323178
249652
680771
514983
53226
868717
759430
246986
745246
624616
890986
958383
472162
202205
120762
534455
310015
153369
744479
474511
754176
852177
475103
613091
61141
197585
320337
654486
651401
188663
964677
215683
808780
425311
193109
678065
31300
173184
591851
243456
807465
839669
389791
117688
841930
832736
883666
753455
754094
999013
894860
50699
775628
496873
936249
894918
673333
912804
460761
5309
450802
454011
901749
176591
973591
687962
561467
685782
902155
263520
408582
451547
442280
407100
370835
27989
347306
490722
391138
807784
573201
687413
545778
144510
854430
567317
635001
540223
156469
983650
387839
468368
400902
282768
362132
169906
304069
340069
804964
505316
633750
283079
502302
837613
750829
35382
580907
781624
601496
411752
698966
920018
124956
693502
820024
725191
724383
960125
782850
86236
933042
792378
889672
941798
306186
986230
874201
880529
507774
444508
728137
860131
722628
645606
599882
262863
365935
401863
662310
915956
163751
990152
311631
19416
56558
614519
808021
450695
953241
914695
873779
586272
665138
265279
210674
127977
870757
219029
524808
40043
839618
834126
472888
314256
287478
577708
93787
569688
131967
710059
26108
74945
752463
61604
335498
494154
650407
349385
953785
412824
686552
937877
678501
380977
498408
946578
305284
349574
972687
748662
367902
873892
552374
243228
854584
875961
362780
715218
77142
861070
310329
411431
377682
84591
718289
553669
407288
467546
413758
493023
508719
762879
320451
504188
769369
92177
424917
720712
290001
420775
982658
258009
426385
130373
702045
73235
890471
930654
859237
825174
360656
301838
499182
834399
956747
392185
537096
633907
287909
148325
299002
22683
291245
73685
73763
573770
849179
291723
701498
230556
51365
14118
19673
686467
146744
646166
486197
139290
386488
259566
391825
207495
798265
142738
354161
851715
528317
147336
808317
424911
110761
291899
558776
816494
216420
865944
864655
222776
894709
285768
311639
503491
482290
448310
300295
502725
884145
577709
91944
793063
472284
746574
621466
991390
513551
731291
995303
43539
431631
790512
719196
41843
859765
771113
965447
331554
223279
608284
769623
505276
193507
178264
640457
898101
432990
628753
146852
142168
266601
350175
826979
67463
676221
204180
680888
46270
314106
292074
306385
542981
806999
198537
684325
774313
307615
867505
114410
880351
611426
137157
50472
153555
135747
620993
535095
189438
251051
415294
851192
593270
748708
324986
337059
221276
180741
834326
924959
971324
507389
652363
208808
378838
47738
660199
489621
411765
851046
800777
701666
157802
183638
710716
745064
327760
155007
577312
977826
414640
785124
422762
296175
228327
893157
225033
725639
102918
388870
966492
20657
984785
893236
456131
169003
433300
335950
732098
237753
534929
81790
56404
901307
781625
991017
106
179587
293683
679122
297751
774217
58807
211337
181674
886470
695082
306786
513847
122111
460353
647954
835185
352990
282513
400204
263394
619665
571178
385513
519251
423582
824464
200891
920611
123928
470113
163097
830353
696435
598932
107516
714750
941376
79226
55240
808327
7656
453534
120406
691496
516967
28185
210286
137559
107811
976125
96249
903834
652226
663905
186384
73013
343026
818912
517852
161889
746833
702027
207993
551728
901252
857352
526035
455271
871255
108661
86535
364695
359970
246888
545898
936459
973699
238853
590305
574666
526721
358166
840800
743871
121441
900333
88256
846793
537490
569133
20882
605130
232258
544224
85003
672023
121745
299666
908324
127200
367657
164484
875638
310328
301125
753292
236300
824834
401967
543936
239627
115269
8257
801460
354125
854231
906159
58978
242477
113368
983267
465979
346881
184535
561178
401512
981921
118622
447442
561407
6374
546670
845550
550679
441483
626350
504926
558806
806137
989761
105193
70701
969098
7878
775342
360256
407220
8099
76346
347381
50849
539508
970023
402286
129984
20727
702003
340297
436913
537541
675250
925744
653239
401672
448600
49365
920676
345890
548778
23229
34776
219045
637032
328584
941839
975170
290734
983702
112003
38052
329
71618
9629
157003
745065
706960
469373
705971
102510
51586
381171
964457
70066
955313
572592
557947
823931
683092
598835
632240
815369
721387
390664
746302
207703
167854
837209
323028
765030
916022
111244
158665
1509
631198
724263
768427
427723
446533
431721
366737
699610
940476
297143
517462
477799
33786
173209
394785
732528
738132
474593
549618
513714
429317
16975
608094
423805
180865
338174
254041
24400
521362
819229
573668
575071
194323
213869
391126
34374
169692
274049
952154
270651
563047
231988
473434
298275
610293
642788
243181
302057
825589
158957
696432
929691
969979
684862
627554
600716
909116
50252
890903
619576
43981
905908
852261
802883
333407
650571
100171
565618
451807
467274
461141
850496
711883
448024
785447
671378
326207
463118
896959
999025
996213
251656
396473
898588
441274
458958
920402
983370
451413
499842
181898
514446
296921
304568
46096
538310
354092
936163
206114
958198
324962
237856
213412
655797
921144
116441
340287
581966
142747
772059
648688
633598
890649
258224
526392
463403
687545
508758
176052
325437
335821
108937
746637
46926
143060
159702
264353
707202
465828
364358
412012
739395
144272
795259
582325
8427
242098
635634
989180
400685
125931
361458
702948
867889
36126
708983
387858
590467
835794
479112
487498
582223
262167
96561
391359
350176
624758
597708
190427
329457
961436
531858
857160
361588
34335
777715
100538
731055
748130
665714
548368
342542
685237
195007
208915
481305
355184
435567
204703
985825
345707
530336
589772
673676
4891
523423
903402
610681
675633
897039
508049
803512
274755
527360
321260
118995
245438
606421
508166
938674
319910
921428
318245
60349
62463
352901
525293
465113
755170
498993
700757
393252
944824
911575
527831
433469
45698
202699
28125
905741
557266
512175
772110
922138
618788
136353
488941
754250
191342
298974
607875
190594
975820
169423
724129
650439
105253
342226
357794
274296
208615
414907
840469
228172
514000
68923
581470
779297
510319
383724
806546
926361
238883
993474
185683
244955
441332
247742
512750
486372
852078
378439
680551
994881
813432
189724
679573
76617
754087
599385
971199
997652
645212
433605
719171
711723
621629
284090
651446
612745
479583
237536
476883
102827
339665
800362
994512
92727
82578
60998
186657
77498
987700
327534
719413
442562
160744
411922
741750
140770
491963
419419
292617
453771
826128
844027
505499
971163
386186
186510
729190
881739
854322
95628
335523
514276
245119
65646
154699
57255
361105
174881
494852
304965
106582
767794
90410
327209
101833
666030
708088
189184
442492
889735
10116
747301
106251
557269
721586
80340
317180
474204
146643
411291
287801
159963
162863
990622
340151
195802
794610
715241
912253
550700
469067
282278
307805
874816
830007
357692
703931
931015
806370
753416
624874
614225
326989
832322
261481
945259
567410
305086
388420
347065
445972
637408
294751
695966
987843
83222
813522
148589
318125
461848
850928
897334
46467
93761
57322
851746
796110
583
913856
119973
348870
985457
694214
45741
177993
299303
210551
16620
705888
653509
7068
800130
589176
64042
290600
525331
502856
13877
430299
26045
438908
628660
52780
171184
848923
46500
757307
53900
778449
362862
911332
159981
803584
134254
372339
437430
386701
319150
190853
3821
56618
924159
218678
333011
731224
813107
559634
124144
812731
967989
342015
886713
167256
296621
360847
825553
626050
219709
359286
56065
747972
275216
899105
952443
168649
868857
78833
9740
42853
460930
658745
747205
504542
290614
106642
552951
510695
368230
973576
381750
746291
382597
741587
3773
395689
447409
426116
809856
906711
647001
693626
892610
470798
399395
875915
548078
367613
271186
323800
322753
887769
677599
641301
181991
40939
739960
421096
476507
671293
76845
191584
355397
992555
359914
450306
262012
734073
47952
224738
523365
981630
642983
723130
788529
301313
848370
431323
951104
588730
921025
90326
3704
712326
801072
771968
213286
203245
186774
376968
909726
942623
618322
966673
235457
532665
957551
469005
530638
467985
883057
236335
721661
890683
157506
282793
364728
438176
191687
379577
65318
294582
660821
89750
279948
872245
901860
51022
42546
803033
515073
516879
889138
41292
152581
574854
485531
115077
448349
246305
261847
740654
32587
755536
584467
526785
227200
219575
104796
352200
928662
81035
26356
227075
653831
761715
177735
594796
890720
392244
174420
232191
491697
417291
87692
512101
72472
100655
630692
767370
875628
433979
42740
601599
232492
999724
469736
528571
641570
418801
218374
529877
979000
467468
615927
241045
687726
104674
893425
428109
150844
122462
247358
177211
692201
150925
540138
579628
577496
234114
591752
945563
481976
16612
164804
602225
669993
723662
222599
818370
157208
988523
529733
998900
279544
864452
497821
250725
948936
245272
695198
707758
219604
77595
741574
940522
395000
934645
822701
272947
736988
664139
549429
952214
158164
402891
429166
256586
889144
478475
913626
450099
519400
568331
641146
904259
49044
719774
727604
168130
505772
162333
691247
243045
832720
78463
33711
656163
427518
374332
836084
450134
995544
663054
273706
335999
184791
219397
733824
992728
415742
682414
94046
369805
842237
852453
333928
853442
40302
970553
787172
349131
527413
118719
462336
315309
955070
215590
860552
518143
323367
451989
620430
986910
786850
74816
725731
967382
411621
77435
848497
186837
987059
53758
46893
368258
542258
172755
571456
343178
774736
695607
753584
191915
863177
614315
110352
771522
234734
288769
66426
660088
221901
655729
443597
333024
668332
927396
934946
938011
573277
987512
61219
185421
317679
230629
573628
193835
294327
128626
548435
352424
177509
804117
13795
755680
644996
224410
682152
272099
969944
737090
486552
541658
328117
730999
892511
971793
614259
43613
166964
899246
617085
872236
276788
566002
103772
620551
782768
79010
16911
185279
858455
641342
898670
482562
978120
348185
882167
757619
36407
564884
411992
451309
988100
335469
685256
347715
123416
264726
911812
62741
211709
893561
641874
966636
988797
122030
296183
12010
986307
134508
391018
430486
438544
896462
229859
522623
36766
435997
396691
374714
261151
640957
568593
396650
51079
658069
877324
326575
120633
181978
971826
366650
353747
988922
100590
978278
549505
601478
307440
440451
56931
493367
46651
403052
366898
566899
889667
421767
348857
765594
945495
615592
569044
733290
197098
332026
886108
462776
107929
492702
412417
255776
671903
488990
460221
783789
98691
303603
763825
920434
845869
288283
718497
888464
106459
525982
329320
685247
645933
755341
968433
545921
855398
441996
821719
459754
370380
225819
644000
569536
582026
318296
391313
951039
735697
775925
361768
516193
862554
53828
989415
859180
377969
598114
454514
783609
991761
547320
574104
60464
843515
434651
576801
886226
764897
986553
885449
608374
118008
874838
975556
298158
827788
145332
727565
596660
629857
832823
663140
501437
873301
147398
549578
174599
432669
270826
492452
598248
538246
969719
560871
273974
466341
805323
416930
118821
572616
859317
531066
80117
291873
726262
353240
957357
213376
362493
429120
875544
302506
349943
627983
492940
942694
117395
333062
295134
388920
643612
573758
947447
539156
957286
943149
246410
393943
670025
594265
719674
500965
814826
171392
527430
334588
818028
308232
514513
710115
861255
348081
853541
69817
167828
688423
354101
999884
738495
908144
905316
207094
552270
892316
398455
515912
1845
176006
459376
921883
371764
146398
762965
783101
253156
937813
427493
643332
321536
171008
147943
860555
796262
986053
524112
45318
900549
433534
210527
386544
197004
743356
88451
615313
772423
399468
606951
778813
806490
541569
697287
358135
903095
984377
40249
312017
386332
599190
934660
921787
121111
373257
636662
680388
320314
577866
720911
914097
630020
52593
98556
785052
904649
192942
90331
144040
208563
442731
266880
319308
945185
740954
117422
859059
44636
911790
287431
493961
29025
642924
963700
932355
215548
866809
647765
200985
889386
690090
537891
581815
177413
453501
264381
721410
566612
537320
911509
977264
364432
451634
635503
893963
640935
461731
415233
463470
885196
120253
588889
283244
507722
212163
232003
609142
294015
444670
699047
962603
273136
554677
460712
140269
867127
206105
847876
395400
622967
607549
166206
897239
409249
519145
652834
469934
992885
521333
653991
315104
987323
666657
563068
494083
520418
415149
51029
893896
832684
328868
810054
895274
987986
151922
833335
581395
382824
783726
349840
201482
352975
486422
31192
718293
615733
251135
91635
117858
932110
827541
704589
204787
273290
550582
401909
563221
489536
143823
284013
288360
491961
450188
607841
160257
839275
136755
52973
289642
586157
764971
278292
746779
177604
177144
868391
803057
247017
255500
794972
610389
666293
839713
701575
913014
300818
703343
57343
129223
256665
817056
201540
414747
947423
52295
581993
439916
580634
829650
796787
517213
468444
760244
315500
302459
91670
955964
5300
537174
604996
188571
393755
364510
978990
194238
209849
570398
684382
751429
496445
869636
178119
903986
617234
783409
53412
882611
480553
160062
36871
223146
310525
643632
128601
246383
410711
383400
228586
23498
559964
62382
635913
564501
12827
995778
559859
912845
678097
400379
183776
951183
818183
78521
965757
991398
533287
159784
302708
434950
511086
156128
700096
785908
665142
669832
704794
720843
733253
547500
636042
795788
143424
399636
447599
978934
315219
728944
699584
349637
393193
28424
623981
636468
409246
83334
111707
975296
854592
121429
141704
281603
596709
340644
904277
560776
951255
222893
880000
133629
386837
131390
601952
861504
515527
956408
17536
710789
159342
229492
863819
150402
266401
550929
183437
174749
433747
351365
357694
397830
63849
274277
869447
958704
129153
273171
240354
322034
937039
249080
51537
397914
100014
896002
324506
773944
145864
5977
239724
916564
853354
787255
849610
564556
45838
376887
197567
7909
396586
48663
462736
906420
36615
588239
94855
897566
419125
181700
971114
376146
107486
473110
43071
419845
919838
214645
103576
459715
717794
539062
459210
995524
794086
882985
683316
236644
287634
368712
3468
250085
588275
391944
877364
204711
423924
724403
445630
982494
959738
399673
759199
229620
555780
176937
966219
586127
84690
829447
550670
123306
492710
813407
512325
414775
867106
28866
901946
207944
944548
232862
188582
211889
652508
711512
58766
91288
827529
360549
491537
660797
871936
606783
216256
73373
420825
573130
256437
182874
989812
911532
773833
993848
304168
498267
424775
689701
698481
263666
577374
382593
283708
433265
627280
6047
690688
313027
932690
112698
778949
943163
432139
158060
222694
285686
652213
789011
787754
904739
475095
269954
602098
313504
817625
551927
946010
308383
718070
949504
398075
47765
284188
784352
63752
878971
346597
712642
449959
844665
71797
503931
712818
213546
515005
547785
785275
564187
694451
451761
149447
654285
413750
461278
936840
128080
902193
194113
718066
950436
914033
636024
172053
925888
220610
97122
275773
878235
295635
791772
124072
120596
74086
529525
202946
245241
425734
720002
773236
887545
481098
945530
968536
432574
322493
961347
869182
587354
468311
74380
885923
477920
624590
448020
347104
291838
559346
593763
527861
436643
713113
206419
499796
424781
226645
945734
603237
170475
388251
848416
884960
959125
895514
755579
352250
319647
751194
299714
626425
534490
616325
352917
830058
362972
320364
162078
398094
51932
587751
856436
426007
103339
656723
680765
274891
473910
796906
682480
711042
680237
980775
647542
260504
415293
760631
842255
38829
826216
120950
342075
684352
987536
874366
93036
403358
306947
43894
564
887528
638877
378145
371732
576522
607366
862126
79667
152036
664949
385527
360872
131413
131514
103916
897209
827555
73820
717168
992668
947320
321839
150546
951390
201762
242920
110943
452471
250019
515492
38849
177823
525431
475602
773891
549004
157440
193343
24873
107770
191007
662218
292657
254456
534577
26592
753012
834922
939721
564903
612622
981759
613920
877199
646016
546757
200420
242802
488826
960374
556258
232140
686716
493547
19322
549559
142881
537160
746864
983239
792877
256537
881088
97834
792846
888410
54379
731331
830748
488878
782452
902885
663187
386389
257873
877670
885244
158480
89434
195186
966890
770168
817960
623984
42991
538626
545505
886997
112846
463638
585887
69141
312202
364920
570746
174519
838800
912055
877600
384877
299045
407239
434519
477560
374500
931812
370754
55673
194754
345507
896103
875499
983826
918908
224152
417387
771329
606051
66733
751743
753858
589793
235962
919908
693708
978491
654794
202181
566640
467358
648067
630735
641355
856666
794876
446008
921893
277218
3027
377043
801992
134046
228426
304407
879621
169281
871714
304987
513757
747885
477668
742204
976372
450810
778699
666261
326210
768035
45610
926707
308865
143740
596305
76073
439500
529278
753353
789880
750781
538359
465011
134339
820256
58044
263756
574578
528999
365254
329519
217330
633943
329801
644802
928163
181514
515547
682621
412333
190468
687343
258918
778886
642389
273863
564705
157994
650033
165787
938583
705958
895590
81432
202141
922404
185793
316016
460885
345204
623349
917849
343713
918943
883788
145230
187911
221390
999268
234984
200138
536688
374804
275985
136240
950529
623131
676769
722088
483316
304598
526594
869572
389520
252176
418580
673508
238464
438174
298113
758594
84903
418753
114343
249383
215581
810573
704877
615170
532574
465510
85000
228638
896957
964410
999759
192402
905942
167290
952579
502646
106451
482160
42360
540536
326582
706552
313635
167248
351524
15118
424038
504627
39636
769661
813710
127346
915031
529029
487779
630101
661792
850863
464681
993507
735863
44864
671596
744332
999285
894458
83047
718348
402735
328252
848050
297729
928148
442135
975590
247452
659542
393754
501639
451205
643524
364690
467292
829367
381217
846076
316566
214728
998094
451650
404910
55213
634517
219238
137338
277311
815107
517684
919688
283870
71301
103656
543495
723877
787954
672393
331524
3279
19166
820731
273823
141854
272839
765876
619599
20497
33039
639055
784566
568599
657289
533313
854598
439451
215354
877668
585423
478314
638798
911938
399266
396271
670851
429216
155302
24996
389229
370574
914929
446782
428418
807880
885334
920381
791863
818206
378934
140797
374770
284265
455271
661383
255871
854834
370409
37276
933746
698152
739961
376291
183258
179988
867389
735982
313992
411484
318708
801186
4321
495578
957865
362787
648303
737370
950674
994137
490159
919752
342415
933486
994435
622422
60537
77697
452089
68685
930856
418370
774248
433330
130841
661284
201945
65099
825286
162532
953186
910979
552316
669001
47631
399831
699449
189216
319461
609372
548945
525643
409458
533695
537698
430496
375305
40442
276701
715216
477321
888196
775157
528087
936170
16374
779810
596042
708561
315980
567844
279073
810526
654771
57232
522105
782681
386712
378318
625785
104689
192606
12607
795719
225153
963046
957342
932742
525506
139174
47678
529318
682846
615312
61502
647305
753188
722756
842383
307883
636511
397593
350215
56558
237432
713709
836582
315607
409529
940995
898128
751793
997651
22042
558327
87011
62300
256033
233403
616151
562885
230898
700438
84931
969117
66458
260642
238879
942878
611633
748657
507544
182835
393274
2782
672977
239844
187427
521343
750241
790336
579776
467358
633796
795102
893883
643671
294944
221828
944909
258525
776096
554108
638021
22978
586254
268764
22361
553384
260055
502703
442870
964067
343749
594772
708230
998233
305903
830555
672104
370277
383324
957731
118297
459627
751171
5157
239769
74963
755398
564327
171240
710602
457959
427688
718320
375930
990897
797870
933072
150557
893546
694961
702486
77467
441510
967423
214679
526041
515339
40947
451383
717085
579478
228434
68355
496811
123123
333917
336182
177591
599840
870881
785263
12948
877394
846857
643028
519622
891594
770579
581962
144634
189236
110623
155469
3334
843552
483487
970972
909651
262909
304662
870427
389908
761027
936537
107593
501845
988676
922262
22020
287321
697608
838595
691021
668728
165442
204470
771282
291588
330389
167440