432307
502662
643901
520222
814326
439090
81375
613884
232678
269504
569141
182353
264234
616971
632962
696731
901267
552889
700190
467776
3336
313865
739567
290285
802301
383164
778746
472841
355539
415257
157540
823032
642741
878816
973773
420630
484303
909948
732658
220002
83677
366354
935543
410224
288195
998911
451355
240814
176301
167721
930330
726946
909873
650345
269786
207291
957540
692887
351854
67798
171813
373475
515266
291129
302591
324040
820302
984383
901448
244303
111859
275046
574797
75342
963512
724796
64281
628108
804006
392166
787019
461288
712871
149189
937514
742015
133235
558701
478603
122409
67783
305161
869676
786614
514709
115110
398981
879605
144096
261304
231124
646319
223804
270270
526119
891452
355065
481329
386744
58960
373952
505204
978881
366188
196546
57815
749076
4635
817185
699430
288666
740819
851138
41108
641408
635719
435951
747726
110894
266237
384645
869042
513797
451623
355124
209433
306496
566554
495295
897559
369006
892727
72587
57524
546468
193898
558455
808383
935915
678669
295122
286804
947683
792123
743056
203050
319128
9557
484500
522620
999313
808881
205434
1407
225848
222222
689183
434166
92065
749250
966444
997404
424704
814276
97217
631942
478158
543156
821589
655164
638575
985751
7416
631780
446476
558837
740163
240679
720434
80789
557839
24681
739635
460978
746398
610300
141094
127123
571567
38508
58065
733277
411575
344848
396845
767221
247507
884019
761932
262750
37531
504386
755792
852326
557972
989927
216839
116627
970884
319864
701925
701512
276294
124896
387440
565894
733263
114809
472602
411767
490377
188777
908110
522429
667646
324399
996901
711238
798006
854878
438924
953241
100134
831969
24049
882159
485634
358045
474142
812635
367516
134116
973454
920761
749701
837586
91409
79938
919428
563669
126525
722309
220152
835217
866386
357313
222408
252057
507516
998965
776834
335664
99575
543262
175407
208577
543945
755740
863779
729976
288278
126070
335042
355828
722397
347130
183664
907853
468980
999725
318708
350430
252314
11312
145823
243410
689287
89380
807452
702048
289377
837484
139489
760108
543442
532899
609646
234487
900116
658300
943780
807686
884625
166876
477239
392889
163979
994367
92475
52979
421900
408415
918291
710558
745787
257669
646593
980548
680761
184878
23735
771834
399244
100467
367007
797330
907010
604736
650070
404760
86030
294501
818536
868858
460620
337531
158914
631176
274717
150617
448354
2810
839825
100202
23913
301726
358440
636384
394845
460803
619263
413932
392390
622790
552283
751192
850122
42361
245855
92252
800687
532780
852992
430564
535386
212260
261507
807473
803006
349470
507027
121980
526425
284957
987428
330979
904270
341092
818242
471931
62898
127191
894304
813759
294389
359898
727744
268564
838771
211278
272559
350347
979708
911763
340156
759363
294074
983732
833009
946603
940447
506608
495334
106181
214783
141621
356895
909397
479285
328910
247562
215292
593712
625579
297265
78072
867170
638724
692
774623
170368
746888
696722
425281
642032
399988
212785
383563
113658
592717
702263
835040
934893
350304
597254
72230
894193
424270
352218
142316
246376
645861
262330
615798
242717
907650
991073
546763
927432
25470
448755
938936
395381
210915
732586
576968
800493
253181
649361
884872
727380
277221
971212
716156
744537
431522
78844
668957
990031
421014
294510
528556
350496
661638
983805
283958
356891
356132
404274
318680
7842
306328
599738
782777
399264
925540
348102
980568
954074
221464
630957
762262
733597
862867
990579
608007
447145
952903
396679
943717
337315
800096
293874
705896
702345
984996
547700
259270
437522
319559
135455
286220
702379
473549
963978
689589
441322
51466
837260
422228
248546
978492
656886
416299
174821
33607
909663
881856
689294
226695
425206
41323
813124
21715
783801
978420
563284
277266
486260
574750
92591
608952
632163
571566
821386
986992
425059
175919
708325
597141
840435
691873
51376
905650
356620
568329
327091
183274
343366
276405
623837
459395
949503
966843
439167
581628
444289
756193
637847
411135
884333
640230
41383
382712
716641
848753
417061
589476
357721
2299
527452
41849
528020
413931
874707
787203
946409
278882
242616
405574
7652
919252
542218
174018
76107
730848
173825
707770
829420
529723
383714
841263
984862
653409
331046
841318
614712
814375
401774
458419
65143
963998
590221
909044
426869
741175
371014
877024
765390
991055
421165
133249
860055
124505
878185
878938
942359
909707
809472
185116
297210
984490
160841
972256
332392
337979
554008
698628
243183
365098
876747
587702
859686
988773
843963
27998
914774
290023
12021
415957
927463
276563
814067
72613
138717
645635
463600
560620
940920
495671
732954
752407
936736
391187
582599
829733
692067
613462
291029
394673
645566
735740
821096
340008
932420
694151
198381
862970
203572
394502
286941
171318
246596
501705
670300
31980
947364
15880
242359
343774
351928
323541
485736
196312
780286
120631
362920
705685
707263
70356
159397
451326
821056
173122
443253
581902
553237
842364
310917
913170
159690
559460
317336
86033
853756
108658
955009
385522
586853
170962
844175
44007
68766
432418
27585
985503
544504
561288
109635
510159
435708
124522
217217
643209
688631
769529
983341
134086
371623
709717
182016
139633
397590
941610
97057
945279
61929
571909
893327
255657
227952
895880
660338
580443
883519
469679
583377
264597
718640
456677
797343
957954
794616
127025
97205
266675
96645
64164
595714
569206
899309
293320
393975
822788
722927
108570
442266
515127
905434
724609
581128
517035
844034
74412
246024
566295
222862
37579
650633
76377
473516
370427
357089
112764
16840
723625
72354
445547
288456
648736
49154
916414
16525
645672
347294
285062
883940
826297
462159
351764
250564
939189
312179
536387
365681
702453
786700
478786
255572
112856
283409
924764
590715
709233
876942
329823
12335
426240
937545
210628
756249
756421
531793
564321
35888
273371
9122
321139
992861
679872
620516
109659
211526
284721
367956
761250
362096
704400
432469
874668
588983
52043
214342
483171
868262
588564
314356
496485
492467
262092
998053
771369
263439
845287
106198
210577
450102
415949
173074
146185
565687
129483
934401
210913
29046
991728
280709
883165
385517
366957
77980
945331
690987
628184
739097
966904
750881
694147
695576
119000
146241
611088
139815
524830
244709
232188
161146
670093
345751
278553
175768
798660
713599
965810
671711
886088
831958
558512
14320
771668
572158
851485
855037
759838
132648
326575
388070
710715
419463
697028
817862
135093
230042
721434
510190
179036
727830
887317
804709
657902
676511
470881
933931
468982
777217
799449
40189
794297
350936
586382
421580
865769
885728
130083
362542
142680
182087
430750
243308
106618
56372
104703
296149
611335
504101
648313
114052
424196
19719
190429
887279
762088
807315
20754
998755
983501
149781
312484
818391
150178
700604
263906
547462
516800
457641
930094
951045
256474
148536
942898
206235
234417
484709
121083
543371
599174
793421
325923
758613
685004
183259
741497
165867
335618
449513
365969
583541
886570
98507
351173
831196
891695
281987
838910
355234
486632
643854
614528
816293
916950
9937
646307
237235
462181
689978
427353
749928
157519
806735
322401
383881
651166
411386
280439
621435
310606
549370
275148
500222
44544
203928
698236
261685
766548
150870
478271
234440
459278
826326
661166
795311
963879
499310
560458
349737
362835
809550
735049
287392
442131
289292
925639
19545
922826
952751
375857
151250
480129
532537
349206
444791
98012
949052
698968
974439
424147
992585
615737
454878
448448
476965
122752
648689
109452
796171
201704
784650
413592
408429
558214
686339
544139
421628
618977
869706
230146
869631
862011
390235
666704
464270
420374
598528
818653
186027
272451
12738
178858
428414
474615
737373
294721
725549
907236
701314
326407
107384
430286
951982
949409
294017
522115
783678
376872
127593
912512
778
110239
224751
634129
637930
396227
297200
28248
117641
373263
764081
977866
341088
980815
121543
333992
513509
475664
713351
182940
154069
497344
713590
325814
334321
274217
956549
13327
469627
114261
560633
58141
928601
475218
898500
212610
203227
559235
762046
595831
569035
597953
927028
960749
519788
345917
248716
983150
886958
427214
815363
63174
706147
136309
298663
558512
189697
305928
840286
461020
752026
14995
457654
970709
630054
523327
924149
27695
716746
831405
776920
859744
771225
254808
366548
567781
377816
545589
664078
21399
155331
347534
122967
897868
220303
670458
975471
209428
316476
410773
644248
119965
255552
680641
404371
929680
670507
640302
490733
77219
742804
66353
201052
131180
193174
2155
352947
829166
286613
966240
801041
963501
128096
185325
855483
554319
97616
545489
454111
991583
33198
36250
829384
564404
389480
921186
558057
993260
255552
658381
443694
465811
777224
853749
90913
824697
98313
845017
293898
564565
713708
915113
8694
135330
240059
883963
897935
560126
700535
559576
531671
356980
470927
375996
138537
231886
600494
274321
337392
626892
994285
443467
798517
56321
628750
162798
246407
4729
942535
881316
821850
804882
616997
196954
109974
770912
688563
332884
755899
294876
276256
103922
581136
974269
577647
248478
411579
823512
680478
444279
51667
224613
221788
480965
29143
108086
609527
185317
836315
121361
356559
834432
960327
189621
453609
251599
399060
773724
562725
879699
355969
409447
273191
320166
760715
258196
661060
476681
854231
996957
587498
553373
884363
826662
694443
221195
27607
92786
119285
664144
983224
287098
751743
137161
100024
141075
451242
510742
164192
119525
851825
842259
549540
782203
284620
949559
259037
729270
295243
395875
444980
517068
886107
551991
587503
918083
53387
262986
107835
511272
282333
395216
76115
431491
79050
966726
106421
164249
825876
351769
701824
962079
387173
980123
610813
855497
767361
802963
800005
320528
317942
224839
938026
803219
707571
348055
520146
939170
693545
517219
704403
534751
192755
973073
154166
499561
401321
497996
832863
339172
305450
376707
362190
264420
183904
346892
892189
292096
846114
554132
595660
734954
807445
901320
774571
205325
340149
840271
92817
952223
520588
187792
852037
156585
679683
91704
284246
44216
928880
978151
942251
749201
388856
259808
536348
265910
331888
301628
3579
746598
262045
498359
504103
43070
384706
607962
61156
773360
329388
792122
773867
910379
637333
665348
907743
905226
200641
668250
229989
974096
517724
207012
691524
42171
380665
648173
105492
277874
598689
696166
402089
511662
254747
711427
251237
255951
655825
35218
299248
688791
79234
446927
936962
420582
606276
157374
38136
920094
451750
572135
682601
217403
44643
476201
589693
422856
662575
928254
795527
36346
292072
574079
145625
818976
471485
446258
10035
521704
667246
526529
696554
23873
138702
567247
922617
220626
436817
313300
534976
708587
220374
83130
827020
898131
702198
297594
380222
887198
993254
578885
486877
424547
647346
913555
330949
447168
782982
419432
687299
205834
123288
130171
860144
965434
451920
219464
154462
830978
465182
78734
787029
172729
398616
526338
859667
396501
171359
714001
745665
488551
807102
546105
558532
399900
779113
98017
810719
356280
527072
427801
213108
284249
383182
577922
317001
476850
471718
507121
432261
136125
86627
265539
690697
217760
795812
395256
808069
863737
784416
874037
94196
397483
931107
367588
434159
684952
143202
52774
704390
225385
739216
404784
685932
285958
411740
865547
421577
90006
774590
484430
59994
730353
899581
84118
101867
691719
703275
753958
108464
743183
519535
831659
361833
51050
229246
726799
113645
5361
789214
165718
857839
892321
332537
620455
306376
796786
303802
829102
106147
418614
791768
188737
702121
978563
113932
773899
786593
336290
478769
331236
322578
492983
763979
318436
824354
381255
412303
626650
234772
485422
500172
140815
662567
327819
180734
23123
991080
233482
500162
94694
457350
545698
104476
541474
628734
819259
225312
242979
789468
845301
13940
696741
222330
874420
235786
675864
258786
389040
214042
559502
44959
361873
677439
14233
715879
375982
879581
177629
589381
459
321317
922276
864926
32739
411375
527881
560182
278714
857981
795568
268890
884535
326004
93440
535447
987315
555177
683634
780100
554047
592040
203739
890055
294556
917356
464829
158298
859802
761766
837963
30899
297203
711552
861982
952678
803814
984730
361941
384992
289846
870176
162874
432360
888426
974626
755020
947992
322910
592700
717734
893093
238059
563350
932930
503011
449409
777564
312171
307492
139752
925258
154010
12331
138146
9195
580617
902670
459037
824278
943598
594485
194174
144615
273386
44324
240661
679233
36964
432827
644721
648327
182352
886881
811078
397186
764651
660286
291527
179720
688722
1802
178885
846332
740618
751630
425088
194160
565125
645794
853149
843002
950473
298012
379084
305667
67575
618342
737248
248731
817951
844551
999455
147894
228317
226114
201297
45330
754343
809797
523502
488987
988271
782992
749476
561563
292289
133013
941017
693044
251326
278388
281597
572302
412129
455651
273914
503817
213809
375251
293036
70595
703769
252341
9792
148400
451480
347618
495108
726989
608102
459124
676102
930047
185679
567933
393305
249962
724440
432251
2324
562721
812327
461237
208257
18411
102747
284285
277347
637380
179116
693890
524520
346572
607496
776744
75500
296561
651609
561158
581868
594370
276257
999385
391328
871060
860590
388655
571836
541703
957245
522859
755968
351267
497105
637383
232736
57419
94632
127213
739684
521609
674980
683940
515216
974621
301299
942704
671106
206300
476757
486460
885143
80208
313673
184462
440454
574884
72242
593078
319982
806246
234588
509904
560539
906816
627773
72904
574849
299765
266388
491649
629586
858003
949034
425434
316932
423434
278974
336169
332569
839600
927715
272293
332762
427288
284280
174008
343929
958501
690520
688970
538837
73901
505580
799889
864106
647149
333300
280278
813330
816324
572529
37165
885984
613700
944883
301612
171710
323223
196072
810433
747843
906917
771096
347228
799106
550817
535772
386925
246013
837260
752519
616865
994374
916761
772016
687685
444058
608674
449626
77721
196117
890541
233346
724651
383817
345808
379768
295294
298591
129373
492366
343452
1370
763242
3137
495502
213379
78789
758785
616194
647408
789320
897493
197582
375132
449896
68395
681507
447673
289970
157796
861203
271697
164254
319872
765606
562819
782280
187756
250436
298802
339377
176862
62538
801934
409599
377580
160291
694304
51650
120710
834096
623474
340209
494609
514658
692920
44252
493678
998219
403709
692263
594692
610805
954305
409507
729903
751529
487251
747289
701342
322654
903197
356246
124360
273985
402412
192628
20428
901212
748431
43956
539102
108019
831421
434328
229167
332756
243842
888012
581870
394475
548011
65041
400857
760358
914697
905271
850127
165952
950047
441519
303599
8436
965034
268989
202024
14929
187668
16798
915021
355806
735336
137905
757320
302014
824213
850716
152993
281798
134721
836193
826830
601952
497372
15271
422346
697584
793110
741373
827280
957891
4529
869421
470636
554368
247902
66317
903639
402258
670275
561181
781997
736983
6966
767666
390458
33318
835438
289899
451638
81527
697591
806152
987104
747094
819974
2248
699400
310282
770094
822179
689556
343592
894482
576662
50651
983009
236610
764328
155589
88962
415832
88566
718052
746507
226783
192505
49355
274602
761709
179351
867345
513665
873346
22276
235582
887791
635185
278841
908590
584108
305125
564303
301861
353954
279088
966641
755899
474714
955246
542023
713211
343166
884021
51172
871412
21590
188871
115484
311041
737912
542792
8321
794185
259612
87856
938973
950692
632156
12208
102916
93461
871040
127935
941729
746749
752304
929665
81058
965643
500665
9751
935732
478823
702355
726532
660793
382259
933676
471120
575206
706637
903015
953230
384793
669041
678865
950451
225713
971640
80782
608589
935777
742650
844962
407249
426945
349817
95749
175237
15276
240437
503864
775638
553608
477832
67566
107982
340326
261430
797991
72751
3204
633033
792838
823346
137134
194428
829946
698324
244474
596631
659663
90595
578395
929910
468055
281206
739091
422759
645659
102414
16046
117679
170450
997178
483817
258122
29512
302899
284623
797197
846339
708991
473261
3775
514091
842842
705898
355653
655073
614750
443673
962119
142219
222428
785712
402295
268872
28007
871832
529341
849218
836307
57978
78132
605861
387706
876854
940576
164969
376639
431023
840431
763638
286103
798067
576226
734448
434838
444666
840466
203147
880063
599039
653341
348024
230431
386707
680717
982395
22198
422649
255265
821911
376822
856622
249253
84705
317994
210788
77727
412062
633571
731847
631378
972892
164346
864219
660309
96388
836146
333933
463779
736050
664013
844921
851290
444591
492453
446038
683221
437709
406920
972086
130525
813351
23717
324452
726906
94945
81513
75251
168242
754937
404881
607457
751804
615805
139665
936788
841593
702483
390396
502822
981702
950131
83412
706278
760506
985273
837752
241739
801172
102771
281557
843866
428974
316599
570897
437059
184352
759425
238461
182748
499360
648235
590589
768218
572583
776508
436180
37841
28399
706539
771292
170734
697683
953677
468936
473197
793140
699610
963864
325104
711573
450881
345835
87317
483879
229164
904856
55717
504135
670543
631273
615431
161051
879962
658883
905573
108995
517692
415006
429378
967871
324931
762917
613470
216686
437487
731411
887482
244554
230785
13070
889243
137978
911749
151909
869078
182855
771315
727788
243894
770128
19939
847780
535195
403923
620311
715304
485982
746742
11000
603496
458661
48859
961740
902472
727779
656392
553510
199693
942287
777841
239134
11938
241653
256785
972741
452424
686755
654185
227698
468187
399902
135479
517981
879713
178490
261900
875438
315467
524636
992802
800006
450039
933481
296049
397997
539518
587523
76455
50381
43188
714282
810384
768730
553504
73195
277524
333633
584000
863948
248819
262017
793494
525725
221037
351302
618199
822456
64586
649187
845145
460853
328719
689636
673266
321934
171204
198310
260433
805619
633765
175671
302802
392730
756405
612717
466485
268699
738869
883286
13680
341391
594905
666683
126111
558507
47244
842662
664287
601977
288075
152443
178016
720344
773611
76661
650478
921265
751764
833473
48992
261820
497167
593284
371221
60408
857108
30310
205037
344702
909209
233548
61451
163356
259187
375274
632706
349362
767515
345053
421631
590856
366141
693799
37864
773826
411830
501368
406062
222511
284884
302410
856761
449023
134543
831478
818067
606043
258143
593226
324868
967312
729182
17296
956803
719928
194703
86896
619973
392184
494361
945699
66337
224000
811842
747458
144176
921415
394675
329048
312447
702080
117806
241396
673688
408670
720554
549490
746587
157307
313804
46891
959434
482354
87155
230961
479856
390270
212597
334455
21503
527298
431977
460634
801808
763868
735627
649576
905337
876185
540009
823202
856736
712537
894017
468844
559539
884036
499646
836694
774328
394223
51423
497284
512055
618885
63368
371828
85169
860176
546964
230818
349417
400302
794285
278657
805537
355139
662161
790693
891742
170976
429692
876369
574533
103144
299196
430955
733822
386349
686090
17140
637666
449016
903091
210674
186531
693008
252397
693302
71150
739104
655258
447155
670944
311029
314801
464961
702904
623161
634557
58124
372874
438557
579824
850153
558715
156858
568137
720319
781917
842898
527117
64330
775472
502989
579596
571839
455911
753715
185208
785258
365750
534638
903861
564259
687943
676533
191756
936070
773497
969508
760460
864072
163017
363536
215007
34061
588829
551283
402457
777218
936970
352912
279284
942186
754764
505793
101355
839259
769223
108245
880229
98336
370506
483399
297473
188415
851274
549631
462274
791690
199039
148247
533126
655196
115499
989403
920659
412123
859043
833672
282149
856090
358886
879697
548496
699280
587146
838050
533311
706638
238748
41220
658368
120573
380557
818087
14007
300623
45972
420158
997198
543086
745026
250911
559882
137758
621560
137984
985287
977141
886177
362837
26885
550613
13966
176389
780085
25921
404838
722409
394758
91649
981845
252121
60853
841670
390179
734146
289285
40174
669630
344517
42599
654712
544366
381377
550722
264846
653734
44372
509518
253927
113419
955314
738600
389606
487038
213126
641803
716386
576821
313699
312288
806076
373913
403976
399170
668822
361265
593971
637389
134971
57628
160745
367119
651431
164688
699463
795635
196923
485013
820603
977111
749282
106475
733789
175501
214083
217286
95949
789159
98828
251164
789764
534845
325920
587505
817730
157451
704477
688982
905674
701839
792740
563387
581147
463923
382274
473276
663071
99799
623537
709607
887513
985408
491589
569737
517157
551320
237856
536228
968914
174271
667492
614358
683673
287798
705755
837184
254567
238838
309398
746396
861207
676253
58791
212533
813017
954059
652240
634041
767145
272906
172294
568326
403070
78963
827952
195521
906552
726004
884139
140589
563045
738711
274864
254158
493932
453165
784521
185427
682578
93673
873058
921406
129981
740730
176430
94631
778051
540272
191377
786277
213516
68316
387645
518777
147898
138698
959243
234378
167981
573324
949507
968487
40874
365071
305974
591267
868607
290236
471427
585215
524375
497690
924152
532919
778989
676843
95622
173288
318139
475983
784012
341334
77656
734944
138968
927324
319585
130953
127334
770456
316742
998215
552067
862521
815978
714199
490731
214900
331910
543833
174893
691623
775274
876933
649192
97766
72187
309542
241664
91327
932037
371597
311664
688617
265726
749913
630967
21131
741792
413137
535520
659641
900838
473964
594736
834765
492318
546987
629383
4017
396168
486436
126726
447996
945475
856352
403860
500674
421639
979697
902495
961553
595634
505184
597592
147045
972797
914600
439565
873048
439205
920605
720668
815526
281275
672370
844819
117880
770596
858421
711610
881636
806574
705330
571523
543872
522048
119438
796829
243445
609809
687415
318956
673318
303838
918853
342680
820572
56304
429619
235919
581775
208832
757740
226575
534291
900792
629272
84800
412695
660127
415777
887834
521290
738139
394462
268421
955655
558809
173993
840134
916706
411514
645938
981080
466597
470660
909985
65210
166439
483828
278084
607211
875224
695327
813727
245642
215225
444804
49964
604539
442825
178670
24711
164595
261302
174487
473654
296518
582027
853670
266827
337078
602112
278094
716210
452690
680111
271280
440208
133887
198670
134578
830707
62569
857660
926423
972010
749749
546657
517333
462336
315029
932156
664894
633032
850564
548888
354568
125127
241031
246359
13141
945405
42321
852315
928884
51258
385936
762994
747605
352818
90892
481115
890025
997141
268925
61734
545825
301010
432473
956386
196644
396412
956628
15085
857781
595578
302097
652748
570675
235972
904149
904882
10688
832955
901885
885998
497146
231108
166382
121316
603508
97066
110508
172394
828484
243717
87890
369701
200227
498660
77082
376941
793497
508275
444050
136079
75670
855174
321458
616144
649705
35356
785423
768104
182001
919882
588189
88053
675814
197495
126770
69693
202028
154832
402113
509429
601328
643475
430459
566235
15978
32410
834311
647072
175140
792979
443204
171221
111230
331954
528769
304555
813453
607344
921892
73290
384846
316792
766510
375281
644659
36132
87202
115450
294636
295585
444287
658583
672602
330670
612516
566470
303351
195580
702452
370717
367373
272719
715556
853760
854568
308220
640394
209889
302190
698359
981745
960771
2439
809343
923234
671151
18550
24021
242880
67312
657172
939336
594024
908668
21072
839270
146309
341592
232090
214464
990773
927999
248374
897864
631726
227494
113221
60376
803720
426427
803537
98507
319611
23496
146148
223192
371348
948426
553859
984934
899148
157258
324961
325161
719487
211291
912849
959018
968105
218187
154969
506903
170807
743547
968285
14607
798134
498357
535284
964888
133704
229024
898867
951703
204219
638227
818905
253011
323963
856795
42135
541103
120919
920584
210476
248836
473611
247564
138351
633236
937978
603648
796536
425443
361392
30207
402336
975070
955389
72956
181621
661039
246624
648418
356013
83750
292461
540505
104359
605767
430508
660863
796839
549217
582082
698214
411628
401913
126
538888
69284
311063
454758
755040
360063
222060
27974
760698
8061
548797
66570
913412
456644
921712
817758
422820
228519
937758
816893
920407
73281
366963
365694
922810
770177
270237
394661
357447
6979
547090
574573
976417
284727
951630
468424
494582
77859
900349
339928
205842
166342
895215
360507
491770
672106
991508
945594
666612
433723
687184
220871
389766
444664
681808
163365
330481
365572
627937
322506
403969
200774
428004
401757
529019
159604
555717
220256
667303
244472
543656
745679
846173
317201
849867
489112
462619
650962
254519
611706
877893
579937
841669
23244
857989
78716
819571
441531
179067
145327
954894
980022
243782
699290
385557
982337
227599
438020
676689
771273
893264
51288
301190
489189
744621
642561
936185
40134
304440
773832
745261
141623
861619
962246
543252
614465
744981
203334
491671
826944
905369
949863
727617
356519
863294
14809
225721
344991
204644
450288
745542
438770
90152
704999
149925
667973
54329
5604
608682
108388
871555
735476
897649
490543
344144
998717
791775
909453
858510
44077
391330
18275
854866
820297
507933
470286
238913
936314
735967
232965
152467
581796
71221
992321
34479
97565
599430
366472
449325
809736
864242
244508
806603
952060
800953
991240
894071
723904
341549
458990
582220
770749
702061
388291
52624
343037
89486
986301
260118
37496
725785
194935
690686
371543
324371
617148
968431
410280
461521
99986
410199
76973
336712
43501
557368
70188
179515
770882
443514
381897
373445
171923
266060
377927
635155
725165
577231
467713
333093
19943
415382
585957
892573
218446
686354
758849
271841
82004
346565
629241
582821
485572
232500
547570
832536
272960
942631
79618
629097
472572
545742
522204
638394
953301
588674
732623
731826
617828
537234
900557
27954
748192
403827
226630
363270
78512
463476
177485
418410
447383
439947
522684
510752
153732
379186
535573
535118
739494
894599
813550
176207
67587
263032
801321
482964
44465
129064
223933
651417
864813
637675
621893
390433
413175
761686
533761
627762
504702
245688
739544
692408
684544
67448
136053
480724
352301
304891
698617
75448
442047
753718
655040
63080
312466
687550
73961
969067
644751
271404
494662
930066
883005
118503
712456
976164
237874
607270
567352
95250
446578
720844
776545
251422
616547
735280
619420
814176
473967
886005
466994
835194
538687
547805
865964
536600
979868
929908
614267
698126
644708
487564
4127
269214
582628
727967
981056
466420
845806
794865
198328
847928
873607
697958
678038
190049
557516
781769
35581
425997
608285
464936
84823
419352
276675
517585
871372
247575
376155
545780
529413
705916
130000
289680
963493
648377
442596
288386
849438
809298
119057
810793
816220
17250
968944
702271
962447
66917
928692
937546
456301
132878
117552
549960
581546
892896
358607
691576
342872
440298
800976
175873
344086
898555
4482
694423
188140
364019
8128
768295
638037
181343
882804
348933
78383
858325
517517
528610
204882
692351
487131
800255
646121
57867
584071
636762
979639
570692
170661
983404
375399
919113
234433
310972
198148
243787
527153
247074
454549
299620
482923
515343
324381
875256
596372
340140
670560
45461
797603
10784
626445
14894
474580
968923
365351
67798
174174
520997
966933
359780
964849
939851
184175
133895
210135
221247
392846
769260
85388
367625
526603
571582
981570
790204
773460
174077
254110
972382
91648
569207
24340
265014
688103
915395
850495
669710
123091
254209
184077
330321
44439
197546
763036
296482
951401
720995
48458
15088
165801
913511
33924
258665
484637
520855
440558
603749
335982
486361
544903
65260
52010
607152
974094
312712
194218
949646
262013
25851
1981
324052
244703
754497
194591
239200
678582
685514
151709
903050
265136
379946
687001
522962
785338
156360
408348
90108
925700
492105
413468
445998
756773
288913
745283
183518
731426
669523
789352
712278
943728
577523
619671
524400
885220
961947
277883
961498
863491
732488
846869
683645
61533
212707
944232
719783
324813
979316
146554
471199
947018
648773
878012
591120
232468
545699
831970
172989
652886
578471
705581
764946
255481
663438
567377
852348
665606
424839
964314
387703
700233
894139
155938
833698
253757
103664
671911
729405
650067
465667
197246
131029
659304
908847
656258
411251
61803
242667
766610
765472
659584
452746
597721
371242
214059
106256
494173
283089
861917
222656
64114
305256
758981
643128
470665
443649
818447
63371
264112
71258
305547
406459
410159
809100
90421
535429
73663
458935
703196
185066
686044
881537
741530
867870
358945
999324
285908
842685
154439
29622
774005
654797
181915
26538
263478
595943
39334
459624
303562
853144
986414
379035
624973
434152
255954
297627
908576
119054
997223
645075
397627
160654
137362
871733
724819
457426
288423
689366
528105
280701
17088
793186
260194
955177
50922
114492
660838
146293
937525
37294
81012
456253
215405
294600
997684
586342
432578
807590
85796
146085
761765
714143
861426
590559
213318
688802
966807
572651
253232
56499
576623
690015
486109
827739
882923
134855
458148
80915
326754
829308
602162
615565
9961
770120
649199
779340
528788
688198
132817
509101
164029
733485
453958
119403
71861
546966
531505
213816
150955
800737
991080
422634
115166
147246
181441
37541
652519
53434
462590
769530
145069
522887
927523
536095
453815
822120
893204
970216
728616
220928
413026
384435
800295
882498
98997
345025
997363
334736
552413
365664
754444
988309
248748
556477
64935
48383
336608
940417
394548
598103
738028
601017
871127
928315
579965
487727
143124
784
891183
602971
415350
273708
83704
583335
850258
648808
759176
413222
46723
898666
474275
290435
55787
162877
627879
909117
22330
926061
727005
680202
169796
328894
627808
336542
868257
403486
779261
957547
360293
235382
497692
783754
791745
66187
567461
902141
205257
7127
752291
790347
635817
543506
266172
533508
346396
608935
409119
176299
313230
911995
621937
420640
90045
425074
380902
827120
221547
463247
549553
49909
227379
338346
871104
324420
939773
835442
838940
56988
316062
622369
611275
231808
468193
46595
444529
607653
586559
393347
679555
106778
991108
306458
209706
352411
214335
846961
671510
605858
645032
422270
374457
700478
757168
387837
180880
924966
771510
945834
944321
640123
944325
36093
854044
824104
740955
185293
762857
39615
423712
656582
945118
940205
832852
688343
289498
243306
711838
23111
900858
205443
944581
811913
266000
959076
702062
220965
419637
157177
90486
128595
998725
814348
921122
937906
118159
860829
710787
859679
565813
236388
378150
119063
419805
660085
807676
729710
302126
717506
657743
748314
23197
203947
362773
743981
642720
860281
264401
889201
214312
920688
787442
521597
45421
22116
678722
887937
881539
59309
198575
442595
763529
800871
113012
871935
344197
226387
434747
890051
825673
998476
383249
651199
890731
171367
187995
867956
394537
507275
989264
487862
918986
664064
311574
203877
227629
414942
38875
443872
343260
220926
115686
482607
509524
244392
550145
12107
322928
177307
776082
954986
839862
326470
965921
367986
915790
405919
80949
755909
739577
715790
868766
393983
146817
273499
451594
459462
58839
128348
612260
481044
974737
507519
538219
371594
43569
220638
589835
6473
648567
241492
572949
981803
974139
63525
166498
73256
517235
20377
293039
545602
929231
634598
667142
840622
972961
518755
478947
238055
139435
587880
249042
734113
939427
80598
714247
812423
13438
52476
407562
470646
719296
565724
117940
203898
424498
804807
538307
807109
677617
579094
247277
147804
242486
137662
133446
293957
952284
61202
929392
277833
238725
877427
87183
46785
88013
412817
83383
807879
514527
659609
860162
245102
353174
3067
26984
370716
519934
563292
772947
262986
199824
942843
278117
307376
507365
639039
8965
775451
829290
202130
905456
598823
287045
62440
491436
41768
266964
808975
629960
914625
497601
241147
212948
247680
477331
116240
586799
842620
819457
876118
111057
697431
873921
799136
869761
625476
602150
621721
445251
214054
452859
312212
284853
768180
305338
94153
978916
49745
979067
836629
792255
390685
162853
517383
561329
913769
719572
273116
179127
675630
422102
667164
414344
266755
897390
265
597040
613303
19703
958480
846692
432085
977667
163368
46782
408756
983582
297181
182790
538049
856655
929888
150617
89386
941584
951365
52093
813988
498555
916489
476569
260836
892830
896636
139558
506346
17108
227602
485071
851503
42778
605487
33518
898463
529493
853951
287275
274644
667873
700558
747102
380760
224918
235131
677361
330317
392062
39621
635236
207230
43824
118697
43193
67070
434260
815362
598437
767463
532237
872496
191712
922484
798592
353099
302872
151051
844969
399923
521738
67641
906189
697782
364989
542587
467531
286264
183346
787113
545611
730164
263226
378575
96392
847884
575850
449235
48528
877496
45723
12586
363949
315845
687124
839513
54116
387604
134951
521465
357070
612362
578238
977366
755848
682196
117953
607326
484722
143710
234778
382705
282657
206384
390037
454710
193941
247821
189595
990704
476434
682988
350709
341859
199402
363586
50736
70928
518305
791021
347806
942933
426791
769098
421135
591379
983752
585632
662401
488751
849789
5842
669284
1266
66259
750021
774985
914546
581736
651131
990358
586620
742904
333729
967274
676281
768966
511988
814806
318506
132419
7786
231880
591478
778468
713891
878990
653962
863134
895465
221194
553667
734658
116363
732858
230629
928269
236587
380512
349374
100217
505110
444302
775996
883379
660011
356682
102458
4791
302284
764869
163664
65641
637014
125583
25313
802914
385534
868263
453912
866836
645612
341987
768340
379364
174734
795877
454019
419537
697701
774977
994527
868817
716338
580728
949752
296858
453027
653543
187163
251458
468399
209434
767039
381276
197988
671124
615223
208244
959018
134461
762938
503723
236395
116015
931921
828421
328375
58707
142667
462075
100017
694032
267199
972877
863655
187288
846558
502620
986450
674041
729816
616207
454826
194271
103348
102734
296362
228350
942520
460222
404711
149989
502601
410706
579044
682206
679080
837055
95430
332394
393264
347876
934985
616430
599264
511811
700671
577486
594354
73870
830576
331977
914447
812976
917811
57059
106720
593571
291934
539339
421101
654729
635064
592497
69970
300032
931946
663035
873944
244155
709672
187452
481415
910795
906185
929450
858562
803865
27255
918437
587389
26139
933325
666710
125475
374759
821395
195400
131855
954034
627517
433851
211566
674324
857150
126677
484376
158821
388056
155438
845215
841450
926192
625917
350623
540046
245147
348839
549532
135370
298752
295937
191112
407678
200663
175738
853982
290383
322487
445901
61514
977192
727498
198578
282704
879003
672591
379544
398868
72048
775101
219557
265717
65509
584083
502337
756386
811596
862865
463524
290140
870244
83884
490419
582343
655846
891943
362827
875085
982434
374594
636688
822101
846823
197978
276193
394875
794931
265541
811643
793542
813819
254700
579538
556411
172780
362111
633774
658916
542257
65726
408176
801319
363251
540959
362976
712547
208215
595734
35385
392862
222133
629476
194864
341592
581021
909705
608249
788952
934897
254850
280603
54602
749558
729202
139826
5698
194937
996451
550802
671213
359380
748671
652628
814879
636495
441505
464737
112918
18408
937196
343031
661006
445164
578572
346175
381686
721690
851456
171358
497795
392336
744833
753545
823291
328948
672335
8015
681295
468128
368486
905171
727648
461906
605637
794174
585059
190372
817582
590833
324364
907518
207970
913912
945548
123025
596077
780678
687263
416143
354597
202566
5158
527737
560927
997786
551356
291816
810401
825309
662993
378602
323532
239303
626570
411935
795221
761454
393661
386144
93272
198014
953628
81285
172538
773641
176868
830751
548013
82779
652249
559187
414761
192666
538946
763871
751717
780919
271689
450858
251632
696242
713865
678264
230054
708977
962820
338418
998998
274242
44
85290
685503
416521
586994
403162
464830
897024
361001
432024
458650
477506
524695
135514
694336
287469
211367
154577
149853
602053
636731
826933
365648
756602
956510
665753
752249
983646
394376
813566
764663
308445
903386
732329
550532
435026
351347
819391
343803
350569
631787
838218
146564
977933
549794
961539
399774
813461
29553
441806
287587
119543
955184
16578
361315
808257
519416
411118
58252
330353
62998
513023
516013
325247
783162
890786
215300
982004
877931
465452
400941
744894
519113
684717
413614
15481
239140
705965
720491
503932
127887
113545
760188
717088
441902
792272
468591
814990
323053
587465
914563
549806
301935
833578
620732
250496
610576
942155
687317
625606
336841
763034
753933
193218
201078
487530
159663
110037
595656
311008
49226
672964
946985
312531
902738
727131
147777
243576
145809
687185
85014
206257
629408
561832
188731
278461
806718
590793
894712
320964
868720
213877
262261
691525
69591
459763
401170
901949
138109
289739
217265
664744
583386
869584
209381
340537
435226
953519
321342
443993
777401
307953
290222
276293
74933
551861
863382
198912
816251
655750
781040
935574
746935
718746
700549
507311
54174
676020
597655
769956
239699
198884
894503
130016
332296
664473
413999
616066
211762
673500
855742
309570
113009
211216
939830
700048
476352
176870
571266
641734
714701
716682
604628
966185
449459
771798
472085
152584
567691
587220
539952
864178
551277
133188
737857
876010
57197
854990
86217
879562
616393
773705
981536
839783
466834
912182
656037
32718
928895
858233
550806
931092
4140
212418
562114
154078
763545
164015
236904
300087
526499
698301
910509
544253
233351
587577
600693
946839
523611
550656
190389
852896
71916
949480
154211
289954
397295
946517
880457
714930
753550
306925
67558
402816
402087
604052
164046
743251
801552
60690
33452
770263
832106
316411
818248
627790
10174
703947
481233
48916
624162
239282
921123
190358
535453
160866
351002
545293
347000
28292
243798
139863
661356
286623
416043
973617
644843
782201
251189
662279
573239
585066
893443
657438
707481
117621
908931
922424
547712
848991
111106
784902
239692
214195
723128
229398
8624
27602
181833
175802
150597
743371
46807
25335
13044
473997
546803
674236
540501
823114
847566
496581
950782
983633
803789
889740
443677
929319
738074
633385
717704
231977
463929
336931
691099
582202
138395
723728
474270
718961
493215
406362
416580
491224
886273
957176
294401
236260
681422
123957
165775
55295
845332
631522
533257
596078
7426
868679
854920
9550
141817
790755
777340
609205
498158
81083
844078
493177
254825
768567
706846
899587
771282
96834
254542
230788
731887
706444
255694
476704
958854
793253
93245
871705
365284
815230
32281
262380
78901
814567
396057
301467
673396
199323
865462
877224
806421
883988
624358
531688
57209
194133
793450
391967
908866
854622
139010
410034
651384
445107
865405
778013
880654
322689
64659
618030
299948
993128
150052
406419
450301
67122
75152
660807
999214
712474
780144
86374
36064
408494
112351
655724
643697
495147
742554
940612
373335
290798
450049
804204
555803
577605
311348
597299
920582
965593
829609
400079
153707
866572
75210
234653
685405
799841
823754
616494
600457
161016
264891
309851
390475
796271
525965
408200
710161
531449
422670
589170
934283
339115
313133
784784
971978
16097
937032
660654
290189
605940
402988
453811
578669
492855
620791
205470
396647
477879
503616
711047
730819
638796
764435
598281
870607
449908
493868
239239
800823
381317
538554
653222
916071
920016
3938
763238
446348
862355
529667
401730
6468
927348
458960
748646
672832
450922
533175
248042
827819
192527
351087
875919
864258
370386
103081
474976
325066
851398
423871
183447
620005
561564
492907
668659
177789
901105
703351
826888
896449
271489
154003
860448
107629
315385
334393
70155
684328
140079
534370
484289
671409
452952
107329
101466
62150
674364
43231
633688
796852
474859
986449
631861
235097
286437
96735
877665
418557
156911
771228
540187
905733
373635
485474
2770
644521
86351
381758
244969
410766
981112
138498
358479
269034
916952
341212
886471
836713
369863
235245
696466
601530
346452
359741
879775
565612
872713
676276
250379
256999
366164
261429
746679
475951
378457
352558
739091
351189
614536
381970
222646
22405
502972
426965
223130
27113
691042
944345
21742
961108
288238
5868
239674
900446
840350
657246
353598
179979
64081
212150
31290
786216
536572
143618
622896
780934
903446
900066
335829
721194
795345
762661
517566
430466
471690
153127
460996
149997
125575
529375
792776
100265
941081
361128
794159
177332
957805
735744
573243
326275
706667
336546
568816
260881
11323
286972
937379
928981
671113
581322
818550
63803
326105
247006
916908
875831
658116
479218
556241
3025
428231
285053
546998
90735
218322
554245
904397
356136
866552
143251
724514
611652
544638
550686
974124
455695
426210
93252
251302
783422
695114
113391
922515
656696
469675
361540
537331
856444
506375
887361
853818
51090
584388
548727
445778
35286
352534
51364
574228
412329
133626
469521
234624
698355
874377
342243
743729
674587
903833
653139
787056
558259
215272
996239
227435
470946
510500
420094
874612
265898
95378
725294
839948
963570
608807
123125
138042
345160
755996
900674
755960
340536
501973
522620
519120
549212
893954
805130
637521
917871
467467
510441
309335
299535
81083
30298
86502
491158
520111
821936
902380
947431
99611
611932
951376
248395
445666
754757
885198
937600
765860
211185
152929
895475
245199
490004
14586
671515
509316
740295
172335
928275
66336
434300
652127
384886
876825
130331
58155
329964
580218
624013
572813
294395
26606
133879
357485
662473
415231
130707
334723
659488
365710
855458
219192
786844
508227
860582
852414
670104
31014
172632
627947
131572
397489
213968
269435
269460
74462
447438
846671
755581
183575
792846
547177
986341
176106
620531
833147
508045
189115
134182
119488
278128
67301
676800
585754
384876
78694
911564
219674
723346
961730
551920
366210
566039
370846
324561
153604
882632
779538
233161
958409
800452
233799
824570
327949
604253
831712
84194
32347
779347
491789
802016
151301
785617
220920
631163
774349
494508
880906
65224
362108
377115
355665
742473
371460
954044
217718
422726
302154
122391
544890
328690
391164
559211
304144
172406
437792
594240
317986
146278
759143
942526
464771
784707
337880
742417
136490
119774
240354
907617
197895
292156
63471
680541
272774
479148
145072
122000
688187
191739
251203
585151
165618
730281
121616
452917
184886
654921
655739
366097
234954
235777
191370
786904
151839
26931
364010
674356
321831
330670
70310
984700
40410
748996
648914
104376
171286
30812
836260
937525
406699
657747
256902
917685
16318
58088
110889
221124
162685
518139
248575
448754
376371
376231
776923
489322
305354
893517
126724
877822
543893
78623
648106
655487
521459
62003
738430
658218
681136
527740
164059
479130
908422
680536
714073
837000
676353
245068
288898
988011
77888
660720
218989
984453
28511
377047
58378
897634
798033
442348
964800
682096
614371
95377
231523
486534
963374
869818
261142
238085
167965
303251
64869
36706
788886
680666
772034
313860
689598
656387
222599
752486
106990
959245
602115
505638
789612
908352
407736
624654
263219
273912
13837
501801
480927
650623
351630
877775
982932
867507
77931
442480
117333
549102
601332
505740
952689
507831
616220
234537
202238
859205
454130
942847
834838
865258
782419
999655
962022
901993
470571
310199
630437
679150
425147
95374
749182
272937
539600
197968
286276
471948
723493
793722
84893
651133
123265
488356
475053
661383
157768
751221
739434
491785
145892
358376
558468
567877
814087
783815
37278
325475
193784
120526
597619
959352
25328
748716
43195
788989
270871
804109
173182
272143
202076
860841
262339
10251
995261
610773
142120
180467
304031
216854
250971
851936
78666
18104
727387
164320
487744
569863
506868
114384
829029
84461
56992
745936
955146
366752
824640
180040
844909
149309
124416
649631
715166
510294
41765
193020
341979
542397
921637
272701
578390
213354
137273
247217
372015
819366
506026
669504
620569
880294
802327
893973
618403
352341
314513
524712
120677
453946
314684
502615
27730
477622
678608
673207
341569
782219
158789
640084
66777
781117
190914
852905
649328
437
217869
632477
292809
771131
822059
330238
729683
327995
798268
880873
832832
821788
249069
951203
874846
261328
451637
454353
914071
99268
1438
523125
325349
482966
757744
410865
75755
737500
247541
930810
977830
159261
344265
755806
622161
59314
626093
691358
269141
637035
712533
272918
617334
653513
459603
813523
608163
612387
262911
317385
988155
712207
508102
457106
316493
144497
886617
388668
149549
448039
946285
645180
16824
877803
761967
51722
276558
598093
182312
492081
825714
269944
520223
27036
299851
858926
729099
256273
504142
39228
390010
810939
523278
610354
327166
867126
138209
283760
768885
24668
256466
630020
233011
354299
75498
433159
135049
681985
529179
215059
836020
957941
814994
307980
913482
208385
118024
845397
614076
235070
781713
372204
584268
181418
557653
302263
884839
113226
375452
535464
943322
820116
946247
487000
447915
799700
77738
733477
156674
601570
430738
34188
399201
968177
945937
683529
713427
546937
546305
441979
780007
300218
342262
726725
757437
666139
414555
788246
253039
744952
951451
510513
430975
254249
557910
2398
529866
314077
576067
809401
897018
628550
31035
83011
220083
667591
938205
889561
634569
35687
136816
248128
40948
961788
554176
442305
980582
900190
631672
72308
844274
567365
432814
680861
527097
101300
963214
787809
94438
680844
195407
601540
58274
506723
693524
855008
102981
674019
703286
623505
337709
31666
672826
970888
916449
134745
860803
752527
532620
677684
200916
91391
920477
645938
637760
422464
438845
711990
127921
321443
910571
380536
311340
784622
892226
773162
657528
759449
249633
360024
991867
87973
354654
300432
564830
577745
222962
122715
219372
699685
888875
219202
999595
333364
268353
153778
607596
552014
509261
878357
335181
913430
730768
314013
993054
768067
39553
710232
891847
822819
143975
335379
634386
417839
296757
497666
980678
327792
184262
942598
235311
503388
6956
365903
624045
336418
813708
346311
290743
89867
998586
902681
900672
275177
685757
897310
213150
254049
123287
449274
206135
261408
816780
805406
97996
828996
258143
531199
64219
937515
690225
469176
637160
916034
209145
774044
146989
790483
994055
153009
965676
279089
55549
973785
152091
287389
756632
875156
488841
806621
439899
962362
966166
602607
966801
440152
946416
821307
792154
736861
99383
112680
425324
201831
845939
102247
11013
107056
198110
612752
452237
754800
832252
867749
554230
318412
214681
782351
1934
730251
435280
406119
63145
552400
400509
515437
422546
142780
520411
474832
598
307136
323433
649473
631617
636467
16772
388043
884637
910589
299079
245894
483048
934615
293403
251803
113274
611807
308310
847244
23931
309453
187948
361633
697861
706243
117850
837985
556485
937483
448148
402921
565613
903392
179225
105582
377292
629016
804913
353106
374013
267583
531929
858252
174215
690749
893187
931362
583005
645420
963610
556698
860854
963432
157707
933442
770170
841466
668117
298836
832913
200992
432443
985937
950437
250428
129231
616096
962911
27932
630737
297660
85754
191479
953728
766845
379131
292815
732574
872959
92875
864459
275983
829975
911556
399900
100880
640047
88020
482235
93344
437675
405895
907097
601062
825715
291210
221243
535497
721029
993514
923710
221468
191482
193221
730972
11997
465476
394271
989082
769635
672593
150510
744686
73000
922239
728477
405198
576702
998574
931713
129990
979376
139692
679098
1881
441142
248269
534734
619153
103313
780296
994145
221813
419964
622410
463289
909639
391073
87315
254673
556509
578120
527962
263394
293242
854868
86753
698489
293208
256748
572408
533222
132163
3205
110904
405326
863083
54871
74247
64876
497560
262528
539110
181047
674998
194170
260915
600208
155312
11457
538361
916538
745800
521353
462218
619265
447184
201223
503881
586699
408361
175185
402818
718
63716
678270
917125
9141
281330
869727
228254
704482
23923
7195
694050
897124
41797
500237
214573
565537
153462
165092
58592
264346
357051
739549
242158
704975
927069
431947
40205
842766
836503
466383
652147
600576
29444
738123
67366
126947
945126
111858
783971
336333
375379
129051
784469
971865
932573
336397
643410
217041
655627
919090
754206
807739
99817
513664
629051
438968
217736
319902
943876
975428
798060
642761
745748
112904
872472
607149
279727
361707
857966
7731
539502
976473
318404
572746
307018
52556
401016
226855
142865
944638
2305
771152
77722
713094
42027
266138
788058
384950
291062
631347
43269
108136
913837
166182
705100
582726
195740
11462
499303
40017
542634
80637
917719
832887
638593
898657
488059
949013
241463
127336
854014
404658
983319
304951
958433
420400
810154
812958
192382
816252
484510
317163
702478
830877
548619
402823
82904
775156
865951
936947
667020
451170
965794
354872
911534
515780
723260
402549
742727
734185
910489
467699
14620
186124
631707
854141
226576
426532
422581
421158
626378
763880
756261
628653
660184
324990
591279
683569
803979
465251
208702
954495
463384
189483
129278
383572
175550
299276
416815
706227
922747
988650
392558
489143
883166
495605
165848
428156
374569
315093
162997
159186
115165
408184
616924
748102
999666
639019
852068
101714
992268
493696
814333
391855
199774
786643
790303
97772
650555
992612
331346
368288
591261
702131
25291
239759
543303
746293
763128
195862
568664
515898
632046
259976
613727
399871
628662
32019
565468
508683
617039
249042
999938
770751
811939
896041
388692
389825
901157
975321
950111
89800
806333
740432
517196
913311
788275
295727
738584
190546
372065
673975
136100
866193
906533
41491
925933
797812
938195
98191
192050
947731
391344
41510
545682
31532
500829
679509
296632
364108
724941
572599
794209
514460
954569
59810
53870
633043
438909
385733
320338
644115
163972
765118
918543
1181
337080
603612
491646
610463
472143
149317
597261
672106
346526
383410
677483
191318
502513
553534
679852
686411
508750
50651
708622
281517
68251
947422
226934
172946
93783
89694
428095
755184
271324
13342
312832
311439
905495
611221
47830
526448
157871
986858
212533
926726
203997
556276
241846
778959
419482
136310
188977
705582
617696
752145
881920
236799
599760
532032
528766
425127
816770
889418
74242
114054
635355
534190
431611
517081
517804
566197
960958
704184
386889
497680
457506
888223
385439
267277
504785
911227
284590
734244
5847
389412
847464
842495
126877
700368
501049
421407
559742
805679
524274
147563
238616
286701
656714
955912
735543
395163
320490
233887
591373
658829
129604
814079
129623
673896
549235
665060
184985
854746
660159
37046
110519
895061
858561
560182
558011
621686
108566
660998
299439
566277
197302
670939
737384
179614
329322
2362
631877
223613
619368
788349
821518
542019
451885
558759
183432
27945
346353
329259
444864
216843
32253
785501
832024
179459
791945
727793
852160
994503
239912
285522
816415
634689
919047
365797
40783
199501
170922
459154
652801
893367
186152
225596
841694
165712
743637
705939
353147
265845
369084
221971
626045
459436
524186
108523
383591
74243
25336
839366
998497
126706
868317
984857
910130
931007
322000
297867
152372
308438
727435
826241
863853
742348
236800
672331
234622
351733
627755
696463
349410
326377
957142
264622
486444
490056
581549
593836
253586
552138
981315
326292
22676
695615
132572
675186
898009
89390
223678
251857
450818
833230
217227
508747
836425
880538
323523
970862
718973
127828
60074
93022
68997
359358
74342
93934
342837
235093
111001
589930
659528
111792
542138
151927
893104
381314
842916
898724
514882
452900
967627
447528
939780
515624
530919
738879
894039
826604
379247
248208
947655
632636
280221
990879
553731
746576
405601
780042
63431
55903
160787
551307
248460
119147
630655
120588
422673
634451
767230
643769
796391
769133
98706
192967
696737
781453
942687
210109
987712
890878
774593
320625
338245
611978
826733
69819
460346
250009
850628
77719
961718
624502
659030
336119
892784
346188
45410
875333
549906
202937
74070
474092
536396
779587
363728
851480
186597
997831
334879
887914
237374
897625
663563
514821
805455
678567
732410
254953
337797
861807
830432
992079
377718
345782
854795
722467
543418
934784
271905
809596
572576
677194
141096
966018
184746
199996
745222
347497
925006
888956
135266
705768
84135
112028
303536
192184
729264
151274
585902
562778
847940
819742
681474
854031
708854
752781
717533
998739
519276
463646
247360
61107
601854
270173
334908
818369
713526
328467
856890
751092
838086
300221
531612
647955
103073
560236
979892
933685
544894
783307
477323
626235
908387
960066
765378
582255
457301
856788
654842
269607
262482
691340
507463
560905
779883
771558
98646
534668
871456
551115
781248
41428
15589
889007
550006
908518
996522
123083
744620
461770
901011
807468
694290
671053
367496
95098
161077
3165
327401
32422
607398
617466
355457
349849
472467
967244
623829
192033
99338
195648
773739
352323
973991
116381
678671
617335
390124
86994
309617
131986
931364
605317
568313
408243
914932
325703
645200
566120
111524
849086
664023
649392
962958
811858
180611
902413
561096
321686
490652
464080
456393
684034
762141
942551
473312
572040
888122
834664
625529
24962
234280
271987
53379
224407
754002
144845
445097
491916
904266
42592
417631
173656
271714
956053
26952
780872
51975
752229
943548
751537
198065
554360
986675
861226
174047
912545
615032
702696
907874
421503
28585
887697
387488
613255
406394
314959
596898
985647
583219
704473
66682
905295
907952
368029
353376
297455
841455
369125
807322
647333
649274
771604
954908
54956
384311
129862
330725
200343
71755
863486
285559
141128
53618
772863
757788
845769
128530
107553
423608
511357
178566
41483
354868
605413
813659
467117
79554
848478
726812
955761
187255
151194
438500
519659
491149
296595
783358
734437
375855
497113
505773
436111
868380
278710
501108
969543
255778
911067
632625
454649
250766
160386
250790
897632
683761
425417
202352
709087
762072
93720
572795
886015
393592
64758
18229
960966
920063
421222
190120
720183
243542
653967
646412
359848
922011
970015
576993
633490
955890
680484
311637
367155
260584
284746
924882
811038
194992
238842
431317
533453
688079
456065
526913
465315
327804
773761
800776
417137
85159
465268
65579
558103
266730
172561
938766
900209
41969
186692
447798
435792
986036
101103
327657
724488
620116
916044
585045
609099
512879
46330
950056
859860
830717
473341
487314
251414
565884
764734
343993
203941
214025
473323
488019
381833
144342
21060
63088
986142
216909
834259
722958
996335
71976
447366
854822
954591
116809
822851
765014
297369
564654
31729
888491
352698
902134
819666
534820
344863
497084
972342
374045
704936
733670
556332
107721
358149
36273
208182
187541
835660
851595
839194
826781
945286
248625
257116
109299
735703
243197
859049
498946
954179
599773
123703
630685
625132
398998
555161
746874
17558
795226
744461
307913
904001
867624
823319
55837
861145
545757
956679
931615
300472
861254
33723
977292
190629
409475
202152
724829
42014
924305
704937
731469
106555
793968
446520
317042
774489
168156
558667
109252
928997
179391
582954
833509
296492
403783
522496
152073
746772
962326
832737
403829
121454
793844
454488
833897
843648
33213
567392
94314
684584
965296
29222
15519
623634
939782
636050
556501
235329
537585
382962
756363
794068
476501
798816
506174
374642
346005
959131
382385
317195
161949
30993
492926
951304
296986
972220
548696
427886
2238
901891
322639
185792
602125
450508
422571
570450
592236
5844
775064
831012
304395
929798
186788
225715
401147
393531
115178
115917
229297
2716
305598
839608
613015
390222
550547
419543
446636
929895
535194
644200
829416
601233
715955
191185
688419
941355
864833
193401
57565
674378
302000
871420
865062
226765
466993
740756
494645
559307
876812
684392
197599
876142
537446
753692
350984
21529
450867
437831
952789
256128
550499
555365
596169
429634
71304
121431
953921
443566
833598
13699
613157
253002
822849
311258
58998
566803
644125
836522
535987
483649
865841
620440
103474
392216
342177
453922
311574
650130
849102
544366
883776
815520
762402
453084
828651
469648
665116
25518
465632
32539
359587
361689
327871
589312
480886
693897
866392
788635
640110
293405
210026
825806
648612
354783
680638
865652
929998
751833
800463
209893
632016
389830
423969
478508
450193
407265
71439
828633
333043
683010
78538
529905
320839
36943
475034
599911
414021
633989
953477
781858
680115
73925
653470
577243
659959
145059
995399
91850
527580
13658
178364
104173
762989
283372
664875
186948
736742
413615
712846
791817
828266
536204
339908
201852
671250
927918
571623
290738
638153
81556
11181
295541
391246
140250
325298
750093
93673
993946
275105
270122
931795
879030
900574
329755
29397
717106
632206
978871
928974
511375
27258
223113
772442
645905
943070
924200
800093
184303
95972
512994
868766
605045
785940
737930
549983
217700
599555
849021
186325
254120
677255
141679
664227
757070
761263
316432
924312
390543
708131
530447
176667
166883
692927
580036
504200
91684
471403
414241
826027
909548
143356
980473
975857
363129
558909
535973
121505
190031
811757
865160
849089
177796
858151
389825
859671
877347
413095
500086
474038
170391
754007
154673
374604
108129
950274
459336
364951
805405
940726
3159
283965
246987
465940
121784
612933
223865
212062
963369
840920
213299
834276
517629
50329
751489
54292
469641
260314
240556
988405
8933
877946
474506
779532
436089
663983
529191
803525
343450
369244
299818
432014
989215
530197
718393
252396
953608
897771
483003
817672
142911
623068
893755
278029
593005
462132
974938
265329
381611
174115
533153
425953
384033
663265
979740
862414
720391
659765
464022
155453
149821
461868
381397
820102
96051
459170
388830
20481
307024
209335
726457
744258
497522
199106
202213
857521
176296
124819
629471
282725
219158
57717
668520
852465
699589
76410
575868
329851
260608
752019
212967
826372
250740
691826
755118
374673
659563
909846
159774
14547
156125
722035
208791
395807
854940
460706
134290
37193
772308
151502
226519
477948
920120
62630
715815
215908
254017
282529
644361
620326
89959
143462
248283
195387
779361
957258
606658
574668
464756
353848
724208
738063
385926
395597
448269
459254
699192
41772
88349
20784
39718
39040
414425
135252
214870
685590
656377
550079
149040
854588
381028
77210
617970
256213
214542
232322
257160
601910
169087
781738
65147
488285
223395
21145
597953
284691
169734
647177
827222
919342
973428
123090
988261
192353
765238
498343
557087
647056
575048
297014
920102
703384
684569
953762
269054
344556
804269
870871
293542
536083
509273
927140
892709
38696
370628
429222
994065
592670
661439
120854
982970
66428
376204
94186
355733
789740
383048
174905
387240
186849
602029
77167
439195
531078
836541
583396
807185
231457
709769
970720
995665
132608
572291
726842
44876
880620
464145
682970
350588
113186
619352
43708
285062
160770
772153
278639
406077
87000
945146
436992
708726
211423
352048
299661
881536
447406
718417
78350
483118
805216
465974
259587
263599
473186
657756
739890
90504
302157
316734
599600
902156
347811
319387
980882
907015
747942
698954
835569
748848
49790
553988
653487
579310
83897
993956
712680
169440
575876
273878
510407
298622
299152
158367
739893
303585
967120
176029
725879
233955
984905
151392
151042
154418
764106
104764
202103
753362
530965
550747
14879
912765
912583
819948
598906
370879
808989
739610
845195
595691
322180
66048
64251
18478
407416
945577
428646
52632
895567
272452
766895
12810
219689
899390
76491
23963
527517
625854
985919
708600
411937
494870
213534
357544
494193
415474
490613
227350
86998
604529
242352
436103
776283
343042
884978
583080
283541
917370
233303
124555
654484
275234
640468
377819
616467
859534
23505
863491
474342
382304
366829
766962
209394
671606
35235
922939
85012
697864
755957
495315
662491
386670
31345
424177
607092
104479
801054
219168
409662
544515
568321
857167
992813
186218
121101
470287
984015
15558
146056
220595
208301
863987
950130
89177
615583
441058
214679
469358
654966
136424
320534
889162
141962
834639
694118
786811
256969
48726
346292
336312
649890
307621
896016
661644
365013
625249
286136
354206
974729
434673
329387
406707
151350
694249
784997
161835
890249
550363
236303
123165
431146
969036
816136
682591
430960
702150
63831
588282
108757
828733
184184
831028
152279
103336
244131
261853
349954
3809
146322
426804
444524
235258
975948
765329
392925
595055
301627
83427
874383
828177
148125
628746
562835
63276
922370
109113
887891
968951
646902
868079
185615
266683
490180
212694
378894
483497
7673
879809
623658
916457
355654
217083
715816
889436
977952
278726
977911
566118
958039
932038
599550
803606
549168
733309
738985
277320
32108
24748
235906
858413
251318
10282
378209
812442
987368
371583
586134
905327
330701
198852
636062
490693
54480
378608
28674
924512
439238
916495
339021
704732
750451
321130
71067
369193
799018
186944
751320
63546
769515
458094
733504
20042
667892
541105
337814
89573
733788
505021
70484
176357
268274
437982
673482
212714
309438
127421
16977
470300
393928
632208
364027
667503
560078
436451
140803
187207
408189
687039
737298
100251
212398
262039
821747
706553
742062
340842
592678
377879
691500
613162
797055
142225
357815
19142
652737
935007
497632
981425
407918
338927
93023
243995
63543
60839
139286
272811
743172
714484
975424
685717
345851
193730
918397
534145
220626
92912
13148
15075
296107
269198
330453
978701
186345
759442
884433
502016
991490
918770
576798
783693
882737
613190
218923
377091
282728
354268
710064
651696
900782
190186
246183
651849
402143
976446
336860
408453
267985
801732
258458
31022
843820
613446
956846
340606
475289
584764
784165
294639
575249
822033
215319
530777
419089
66198
976213
630135
160043
254493
398004
50262
685587
367558
722897
55806
161085
36964
145082
379912
229149
93241
636435
958154
222285
376079
701390
724807
409107
956007
82776
572381
174870
679897
312184
196245
313481
31680
273250
812770
543770
596321
721982
865005
237570
743126
137142
773847
196414
640612
625014
304097
825350
554775
670816
756559
495404
616389
639071
103543
869142
561965
189737
502561
474763
585734
419777
72319
756389
980702
130131
909030
857595
812367
219838
918208
951620
190703
980133
408483
260138
879679
405521
833193
69261
173077
9763
257086
766484
355353
46302
349393
288986
267779
404134
457809
638287
204637
659416
301410
668582
39694
983757
532290
277831
933881
653888
599648
585922
484820
294849
812942
701417
505982
994339
671607
779460
336398
229346
694472
991410
847650
478127
615821
625240
37669
543672
946675
361505
412493
610271
394402
757934
822099
658205
557191
820346
780593
249434
852023
102835
913442
100377
472266
733123
843304
231290
748659
233628
332769
160156
477666
122385
787436
788146
75622
914100
256660
173199
644127
728009
864889
60192
359691
133425
666322
883760
562706
73571
952486
293508
687810
913370
995811
939804
63178
538715
176431
642705
983519
292794
51824
910387
420706
507790
703548
295785
599362
258282
566453
229131
117709
568560
308761
743473
335911
556209
958668
158294
276732
361274
977398
990180
598540
522363
985194
543126
408546
787274
713789
409530
305957
177971
849599
102965
525464
453827
102593
569644
480504
23533
321456
404422
394332
380355
422362
252161
942609
733511
272498
285996
447619
798069
683415
719220
892824
361015
420476
761386
68334
36732
39200
583315
568849
497841
645840
812603
357736
134975
913972
136600
817146
74728
274862
779721
583419
645331
615582
10592
620832
891369
497395
955155
260081
976591
677833
568738
558374
391099
846538
41994
629334
85625
654968
828587
476492
499523
714957
94346
693269
489863
735929
640210
531906
903728
264828
130178
286924
265947
494105
814002
265098
444050
791592
785592
664111
781943
542577
969703
137822
231599
395411
557942
186765
989322
996589
457751
259953
656429
615329
697056
68614
484591
515323
282353
272806
996629
998469
847495
702438
633063
436803
627722
779914
43322
880611
443056
600710
367649
123169
414712
856922
792327
234490
273671
540644
30790
349727
254712
838276
223694
345181
702753
788566
339999
944232
770796
236515
785217
874405
396474
903383
474300
641064
311768
203975
113172
586277
132142
159438
556311
298082
657241
366167
447880
459121
720674
719570
637021
545802
37168
756218
490213
440056
50579
932079
891614
136634
209141
151709
835077
20147
319521
854472
386660
675247
831440
855489
637438
90008
469193
38009
971728
169442
954678
263087
416915
191109
38285
988301
110677
368394
709119
826635
558478
825440
774279
859823
786557
664611
732752
121944
106727
389901
444553
956456
845095
600223
362375
859266
503920
443281
252132
983624
545740
672295
893138
205523
460947
486360
502476
998826
958986
386063
853077
343985
39416
373728
437154
970190
549175
210696
786457
682379
544712
996490
510852
160145
624270
807884
707900
957180
773363
856678
407847
611152
553307
179630
708637
27478
945189
994932
696739
560281
885315
978021
291177
543305
469306
608519
429156
575244
651097
424915
838631
820860
397929
925535
523527
181946
734250
350868
466046
626281
573486
225767
449708
738721
158587
505229
466635
137092
589849
297689
330493
899050
404709
737599
713925
962474
422200
211963
805894
14048
798419
71817
654159
629899
850244
151284
751225
622627
701440
940342
42652
27193
225936
505564
302220
644420
543378
838537
770704
972514
471348
301948
894920
579863
681589
556581
331418
29720
318468
508356
810721
252051
148076
31038
726186
875378
886133
713494
433739
788122
642474
405460
266091
24639
439823
978175
680547
257462
541286
522384
330884
325776
706563
649631
887695
849979
736908
837466
718634
692021
357914
262353
688067
426948
985708
301667
174401
587033
988019
394980
946422
973135
857333
965915
337079
900961
97946
565281
709400
831398
571235
161175
472115
200607
605670
774373
314389
718908
855221
975151
757494
565459
18811
293787
438737
36734
790113
165298
729580
636811
981880
414310
239822
290630
722764
646107
338083
622579
291980
508838
493378
851980
443385
509221
487990
821656
880659
810099
639648
764513
111030
462087
57570
612729
491141
591479
286424
774307
219931
987474
438921
873830
769399
691140
353155
574653
103928
342777
175790
105165
932411
795519
599694
220717
771830
213359
857297
217043
219418
857628
564465
627288
161691
181819
955157
5438
696038
339286
168993
621464
147989
983733
170731
368707
636000
183700
770235
933663
674329
740152
180728
711904
855365
343747
13546
702332
445624
563122
723952
417389
139933
863515
917188
441997
498773
131523
583775
171404
108793
343407
967937
810226
925089
56154
542794
33259
650616
567490
162791
899316
993872
622661
32322
288875
579516
817283
174548
896168
167222
620896
988125
142672
372377
354981
66824
816316
663030
232810
732470
454888
195114
528849
81023
590713
60940
794260
556681
447715
935182
375697
850232
240375
394520
607278
488046
493220
164403
185080
250106
182211
392368
356676
973721
265908
484015
547860
802782
901733
654036
846706
408387
862563
215110
745929
77642
845283
834811
401346
526661
818611
679665
368713
221957
198189
496833
248647
483519
153902
785741
3659
137684
177260
112225
838231
444299
337462
349896
224013
811657
730420
776563
435160
378167
527065
386977
874778
699125
50058
737545
307254
568666
448236
604379
887185
745871
702600
951363
220140
80437
767583
347952
632521
404340
856720
112187
322521
521681
740228
441083
281219
372292
185974
340447
706009
523506
26772
876357
278123
239491
105640
965424
304718
168508
279762
699225
168275
834422
807677
549432
494474
227205
924106
139401
969426
704854
639335
488888
672675
225780
58514
772046
819462
580977
808550
597570
105294
35265
287426
885160
550365
719291
271145
242230
73510
714519
407554
378460
654073
405110
958119
917525
488021
541067
682667
468965
919528
756297
351900
13726
797048
301663
76937
333130
212876
269202
841353
395780
531615
499028
996516
855114
638574
463889
764760
903184
791004
307051
638943
859205
288491
14682
145386
437038
107139
60686
959149
147217
126702
531576
189804
492219
610555
301323
737287
150922
746822
185406
442349
630492
107795
683727
260968
662680
809605
155332
585763
575826
970256
943590
669246
318123
737783
410966
422720
903615
635007
239793
70619
139446
807178
132378
355251
585098
114870
128181
43831
25126
767711
402715
625223
746531
471141
856473
129281
462934
270689
693110
844074
583136
497894
40165
72239
506096
273512
246672
660094
5158
982004
2840
733711
564926
395394
369145
932546
588518
16245
980591
57665
62512
298564
837995
660660
508187
847848
917911
114864
149560
921189
770417
43693
501388
664655
251337
958572
796479
774028
833713
741738
312571
816845
663306
152376
201242
9925
886059
930795
621502
638564
766688
667493
631193
192315
501653
487957
899959
56845
224977
556268
295636
183131
394748
609694
360378
843307
382402
688929
534321
75078
606794
822739
133404
468141
504077
664753
954215
489252
141048
501444
628490
930967
530300
428243
506413
401653
109042
347089
247484
797526
648802
278316
842964
649142
677113
461635
230946
414960
311241
954117
442880
929106
974701
179560
658715
48514
857425
119786
198890
576779
138624
917695
530934
209321
28327
409568
259858
50902
819781
58663
730037
725704
651931
772948
250396
369844
522700
392022
230781
119731
88486
234227
801958
371189
241285
423315
554571
383106
298971
440728
124014
190856
588803
678905
505608
197514
763118
218962
737078
284656
861571
268842
202867
81736
150855
351892
162999
74685
842336
344387
721672
440931
379098
611663
929892
874962
7639
564898
215364
841511
927693
451473
51830
301749
807022
634626
246050
188649
153270
730394
516370
420157
124670
641884
340759
13202
853520
868746
849826
708016
896344
153374
436359