950300
416667
896242
445143
159137
664749
846779
246520
127106
448367
821200
636253
324391
416166
854142
629560
839357
794638
21181
809449
475849
388991
944635
984686
391936
273296
788714
402293
492434
300058
748139
254578
309926
185510
82466
661927
87855
559638
969542
932863
332445
93302
359016
306724
624341
682111
717813
608103
514013
197378
418073
442914
715045
955832
987964
96562
588675
796213
639704
123682
262171
506923
245947
828572
962092
81115
12823
8487
124007
219035
863998
265636
844279
633799
555621
974090
625286
583146
486962
435452
370303
307456
304181
352406
947886
837090
598911
590980
386475
571978
563482
335217
545624
408859
629008
37236
137701
599878
534938
953224
567425
674529
454423
667043
582211
104315
675342
738203
170666
474384
183531
664167
736733
645545
88309
663676
917389
599641
688415
765846
702631
669172
141306
234503
874779
893218
239290
284411
453263
693179
736805
362431
234096
162125
309697
7705
12636
10388
594598
962253
738079
628662
820248
115051
795063
60112
978859
120746
198224
454853
559307
267424
955629
634721
923466
66480
151549
651285
756830
261468
305771
501973
830974
112213
434279
378352
470965
752906
576313
618238
315041
414853
596431
68507
288051
980999
329156
988965
69950
231880
206617
700688
850456
30314
778695
211459
875084
955656
930897
871962
70673
485957
806717
583493
526981
260866
622909
349799
631771
862782
703030
333609
419352
600418
496753
558782
135617
192212
921572
689746
145325
458701
939179
804698
308345
961503
391893
952428
206139
222730
542932
920752
611995
138984
533662
707489
796668
678631
716037
655940
167431
211963
726992
574481
997282
305984
684913
414351
529936
323528
417893
459131
970340
126298
346689
729885
848390
126667
682674
46528
514891
432725
184192
606687
572451
253005
931266
634531
993028
900092
833405
24168
151361
566109
819666
192639
869399
532770
948983
913953
468591
373113
365404
105169
737661
184614
964495
911846
251665
97694
671418
528627
121800
456156
730493
327078
530127
732678
134693
766525
377503
424201
265213
408627
194639
276375
401284
62507
469925
473270
101095
280433
702454
153395
169617
838057
197417
377331
603203
694284
452454
940553
170517
747644
601891
504495
12394
393628
202084
447574
107365
376160
261828
814985
777609
214642
787318
577250
408037
168419
431727
503336
453623
489294
581371
692957
274280
890597
823537
558486
970163
653600
660031
695716
647680
492857
125498
687672
157384
681475
383073
729303
862368
852677
114786
325968
958885
978320
941151
863822
529886
794750
17023
533498
561273
612838
638637
646441
376824
732401
293321
724889
915849
724004
930926
930342
445714
403589
402829
341500
401011
570016
588032
625454
336091
425465
840265
592752
323179
549047
43232
271643
392207
832694
863095
772499
415231
835501
949782
628202
346684
199638
193657
614558
412654
340329
74800
421534
36986
818838
275337
833309
10225
333346
378416
157633
83932
532294
342145
712782
657087
925559
101702
738933
470596
59137
44664
6362
732134
177614
836029
136837
701042
54762
387865
80546
386945
929308
684826
129233
109354
148602
832527
715646
77945
136658
220058
814289
856324
754863
128976
249732
516856
235706
738788
601536
771888
758816
706004
931453
471393
312782
476730
869253
95086
700099
365630
169299
594387
83401
637718
287132
86751
201693
406376
10389
333084
30241
352000
734220
836288
527296
952533
605003
149560
66475
489297
788131
257245
650399
947874
868751
362878
15947
333931
700065
136106
23896
987170
297353
210966
420180
246543
131296
190347
514428
195291
699731
577450
390258
308424
748176
232278
215274
690007
7759
476821
361656
413468
523304
510878
812054
688279
696545
500573
242984
140263
564778
834527
242956
258875
552362
615064
309207
209267
246570
459739
465556
514675
555597
712871
279712
733917
964748
758715
284121
757126
661439
166758
777336
122739
711669
392484
304766
386327
474505
468311
537107
389143
929169
711982
523881
162169
525031
331837
86928
964379
315091
819682
466264
976258
776589
128175
654162
579278
967342
217420
326129
173410
760382
633493
259394
436910
410071
873420
934375
649470
462636
181310
622027
356273
377889
490246
339150
76727
12580
553993
573043
461419
353284
269041
797529
508277
309141
946960
117138
190070
582179
478332
945891
970043
723178
318965
880354
424481
703559
726621
365364
155371
843416
310025
367930
876097
695822
72185
585088
193294
595480
404094
985257
739752
147356
598050
80297
843560
926164
190696
869254
75380
501517
54120
201877
56948
508150
854060
79037
741714
59318
781566
271273
280508
118935
803697
682186
207828
254270
518207
622382
545646
517310
586436
666399
360063
255806
797426
615043
600351
839562
816458
626494
186332
634334
596737
125109
872192
659324
740143
934661
77113
911825
939795
819821
218079
648550
201050
526083
663884
147943
601253
824321
859736
168480
122804
685016
807319
536374
170416
23396
842036
591597
908740
791935
757307
365917
63111
495821
30203
427521
812037
765270
579709
662747
62014
525437
508364
327676
796241
584525
419442
551651
703978
794206
659216
472175
976900
192473
774613
100774
142903
653778
520551
173866
344956
253363
708273
272977
710414
808809
895765
597873
535419
592784
706882
155128
116094
829500
527251
176511
224158
585782
624306
742063
468299
902153
42852
951232
448792
674170
328204
805915
201058
124022
379606
37692
531295
215832
112495
39905
575590
343530
242333
962666
61249
153184
585618
359408
431244
326199
941431
202716
15918
251173
129452
619358
68250
587527
534252
863292
851101
380938
591207
309986
9341
737639
32749
44757
634394
159619
653796
354639
14969
667510
361984
372807
487455
553885
898436
893921
81516
422458
497567
272238
579041
118608
119593
9363
667044
592462
987082
434001
337521
880161
403626
769954
491211
599827
127653
892924
348458
794725
277246
114541
75817
422109
486045
918850
241271
612129
954972
147344
689889
281451
569067
808995
279318
915923
564237
862043
155802
946285
465520
780226
448677
759548
107525
276384
43376
469318
220694
610014
568008
349374
286987
785126
647079
704683
735419
254007
838235
472352
763118
711820
393348
558789
638842
260577
960096
947934
799071
408084
551578
71180
280765
945103
862815
805284
644307
324295
249572
963257
287674
195072
868758
907094
752755
896704
232603
371905
364963
913412
107958
883583
727454
997170
707938
325822
645906
158787
727526
707735
591946
602643
670329
959481
576955
658363
600296
271706
672769
795198
15611
169687
637150
9056
293714
736709
407981
713060
754816
912456
755471
543883
294190
238879
881997
964512
67757
183830
538027
806285
184865
982775
914678
232339
838910
546257
971
856131
908196
398695
493648
466040
84299
441421
295822
644798
5720
738880
739955
33973
99039
47429
498906
168344
878133
740011
522997
746326
184934
299392
495103
778250
958113
32740
153364
119754
706467
812141
87979
20582
32858
263837
516473
736579
137321
113537
880383
59501
247271
371854
148790
33493
814736
868498
151866
990214
973521
232994
17294
153589
113757
447759
272835
159000
936128
442382
160044
774253
213867
766800
289441
796641
513129
961651
317716
282261
819928
29464
303735
616289
487721
245256
877557
701677
107431
629578
799074
653850
921291
495114
79390
558420
711808
405081
204223
118325
94368
375232
997395
462248
398925
344520
984575
565791
529864
809014
24915
844171
238514
652341
918240
822076
20159
508570
96857
450864
743509
270128
64329
539838
792498
78853
859844
561526
350443
81644
119016
195974
790536
449915
948367
535590
224693
476043
156038
568688
575917
58054
134508
45034
230646
764072
981795
5011
932628
311712
953104
896550
428322
943238
252757
946013
387255
446691
46058
431468
356313
949203
863205
199524
116574
12643
407431
413747
839180
941682
813150
53939
138381
407331
775387
6043
41156
859252
657652
653775
964534
994369
695611
81462
116286
632278
874398
737450
620637
234555
555602
436899
228416
327491
975174
875197
931817
35076
696711
276225
435588
76229
796908
490739
440374
459603
964180
796423
608098
474428
46741
197350
292030
10071
474626
448807
408721
308064
674869
454042
871540
403796
548241
255030
983781
247933
707768
618450
157737
569986
650999
442229
720239
356972
210793
559264
512001
954971
411672
909857
834374
675469
276355
615278
922343
317861
774537
487768
451283
686151
174770
996498
687028
853032
748702
611403
663881
251251
722161
915687
131919
975324
128628
64225
862178
144811
855524
213142
933658
328917
417648
115953
581575
779087
825149
286023
995131
644290
915850
740676
337544
142111
423651
894190
414531
156483
356530
919120
436730
312130
641294
166
102564
44452
455856
170983
1137
917736
50454
750377
832992
882497
644868
294160
582289
247685
794002
553990
59764
361721
163491
493331
833840
389742
688676
314471
766753
724176
908477
674462
457778
599214
821335
904698
204189
638099
46203
35060
139426
964189
169200
151376
242509
40295
658070
650348
877455
76727
349538
888342
208591
523705
916808
316491
881520
527363
453459
507757
263983
910216
643567
157501
29117
443044
100988
463823
302489
608661
371680
689479
145279
848492
546307
412217
814848
406498
653119
761753
708723
454989
577174
739384
19797
491163
970056
211335
663840
818658
940993
277449
935467
658699
746335
463537
474881
498878
860654
862245
934277
657450
581587
409465
550773
647936
490170
674040
164230
152451
184596
854350
661806
72429
89497
439937
839040
569538
646066
614147
578857
600056
53210
175976
560520
209441
180628
542684
719872
507798
718645
528340
945486
515826
176532
703914
448121
285670
966662
306133
446926
116180
967361
596178
944532
853025
261764
74276
449291
825126
328978
898716
142267
409923
80407
588617
413603
809023
604845
970965
960299
962426
399532
388547
970906
230281
775023
268184
760834
648637
112288
194627
323682
851925
574305
506538
690803
332626
207035
589645
685091
708012
53421
201690
721009
623351
371876
620528
280440
707263
958527
228537
555266
678156
658230
953672
878444
112359
126330
826991
968429
246966
691417
900985
834996
426436
833377
495203
661236
288926
399705
872686
619593
707814
855579
406651
771221
854769
743680
997964
125741
909238
821320
128117
721437
810441
81213
673378
350991
666232
327361
949190
537717
475787
673187
793145
842846
901952
429291
617598
710831
684446
583145
967297
928082
363810
597544
508394
613831
431616
749979
246175
124830
354094
877702
945339
380010
116456
585401
872911
812145
717852
458769
775167
719261
614238
400452
830534
647975
965141
20214
461553
420910
997672
119537
484267
317446
518484
841533
100596
371677
149859
346458
624390
378667
445923
46153
258171
542456
674624
2588
50799
233736
722858
873372
944619
551503
618727
828046
236260
454962
803706
925671
701624
188301
778673
365310
933536
174769
157900
137436
515380
645801
916190
601524
976954
997221
837731
992161
400084
3627
829625
611823
290666
601602
390709
466089
418293
603893
51444
735889
972516
903323
367431
845628
254895
873879
171822
832696
136745
769099
480625
304897
218455
201482
132902
462887
848250
789970
55866
682862
44992
512754
868663
924420
353352
176987
812613
959546
998139
224196
856818
542446
268655
524196
936279
301649
865077
731520
157671
237331
711583
357423
468219
945655
3910
117497
274684
136270
498302
787027
364165
621699
865926
606834
692422
700640
607579
199669
624088
870009
139586
379037
887853
937455
680431
100429
958818
17594
265132
49596
257712
242921
805330
274850
266919
981239
479385
169441
649179
722833
236156
772686
886276
391943
929321
742113
77439
349
468419
567378
937708
940516
741116
354462
300721
408968
23754
929010
526780
942116
90007
533323
655373
918507
511864
814186
823533
989158
130974
392209
57811
651496
625903
293249
815465
837290
661880
95603
851268
701270
246955
990453
574510
947982
656580
174636
328945
689642
603091
21881
912192
329624
713471
669156
335172
665142
879839
331849
801907
81817
83657
535772
665666
496245
837018
437580
164465
712512
422138
373252
703562
832674
930924
718888
700118
639529
20776
452259
445255
389752
772811
120014
440695
415870
288915
365585
528772
484270
317179
335668
498173
308133
981653
916809
381644
874236
351467
626768
870380
657868
671822
829835
825667
174637
526836
677034
575669
522718
183923
66177
866782
627208
504918
647199
770658
881226
698123
356913
287736
642454
640608
67635
357969
36716
218474
509454
562606
164242
792397
819039
121979
227120
162626
418522
874216
948740
101768
504649
684157
68697
840201
573283
114448
367074
272593
988937
898079
4350
689083
541160
755564
391945
796364
446635
284458
80295
411919
510248
66361
125060
796863
429465
75604
710150
267611
790858
923068
501877
398921
886516
320537
880504
474455
241434
138944
341275
270664
846199
720891
403364
864399
309480
706287
96881
605032
702530
590216
910547
694736
18730
242645
712264
932348
135102
100295
444466
659296
658339
324465
106371
828142
696193
468672
784259
773263
720741
790446
247285
799114
325356
146040
218289
808148
843652
160862
39503
780575
754338
894687
845982
783274
723709
373420
507132
532855
444608
710987
593858
263758
795197
899228
544832
870387
486310
517458
95866
684704
702026
236710
27075
952003
358740
742074
661714
30484
10616
574371
969649
576343
357156
557986
173878
925789
547787
80339
133279
660630
997932
417401
923911
80227
314213
557896
887142
817950
841445
32513
377171
298981
925343
827394
75091
941970
578616
747496
574317
882071
324265
909411
845992
343098
756497
319797
750095
935048
351355
409188
482821
117964
143660
885337
315942
5248
979706
819240
587846
750957
450421
72986
929271
883703
183378
58957
624738
994576
389442
928528
549610
182072
99240
745137
748350
162378
654737
802885
223595
494868
597520
81270
730653
907470
634767
876553
937089
928331
671206
865778
718495
477479
270164
525685
511074
687519
891218
560692
513924
359159
619557
976443
459972
376
542121
399805
251781
942175
757310
278951
890070
279271
676772
527782
445796
537294
942038
989367
657572
538038
121128
561654
245882
380928
73770
192829
707344
625378
294696
222426
414309
939115
929059
201926
142576
977660
478207
817686
276135
693699
717075
571564
757703
246448
77294
968076
859794
806855
926860
784876
839741
967740
270883
617197
245610
809669
772997
518098
363114
42207
480890
513761
668266
900206
152733
486031
746692
779395
875032
780481
497678
879168
681347
88623
347233
197673
500600
961999
565181
829484
647796
111397
352929
908284
135488
201384
571241
827894
962177
385103
367663
313671
950908
318320
197541
679333
492023
368247
241650
863698
888608
778490
121719
487208
26975
404714
339646
1003
937443
147794
581929
700006
693505
174418
78768
7468
458966
520505
688254
168060
284702
529059
151840
991082
253989
336042
774365
374099
543404
192185
852467
947389
481647
113800
870470
72189
500824
443536
215013
578779
901972
381076
77824
925527
386372
174732
340727
780548
507910
786286
184095
395881
199569
348800
323946
66373
865881
182571
524335
357684
134259
673682
361103
664818
70715
363334
925593
181593
847633
498838
760915
629319
910993
702712
245715
500347
329089
206303
571523
338301
909665
650048
443796
589829
59290
733702
575709
13328
959008
197969
785937
661758
685221
650934
558231
682602
83634
104330
837513
302491
330095
625744
194149
907346
445542
280314
288150
511519
539487
932460
268229
757330
420620
623621
336880
118341
266165
777197
687602
156309
229696
984857
542514
568636
573051
790792
778124
682438
817529
777676
909746
272533
263760
634638
91589
392881
313221
886658
393220
978857
677085
261042
501012
60819
233241
932083
915225
328129
603444
213538
293343
504023
104931
330465
426086
380570
994916
315315
369927
833099
129752
652133
242862
753152
949091
738230
864563
484118
591632
869416
486308
268715
929539
198114
544753
481675
327587
780299
843554
620511
825870
111551
654511
247303
653108
864757
119968
309041
120772
201942
748147
402479
35631
191686
131182
525829
81334
456122
478194
445300
361532
524663
474614
913305
456545
477688
142477
251818
727674
460053
158297
721250
856120
555539
783203
439406
709617
821731
960798
391608
641680
245112
476195
188433
438976
870345
119728
327444
309272
395687
328469
476276
653961
632010
892666
990928
468978
710276
462183
176774
390571
727573
795097
301197
260352
213261
557324
448040
467802
308963
763137
120453
164699
856212
237986
514606
808848
40313
963060
565267
45591
998135
100032
789099
601539
996820
358922
248252
109484
841696
803043
748289
315346
537027
864558
206997
745382
10455
142259
204570
686425
835772
47462
691935
408172
232272
404064
624017
171049
242665
979882
304468
455504
891772
577164
827227
690499
578575
404430
430439
732627
245147
285185
314447
6818
405416
683371
794390
296769
786357
226470
621557
90431
857061
848582
233246
469750
222068
652727
777962
500783
696444
174109
778527
46704
842965
582174
746384
498002
230777
92552
108032
737882
345429
667267
449854
880855
466967
45148
573631
568373
257553
127229
985882
890835
926913
335614
745526
165112
15017
311146
922654
184836
536366
4797
386397
163903
545263
671040
879290
788116
189632
255078
47658
581306
823627
985573
894613
554014
465515
312303
51546
474945
213960
710859
517472
317526
792635
891713
650680
275229
111678
417240
924173
765241
297721
382427
680183
51173
332352
3132
755120
514632
9929
118310
272449
39828
439303
993047
153967
574210
903782
44282
463410
769995
140499
324670
771577
276352
962559
520588
357244
535226
364989
199007
968980
807100
687697
634380
487407
437575
154765
576855
782258
517700
786649
97618
618970
270061
305447
414085
830328
963088
337432
454363
904941
251575
193416
414564
609110
116526
985279
149165
992927
614890
809921
461
90319
769949
227100
599894
143797
923882
255944
239219
586133
248443
950409
80286
267825
374035
765969
720793
657140
557057
67555
181536
916323
993129
520885
946391
985445
423105
836062
321375
956309
574010
202365
624728
584509
48410
741652
298543
898097
767908
280929
520272
63508
39282
785799
810549
58040
749754
308256
795617
666363
130076
645218
127080
781172
678504
749243
6351
321466
350258
509809
256005
698569
805143
998918
520635
116393
165206
827
81857
590200
488523
480424
887040
481088
929110
509801
549478
231382
865380
809532
194717
638552
222599
784898
557191
414352
211657
423320
8176
176801
54882
970230
989694
578309
238119
835677
532063
181352
762294
18149
104621
662876
319081
899031
279998
814646
585813
564279
407320
743377
607833
758490
930783
416402
860588
849530
22018
573054
546052
311979
842386
729495
627476
228952
993681
796516
700016
368657
127443
592148
230394
461123
854613
929728
306366
367487
574740
416850
70436
889882
331781
907883
942053
808952
377449
623255
456031
79123
926824
255867
411029
884110
772067
998150
804489
597805
213285
224689
943318
327245
628200
870949
331346
894355
186201
943622
34601
740170
86028
347818
186700
722438
599890
330218
566236
251757
747986
705302
272097
897330
952836
363964
14817
13499
467461
619669
207924
502122
77372
631384
64241
177904
858065
254530
525721
936518
176984
185518
952979
57188
993797
32527
875316
205410
928919
962610
839457
271199
192759
608857
946305
199712
404333
108407
448967
167840
63489
520965
89881
677329
115498
47748
623199
560900
433463
220224
4743
379963
766060
944509
34951
532899
398617
2111
917533
785740
54143
421349
576303
46692
466955
358900
463358
663855
613136
911268
900311
241000
195536
831164
788242
905782
941943
584896
971774
566869
416747
157602
530971
88408
918091
855639
363485
187960
805459
99602
700120
387868
248190
374164
382606
938659
431653
697074
654965
637198
925929
356804
167792
73310
27628
737506
658054
363404
131369
325166
497486
23661
236631
669228
188403
346740
856004
730290
680717
658165
986935
684813
647602
985785
558203
722194
267141
250821
288549
63883
349685
75797
543350
589591
124183
986099
50548
471323
923189
843436
918816
431312
354528
938872
192959
899220
804515
395296
457091
739827
5436
552700
738853
808157
425878
388567
873908
793723
648254
613977
945651
486372
539088
917905
546456
186035
284182
724474
15265
106355
665805
597908
545740
717523
688289
342706
472556
507801
715591
878261
64980
115062
17918
655256
817415
957225
941469
415541
575021
456635
34360
381490
190688
538686
437664
397285
484617
642281
742455
767037
846166
917213
334132
93950
459157
460207
313129
853916
242646
528468
340451
405394
918938
269410
504000
893753
516187
622130
468183
244161
910802
178523
288345
413434
597582
50505
952009
325432
764686
943705
662576
628366
540703
290478
894431
128501
74793
383280
500689
354783
757143
782088
602728
318380
880278
805891
215971
651810
552045
643445
908260
611242
842079
24769
413982
699067
254417
324452
721791
517175
995919
875009
410232
298726
773184
842240
158706
761724
102622
416648
178492
344768
467486
304268
986163
143649
328964
427808
135287
622701
201702
562171
322587
63145
32775
773303
935252
465070
430942
480741
166668
546759
209335
231301
174432
376135
449580
990266
586308
203110
520399
605325
82891
303826
31471
457886
142707
709575
223444
866674
114186
286631
208373
209215
158555
408220
588133
760563
606833
175377
652411
360611
452155
821063
401415
240243
773433
180392
299444
876399
308155
590769
403889
53091
539135
894028
588451
959679
635921
676154
375553
656799
35515
190618
774269
135628
121572
430725
211487
98392
3003
23736
966570
306368
389593
49219
785444
979505
286957
537230
938639
439548
794764
2405
493531
979795
529392
722030
795844
56707
17080
757171
150200
698022
800289
94430
94904
718556
505265
294521
330108
925334
260024
330759
492098
146829
811940
531647
568667
627415
575980
188856
714370
942048
402634
424022
444159
49701
562
47328
605125
689254
829485
491027
437421
790708
799825
304953
474512
77657
123190
618374
111012
662287
961439
433304
401734
197307
711321
575180
351427
20886
851785
670263
863390
187703
998996
187710
807417
427657
644780
440734
919180
702075
668965
255388
516325
168417
999997
655984
778130
238285
215965
552752
34889
50515
609491
106964
981330
230072
463707
261045
156573
666640
269546
523189
685158
725869
479739
78790
554618
835497
955273
96261
144516
953890
314610
65874
614440
870630
582064
141755
735810
855789
879328
383700
531168
927759
798324
481704
75323
668372
794080
677631
229965
287927
765333
357885
166095
304091
463296
39743
123280
780249
170684
948518
359048
984292
249227
496554
898004
313898
803490
147662
835729
405661
797286
459722
682744
722346
937026
665839
745373
648905
724869
782245
672444
260111
837982
102931
643209
976180
171955
598350
571170
44479
702806
771151
334531
933257
617030
635081
179399
443648
949071
372517
991600
352366
617198
683323
934032
884970
971567
968414
900705
334165
181528
702876
35721
687029
455555
394890
870763
826957
854900
261696
584047
773177
375913
65658
249124
938027
434750
797314
838994
292193
513781
903153
572663
303231
399512
34762
104841
795131
665256
957733
489252
115434
975281
527650
552256
552087
449881
44167
470116
616616
19353
814727
972317
444995
42894
410710
411285
200877
579428
310724
711964
298635
995045
451237
795898
438932
756238
313968
803782
231905
159062
64467
978939
724617
866047
65155
454310
817567
680331
532225
488650
943232
11265
882494
699175
183346
295538
996054
266459
46766
822380
555794
887221
235847
440626
664036
342940
477857
4090
401786
81230
137986
920508
685420
559891
163193
83032
359865
867205
911954
347001
797186
74262
977373
319285
722813
864986
643941
930927
409852
333326
292040
441906
991084
908134
807760
430130
205860
565714
354174
773546
820696
473960
332386
644414
674949
476461
616806
659130
302748
614282
703114
153484
918698
364133
955507
833774
122079
15644
709041
337933
758855
236986
275571
453713
737232
905233
673033
275444
336681
533835
454865
668049
12079
290545
997400
201212
246751
899679
181761
256213
5185
853293
837510
80513
273305
57206
573066
390932
746044
586412
52318
903596
878521
277399
224192
588415
970433
265660
91382
946440
58581
959923
911922
164564
573129
815223
694420
979728
706361
765744
66638
395747
880534
964202
154174
353425
527416
710269
137859
231598
882755
644979
80953
875852
532658
300019
413824
23939
108595
712690
61203
468342
332270
410297
314006
640057
479103
204454
282735
588756
697447
4113
788707
259977
677703
928139
644540
918125
928971
383117
73733
753978
871518
329909
959276
417936
21862
591720
625708
764051
972968
176548
437557
649012
429933
706386
454882
554815
556258
683344
372442
55142
288416
436457
619806
430730
703409
143898
295323
164317
588989
50221
147332
38572
137108
744772
815914
469278
63941
912726
680050
297209
8755
11039
551066
501844
569001
446550
977423
979530
50811
910581
934918
698168
248903
252659
835866
748811
168145
810912
920268
32740
11728
610573
245839
659961
118781
686774
601667
824905
495003
992531
98663
623281
648678
757440
77218
518817
50750
925981
418498
219550
860803
906334
79355
207055
4784
430184
621102
74262
160654
430177
601209
842017
349096
777930
289804
379493
537150
821104
434681
997920
645678
381250
63712
375125
789258
300852
177550
548250
838337
787202
983587
548415
895239
324925
269427
46204
943140
97073
299824
126973
403905
176840
16553
975965
531102
868599
592853
340144
289191
595665
788311
370452
74850
610356
295594
956418
730455
516981
608625
313168
173105
865717
882069
221960
411732
218659
929859
813019
658614
633867
791710
635123
230157
215269
79880
297683
624852
391022
972150
485836
174885
742472
298675
296515
534696
391274
252484
55163
335940
927110
562327
935407
16852
573938
664514
104509
137585
211786
469366
505056
752374
406256
714462
908225
268869
180646
748139
431707
998761
217448
439060
590788
947481
435062
133262
823682
548803
284824
145431
485330
130047
771797
840051
338857
510709
948021
927136
585501
868585
99009
827703
626878
469442
970475
301903
754261
148107
528786
725167
56721
626607
623255
197414
272401
891098
742464
278495
887232
384047
868955
376416
150377
470471
157123
404654
573728
282393
980962
645615
128006
125304
269782
691095
635253
209986
274780
115886
169335
741552
347361
898110
907084
342166
936617
285277
735934
639361
497648
558563
840494
23312
79515
709391
341083
597429
440230
999547
171120
780440
630273
792208
71792
244735
420656
358353
475496
784385
737591
908557
806031
127368
394760
475480
408811
245608
811377
467354
706350
382976
412693
618135
749950
70985
868133
417522
890991
830412
76516
392577
300364
223707
485386
912165
520484
905840
823754
608439
686396
539582
393566
977293
411553
123618
106676
472011
234653
654292
732578
112904
923337
594297
123404
311828
773320
76537
916021
235483
849458
937782
217918
878025
977397
909118
269884
696993
655900
91975
627888
147948
202609
440898
48960
250885
636975
378490
251955
9268
839034
150599
657304
293791
939867
913753
400261
971272
789990
712609
442147
243203
712403
995998
6596
242604
635473
672040
150796
91020
778824
809440
651209
585605
450471
660161
337003
204689
599925
819816
175973
384806
516731
412848
804661
869004
783307
907072
777640
910817
441838
922240
795961
81504
289468
611745
468542
373052
48139
479268
171999
273310
352181
179094
240142
768433
263514
492077
307054
600402
3420
240743
387112
608397
442060
747712
982860
973067
124666
502178
271845
409743
45622
498837
97756
951419
373835
446035
294191
48626
468426
932598
228945
751757
14661
71963
818612
987548
562522
6763
819074
959973
206316
319986
203549
839418
423010
893732
12380
144082
596005
26836
64703
468823
372594
190062
130401
406160
427655
597973
718883
77054
231252
131215
272288
381431
485808
71049
780165
646981
577055
944832
471391
459852
755888
691537
413033
481203
895233
592610
974214
279522
854016
283599
420106
98816
922357
309638
791870
93548
94412
525360
968513
889857
384139
429333
469956
165765
614312
480501
903696
355570
311402
52737
360857
805491
210492
766629
400177
538958
615739
545474
991360
878039
7459
616424
502352
438755
731961
906681
665061
535387
547012
647118
458943
21172
488227
204694
832556
904538
130354
841648
353751
937593
408992
478780
74603
586699
591702
579091
198788
788847
260155
882604
192312
798798
134297
220023
71756
514426
97761
392335
529754
33200
170539
455776
414309
268276
84855
366139
670482
915648
422492
577602
903557
970624
769409
141963
171422
244098
819709
860995
489179
131228
720143
739457
666230
669446
321028
696023
843479
944074
256789
907329
421234
630160
847624
324596
227284
666110
207678
536721
435846
715438
552333
931076
372132
633769
787298
696424
161712
595121
580102
396628
115953
619991
314058
850893
744587
889235
271022
101606
467557
860072
368133
767676
620342
664063
802864
679524
73266
643457
908799
655304
350256
373818
553921
191706
911840
740280
258110
140070
369558
856388
496399
317159
64715
87006
577354
270145
951014
94683
467441
947919
112731
237128
978023
641391
191148
384817
116373
779503
594693
539201
232943
633135
417438
437151
897
156921
178655
325321
375415
706989
514054
948420
174545
625815
526494
403872
111836
80619
799801
874506
830220
351657
929755
591155
634635
584128
414586
334685
955060
846998
174907
849733
225272
427202
323818
398412
630687
48116
997813
893290
879948
780628
543983
111909
263670
595403
613491
779335
666896
913573
752130
601232
271285
530954
307582
736173
678283
343374
23598
732699
777608
578379
241833
338781
733635
722567
103045
504394
538526
849671
338695
476021
649165
293878
287334
549212
785204
822285
720991
332529
683696
114169
81217
958083
39308
207308
717870
84528
476802
954327
363823
68095
397684
631243
170177
270230
238243
868762
588986
383993
262378
511974
527623
731408
191222
788759
801334
42069
285817
90695
697939
821203
113474
217520
724254
855437
908980
808907
192294
845015
421808
321012
277997
819927
358079
538876
856631
103731
571091
899808
367141
443009
398167
840224
286470
546068
271165
802115
536270
682798
856501
359380
562377
951740
186600
30762
71376
722906
295117
523703
686891
352780
483723
727296
675638
896748
370893
928542
211227
381515
779714
271262
312981
594418
674519
308599
916799
488488
853357
329197
146513
601668
361014
90192
724872
312140
540090
54384
18573
978148
51073
535440
922394
57260
397323
197781
73846
435989
883067
604533
212718
302744
368515
443081
818265
878521
579186
96749
586633
254145
799375
935853
634787
303499
20864
874857
543661
652397
52771
257119
353953
389666
348020
645631
655090
18538
54571
615681
175720
923583
610874
342431
141593
835122
111509
837280
996928
675015
769608
281237
163337
574169
976303
122467
907342
214104
864080
327880
98429
109772
211979
218410
707803
511493
363881
381342
959468
623290
921322
640806
514178
130720
915551
193772
663600
19107
738951
221175
996396
742347
692515
336719
623826
971347
408491
941096
763014
468315
701740
993511
203388
244405
580584
822432
977415
1400
209147
280852
260356
439886
764690
856084
883458
289358
688185
465705
553892
379560
842378
420984
417062
143862
345479
158866
316128
113407
646567
573426
778605
947538
181277
107649
159296
61376
609390
431483
945419
941734
983639
277536
581874
657066
126910
989641
427677
406980
513222
535630
232640
377076
592829
280728
791749
560682
182666
638055
573119
891817
491072
37415
190263
783629
410653
633790
945777
375981
316223
672413
855266
664355
354347
840941
608232
95756
175909
423788
221505
112277
522046
572012
191516
414918
158548
692402
826773
816244
510227
549925
89843
963012
68805
287511
102589
140273
140963
914529
249539
306142
903249
22280
163939
82812
978915
456138
766636
213114
385123
801567
408858
587770
643851
540449
992588
368518
262864
207708
441708
990632
173521
368910
993475
442756
890714
882088
558039
510738
313551
511719
990967
558081
976187
458808
300639
878448
534554
93099
803893
182080
571089
511944
707844
66268
592188
781592
623209
116304
612991
37519
617981
939802
880151
43648
186977
221946
961332
29526
604266
292407
649526
870334
12769
730219
135164
869721
868340
239230
917074
73367
599004
853393
614702
404242
515414
915525
50824
559821
16588
989487
200823
794474
700525
580735
210562
293697
240623
367428
283847
811051
806008
253683
792124
205732
200906
697251
826991
875454
372248
746095
180753
185217
703616
467669
757593
829917
699691
999131
704740
654237
376566
634383
387142
101152
687238
29843
767813
288876
570994
339471
825613
876362
93908
404496
964083
737375
264219
956475
936276
720793
30693
817997
843647
726615
863467
261750
724151
937577
619804
748709
455841
71850
781939
763394
644287
390177
996235
840567
936641
73224
966993
4694
753503
684093
434195
216704
836648
574612
530529
113996
135622
861302
554026
977962
965284
700093
449078
518453
592081
612487
890892
962571
868191
794114
236861
518191
144428
68297
892605
413209
768044
934447
478361
534285
289990
80511
954573
700350
904668
580478
821077
435732
162804
410260
894405
853230
656792
600486
950533
861344
679279
796385
253526
50067
36181
331965
284680
710388
476264
130013
514972
46267
520745
975287
88192
27502
994348
871778
408072
341746
412985
776915
751220
153760
852179
169708
683410
807134
287618
790800
415122
432864
394585
296152
385278
122243
428382
245556
699898
344433
652321
455531
617454
891102
32500
172607
974372
693769
610771
575047
644956
167738
957417
157736
449731
510363
481473
54085
987938
171978
245089
940988
833327
617646
644315
915858
934433
637478
849553
676541
754450
963589
992741
539956
330595
207583
609904
893321
362047
79829
368603
928561
237102
223768
613415
379427
862238
437301
217602
234543
649085
906131
43451
358239
376325
623371
621698
139095
822163
390157
591218
627616
910399
696203
300525
671623
17515
785292
756054
696078
384465
570687
892303
327677
489188
961890
873944
713068
982579
303011
48054
880631
615780
670709
678866
639660
597652
83632
455715
881169
220103
97891
56975
721629
576547
274359
381738
572392
665418
302560
940366
544738
801410
611389
120611
967201
276627
381454
80594
62317
139455
645112
135120
194732
550378
298453
126376
341608
500785
719267
329030
28506
183496
637051
112849
756958
404922
275816
913639
724627
483065
783683
535012
5239
226917
212964
342367
68089
521656
537544
824509
79433
521358
102611
319763
820970
633034
776793
139099
970755
15616
172097
130574
813129
560146
289594
762254
7454
15510
901971
346023
954160
739258
264864
840795
726959
202080
735517
364245
584103
938724
774318
327129
508620
648737
399616
43130
716969
103280
35961
711798
416984
425518
958706
750770
995689
548736
239578
201672
790976
589892
966750
435021
596527
678341
338973
407593
389936
787257
89186
745380
991965
639778
169397
489767
426130
997354
293434
588699
388851
71171
903572
829549
379320
630901
53341
462460
416011
170646
325295
820875
388680
670491
32089
146423
11069
73013
22210
376716
110148
867283
634222
196317
193416
353374
475621
993249
14503
274579
624796
838839
660859
82472
890814
264320
92325
910757
361892
26717
367198
316501
936654
779478
366565
852891
23687
287101
540709
343561
502581
602155
94173
15074
262991
772031
858813
806359
56503
457781
59323
570123
974508
958630
454155
385888
478237
214334
662401
954045
755629
820618
420682
885904
694064
795972
975250
670241
772074
989149
5905
972239
89787
774858
182954
341876
181958
918218
441623
579802
476395
893332
647975
812057
765513
705711
845646
420714
434323
845994
250285
958082
342814
256469
608725
306689
234423
499639
45325
637061
835834
12862
748044
574029
949620
516629
796620
577231
382193
713557
419602
572677
506887
795470
488953
148099
498121
480516
395199
724616
296087
127344
474051
415134
285315
4992
843863
420694
31932
159042
811951
485836
895357
156908
565974
615354
522637
538114
433789
302328
18148
56382
623586
380363
111532
69284
349624
548567
698083
62650
715176
674987
877237
462070
595223
815536
1590
838524
777130
294530
20022
510284
868208
762704
895651
943960
227129
892784
702908
266137
45450
267616
887048
15851
672389
649178
117833
945966
220844
228676
997352
508599
135443
151814
929996
566871
265246
427194
643184
380953
291552
120986
677174
137324
753178
283909
917293
575890
188416
993633
444388
817565
498539
311684
883968
333640
149450
502872
787202
729469
758543
479441
98559
17350
317622
486333
716765
772432
289473
424648
892346
965281
476090
168825
703475
576422
300214
849146
275554
26912
336149
52847
622520
885116
503443
710192
694072
534803
471242
422421
380848
339094
845933
725892
703146
812037
882230
212885
832167
196413
659061
462733
169188
963012
749270
28731
257722
727727
31567
540790
458584
30154
865681
757181
935324
728696
975237
253565
368263
296394
883879
708508
640371
820173
495405
962781
966624
242950
404855
505921
50805
541906
45855
440819
297644
684055
744342
488792
955045
2275
969401
484152
828683
512032
317041
149005
130014
401716
847177
439687
581773
235510
486081
24924
814599
960060
871639
464412
988674
230438
85431
319422
900377
223930
520405
737135
653302
444429
676291
469571
45240
593443
361830
17550
639594
697351
861092
482178
674931
560401
545810
276450
974051
292218
986134
320678
701191
389170
879841
753596
20800
115631
604471
695436
110316
497187
701185
714195
685230
649705
379429
246535
671248
504710
198514
500251
278970
236551
195715
864012
901645
119989
296967
224827
781807
944666
246045
461741
928844
712522
177616
552794
812259
64200
219215
371438
841603
58755
368991
716079
216327
410431
516055
377446
8090
276639
284499
787449
570294
789950
717504
832243
387721
321133
787066
350298
629568
699281
627329
665639
836207
649
536357
71403
418164
841485
204713
177220
135422
537718
885179
212667
659706
730639
828284
241153
245273
494552
320457
527941
181874
571363
548290
201322
564456
923595
704132
251040
532078
944980
727654
658537
658721
472180
139169
908256
671000
823284
942583
870959
949288
397062
208780
401907
206034
508282
168955
333024
872487
471436
119403
43198
389876
998229
23621
476886
175193
338165
848825
763893
606269
951850
222680
950101
918654
573566
501574
763094
100349
590174
907068
451398
302531
141541
580037
638391
523517
457930
412546
88762
549162
324962
527850
213965
957102
678331
425492
959928
906437
874950
105082
806642
831982
662205
844088
936832
155675
565867
666072
63157
35759
740810
582801
231191
569463
833221
282054
445046
8185
77154
631969
899557
329625
291228
597466
534712
358953
486804
925607
517142
899166
12203
714860
454049
431105
874206
681104
138734
404384
697433
231518
604598
501137
327818
332342
289728
550541
626062
954503
5574
94610
281590
813065
925452
51206
75911
515869
999305
566753
959557
730699
755062
776172
254844
21670
580701
38149
940602
255646
867266
721104
52191
704157
647456
595932
272497
239821
121783
229706
530312
160576
218990
531945
332448
795549
943871
401562
390389
305414
932641
815944
206665
356166
625143
601786
568628
724436
96318
578452
673662
913076
9484
359480
150261
258422
460038
4362
631850
329095
575026
384296
325142
14488
446917
979178
998784
671982
716493
437230
381965
287404
352187
269386
183042
778988
5625
272527
257254
414785
170853
512415
440984
947632
787464
435429
85168
689958
189147
443654
935278
263606
19702
199832
677479
234403
600392
739235
733185
273927
391790
344100
64461
57658
560295
87687
956378
126800
108710
892197
902580
355289
514189
677559
881495
739302
748279
84175
76097
467048
641575
891978
873027
151738
893566
523899
721501
119635
932821
452253
466395
435236
812320
248539
52435
602205
317273
142174
717680
350253
980139
88237
478224
96818
242666
824772
539160
522509
526178
311426
965014
860934
659378
92658
86822
622673
682907
644476
503146
571181
620198
504614
987398
57685
426162
844137
267430
929411
854386
12581
729085
68137
340419
597461
895861
946189
185210
232902
294413
373180
111003
400455
788360
396348
843218
3409
627994
734855
373651
545632
883859
789218
993181
582121
215615
449308
928931
896650
14260
924155
479499
570815
713889
650567
105112
878594
622757
144825
98346
982071
631190
965600
523775
100930
503888
251579
325295
739409
450313
110276
434216
17601
280388
433233
706751
305561
791124
562558
746234
704232
63229
238874
733539
212767
477210
786206
173814
91247
943833
197840
790128
470911
628265
89735
533707
439970
203813
529395
800472
985953
867873
131816
98622
951336
22489
875312
816523
537383
961329
483282
527212
62234
888035
786130
760679
118628
586086
116343
317575
45971
637282
716799
620111
207030
938014
347770
37244
911807
437457
794081
614196
246665
821019
548850
924090
460274
411209
103778
529043
255559
295991
454000
244532
372932
325343
661714
667559
484534
694152
597258
423899
545126
703784
472137
858642
163013
430614
16080
878492
136833
324348
375798
640435
874273
394449
334858
400069
766082
522556
330788
49362
460610
608235
325414
234302
802016
933558
718590
351334
400694
885540
438699
143478
832987
709298
253649
7134
725724
607135
64768
632128
93397
446081
59754
788242
667348
6036
247666
723686
813041
979899
803572
971540
345030
609680
4483
805527
522563
684227
716961
750058
141111
494061
168676
716656
802814
711491
802754
913458
379049
192068
754020
808468
139593
872009
518681
308200
311596
970899
653872
122063
231164
644585
387051
564072
557792
658151
211973
889627
372039
745378
170946
128146
812216
898188
681688
534957
798403
381575
993709
639167
36714
219375
94278
214002
645109
63723
338184
917850
958034
455914
891669
176130
801329
12424
571484
380744
306881
745266
797213
830672
437609
434803
223657
719028
119994
315361
966456
751610
251685
25734
338906
603163
169362
95035
836898
998803
545970
810705
721850
644487
603713
708555
331790
614905
724064
800738
446875
896174
162959
987738
417264
44607
536875
328819
249066
540759
227977
260735
161786
747197
738044
413728
548932
150382
761182
676197
749595
520197
161543
368947
566476
347578
799078
194460
934516
162237
46890
204135
814657
922602
325148
171010
631438
413483
123018
22731
119929
546607
938030
104358
63814
748361
260918
520504
801601
125831
447969
650670
904422
187959
76731
534691
700371
541111
72756
375637
578060
670799
181739
843541
587694
630871
604895
370838
239230
250840
299289
253109
913326
408571
935898
447118
522513
396414
800046
211917
930008
51346
694793
929898
624975
810585
622928
344068
780825
557983
547300
107512
48634
566463
115851
32241
551108
771415
306895
110473
900413
958432
857162
377111
334514
287992
198637
362648
83069
153675
377666
700659
398299
206391
272262
864350
745491
802248
503594
830721
117210
226986
733935
643855
605534
90947
201416
37272
782191
352562
631800
39490
135794
515093
740198
423987
123091
906669
966381
178998
730644
842082
535280
221688
346902
685771
737045
194717
462103
622347
31481
189162
831405
723314
896348
998526
149366
556239
696844
954405
713646
468425
762090
30438
958655
547653
6449
852558
287709
409056
50931
401117
434818
921614
840462
250494
591587
248514
212978
812246
824969
30930
460865
621336
998014
349134
97105
238765
278433
147765
167279
540063
710328
523958
835997
895029
319083
946014
588114
108272
557314
171086
6362
655804
966583
659680
747685
924459
685437
520371
205776
720567
305771
209973
555340
182206
505527
50243
560366
230724
241552
532131
68909
823478
235613
156745
223458
984687
181536
360977
351923
412247
392962
630105
786309
573854
777355
853546
858683
625962
414265
452813
710988
84945
367072
119752
321685
845629
904438
254024
283522
178610
182481
280210
902402
693853
326372
769289
697357
564899
319097
525137
861616
465802
13850
386391
112695
429262
576192
68322
334298
807928
350757
262756
913782
191302
877965
794591
123321
573556
583835
994188
210723
847126
737181
829064
721981
837473
835059
798371
200876
73512
942584
603679
432769
635188
832464
68903
525180
586378
323782
725653
471739
265223
503471
260914
720681
622146
879156
450608
71372
686693
954846
268700
412049
870433
330880
106150
970064
848120
920252
484890
158583
776141
282302
976715
838579
890545
442646
912024
35278
753982
909634
704211
735368
884834
945524
227554
130987
971021
489324
693127
958331
879384
258673
418706
144982
118339
223032
425301
292849
296881
662400
19601
121000
694172
467204
977690
919409
198378
273873
584021
738431
928264
878974
269868
555728
251362
338399
987985
510391
147127
192910
724019
263467
938718
38554
577331
700956
622834
701806
465450
445812
578187
690729
620110
995464
302539
567218
256047
3363
51312
321070
818350
517073
920862
640226
618480
485057
606562
862302
162053
380749
543747
581071
206322
93536
787296
402295
321592
538527
524299
693914
385165
809365
995349
893433
471424
272202
608383
187146
579805
545240
808576
359072
143119
785407
51667
270761
148011
982196
435757
224990
557448
564446
473550
136628
522224
38830
611119
155850
344688
642782
574171
813153
473927
692504
433551
918860
58314
981566
255986
318239
293581
933620
54686
185005
124404
204313
308140
407936
686404
324669
200944
155582
690261
840439
388478
737527
951377
400673
447402
150905
94399
44786
648748
240436
791872
629401
191292
136958
153687
186351
530978
829866
357690
184916
985744
41742
277381
980095
570991
381065
19341
587956
185709
906451
130908
439675
238840
641818
963596
527092
180111
800966
943719
105769
56077
461747
248596
205448
574632
268795
533329
124169
521321
234969
455277
926562
607127
817378
63785
220095
432491
778304
338149
721986
423489
90938
45779
871984
115813
60313
104504
791291
267329
6430
214057
612970
966241
466739
457114
575435
982302
987210
702348
635359
744141
764470
669276
149361
46453
636377
69099
352725
520963
835004
754201
575064
512474
862469
428465
318838
392513
944228
108227
600523
731147
786581
555171
883634
848232
184313
972449
953699
874704
837598
171887
547743
441529
716676
781726
74396
353740
386430
930829
908090
775934
828387
196826
160436
604436
708100
650496
587468
189999
632880
849086
312412
66945
468912
607900
994803
929283
787359
304718
843282
573182
952983
929019
350814
75225
543636
869407
489832
688566
191589
58802
736979
11834
220182
788303
422663
575789
327761
450257
700094
98946
708458
663646
229525
347958
128263
777574
498120
344352
457470
139400
625574
604924
410837
264740
300308
450858
955547
542528
441003
889504
79113
417430
998691
163998
635470
777139
171983
24319
475649
995533
512231
465131
732129
732777
948196
366451
737572
215025
168860
22514
738682
814713
634092
962588
992419
12121
480582
294161
466264
945624
27764
755452
277641
258177
952137
355050
653975
600062
348023
879236
228218
232167
351644
772310
280550
854250
626447
459809
275891
782070
419131
830993
822350
126834
936178
606448
370786
639942
324092
404345
524452
356561
331729
885716
270107
949975
265534
235006
436196
264707
501517
94208
16614
990616
73009
275353
837437
160908
510999
271135
887431
926796
314206
124971
359981
202743
989392
432668
993188
286694
786114
777907
60993
323384
720130
789478
671701
630006
390959
872020
232578
920645
463659
902079
827970
847492
71362
68701
714815
793837
905399
837336
195443
233553
274804
981918
931306
968464
76177
643639
973597
240747
987386
176337
682866
29326
53552
61250
908424
763506
637654
788523
253930
902685
242556
347589
482154
839945
104330
625226
896598
47105
253585
921217
316763
675020
418033
707532
841481
719878
566937
423321
673207
362889
985772
845011
788267
390930
471427
929695
916945
323259
792570
584875
29964
160359
989426
7516
862114
348692
747769
381620
705110
344144
463361
938669
728096
177411
573702
238969
211743
316717
584925
129121
96816
242296
853207
897886
803942
777740
682491
664117
750079
787000
889385
334351
286544
248980
218297
353189
443645
275611
25115
414035
571691
466521
357733
806725
697297
237148
792278
529920
759683
818900
942716
613744
204754
551094
631222
900428
190489
435120
399279
15091
714728
811996
610250
866373
432748
832939
3766
341263
330582
73797
429208
63997
65580
384112
414951
325122
794431
693923
534376
60794
812559
846951
365446
772823
892164
409841
455348
391266
717097
441998
403741
395071
653535
965912
803556
395568
830380
427497
100495
234569
899234
654474
84153
56443
84419
372875
572694
575167
986569
310884
312920
77931
610121
64641
106260
9198
174490
641251
558701
305175
259242
956453
169992
228319
463505
299921
978567
486772
325829
245120
440257
80672
265223
309283
366712
720818
264215
637179
169007
564259
6415
891316
943713
612391
925240
883241
634179
711839
811378
853996
514217
560010
701212
367584
226460
780979
553528
158007
367213
826439
592737
380585
342733
482916
972080
953870
370174
286260
19323
612388
643056
771017
115316
62160
253914
734581
348905
93709
678805
913319
339104
300421
46409
116898
291979
204104
646781
769242
494971
135288
481212
627709
450976
109521
819207
748467
613918
220961
94327
713152
90776
253891
863940
348975
459334
643455
554415
71654
176546
621123
519996
822507
396264
339403
486716
557714
333957
229595
888920
48061
661191
289120
65985
930737
515949
390054
949517
619773
216181
347793
733656
637191
34217
643220
893081
797548
619613
687667
748039
381602
290366
655751
624761
91000
909448
934829
426247
517572
375235
822340
917198
545556
404162
473537
808011
23899
315434
517870
123874
485628
69560
545990
995216
738461
938807
40006
120613
868901
427006
869772
434794
843656
848697
80901
689097
149627
598664
173711
850002
453408
726616
858473
349889
337626
980133
969038
664176
178414
517516
35503
25600
83237
520796
246136
463942
153072
415683
346195
875491
790194
834929
60047
843929
936476
557670
407683
775096
572727
255394
466532
321061
927024
559607
725852
570530
20594
633642
325579
947166
743490
245601
127842
59635
313150
545612
64685
105543
242781
946121
173905
63782
18716
450144
828149
427939
174382
57400
796600
269024
484510
286490
373727
700656
477961
360470
174565
186524
359970
159791
432125
509359
284044
971488
397186
695451
430451
952562
121750
835687
765924
370372
384238
755640
297352
759052
467338
839432
657565
935236
725784
931790
85175
962308
977326
829464
30741
270986
273445
592754
752244
747875
829289
112071
827437
731604
694849
257443
927987
367164
576524
884497
500842
936240
531195
526326
312151
602065
436443
280294
458687
135552
558112
273925
509678
266903
837680
508853
205909
349853
823428
495611
153802
60799
179023
662541
763975
982303
28034
713866
643462
100075
569078
520681
315721
203890
651785
414557
656156
792673
111169
371460
30719
526114
587208
268895
300802
132307
615057
504024
532067
857067
9050
868662
756227
553270
678867
90399
854141
36591
887225
45787
703684
356558
641810
67704
853190
459603
562152
470294
668722
17188
551565
312175
999370
94929
5842
910569
874940
986984
575770
999220
428877
643145
272366
322080
148253
465083
417792
955557
398788
461069
44977
796851
879063
851243
551951
305179
563875
772765
897988
280858
104993
347229
288480
563225
591611
225873
965218
203108
82798
897981
635394
64247
540757
173473
194444
474072
338076
747455
753687
797201
107377
515481
179154
57804
416519
549752
129210
237968
957850
24058
320530
17594
296319
605265
813158
489137
913287
619009
82124
631136
984761
116240
710690
205407
852640
765999
892415
568187
942078
527265
456554
343193
70141
534893
208804
76371
893231
222468
398593
833119
403916
488261
372450
667476
685799
842542
958074
593632
521523
114597
233664
902020
79337
469310
488159
541910
325053
627342
148980
188444
587057
413664
660928
768462
316357
455999
149627
567940
67910
693033
589635
313927
834478
186774
93139
300683
179336
36543
33133
63947
720511
778778
425484
462936
40790
187839
87377
178500
559771
300842
943992
591757
711436
121645
374612
748624
494412
575523
799534
252878
993159
512283
780999
420505
652053
98762
544262
917016
477868
63512
380210
116502
525239
11570
459746
308663
921934
138340
745384
819988
267821
343031
740186
312809
187187
483550
639900
695104
206869
104814
585289
562644
199645
526676
512108
808450
915723
749768
22102
598035
933293
330771
722192
371215
384115
468903
344688
530249
76039
25208
21708
458410
312038
229843
766430
508259
756847
497044
241824
698473
949899
417551
803769
574418
514599
51731
742724
699272
673493
919847
561569
713564
912158
516773
314515
857127
114260
128520
962929
493213
87181
383473
227020
508663
956535
983134
387031
27773
818452
450996
49544
179794
499256
184244
687359
912276
858827
140767
796126
157543
140637
245940
208945
434269
560527
298424
331249
715125
939485
400756
2763
441536
79154
167358
598813
593023
777561
187284
875589
905675
928291
67475
470628
976029
932838
310126
172135
2552
810798
464649
320908
123631
616904
723748
255490
256778
998799
37096
728417
222162
34446
192027
707726
920327
384906
359984
398225
989617
374357
242216
684426
433110
10364
254994
27782
616860
460052
213305
503013
663575
59594
501721
672861
918003
282556
411726
259679
130574
521420
163909
852136
882225
686846
88735
931663
198376
556270
405446
59924
786065
765858
995227
515718
529261
345078
500389
813564
912702
808722
936997
261937
673823
426801
81878
376307
756782
185442
912273
205626
99069
14784
982224
22116
884154
360399
763856
205269
915184
667788
313487
607289
510950
850959
581647
829244
840661
149026
649949
843239
391609
433223
556490
706259
608770
383103
526376
62332
295910
596407
160987
372927
585850
879067
641294
74570
196973
642120
931325
363859
615284
480499
92210
504740
91898
265425
296238
946711
322584
391482
227394
865309
896559
776853
179015
835778
33823
371478
743523
432522
381142
784088
483548
180849
948260
286762
974041
858322
236704
385501
907125
181367
663050
805887
651239
720235
158371
7051
808012
531302
354000
884159
229400
223433
558869
597276
13715
102927
767756
70807
322947
151531
334073
3640
254480
240372
578623
232933
633471
105304
667811
606588
408083
510301
710620
432147
602632
383175
548016
190382
965069
6754
189068
474462
116548
157001
805126
456367
314215
164754
209204
31443
158374
376017
343723
719253
999097
902849
87816
191800
874891
624889
55497
317609
419141
488531
268822
931343
56524
400984
577694
634033
750895
435589
868170
769823
190123
917590
235194
183343
951714
597353
721620
178887
926861
579039
527181
824564
40933
344140
404900
625152
824978
285047
920362
485081
893447
337998
875975
797104
399761
209011
142158
464387
832980
763864
539895
779414
79347
997125
624607
877192
496164
599456
668885
680853
740794
915557
554999
484316
639719
335989
420256
172173
260944
692260
351913
383844
778417
796521
378102
16233
659030
709391
245145
386242
931477
254688
52498
721631
892896
513030
59175
584272
464644
240131
967906
135328
863883
690113
603252
967129
735723
719206
64230
770455
345179
201870
477904
970670
748266
171955
531844
25158
56909
628669
739993
924489
808808
860817
584879
426003
503121
702625
770200
833158
270643
39360
123242
813201
868007
335223
31754
526463
102291
940320
745282
922641
845700
645568
551350
346053
143471
472073
619592
162942
569793
461015
264228
501733
515530
468747
968651
124713
759956
816655
129804
935112
24144
449332
296402
234785
667595
571388
974692
276278
836453
686237
921515
969571
760673
858774
334922
697797
4563
777595
158577
656224
208515
480871
271756
616701
386728
994420
506595
770384
593734
239945
872764
616049
110794
993036
689243
488951
685009
589473
264530
807376
186296
864922
983591
762835
835602
625539
100795
170801
842462
845185
163880
31425
37427
531152
5704
907633
870041
441309
144605
795070
158693
650905
870842
723022
680817
959783
255078
392321
839800
581962
352054
667514
960315
253222
218867
374375
401241
712668
234962
220415
23872
266983
246962
861941
728168
679669
9522
494250
153873
885826
282146
41755
979303
818654
423245
569111
9229
347078
681688
749763
519582
446110
304892
961733
952898
276064
808845
278759
366666
43377
421807
575089
345755
112206
671218
118904
955463
702412
267300
281471
602005
768128
422032
311652
815897
232211
846167
951385
729975
838377
833397
739029
182644
927967
419807
130412
331305
86325
966818
624718
986539
207941
503478
15134
340426
458293
184196
668924
595410
443367
796190
701906
211500
131323
539531
448516
661480
313899
315085
31020
403487
862831
611873
272785
664761
745223
266044
892615
36424
236821
43173
951648
391981
489387
849774
967068
602146
607425
919585
171598
901261
676451
4172
940486
501201
572217
826655
207905
875263
351820
418311
48754
188295
813165
738966
237074
34248
260945
948284
656676
337407
154633
613460
565433
673862
319910
199849
801085
137718
395818
940784
425543
686738
98859
254978
77006
52780
701158
167331
846460
328829
127248
399193
879528
238815
342487
945683
931278
58492
878726
357156
771344
39961
906751
541560
732794
590465
664340
301223
623513
692414
245034
146891
311850
878505
607135
534544
259315
946732
961403
109604
882846
304758
760217
778995
579530
753649
691344
680888
136990
682028
491349
884356
155666
546477
834743
878454
942292
546782
504668
122860
846739
702548
791889
770727
388130
88058
621545
910192
227057
253896
939439
934201
912712
848013
337730
782600
293676
881563
695491
630861
155969
804732
546155
315413
841653
733366
329516
692741
357256
140412
889209
246884
4454
858862
129866
54843
369791
790559
768571
779820
154211
413551
699384
163344
315331
357244
524270
555233
34058
333549
866495
593288
46035
611660
953910
461648
995836
256822
41204
100228
633171
576988
690448
300229
928827
367849
455727
535440
565600
266017
703979
363017
451356
613758
240913
452224
340055
893110
402178
816405
663091
925121
339929
438605
725418
845879
209508
372551
627761
647291
138716
690516
177437
80685
785004
807659
907155
137123
628487
344972
57830
699182
959493
135366
231334
686190
331592
741780
896115
158037
453201
153068
31270
110189
827610
402696
733352
462366
1491
268304
34860
572993
494885
202701
135941
393271
305162
191545
124585
928376
217818
231481
28470
434842
31801
178196
656685
87528
285924
328345
98885
136777
459281
447890
443897
974180
118597
945353
860426
979072
994679
915340
145800
96984
656600
940344
290538
116017
724027
975564
189768
109322
388892
751495
131971
236862
229862
632502
502507
586279
880997
328173
627881
392577
671489
827797
842905
749761
250708
120906
513910
760880
102121
67680
588628
785795
43416
804294
50310
747293
156084
926294
272777
199475
317251
239606
995151
439315
534359
269127
309347
854942
837770
177103
932558
295658
448696
761340
702560
26437
362388
304028
871661
63443
272843
33304
600546
702414
641964
33104
366896
12502
89876
37856
958787
245697
417031
940877
394515
825047
59894
877471
599923
735055
550172
690198
953230
931402
22118
419706
975579
833932
789371
264810
658295
654681
689890
498503
444159
490164
559981
52269
450023
821701
195224
570465
806308
256933
777
616404
936382
338686
869524
124688
80306
767319
893561
155182
521457
4081
857102
683430
710004
292120
205379
224845
52850
313459
963806
608407
700458
925741
182522
954987
186666
883484
383659
93263
93890
397023
977479
314938
738663
442485
568403
767492
890429
763084
403296
50021
748219
239063
6484
248133
533174
737052
308457
276942
278736
985042
916051
978738
104714
795827
985690
918958
984473
176728
477731
293496
369660
370964
259962
488054
271172
800317
281209
21023
766436
308310
805697
920067
212122
799487
509357
657214
442333
668719
136798
31851
511079
903355
980006
852740
833344
377811
761118
992695
960207
428515
538239
986124
868063
724828
212518
971681
666482
477593
727415
746953
510234
594506
619547
166987
653
467429
5405
706778
552525
714922
439375
141195
176145
861397
980710
794926
72099
114107
263464
626620
562855
74225
410597
734311
918920
698513
711903
526050
302111
784239
936546
580264
958412
759192
253757
33730
387417
714531
954
524266
707574
379531
241646
809385
269517
71207
570837
843482
290941
832349
844441
785897
941294
613564
229993
693870
652589
798152
233627
54425
245865
740298
331680
303656
793217
355725
603855
689955
943919
338715
231977
992861
177890
585640
301587
511923
973023
447015
258316
749018
424883
60482
646857
329645
194119
461586
379814
205901
805835
244796
851290
226630
49920
626424
214129
226988
895550
677033
257249
636886
715262
391182
791683
557736
920113
432283
610084
517502
932935
136981
485189
825058
21163
18819
149077
779030
863915
875410
981357
183082
647528
427519
426483
818153
702767
541119
149876
375204
641219
860370
855333
904978
913803
434572
231282
546778
843033
77294
658968
497610
693352
102009
747810
208450
298786
992321
988264
993444
436143
859867
582483
482184
212688
382622
126990
446862
419734
780727
443922
645812
701272
173433
768119
989303
683917
903387
296581
744506
42347
891365
796927
297080
502709
194463
506036
294931
1278
32338
577568
719163
756776
54483
222315
315692
495005
320478
850606
104738
940065
67562
627694
136692
889285
254333
705696
626984
444333
529346
952887
864606
781330
915916
318618
160977
131455
962285
341540
966676
15808
961459
7113
447906
295960
642945
484388
539984
753082
792962
684996
949232
39117
305753
629811
387928
285185
738583
300083
267469
244466
922701
571622
279272
640649
458333
492811
118460
313959
601892
637127
664125
810729
398261
236218
714618
861550
398845
436965
286826
445140
189186
727780
765513
387587
881489
97640
988966
660054
261505
953411
619513
492678
859137
725021
267093
793275
596158
121432
189495
478993
323119
74468
606979
323459
429932
975996
788967
295912
677922
573505
13312
739256
113692
685845
93436
782550
957044
947429
676242
30055
999661
478345
499259
807250
377346
667037
456528
401270
754441
300266
428806
871190
309370
229042
987345
969824
823503
413666
602827
935247
208661
104223
491433
370746
907585
26738
403932
250565
950764
389069
165127
222739
9426
682102
492835
770386
794635
816997
51430
268645
222420
526277
546793
186113
175584
587762
428475
505683
577074
311246
665673
740988
911410
443435
811037
744426
80812
927031
678315
617158
780781
555319
438395
567592
796279
349737
94894
648413
93438
984686
593870
818403
933047
330953
310424
861128
765503
723549
76837
372218
601180
184893
600246
45802
314002
738188
145653
944313
8140
786428
315738
325986
945356
561868
593798
372739
144992
751210
454293
68264
593104
872533
21213
100961
608597
177073
56515
596021
523734
235049
99416
456661
801928
457278
197411
627833
895816
240420
746722
846491
439059
554126
145934
799030
783742
600219
922794
215361
285624
502836
273149
44529
690821
376577
81898
51546
533235
76588
240174
701100
691669
862733
895113
363233
255327
874393
147327
252934
841164
784800
204615
30912
922394
734909
577343
968403
236104
518289
455743
3565
493767
844166
12503
69143
819616
490138
376591
559590
842834
956694
55070
160346
675606
632787
133290
832127
529796
257775
121602
567938
614515
202362
259289
907356
617685
623537
74936
789688
21612
653025
537681
570968
629467
398062
861710
488862
458527
702483
144729
311974
652240
292489
962210
455923
940361
817769
303098
735858
129012
755192
189126
563606
956337
358418
96631
996851
75113
600760
122019
17153
801920
315561
55293
385785
385309
166018
776797
386041
475744
548248
679256
112040
590511
470336
927862
643851
454375
245906
398576
352738
807533
524093
299961
121589
577881
297414
510039
554447
898553
338790
927608
198027
553725
961011
412767
699839
748661
92628
946147
46702
304216
917259
739727
421451
842950
455452
915041
145589
650474
836796
98996
288836
23648
952735
545780
981099
870868
333812
190952
629548
43831
352081
3747
128703
8210
110801
775503
506096
519208
432776
492706
117322
799508
939837
56759
151807
737025
378105
362251
357991
82486
423119
39454
131965
737652
293989
674068
561907
344219
427649
406345
443141
2912
636235
194065
896446
533526
169895
631634
49857
239846
171321
848425
929048
377435
905633
375771
34245
350385
159798
364572
946275
877769
564113
203699
247529
683487
791649
197590
709619
97719
611038
6404
689652
874308
172370
252260
907175
170869
194804
321964
839938
596371
578019
441706
710278
567434
967982
569565
483361
328281
975075
730379
138457
867761
279167
437970
257167
677272
459182
237392
397222
524348
272671
817414
764414
178338
538490
977482
206127
554113
669958
207812
226616
70770
304113
783521
304925
341900
3925
282628
410206
19591
548988
95579
594892
391556
679675
924569
252213
900746
168690
363763
218579
217747
370873
760904
816481
487586
419182
900131
652953
741171
364721
147698
255937
409011
995102
138509
268333
968046
369547
317111
978268
616013
865284
187008
580692
100441
839431
424895
674275
51449
584813
228600
473948
112873
337438
168681
69526
389362
315336
858574
601974
343741
72313
542856
84758
863034
711203
998550
263157
689688
15966
593745
308629
800355
867379
965503
944313
431314
642502
88717
27948
740433
819339
325332
304672
504751
892238
511016
46684
877156
74155
403385
436187
820927
9276
391584
240971
776339
68288
465936
413777
841929
213125
52044
929593
541298
913353
156353
107424
53131
176125
84727
201884
152895
308000
733386
912700
817649
61752
6998
905501
759130
530761
604795
797913
728391
978713
193007
761070
357198
168148
210996
884517
706074
431513
804095
745697
282575
162438
441319
96150
856137
496069
603748
69725
11938
331671
517775
417780
18986
144613
667501
948676
18711
517766
582118
115737
921063
777391
37497
385660
352528
707661
106491
599955
844916
845911
306520
471574
14555
279561
444567
930092
739530
544380
421859
190068
5814
457502
423666
989793
389378
828200
795815
991856
871887
963672
915953
508837
746249
852435
715177
732406
321878
471383
109164
405016
810675
811349
203589
701660
325442
77811
469479
979204
129500
719543
316964
948752
810897
872149
912203
152180
336084
936488
438705
668450
320285
688064
773785
312630
728487
386869
424091
243343
394508
549107
657839
75553
612675
844263
593441
496610
848935
759336
801179
440595
850668
219487
583277
171703
788599
969796
134222
310723
2372
139859
42148
712640
792605
282825
973957
727623
238781
963188
776637
739913
446375
570182
484965
755072
935426
700410
611848
395235
216663
955797
709470
185177
757542
703475
550171
741539
413912
445955
72522
284454
580890
461786
901030
352798
26433
443097
31606
644952
312150
292054
939758
864168
837860
44724
838267
628791
505097
750173
591545
817670
532813
373284
233518
929162
857414
983388
751985
449086
23924
249853
625515
734544
887370
356409
826827
407258
284719
209111
244488
868748
536380
714433
563001
53843
747437
92787
984874
752822
734281
129962
347501
918180
43096
919459
12530
388336
460857
721282
47272
903722
845325
130533
170963
470457
926852
122315
443709
226558
914669
976795
738507
321502
815268
667494
312087
355056
791375
792842
108059
921528
524090
424306
789946
551231
64980
915160
99599
299687
197198
241888
106175
553487
126546
611503
149304
564866
47643
444024
520976
400918
710348
283219
82138
521953
646447
212699
702445
141370
685083
503069
800587
473094
673498
263898
384560
728327
356040
647468
679878
386353
1922
777025
913764
402990
945403
244158
954077
769745
4104
644835
489144
729038
555994
988769
617765
300858
249540
898105
152276
376702
693284
976454
464844
498786
323328
569193
89875
3159
306823
200948
412378
73897
572731
372408
498853
885029
934332
797823
734408
52522
499037
181233
670712
93121
561645
114406
752522
473553
595366
626182
545082
343134
487576
941204
690837
10984
897238
52083
733276
872846
540495
438198
512721
312690
887961
21343
615113
613953
593715
435669
506683
635905
453877
126155
332966
416965
771751
791168
684161
264191
290620
298463
815414
242090
682457
348714
599984
265362
533019
108714
788189
436874
979509
603477
441436
734105
863369
788340
464154
570284
446662
388786
744863
917406
408550
782711
853534
492106
182610
566377
441470
972374
270294
753414
854107
760203
12427
605637
795163
50762
40908
667649
826795
528326
156935
187006
799176
828090
685991
689638
400979
841282
200559
343818
381620
786407
29921
919915
111078
838741
267794
788544
143828
271445
971605
215872
786115
375028
869330
418808
76948
942570
249927
933702
114521
683251
296051
585
713189
742988
235852
575303
256440
861977
92443
562355
533507
938345
545549
373948
909093
229417
614149
421872
841411
707781
741215
439533
397132
945557
209825
281937
483864
131922
412308
476607
50208
266594
631927
651787
319977
959397
284338
782262
829443
370156
483235
637870
789453
512533
453508
582600
188165
409832
41152
5467
135960
991003
509007
159016
347978
805429
315639
374012
227577
409747
684905
1407
148887
427634
855362
93309
107644
838829
403559
314051
662107
787811
316649
330203
326255
611240
496007
712240
220648
624781
675990
613949
293015
695583
188113
261070
290552
840111
501661
853110
686897
235032
314473
849073
779727
437576
73749
365946
655454
80330
487754
492910
230925
252401
20934
231970
797107
373653
290779
15112
427873
178232
978835
745881
252062
475428
262526
468788
208026
595056
990488
922663
298773
326443
665165
242063
933011
51553
628350
766648
503065
179925
174215
454922
734978
415251
578780
777624
213012
149156
721212
854680
420394
977239
170441
503022
523877
575803
792877
423112
887594
584594
911242
447269
105532
125819
992400
201968
729235
428191
608494
383008
446840
236238
933121
559017
344211
290618
411619
333122
826685
591266
860599
312694
219628
902726
458459
410195
929415
915145
247044
374711
342043
820232
48080
569663
870878
420598
642374
269262
46273
624225
615351
950278
591623
33560
140149
120784
341262
744115
398481
953802
171040
835108
691423
605085
446459
443217
126043
709540
678959
622358
524168
87720
411708
774975
345175
562462
978595
896209
286836
372598
315549
111319
138515
448634
225298
372286
195026
603888
825336
900661
874412
9123
441134
601266
894126
519562
963958
393149
152098
422384
715730
563327
301513
553199
283820
739168
269671
27264
411322
147293
812212
829335
120702
67678
498065
745434
743102
634551
134371
530307
515134
599826
696544
863297
224917
171657
944099
388328
291140
857706
203747
632537
167380
704211
139235
682896
258818
841955
313301
941536
234576
316719
311638
732321
641567
265586
357465
402700
572126
151834
115215
50525
38861
653309
135885
217597
948358
383320
96204
36869
335834
912411
48738
155608
647354