1335
535434
131691
85202
243953
181642
883930
32942
180423
561667
496783
780112
472420
990367
786874
235680
566661
520734
902080
268644
55300
873842
313757
261158
550662
63546
970025
97892
947583
551262
406509
417659
356115
632451
682112
202836
61827
802725
34727
908375
724466
461519
608679
397969
917076
497321
577223
428762
150164
8520
862141
496431
705732
317450
189853
845164
711409
169235
526215
597610
451568
983423
931810
330619
193332
939157
988292
280397
914855
705586
36638
252932
363475
768694
469460
901491
211061
409055
873634
498933
684205
604450
102341
191508
915420
970711
968702
990749
20263
33622
899343
377063
18924
118894
493306
631903
792612
20540
399896
810792
21
513717
966694
938665
755719
306251
832494
295724
670244
281210
485250
659838
622880
103246
660733
523383
58729
611203
139856
275391
584411
832433
79878
854482
299394
847638
712039
847931
305112
877485
544898
164841
881580
612301
283118
601553
97068
780534
54991
457515
782921
49200
803073
7881
678325
61734
72983
960745
901490
815460
362462
397871
89882
766674
215694
833303
304107
61707
803167
646169
544306
274167
422427
270163
802951
547057
645031
857947
165763
458531
785629
724553
137872
352617
432307
678689
358485
231756
416390
289303
378717
993737
392233
224687
499515
306227
495398
111019
695995
44729
443634
231397
571732
124711
75204
756279
742114
850861
455742
940624
26131
523348
735537
161457
393912
725407
143640
790109
569119
816935
125285
655144
801670
574478
16499
81863
686492
43065
844530
242265
119425
939823
691344
562575
128028
31490
222755
578795
668083
622020
237880
293921
283191
227837
459729
937565
95781
901340
56506
254027
679450
802710
558609
179904
290424
570357
496596
199524
158181
396601
608251
947286
419279
801203
262418
95779
323019
393697
519003
243174
650675
619490
648610
723705
186271
227343
870676
87175
803855
960065
626796
984461
456486
360992
156712
352886
781953
527682
73058
27965
424070
481656
436337
454379
7971
978891
589536
374797
873426
227038
21916
213079
100931
263067
715708
795657
13239
63326
774442
573634
99576
124200
321981
962431
206135
207637
661805
398083
281172
174893
417302
332964
854445
634154
132057
446325
15007
390293
168024
101395
54086
327715
535212
329122
796767
465834
201020
913971
723350
645208
405827
813992
542018
375390
921922
451144
255844
244655
27470
511673
255225
835533
901889
88659
807274
138021
169499
626495
320074
191079
631826
260649
354019
164318
688623
466386
186350
988052
816369
29976
516266
924666
381720
67593
692103
982926
886339
429867
431089
602430
65804
677697
146487
282082
871664
601230
649177
107219
892026
563624
727896
406978
535467
764487
696774
763218
17018
727905
96054
104557
294497
850640
754371
478267
754458
567361
984548
73928
220821
68017
215322
22292
694485
755850
450493
264989
946765
585748
846251
919580
390401
500019
30546
622014
808549
644068
527231
558225
366178
855644
784458
822555
603459
466364
870105
352876
387447
382825
248987
469819
746667
751069
968263
930953
590389
567891
948187
902314
367294
560390
4173
978839
753332
704500
974203
896685
774937
514720
773324
432123
992894
501894
219922
488091
872056
356404
450015
561281
705176
917835
455514
359400
793757
899243
962830
202661
86795
92923
27073
340420
941425
895855
312937
636875
194809
89043
354583
440408
278512
872777
909556
237160
799160
899742
165558
902254
966399
869006
847108
232324
714016
795466
875601
430370
738820
470830
680064
392387
946293
533464
32292
881952
817394
480873
897490
989543
744805
473995
736919
352625
370873
845941
209233
520679
78539
847472
569868
943309
193923
602331
626777
90261
619895
459306
517235
880510
250469
379284
615483
552042
261513
573945
316888
409759
425656
755446
193807
866476
948702
909669
102043
7967
661026
96212
292332
363039
795331
371567
922796
737163
819707
368019
831230
45115
725442
539377
865162
697973
482548
460491
37373
585430
911938
380938
844494
503960
288992
347800
900528
244283
352680
943744
769367
2511
42241
475259
351736
760875
760475
93479
381295
956222
118164
52426
463584
653105
22374
145757
810568
799546
588715
727289
963628
835494
257767
432578
806457
615036
255601
118758
921007
729849
113366
607481
515445
489589
168863
566499
805768
243885
537376
334425
194101
41881
109296
832200
177273
802608
25103
704064
639367
206004
498132
998381
46128
17714
84117
886794
870929
883914
131875
550854
552582
732394
302717
575205
860158
906603
762926
819847
105072
215058
464682
61798
822685
322022
616870
701048
581362
905908
384064
410995
756449
365647
497254
435318
779114
633671
309408
662299
667378
420981
349680
344063
578357
252996
206835
568143
521722
103350
195394
319450
792724
976134
559943
50734
991976
293983
337848
365469
474529
193315
11230
565242
408424
860548
140339
9502
24295
530622
316166
985801
94114
987035
861536
675172
669264
656598
534039
151219
848222
20202
835142
431493
882324
684245
179952
278580
941849
687715
421994
587180
852155
232724
675060
329992
114951
690229
913371
872650
123641
536360
749309
593008
183283
563736
489736
291476
124988
673156
794404
882410
707795
264799
393722
262797
525133
245663
256921
767088
315480
372505
889086
685082
608111
386186
468651
63740
850239
204338
660539
40473
587335
652605
828516
408303
983334
643847
950806
760689
422267
630238
319870
899192
332052
364143
548943
751847
591573
615012
185343
279096
705226
972293
416996
725623
958797
899973
509156
605545
324380
655246
36723
544298
783406
829916
327627
978143
888152
595888
530187
257115
520663
183190
32249
466900
613055
833476
514645
661750
938597
90812
690349
336386
176447
173576
601852
276307
282336
737507
574923
751818
130960
824942
54133
206802
988256
837932
752978
67973
919329
103945
299285
695319
788795
819289
288876
239767
401969
834786
522936
738424
566631
957913
676160
265596
615918
965230
481298
663426
578735
813275
554548
236021
494298
198859
592247
111038
556536
271105
386154
61687
264425
927976
591821
875728
445474
663199
768325
632547
536763
767675
624882
140387
14044
929221
889257
179063
792017
859611
257440
240010
900469
236623
321824
627122
524390
417366
280545
564893
853218
992925
744875
689343
397799
649588
254592
201742
787932
845795
236738
770696
887935
168149
436469
25858
67712
732182
983945
916124
809175
46651
187030
783741
213037
648354
798166
95616
391043
950119
819404
258215
125646
832345
290371
867705
175066
173138
424607
431682
363915
868087
238190
323668
317110
469941
469204
886299
998305
859285
982099
427034
543583
383829
335811
36652
628589
19648
981300
504940
468538
164692
2015
146258
629033
537617
492523
121992
341980
16063
496170
30126
881957
90583
412152
406713
416740
874214
544110
594086
906100
606673
776336
450620
951016
140481
320331
344030
682468
855785
282158
540216
617792
949951
768174
25773
487000
265135
434127
387060
581117
228074
284492
130764
767118
549298
940683
717183
902224
794415
342998
103345
666616
216456
800750
629881
825531
255961
576855
361600
623861
774245
923127
463066
825035
46989
501226
306995
197271
345986
945060
145211
922333
486480
351719
320487
79557
253298
500538
619923
434075
740040
215381
842109
792142
423537
943246
913784
954609
275670
190721
788098
934565
37900
320709
597065
984382
291133
771884
905649
244318
862379
698302
574584
982016
178481
106890
319372
189440
795171
690073
475779
155867
334758
780058
560543
311234
260814
633021
999597
178320
947187
582502
668059
565196
717286
632859
313067
250385
326776
421276
285088
672659
686205
570487
294515
491823
9997
554121
682323
605561
947427
90247
534632
382587
111653
731249
711915
354565
123277
401426
810511
285348
691147
926612
287730
51633
24678
906430
554382
653999
767925
373225
27857
932045
399692
948810
477018
810248
981387
29071
534155
60128
222012
593407
372518
890239
293220
945254
792275
173580
906864
157825
69588
548012
969767
266390
920546
169855
908057
429422
343854
150145
223556
384546
411869
381124
159823
525880
757819
706524
427476
806892
786072
713138
880806
622586
186676
266296
922257
152411
500107
296603
382902
967319
794359
277634
790039
97975
885284
571204
144936
217733
911812
217027
822215
715140
412589
276477
898687
440509
817301
936461
835597
740845
33818
730260
239730
589937
258403
699272
295948
178902
486452
90800
494547
231822
835994
75463
875643
639618
822396
180732
27526
472242
758199
960108
297790
996957
559164
194869
295485
27524
909558
531035
707411
972847
434312
166701
129023
697401
142605
821207
810795
354767
628317
265012
355035
308799
758858
765925
412125
439755
243665
11628
51231
809673
572889
74684
619647
431098
332373
209199
935938
929841
393790
724368
93211
570839
342151
835175
559768
749459
668244
704271
714855
307130
861431
815144
41296
31131
948321
309885
490960
915738
958130
917489
856929
649198
391543
121523
138820
634610
869118
564531
350205
512673
873766
277285
48890
489574
564237
843289
553491
627566
986606
743814
18191
523082
459795
796842
757514
585717
168855
861775
647215
301122
580674
621030
767727
937470
354010
860200
956723
317224
209535
878102
1229
431579
682904
851627
143540
734509
567343
235947
714665
486408
632042
201562
644223
892101
790035
155444
233067
877297
534026
974652
244396
140275
723662
30565
965077
695918
748581
915325
193304
695787
526135
20001
293927
373702
256506
775377
88371
875821
446645
164247
266303
513219
235202
714837
839013
920258
678428
41687
866018
874934
393158
7707
814266
331561
80015
637007
172869
661099
607943
406490
46416
796287
866885
930414
194306
539742
362247
89319
133489
477314
236207
947331
1955
733751
276890
446062
488882
570920
168738
354205
865950
99940
218742
922133
208388
389001
167329
151679
336547
683425
594555
192557
667369
389090
797494
900116
610381
879165
854803
989243
80609
147339
832127
923569
633182
205784
978783
615618
112079
333236
965687
607285
909496
442238
513038
913084
920535
920297
788857
773141
16450
400427
9432
481324
516578
650465
326674
826563
151598
76292
370454
772492
780109
523150
187324
682714
298849
345689
188296
225296
766228
38436
125255
772326
445958
244413
947646
930973
112831
690826
836395
205269
213409
353560
166066
733974
862827
493242
647508
643240
966393
206312
793130
553242
857791
292258
473744
405121
499914
724866
104955
468793
831469
257755
321994
775946
448593
983203
807211
833438
315788
692182
238205
553394
80648
568491
700907
11602
716747
93924
81727
992204
316167
743910
881816
764287
945974
942648
544162
408303
85889
600229
523678
998822
909295
994770
874547
549486
291818
611486
624557
353887
797667
576414
839713
428147
162040
352421
525976
311882
132470
810177
89820
446939
730059
485257
149821
413581
225538
82190
145709
547754
966500
419055
810895
575474
426884
142176
564600
270529
949901
128035
498844
172517
355033
786596
651837
969815
439461
594198
137340
431544
141938
105468
380506
709390
554375
157328
878694
111473
135531
879814
513027
220180
391638
445547
140623
58527
128254
939337
622615
704792
534865
549944
71809
915904
204539
626107
176788
159026
963471
856663
263607
539698
348805
237962
686415
516566
612583
967601
541805
289644
893732
779684
647784
663733
939935
651397
392950
468319
985218
514349
400718
339645
997487
286189
935810
131951
826193
659705
69425
883478
263266
172217
8026
887147
407185
822791
840267
750510
729298
914426
741938
391072
406848
345688
686676
140438
379231
72920
371011
898322
337053
541144
585005
470864
31586
583480
732266
782520
378798
792447
308055
133196
746319
873647
511855
629052
801669
791966
973215
780746
828207
925287
808264
876052
963823
427031
431914
426167
752622
268764
785741
503324
495823
26331
545836
443035
706221
746131
820186
4614
106333
663949
793671
845319
256403
70776
290972
10344
66765
161786
466294
832077
991447
766914
789992
981617
921750
190680
641610
628388
787843
882685
888618
969910
343744
159502
759598
75724
559438
432859
235420
921977
775633
605797
302489
214328
424751
923012
417059
677723
778816
568582
872332
256921
483953
15710
759
573290
618843
75655
239985
373552
579617
444910
708767
434136
38840
138844
352692
371709
600675
952723
264307
116405
426800
11530
319416
196076
978606
811162
783744
389428
482081
682735
499669
534344
385726
533294
404424
902495
974834
146498
148228
677790
829686
628223
486438
67701
551618
722082
276709
970165
121011
262870
580061
920885
968032
505761
363639
341159
576354
455018
236123
446126
638773
437624
261416
372212
270173
300921
46185
716058
769604
284690
935081
19835
74211
373630
509162
188191
678629
166038
385660
432809
257634
949291
159839
19325
862971
408781
199592
250554
404505
924043
43292
428905
490576
142085
174820
266206
459898
263920
930348
275728
877803
557104
746481
162928
670564
659186
82152
448715
337528
259474
822811
548412
712133
181219
672465
608270
913347
856085
935482
783523
370164
15006
625939
63050
268741
847312
304729
937256
49236
983527
648817
897888
541522
826153
513340
644821
654333
338700
420561
823920
304446
601885
933971
843900
258856
855436
424320
797444
344092
639384
258427
197413
482329
843051
236525
441028
236752
173330
372784
737308
146370
472307
575299
413872
831655
900662
656238
864465
865809
127275
348805
812643
476896
426269
369858
17016
99230
926490
162891
615982
751520
396446
710130
463404
937549
618819
417505
459478
647561
12905
858941
375323
329283
449442
147230
411211
223006
501722
846533
971163
289700
841920
645959
946313
70592
393087
164778
579026
532592
167723
395053
719591
592014
679991
703284
183029
669230
681158
384659
366373
268204
562853
282214
938500
443899
394310
20635
591136
208952
746568
633033
44008
907599
406719
488653
223172
750893
900910
206625
913851
760827
708011
305105
201591
17136
177852
920039
60221
411635
213073
346325
445333
278879
457333
101097
647424
142394
786280
865569
619584
916905
528274
90569
923089
868192
455595
762748
948543
264215
680482
719626
539720
909386
350769
311589
57690
995090
942791
736261
101471
981319
71905
527484
681399
532295
47493
699316
929412
634426
944730
868976
463323
168142
492185
719516
769792
826335
720055
553181
911989
445882
490852
378202
913385
536757
21058
683482
925100
666171
173710
385948
279312
369729
975403
788803
760533
125153
121224
311277
714184
894694
435740
719286
766138
283384
131850
725759
544660
620885
805809
46920
163464
762130
204902
644300
362855
782663
959755
126580
569182
313023
863916
696854
940399
392447
279824
932052
243697
891005
232587
387482
844265
975775
442657
526704
983531
617733
175063
987311
687450
180795
372757
656889
822512
52190
550530
300933
738430
417734
835354
538488
579844
806226
893811
794415
461806
92679
19730
968130
850930
796862
292245
372335
265410
502457
955733
432161
809068
869467
620840
472565
514696
56640
238499
441053
580802
300865
574483
218847
246552
939714
308779
245232
458577
94251
884472
122516
130157
215745
496482
744166
487754
243580
452744
515270
104517
235673
132730
755713
74863
989086
27016
976070
362106
278081
166235
103471
566986
796202
671870
263142
735592
597480
810523
778317
356946
848154
796454
470006
369143
231840
948324
100477
357549
686392
547614
981663
824171
850750
840676
644940
663108
19928
126670
909813
896628
923124
522727
759230
518968
534665
38737
618865
110388
942293
2246
974326
716924
948954
78803
670980
981114
747667
743288
348473
7075
47478
91626
214238
140253
300365
904284
986427
261889
27323
725168
221080
264457
296252
718337
258166
466411
458157
978653
671456
103865
147737
856878
134369
199753
707718
543214
872069
261901
548384
610118
687034
94338
259317
528927
151111
707627
621642
652479
408117
351078
159001
214610
549620
126643
557577
778661
801993
402919
309330
486186
657493
134473
566954
427255
129095
788087
633470
159297
371963
895192
10245
599351
376876
494032
514251
454792
999724
179362
553051
6723
747986
599243
842441
311075
98619
180342
315782
615453
598976
878548
932657
904711
628458
805168
722227
812078
727792
169197
148750
547174
990370
971012
399206
680957
996155
535334
322922
411751
525867
598460
470914
70791
578818
629831
499828
726017
81481
721836
397267
684286
42682
436978
993897
115013
129408
326324
871132
457734
62295
83410
419288
81887
280086
679238
131106
268072
699154
36315
330693
557724
767059
159137
33358
733034
542953
857609
958992
210637
218075
268951
504687
655369
498027
734833
286859
304421
751253
316268
716032
410477
804591
204121
358080
981983
884617
765049
836012
953979
700748
979945
701374
899802
784961
25921
264916
157256
176721
192569
217657
645652
313578
892215
773296
349523
102152
720306
866766
977101
230675
451391
378383
881371
578892
618987
230805
516274
478579
686036
489971
979836
537043
504894
545387
107756
969032
361682
762080
435615
881248
337079
123846
716635
767978
301089
432080
213738
423209
246581
24737
80132
726037
879061
876338
735553
354941
144041
631288
545588
195226
872272
581769
586972
360174
466054
565187
866800
238574
275237
31079
830000
532405
852117
553662
431414
299815
941217
739154
18490
456282
378746
458612
849170
351009
731885
77010
798486
423088
716772
4624
285933
864902
26010
40415
165215
618119
434184
49779
373839
773896
719110
950256
801079
201170
272953
409215
189157
981266
215311
244964
348765
329098
231856
103201
466802
653400
823092
828297
995439
865013
692822
400835
387036
496829
784787
866775
974329
815750
855730
583056
99370
330705
24240
513389
652320
73307
600489
254609
498531
391405
261891
337622
315739
106901
272707
553912
131325
603626
507754
602570
274439
902535
342737
921846
268552
627775
344097
632558
593344
932462
691677
70136
178996
741652
194070
944505
494431
666881
212014
633005
434105
743418
260715
200824
49054
68711
344838
643128
275509
131648
650838
372195
757062
316945
872955
358696
687583
828646
326516
411581
846659
864768
12394
390868
185282
839294
868170
116486
322644
893225
51010
933196
4190
677432
34917
861665
516593
542326
883546
127799
298319
596174
662969
764896
360086
762856
785969
276248
930777
233293
226383
333010
289007
451070
626009
749458
255397
931875
194605
942999
678709
688085
552020
684535
430402
544909
565264
373230
230708
586574
870709
641491
702716
696610
605197
835530
445541
854243
777820
572904
757071
235793
35991
84327
875210
95097
462417
801848
435862
301846
279898
593678
855808
735377
816908
167941
479880
975730
776203
981020
310317
934587
239132
144431
140123
697525
851524
745905
823436
573568
754227
95264
875879
633162
756202
651071
64875
390528
336392
54865
967447
787737
329661
425413
292191
15523
237314
535937
482484
933613
466054
568250
965288
689009
166878
368528
424896
955970
989250
238985
347574
660403
706502
159465
832668
820170
91012
661910
940556
286292
496567
356327
639433
144513
186041
830938
116451
473254
333462
283368
468110
662378
788718
539661
591474
159301
384676
435787
982579
131628
398584
991771
98253
557395
625587
105577
762158
626
740020
232015
438091
176940
168012
552388
396345
861079
907673
797456
519008
304602
741841
936938
8413
690548
517508
708280
781979
692154
848943
217604
825942
976486
207088
867988
353909
280494
997521
621468
570604
596655
836670
45184
906623
399694
429688
786352
846013
285786
307399
183021
533651
537305
459723
1088
261262
879797
837191
125640
842935
843393
357296
445788
834845
75598
69572
828224
74031
761105
962538
762810
586939
947773
564184
88388
865669
371580
463595
679278
708031
619661
256899
477805
26016
284035
740856
946555
133413
756400
876097
821087
563108
266628
973870
102377
719567
954629
440713
327579
432054
135819
880065
776632
72215
500758
525774
548034
102470
710830
921517
82179
152463
499165
381663
173106
220473
641485
841724
935162
388368
895131
718335
434532
274488
462939
970815
239970
7778
67605
352751
463086
816322
632195
240231
81525
906482
518962
560841
177185
229810
278072
723332
223163
35795
914244
892226
624484
764068
886641
754034
201483
751002
104854
595539
80495
962675
679067
487778
137232
625588
616610
86631
562786
143069
78718
658103
210753
667909
882103
865431
599176
592104
82053
197765
657462
203020
832981
975546
827941
530351
455108
956768
394442
47550
957152
825799
88889
608847
209164
842492
760322
394844
581090
307110
291230
748931
348819
281211
747472
897350
791
557734
24922
402805
599990
946520
796125
75570
319800
838199
716311
540811
419403
637909
162389
833109
427602
356654
111675
48031
692896
705842
351923
716731
726353
849495
126872
412047
998169
964398
578246
697813
439686
850760
743319
969484
865443
138849
154233
92665
787053
41463
244043
615216
437900
671853
959601
23311
641814
219382
527692
253386
466684
502641
363954
59613
105597
806746
220907
214484
294697
851397
91039
45507
21501
182595
624863
304152
321650
416361
656859
546775
651527
888348
742776
94138
780430
993419
844281
598928
415902
458517
844363
709472
588044
719063
926249
963279
296613
342545
355139
695749
702505
290930
194644
507172
27024
154085
19385
667264
813678
581729
348699
505698
473423
378916
993178
259705
797610
45390
207057
839302
792511
343801
600782
749932
973052
424254
824162
541158
284507
643114
231391
242664
55071
44902
650186
522997
875209
908903
4795
271939
763844
350773
750963
934518
354183
520671
356796
828679
399084
223377
985453
92719
536301
681929
679748
692239
63230
746921
923111
729264
127129
192849
485062
466537
21533
529084
579615
234898
781657
591556
749109
491799
690173
829005
639157
258993
426478
850376
461735
291916
334512
632011
261342
957395
419312
960844
556796
608366
916006
535906
120716
36969
582233
445472
543194
452325
788310
51209
908872
298019
946286
841420
317625
466834
306044
906024
364961
45479
950205
19984
229551
491435
351593
933979
902218
439493
980364
202995
993830
742030
103831
916368
804525
852018
839204
518672
280949
55465
432621
19589
593479
737634
233195
646680
41133
576707
446486
614484
147297
96881
161165
136018
327773
236010
263188
755700
418187
214532
353429
956062
220600
756328
92316
661099
250099
591846
307258
142284
269053
589295
342283
560932
116277
343089
661770
801308
801686
509164
137558
238205
28079
230489
149807
870259
337520
120450
292872
724901
876923
766002
768047
593973
529006
196966
840264
932919
884863
752922
831311
51446
224016
116495
988077
827797
309
903398
452738
302346
122055
243596
125980
2338
398073
992531
129321
580510
545759
211428
971526
600378
224650
421325
421683
409455
835059
851626
882307
146785
262909
283063
487637
317532
972585
919372
984780
44889
995910
348123
344557
686485
372860
756654
494787
424865
121482
87520
732149
945071
751290
645719
292774
30653
156972
931670
654970
689184
998866
874015
869654
287439
745485
441135
745234
244044
648692
803931
232481
349812
192397
555769
476560
386501
986019
347135
846590
331424
439441
460142
106026
217171
187828
287880
546
730417
925392
506486
326157
282505
365178
793806
701123
55482
970663
375870
465384
114627
527377
42713
892905
972135
935213
354000
979340
853452
356729
490659
727117
300704
388141
985695
780041
911243
412256
712627
531650
460737
10571
803064
523892
27431
969879
666104
951407
375087
656782
164026
96477
515709
60811
550945
867451
988758
95771
586469
970369
887658
529166
332342
788131
876846
928779
612367
236170
847610
600200
738689
891862
524927
863442
652827
872847
852322
29965
400156
975818
245398
456181
994089
552563
167082
306592
112450
776345
43309
273617
417689
771081
396014
383886
852561
791151
51489
726644
439311
335360
791496
733962
418723
265417
21297
761220
457534
636569
210707
675481
438255
883219
912104
612862
247810
420246
10859
353434
599632
766288
51740
694913
558070
855071
384250
263356
917157
985585
277027
598515
421742
974312
335879
417428
903760
803524
778077
781699
479242
864614
883026
171948
159321
919642
695767
86882
870621
998534
355574
57124
960134
914353
311222
239224
348809
130746
608159
781075
79129
243720
131631
223460
189724
764347
274114
632308
106960
679853
726461
617550
756428
107152
696579
216458
88708
386787
898744
109548
712452
144249
904329
959414
410240
561483
205818
29241
429196
398426
558493
231380
161611
116010
907763
70443
579798
269755
952312
658434
239449
799850
194654
664991
38217
338173
106437
596968
977937
946899
618513
4856
364457
588663
991743
303362
656547
436039
173788
796572
747079
931408
761581
683569
422503
834424
172997
936817
770189
408375
212983
312587
369235
411583
297225
942560
409166
304948
304194
481956
773698
640205
295436
222909
76199
931935
404896
101642
283820
857845
565679
48931
732915
926125
361156
902055
672888
668539
205710
269099
538689
764726
677817
960791
914709
330356
783585
228447
461783
206087
236385
13353
705455
510392
277329
835890
935965
761183
386287
440364
953084
724409
556383
880883
237342
781907
844555
673608
926685
342619
566526
543745
593246
166894
421857
627271
129637
986533
962738
568779
341496
726403
872368
506100
503326
586149
308855
434257
394759
28036
833005
563709
441911
407456
35022
738001
45807
128171
272802
537607
834686
938225
573728
411292
576807
994837
713322
874854
404176
414088
383819
737829
222307
29386
293040
485146
471886
187290
511985
12741
34075
303415
436706
621549
898554
8433
451041
313680
159598
790150
19925
276713
340717
610581
347008
516691
350710
526202
928700
470030
857555
780612
867804
103665
236604
880939
223566
64530
474955
406213
536401
278538
81012
203272
11008
692713
596936
780851
111672
495123
548928
870345
775768
924462
960303
112723
789127
945962
817724
169302
27798
449384
991412
64847
86495
683053
455569
9139
166165
920576
526503
903474
310679
318243
344831
738580
999153
710575
215838
732239
465313
653313
593611
147725
163765
20493
26797
221469
684368
80689
627208
810657
303096
94189
467599
81061
642532
27374
257889
36203
175649
108754
530187
159973
868839
185650
736949
685812
963606
480363
365735
177125
310016
278919
867884
72993
289345
732431
53955
590630
908931
318470
389550
190182
569468
98571
11004
615145
121054
617080
26324
99048
853410
675906
332911
440381
708744
328610
987285
571447
576565
765723
39549
595664
828962
896692
101848
688383
551595
980608
123745
828374
304268
92101
951288
461349
924925
214119
792709
1804
426398
246849
827915
127399
479327
937886
164047
202287
944911
557604
95163
368339
291863
307581
579893
370574
284268
624330
906501
882678
577198
627740
585110
142826
842538
281844
377285
725231
705794
576191
134537
998369
505107
777488
542532
322494
63572
700163
849633
9959
705956
570588
72051
469660
473674
309815
665339
925659
190727
290483
327980
438039
61836
690840
85503
161069
332908
441451
873699
585740
455841
695495
864453
417877
213772
685022
770726
132320
19074
446036
230250
502536
902934
128728
453712
646748
473714
556741
574656
144257
457653
729391
476098
933670
92412
362939
444491
649160
518654
256367
381207
820291
428623
995466
150355
983432
131793
375787
187116
184400
15415
270020
791401
110233
431463
616208
909015
214077
386426
512501
330924
114511
137417
948561
876712
951152
740342
123646
336172
277845
708751
872476
192792
126306
923974
423456
332294
385157
806785
332886
220331
809098
689867
550233
58969
945645
607277
855149
172510
550897
808943
3489
398032
783681
139706
774480
672283
739660
816386
269503
42797
419990
832218
483138
370850
322210
22453
342981
295646
349330
768253
1422
31549
491076
838021
831146
409849
424239
526247
231877
816250
78093
453774
411978
498526
919491
591145
636877
897377
402719
742883
747977
194849
835872
463439
174586
812395
964751
797880
766394
483073
676535
697594
730188
925258
206325
711707
641200
142580
851755
437847
94245
903023
84092
928469
852860
5718
769279
600597
499370
518854
946417
174266
796984
35232
403655
168711
664254
590449
408085
905803
291060
599848
525989
431672
122455
151780
535564
800713
971741
555476
733241
52253
164964
576540
59691
531643
757663
543665
515821
905633
632503
744590
201716
23690
375720
473894
742882
71573
632813
408583
572130
263216
440479
305865
687955
453340
256341
226308
943537
184541
863017
611504
63658
273149
391829
590059
418303
296914
669269
352099
451678
952672
498884
108933
319893
388215
689674
168679
589954
125611
89700
688227
375298
600352
890262
618003
875305
568455
297801
942325
663736
648033
328330
451850
443913
310355
560429
115229
252938
731363
524476
830342
649994
868231
547164
955979
713883
604227
815645
569461
401738
556738
64934
186851
965982
767744
439144
289367
505428
438278
730064
201324
305267
737320
747373
138041
152532
803841
601832
975620
353159
257962
274406
113990
140212
248991
277664
443455
869055
382856
72536
647878
828272
401356
440825
798464
859263
43908
783244
591573
197288
789798
688624
282328
75980
97083
4191
292570
49424
388982
401088
240659
639519
680235
606511
607419
249555
478596
648283
570822
398766
573327
412581
571139
464791
761971
602064
779418
145000
961144
337139
888111
319099
563199
580196
893008
856590
424169
670627
862912
458770
954257
391339
879446
317900
323617
340823
619992
41185
627911
510530
328972
919225
966844
446599
231614
993647
687561
895927
328009
738127
533453
522182
636185
571235
597716
816791
826653
602479
547821
157294
974220
267076
834580
493857
474460
322107
877285
797733
774251
502004
321026
883437
972632
791088
408487
276565
100455
296095
191499
770516
114739
905241
636066
475914
714256
617969
745908
515693
814417
461707
177605
747026
407004
959654
539248
142778
571112
875444
473337
892698
202631
580149
814330
35549
460216
578210
254099
40377
214704
138135
535682
562818
929509
957668
825921
2163
5592
804437
566106
495946
837702
195796
577241
766430
809108
339451
341194
221337
122438
249459
241099
124945
854819
788103
638382
122481
828545
407831
702585
489869
947987
585129
586318
499732
709416
557049
435009
579493
669853
989832
437718
996398
252105
993147
12354
261209
804600
725365
742485
141920
566027
128306
194181
629838
304915
500924
128862
48282
509765
381969
62325
59274
523653
404721
740543
193277
692214
159866
551316
872113
494055
944774
78299
891212
721733
799410
37781
888931
859412
179147
280227
130037
314329
405374
962801
250254
557806
882733
107339
213905
311622
503139
295364
977957
676147
171623
519456
719243
555755
764695
881285
543769
393180
624270
973617
288872
858072
799536
180068
453821
520321
312807
698856
36305
599222
702142
303963
101273
598985
228924
655656
890444
564654
372865
705395
101018
792181
355431
675955
259606
627139
76025
405884
614395
934952
567841
470139
720716
929367
662821
186449
632
582062
441828
386904
314971
280577
890714
990564
711847
685809
591399
312261
724716
619580
811620
479276
544663
92389
660172
703101
888840
55183
206667
946604
183905
386835
97409
370409
171591
422584
588730
598183
834999
479167
873046
87398
153618
961485
471823
615568
214782
182484
61971
644136
766875
213496
727984
412275
355854
69828
168794
590411
59389
266023
471084
108754
535357
288635
390286
724897
603920
107585
103693
968529
452132
65843
154042
791399
704018
599443
546609
465245
668534
135853
714400
260111
634674
907659
708262
645096
987669
63505
644796
311136
564903
30208
977148
286909
156050
238702
906287
22538
248359
254898
918365
407615
943523
565426
856075
674368
980629
444084
458691
170215
20073
656914
246752
275285
81079
134736
568111
322714
751425
580864
247409
797883
414643
657124
82669
468988
968326
863423
520049
392970
214230
222752
759526
448259
911952
837938
97185
190818
995028
71115
721664
67345
350660
703971
208626
540389
899366
23916
955719
548875
623837
995673
218961
141357
219140
221446
738351
964591
222679
734279
450788
121328
41
420382
733753
47740
334895
32235
600554
941283
122089
210942
760968
952651
263388
973851
537514
470443
725444
788634
210747
420807
887199
457109
772577
82272
121419
665056
205093
934441
735406
11344
47159
739109
3555
597781
308010
137796
43947
767660
424521
749076
93299
540768
718461
947744
175448
389320
352659
185135
345625
413163
856026
823082
911170
551170
545034
682815
401866
539603
757486
790608
397058
879104
704616
676988
213807
53740
931917
181957
489595
91586
273313
2051
425977
134341
358684
442388
857381
467457
454980
213538
469566
477372
600057
736983
762076
358518
737605
657518
411231
416651
438248
748524
281425
624132
747550
46579
494576
47657
6363
545298
549552
436022
658218
26752
367044
819318
953615
75720
409923
44633
4237
354707
512198
880714
470885
218746
242607
622614
396447
786245
229505
136887
815587
678626
649365
336490
686626
933376
361972
252953
563822
753032
735916
947716
506110
862225
4272
285191
433622
313806
379070
131368
724694
201794
608281
518211
302360
80673
368650
272249
824071
308968
690371
115105
260630
713163
122691
603950
354810
223005
401800
280210
193554
574220
311754
709572
562927
270368
56780
860916
86755
580794
498687
684255
744957
193233
708266
981839
581632
229055
900025
995915
162120
896709
758311
772575
331307
672987
488173
610007
513806
905117
262952
452857
843199
490493
548085
444905
177347
716549
701874
882455
116139
943549
954159
36093
415448
364592
252181
254030
345407
772994
292852
548816
294332
48353
835135
153520
637145
120944
114502
290041
754323
944253
71851
726155
303312
64976
814676
914895
726955
796398
228222
319521
717869
787646
131717
315697
397760
693813
363509
327488
682151
906750
789326
324780
164642
973291
769033
145860
996618
414538
361598
155214
939978
235714
524959
721704
6756
870440
257237
845742
965210
728077
94394
4952
832267
753345
267764
419873
215005
312502
173610
624941
523450
297451
711549
495049
53181
722108
69338
797481
485211
644930
425203
604673
410143
144757
70065
612373
700150
112967
973820
834910
281067
609623
81520
251644
181074
277844
843170
346381
142627
70864
341738
978977
226058
940604
976838
282739
21034
979030
514822
56455
301334
449241
850990
319291
170513
525979
322637
135166
63952
760922
502855
853337
261478
933886
701612
572629
986056
268361
583247
177620
822502
617267
865743
852862
341470
481953
62690
970828
613151
628089
637869
394353
683456
708103
195404
477035
684772
665723
953936
841787
489594
472681
800491
233196
797589
260590
232382
498019
746872
321346
498035
834398
907550
756987
223684
972801
867017
277736
112214
850189
363724
992589
783484
572054
634099
542237
798796
829661
799889
977696
56774
863732
8216
916249
152933
288203
709526
179316
780037
509056
362704
683611
379097
173351
16347
441414
122267
457107
729205
626749
847150
608117
689196
887174
522412
549671
443797
498385
917568
692689
951491
954450
658080
563247
348469
3715
72351
322137
248901
853092
717851
757122
503776
148000
485539
207408
483373
565813
582172
90117
991589
700055
837741
742032
416442
53870
672773
600605
598908
208751
971508
282618
748104
980752
819090
943213
562938
311347
97881
529930
849281
920840
614329
394388
952316
114836
490701
220952
927398
621688
586824
979125
524488
349740
292053
659279
809075
832787
590726
104013
133459
864704
319812
721310
535760
256729
115901
239038
863350
106711
259606
584599
581680
979747
702815
710324
624922
771505
925454
236954
871388
894537
121958
547054
182007
22074
761998
159413
930490
991968
318633
165746
642326
953359
458506
233901
299851
534704
230120
791094
785998
711630
59407
555845
996900
942711
376355
783485
445265
385205
836270
531661
130510
53565
567967
695050
764073
373193
768012
137086
689084
410492
976996
591059
233403
13179
665199
474235
108363
878329
865533
292863
746025
390788
225654
222835
206065
239806
328517
959950
656228
361958
451102
878299
257763
309255
556405
248145
501204
301905
441636
459790
494562
708528
671153
103947
902634
212709
787256
463760
110978
527302
692725
369537
883083
757123
740147
867130
101817
848602
938523
651331
921580
210292
984590
683986
227433
779634
632378
179083
703548
402676
402467
720212
32016
842425
72697
544390
530014
480571
699514
569918
785473
736504
740830
241505
221646
669821
615768
756644
244340
626620
635733
64605
743233
396648
726987
570619
866698
279046
228068
554945
879270
22043
559711
240666
963411
694369
52859
101386
764995
671808
297457
85662
628466
648161
521200
721529
5512
125366
709459
250690
556362
909147
287740
590219
745714
692719
325063
882229
695533
912201
918445
846053
212199
954077
879932
41496
78773
327371
384789
458025
393053
809889
103904
235644
393461
682298
752353
606228
658279
7248
294761
241980
6564
310814
656219
487653
915478
357810
145135
59739
397117
519494
686524
19981
839251
525441
745094
245588
408222
189171
146210
57397
480593
981103
572550
308221
174892
26712
587924
183687
350228
889022
334690
48527
33471
263326
991349
607740
272407
66932
813923
206878
259687
442857
358512
494314
612744
731493
174723
576760
314270
875529
273327
547497
550001
729317
720349
397757
946657
759375
597431
171523
817169
147008
727418
572903
364843
403546
838004
194072
943795
85066
594592
740474
703542
342221
223925
381236
349342
45940
408249
511151
570399
415072
975516
904325
61732
942842
532346
543118
554032
389741
479544
16330
553273
98968
949899
190650
426445
319887
910260
558078
216689
259621
229379
500518
1233
368474
205143
946727
246888
359358
419918
474333
227725
34560
713922
809730
554187
295241
858061
552808
632519
421922
84405
622877
311501
489664
525537
885021
351691
785694
747986
242232
747569
988043
501291
201182
958237
993952
801202
767706
643293
369967
661536
171709
286606
182463
997344
261902
630620
554392
463661
137341
999539
873732
964263
876107
46841
938249
936915
96893
774904
568905
112803
776349
307656
754288
12312
473085
28383
311756
707668
354226
781007
589761
195256
9754
647133
935388
27600
89705
523720
365906
207692
880778
152889
776773
710696
370599
744114
442502
992286
586537
408997
358458
967157
785981
875154
812188
327825
465003
758132
979642
3478
563217
98810
104977
704958
342386
124836
554976
690848
261748
907552
976110
402522
419500
545897
256969
437828
649049
262990
682721
946625
361233
600799
136163
569174
640908
568632
102033
384331
627442
100679
818921
525572
392270
174197
173345
758565
286828
304468
283431
725134
255819
975588
373144
219103
510932
891079
587643
997380
917722
239
434341
13594
174983
407250
233197
139072
645835
246356
858992
104429
987088
894535
10862
83956
767096
919438
34617
165540
193197
231494
910484
916256
284442
388885
227619
484726
220631
98279
255999
696779
99935
223205
758596
353215
667219
467470
223073
993614
185906
647917
742366
304596
340289
266705
8941
665300
588256
642496
279508
339262
456062
632560
835351
391149
549634
854040
943375
272714
671014
436779
943025
133474
950645
388463
49939
618409
980360
247533
568731
858871
477534
65255
484685
817538
147912
27230
333604
436905
156587
703360
155519
409677
575940
540286
404653
122750
306279
844748
466902
909468
704949
822698
174871
476859
970289
223256
228849
730948
279263
946136
180460
451747
14402
576053
160496
736229
780961
681179
300000
907033
602874
570316
154934
807793
150130
341119
579922
591802
363995
91542
185995
632536
233749
16670
662422
328226
302714
225092
848499
924358
181822
692818
591748
654496
77360
31170
546005
891932
513650
584760
466324
846451
768417
781289
544027
347948
557478
689990
837759
789980
282171
326102
136532
387165
149935
752525
440346
346902
98066
452180
337470
303368
935703
485092
643260
435033
457264
973917
128528
214162
206277
960491
63507
199742
7760
568346
106149
676123
229858
435097
439696
443936
749643
184596
956431
26820
798564
316706
396476
251430
619003
104736
124491
70401
449105
431411
557275
79628
935683
170581
217812
250349
566632
201943
117256
466481
887314
30839
172282
278308
422844
549538
519851
684272
833833
285187
306982
545002
652357
564563
546432
800801
600224
313437
30395
298549
7801
56814
430772
8051
532691
276670
717052
204755
183786
992349
79257
455967
796224
638346
911523
321583
322304
685902
566797
3747
365927
672045
877506
698734
203305
404362
68696
838860
156509
140276
450777
235082
761479
332543
205984
541651
485789
57312
702540
893720
650796
538508
845114
824091
166654
95321
329453
376607
760114
547889
211397
513683
455558
137122
421593
262533
761917
55341
949320
532438
403960
376383
454563
683598
288783
817699
639851
344197
684430
850065
503291
494513
668695
743156
561378
837722
644406
442302
517047
285838
526110
936854
739712
91974
811305
377822
31096
988030
363980
408032
679621
764248
968238
992864
367192
286407
287753
372464
552126
373302
247173
431633
143754
619311
369163
843012
420703
950398
141588
734813
406285
1745
433521
484191
714052
353956
68204
656120
600904
119786
499297
431282
456396
119441
210377
275786
607650
836479
552332
234886
28349
801858
138765
570124
566028
286343
626642
918507
216377
984308
299604
340050
706873
175346
402777
318625
856979
553381
541364
383145
534740
760415
693753
544314
397321
280095
984899
80557
407636
382250
452779
360870
895196
608029
40691
520260
497218
396659
475776
786708
976577
407417
462330
990664
368204
327754
588592
449828
738070
388141
74759
62602
818361
572320
356813
945630
521269
389751
730300
266714
224887
729537
536308
749282
388269
817219
741673
689196
267471
680598
714816
948840
440468
546052
276795
515833
730058
820494
72872
944503
914253
36424
709471
319774
206132
57483
763213
806769
173503
141565
791881
306168
459759
162795
290064
469531
907761
977821
591229
715288
288070
368801
644487
298993
349113
886898
459885
745684
39786
964426
608277
621702
713020
762948
866275
386301
130471
280927
692598
493133
787413
440320
116301
834870
763963
257772
328694
130395
411445
537549
160290
296758
709440
759575
549518
759033
889717
169163
972044
10492
296831
284787
544702
498613
99499
845890
815553
804551
316874
639881
766384
886916
491276
371586
2752
555275
17912
245423
267539
609245
651463
266681
96956
223830
894471
186577
33562
710058
351375
285902
420153
96100
897007
169091
388485
557871
807359
473454
592192
797357
351976
881068
293147
158821
798852
232438
783690
723592
441380
670241
869165
446275
514106
868934
93819
90793
588997
614801
38975
365815
345859
720742
224173
619539
981414
510241
946020
205121
343457
436601
591789
445254
3474
130803
843557
309283
452904
965745
802753
754705
814396
853688
960724
278260
13253
315439
160213
887080
187758
973968
670751
455361
452430
303169
426834
609174
910552
746568
512121
553426
975474
421537
501266
191292
271848
598270
165963
808878
874088
883402
333202
776388
158161
18390
686262
288766
533041
347103
161253
883035
11789
844891
704717
62394
517390
652058
502171
130410
276347
5810
939452
381224
945004
464858
360209
259015
592469
987970
966906
427185
883731
936405
929629
733915
124107
284189
710354
221225
270667
477601
946548
429493
208266
254510
591863
877581
516936
931647
720307
759520
598932
70638
31039
570987
335230
377522
156001
721010
56474
127425
292994
331298
321751
368310
813376
976087
565030
703924
902929
401856
103009
140353
97150
591232
406163
484640
311999
374678
191148
812145
906182
897296
277836
211365
708836
983423
629321
297294
189065
95372
314872
75644
597612
792365
61360
11024
810116
828670
55303
796862
568494
46266
938900
41276
835747
163938
82925
588691
337770
924520
281211
291890
395719
693875
893961
410486
605428
925749
170068
775308
100592
289553
283072
693231
281101
298800
300433
847759
966942
932270
467191
873338
339342
176619
298219
37054
287811
83575
679331
306944
969844
530086
258533
975081
62883
71104
526370
854321
554156
312194
761799
692608
91861
472957
437066
898421
898560
518865
696572
869822
56753
829740
485818
164007
520624
537333
352361
696849
695798
355869
3657
572466
528728
305723
253040
487632
33994
103419
962762
144155
289586
288050
434669
220251
727092
180125
42637
678728
540540
669450
384556
123247
561235
557087
291866
971166
393714
571678
502225
194093
773459
370558
772505
610056
844217
858304
815173
579317
902002
848536
133360
702938
607482
347233
28003
327795
951653
321859
842051
230738
588039
130910
819007
728280
792653
203576
87717
342342
387810
27897
446922
150938
83254
862012
894367
395723
164705
334764
934354
10455
475237
265427
30756
785842
358870
90089
462689
663687
606705
188429
458849
205884
726278
680330
293467
358927
714203
416540
456723
382851
115584
133611
737276
20303
963668
887698
106327
115054
900260
293531
36397
676603
101341
758877
237089
3879
537369
158023
487128
227621
68365
673393
597080
990663
735040
486772
836119
767758
942010
417947
27219
944785
413957
478664
935117
188794
655208
703786
679300
868431
552947
797243
505608
536514
734687
576621
826473
812112
252946
697573
58695
168076
674035
738321
275181
340697
107027
169685
480299
167015
601087
969343
200019
736564
649006
602723
339284
640301
895648
757733
631978
202720
616389
127178
164937
899501
976172
635806
478372
557354
78331
676868
153814
541271
318779
186068
489200
147975
475474
90699
211836
820215
103154
140559
395360
196101
919778
149080
213607
250691
384389
985085
257641
283964
11666
737864
564824
274851
541858
620867
819109
938905
418346
361943
440804
415906
723248
40697
499999
215184
330790
706393
23360
776776
804873
840792
588254
222599
879346
830658
919977
544934
705961
142164
948035
961772
59801
770058
993287
634790
786596
864607
29819
300339
605163
228064
185094
363849
993161
552856
122945
922561
846746
348394
356238
967995
99913
61949
956676
555830
794211
697573
442338
974808
204239
474041
496613
420709
935622
783559
203479
165320
433931
78037
486176
956721
76341
72406
75244
843888
576467
796462
872744
164616
792835
468067
906997
677879
554543
234487
614806
964060
56772
504297
351368
964961
847646
829598
770364
195734
126661
628015
512287
447314
544088
604311
417907
227981
738978
959985
133967
678699
534635
94194
699858
560886
197281
381320
557076
553079
32162
779176
945462
796057
830388
759939
648226
808496
120279
446669
87266
601624
671798
327334
919377
70856
476039
722842
998305
171761
841919
702726
342189
279388
320903
719152
407503
167881
518418
172961
446736
277210
412326
98096
745251
866094
207169
339562
929774
844086
702724
863562
346768
630063
84647
218913
856477
739742
624937
533429
701236
831989
198541
540871
739877
215003
509979
203592
597270
902835
650384
105095
272765
154566
29061
652886
744644
433743
377585
903735
363360
829500
406032
120690
488673
379345
684651
930965
579683
122931
503073
635778
459895
38791
978290
541757
195200
170674
127069
86705
566807
109612
216370
64966
144599
906747
408651
368356
656173
42889
677834
743604
828287
405771
12499
656590
969918
434072
862510
344112
504972
357827
291692
968187
117442
790845
568480
404231
421706
641651
46516
153900
466290
553934
33355
541518
678351
519846
142720
436752
623651
280243
547257
203009
520457
166728
834258
773154
432699
905627
208681
401971
514439
355033
115081
895604
443400
702602
814271
540522
305424
39630
712494
206182
779742
61851
348086
253128
418041
924212
66501
422196
141841
279926
55600
932739
963412
868754
538374
449192
710719
271148
622863
914406
986006
897863
636659
66029
623687
964042
148800
137559
234467
894637
855815
952532
566951
287412
360067
435750
808701
635654
563401
887500
965425
591338
699090
442928
136495
857796
520965
252666
617368
60357
604339
880266
539322
687302
528563
11190
283077
476328
491378
483656
543479
300740
867964
694866
425893
718436
543631
844446
440820
837138
253283
155888
271569
641835
374838
598968
574783
201469
618598
291350
225964
622767
276913
646417
361370
772316
392091
348574
838470
941103
807087
108780
373036
145045
166081
612017
345375
391049
227401
665681
221969
954557
915567
877516
203722
698075
447193
14390
399260
524100
131238
63350
115536
651017
984922
61113
517584
407992
624041
282306
78867
499300
34991
927115
977383
356038
698469
292849
160557
92813
877922
557379
37662
949192
507546
14792
553528
373910
925890
992815
395334
400874
795989
686480
27523
5142
84161
578954
790507
73127
43953
406577
428445
193850
703233
679353
98286
666371
840201
684778
998711
47062
436352
793779
977295
116958
273367
102847
328
655865
536210
680731
248043
109219
247045
650642
471789
235489
951738
567221
250772
468497
584935
110857
154788
221508
912481
915122
638632
455926
702968
693286
569371
739334
631821
202166
25454
403329
895197
366290
608108
299995
801576
296642
650498
477450
931239
717892
711972
233726
678324
524282
667928
438262
385622
385771
396416
893530
16518
647720
263203
387232
102031
596462
60151
473878
858493
258941
201664
459849
415584
699292
457030
628245
355573
999732
294168
347904
947913
852421
417367
734575
826093
359710
483257
582704
94240
777178
354188
158630
742574
726196
310626
275061
502439
96630
662665
793924
357981
411567
261871
832097
561101
542923
78764
263025
153977
608137
842828
372454
644665
201449
423242
684
709658
64936
210251
386436
182297
270823
455244
201076
435251
843951
427830
41297
298525
63634
458591
485538
54334
714580
865264
191959
636870
983533
33408
145148
157197
700125
98117
909124
258394
88472
22404
130537
361956
402090
100317
491425
63589
493927
161778
165046
938529
142765
376003
606483
954247
806570
754554
447025
241584
585439
766261
501470
887752
460824
429096
288646
801234
485837
894695
946143
691659
872412
898467
686567
246621
488880
712951
928013
244249
20386
545413
806626
558495
383993
427890
201162
861571
996805
236007
569217
861043
915800
57972
146579
894344
839527
734792
835369
177429
963635
70803
812882
744714
935476
136019
53838
240553
974356
392406
863228
223783
399593
558191
168394
673841
194174
339695
779453
564249
646960
629729
186575
410056
382015
588439
262350
660149
414661
824134
718384
124877
230911
745577
177918
590423
640837
952943
725246
289737
227034
850111
146348
666708
774204
646236
90228
682929
192788
289758
760274
637378
59420
28457
690941
637947
440246
520378
197006
824190
569529
63025
938399
87029
597207
807006
573104
974688
658246
85712
156414
298624
242058
422052
64789
825188
813058
10369
555012
638711
880905
598300
434704
568044
761275
873969
198816
466084
819059
641473
632404
55621
467324
98428
364174
121143
863483
351921
705972
138731
296352
422539
864876
669654
264233
335776
483335
139962
722976
687619
961221
111994
721263
298840
720516
45628
906338
887194
94775
707408
69391
116721
866710
133498
855736
780411
900599
430505
321873
959735
936480
827183
300883
143334
312700
318062
989143
51699
310117
266889
52561
713104
829696
288647
286327
959173
284853
874903
895077
500920
499976
305861
749006
242086
648149
884508
259481
53621
383178
229712
210048
597907
234690
654783
428002
14573
510437
507176
127771
84939
630079
222769
825759
437535
619614
184282
408168
804954
981334
936934
643072
165763
383373
366448
90581
525516
909421
643399
568318
803825
645816
541234
423862
659668
615969
386428
208036
787491
598176
66373
263795
487311
733979
159628
716009
203597
128109
282055
181518
336877
780998
874903
770657
953258
101785
561884
970381
640655
596032
18001
800711
954420
181278
848141
519518
384444
924829
754262
381439
236985
207740
379075
384632
28624
108506
858787
696350
356229
640530
399131
6146
108970
588656
33168
584604
408271
220726
90418
33273
246282
973431
115374
912072
242065
955802
599355
697013
746004
760381
120419
596887
489521
478952
34567
741541
36522
667791
773838
624704
850852
945116
616266
874424
234075
455216
90982
598451
716882
452407
117374
108585
511053
560607
52616
625278
596153
633301
281181
662511
969483
223101
440387
605221
293134
469840
717550
795321
368396
679064
375512
674301
75349
168130
426446
857102
433223
987475
444995
163010
891698
835543
968523
635780
307002
916258
229432
391763
621759
567913
244955
271319
577967
119788
450649
11579
798897
213217
813982
158666
22484
116320
911396
808696
172628
947179
779643
278404
29950
320421
172642
688848
164808
31183
824604
524020
534859
878101
450973
601324
700670
229975
882466
547338
835063
31617
838754
612458
322174
567179
441262
943729
465465
573933
468006
767446
846987
297762
571285
229168
883355
320656
736500
80700
485106
264540
350287
730079
33663
16752
83236
434782
843001
687176
302000
962067
654460
201562
908348
871263
463955
680409
191532
777089
684650
883581
578744
985674
63245
983763
314175
401877
408466
299244
421861
527558
675137
452776
239444
753030
601162
738711
550860
118061
129546
381800
874712
522419
526992
809838
389358
13665
507070
37825
189093
73897
129644
379837
768565
140228
861480
82059
904444
773053
119864
895450
501691
648815
666359
655149
535013
982957
498122
385941
489531
474705
994889
849554
983013
472430
452833
178281
153282
601669
255859
964605
686999
988262
634485
816337
720607
587584
566047
226018
629368
273126
408166
476111
520940
929908
617138
902094
774106
799041
508757
615147
91705
207921
50556
993487
657865
647880
900958
624681
913671
2173
541201
494196
125519
799828
833909
82352
330106
289563
93021
522959
689793
98992
581557
960226
392518
875077
944805
80206
64543
426796
832327
508133
542246
720405
866488
594472
537240
558662
131415
542336
450048
455056
37212
360501
834386
925053
355038
956335
7901
526411
430902
274485
529252
632822
97926
947627
637082
741100
4568
431921
699054
369819
823648
160739
516128
731226
336278
192154
575307
607580
699961
399058
151734
839814
215670
473607
325998
584035
265561
395927
710763
927246
520074
752978
783818
669951
392305
240621
515873
598087
653237
356289
855086
750365
774525
975951
438321
637732
255219
747702
496883
659186
861455
139908
599658
475600
50804
682255
724333
292402
975270
834909
274496
51390
92100
371360
567433
391827
757051
33157
143198
540642
163333
69692
293745
574646
601752
910347
832594
946710
683442
757573
134873
177131
243453
55612
397101
770474
279824
474126
641104
730104
884169
390954
456346
30302
110244
979466
885640
117645
53311
885337
769737
757948
499575
886687
975701
597530
386023
383711
778626
617079
177809
448793
360666
883807
630520
881337
52075
960805
122377
930844
461676
904367
11987
724729
76795
194234
735462
508735
955198
624588
369664
594399
926458
165059
145798
989872
694294
58085
944303
73258
911594
39451
325777
210289
966385
648418
771153
984094
155805
117367
59210
867873
78831
284099
433403
439462
250762
731608
260349
526953
943315
157912
279006
38695
653363
578337
433682
461871
712031
910551
136200
275920
735275
360799
271893
982433
32680
127951
625326
971648
373806
274604
30045
37102
354674
920418
517185
734768
120180
877808
7124
429112
593196
616448
871718
593492
47013
136819
73212
689132
372056
652077
920012
267848
664537
681396
185471
587992
466336
860424
825759
828478
359560
541579
317302
444137
277809
252521
56874
315057
726036
438511
67377
131295
340653
533061
132698
210620
778417
767453
584850
102741
698890
406388
431633
178174
202954
97851
996415
106920
81382
593712
197573
460935
967597
659935
90258
103359
544472
158703
314070
922520
475817
395691
757766
225984
505173
383402
273684
163737
564791
419025
200927
8171
931123
497770
720282
958131
276131
244314
678512
651278
917558
305014
710032
456781
953311
389000
700897
545323
410013
901707
530587
251376
990894
785591
931956
522339
710123
999818
155075
137588
561966
465739
958726
64583
229364
835927
920827
48250
268479
953919
161102
269895
994053
401355
177341
625717
497493
79013
969737
730458
376304
915896
591093
228042
352902
280016
167524
260089
59470
236968
743198
899501
334628
308156
670322
986724
26434
263244
243923
254955
762877
944514
84005
470189
663141
639056
942514
844068
572648
912712
545314
299637
425571
866952
668711
377358
280617
563886
860519
362888
194330
141779
505351
356870
968644
938041
654037
53371
126699
649651
165035
703343
398865
834398
84558
620559
539809
550269
669776
739818
509631
926045
517648
221739
811704
898745
694166
168126
657946
943750
153722
74482
208977
145981
481120
283435
29013
748653
889963
572373
788974
844769
954809
689947
768790
23898
702177
72520
154942
208236
677611
864235
481498
407343
789945
189475
273634
311661
206977
398545
484868
978659
106459
124873
487968
956798
37986
834554
316279
17985
339848
589138
455680
624498
339934
954427
474816
200074
709436
405386
266550
802828
604929
385110
7568
557511
325492
828497
415129
645825
717557
201841
309792
551731
185556
888888
439376
888560
578499
774762
732688
23666
701424
621719
551384
746772
706352
990766
268860
386791
659169
359643
812173
103342
389285
214459
728700
119157
290564
685663
769982
86963
596223
920233
863349
768874
117468
214169
395125
850553
757080
228667
13220
813831
981198
463373
298885
241056
462865
975338
508117
122444
195555
583034
561826
280772
433658
606602
857571
393845
326804
728803
259257
632673
171334
336372
576480
42877
777539
822833
355447
508057
236649
221734
935687
541835
982292
256559
750718
589405
709396
124157
899805
144365
896410
90042
593756
186063
438171
703154
314698
403528
943988
334135
739235
672744
406408
802049
108737
628093
573382
979198
364777
400055
607029
116792
514024
951202
529811
366435
627582
828350
710319
887957
999721
991955
25997
880683
22363
866013
885951
491281
438132
2220
4520
914382
932003
411045
280242
77835
394291
441641
108779
380300
131714
183544
597004
706075
116811
190913
831652
271750
885677
974934
896524
895313
736620
334209
587475
528314
411466
340471
393411
858437
840871
534304
956940
888297
200134
210285
710455
70104
90064
375797
923230
289948
362154
258864
371304
719507
367739
413306
927842
179284
488082
249214
896785
867217
533931
784544
300874
708847
333661
539741
733108
856381
722800
333731
952881
579168
493769
828938
230775
288940
442697
385179
842423
163389
91957
471328
386133
557349
225380
490982
326043
908054
482189
149251
702244
495951
823308
894976
528934
825276
595165
347301
116845
112020
635530
844997
409208
777530
100355
849079
368904
939895
979812
181076
818309
769703
697902
43672
970555
377447
819959
345118
650925
642385
390748
725139
706341
291259
654891
792104
97184
521964
275319
508932
392606
434642
744352
332591
907092
246375
645538
933874
929012
972078
352373
107076
747927
566369
947855
109393
236684
442559
621546
992668
74509
602808
754220
508988
66627
271564
731166
254935
921403
676100
831396
88827
188143
77002
804795
775357
261069
92052
652606
4715
467675
400133
903300
802046
14565
237933
724693
944133
395073
141243
385324
304632
886230
122273
893381
300532
505174
141501
291515
769319
357899
743871
823001
424945
755906
931680
74867
982354
978985
365781
175175
544845
488970
662602
59692
885900
420907
236439
535175
251894
642370
424258
252505
99968
362343
904179
852175
209174
872211
741251
533701
96533
325578
363314
108648
859691
970053
686104
505439
334334
292638
294645
722016
408487
105066
78751
953497
214968
385218
14397
927239
557736
940986
314361
705680
952846
336046
255866
605153
366984
196319
961536
324334
764640
584845
569571
588915
912987
113506
457270
901826
274557
789660
782137
12324
206689
200910
431528
747540
912907
798337
163283
847450
471717
152179
352004
383140
328591
257098
372494
741163
381005
724173
117305
349138
445282
579088
217989
456558
37557
125660
615085
351429
576197
713619
206223
601934
830713
214947
439252
876765
853660
891841
489224
990467
603783
850787
161161
853186
250292
849617
503306
739138
975582
870857
203064
9426
495769
315304
61141
296618
175939
274442
449662
785425
594884
276539
498404
991715
804057
841512
407479
674236
510673
875041
272894
496930
358006
586147
399844
818652
468343
554366
328171
271662
174214
204776
108140
444865
560166
372031
118218
178356
71691
443864
734407
568891
688730
972059
948670
744890
129879
6850
615056
326239
327403
366817
218565
192721
354675
741850
896088
580040
586371
619376
828713
863577
180505
14770
913547
280320
258035
806349
789754
927293
146605
178215
359499
770
985175
822113
804885
455168
281491
209300
288397
978223
892851
927929
3201
760019
969452
56343
421157
759143
60480
577110
102784
849150
702999
736889
763997
240278
232076
594096
830943
771711
956199
478740
354869
209749
306460
823988
239855
316579
8474
19349
74748
475583
487864
5148
830485
156139
444553
807196
796863
918863
567249
716885
280629
73417
319414
590403
89521
785321
65304
991310
541845
813158
151004
883142
549805
544336
793481
698580
15170
567158
899328
936858
984930
168679
943056
304606
793095
223200
284014
507003
765151
826564
568186
423553
177102
266454
329480
376444
254601
30540
624693
854983
308047
128978
353273
102071
538895
796620
466758
927263
268290
74344
208305
739153
215011
73944
866990
477179
885440
612772
956208
126661
872093
205729
7157
696454
375235
567302
870260
946358
3446
949516
141504
616576
211290
502906
485485
285103
717720
634483
20165
43707
773812
976482
360923
38760
285523
598932
656882
364510
809294
447251
144797
329455
474917
657161
844757
756577
795414
996231
97786
874304
269221
194400
373193
183509
198245
997982
338692
9361
34634
531634
598406
670471
261580
789713
973405
837674
106535
240405
817519
296885
835391
579542
725685
974547
544134
274028
227331
150918
644978
53757
735968
704603
465977
93057
52181
703387
205632
975038
23991
256745
57774
851177
318586
854526
388135
623946
686147
581156
593817
724879
799787
631529
720624
754852
493171
504416
519579
871308
58266
200056
782689
644252
137261
766327
619128
575990
449921
525811
164280
21281
213858
99889
229241
362820
856623
574728
971924
401052
803681
418884
341420
874459
627025
984887
368253
996567
701805
176857
23065
146985
527113
110280
787770
127038
5588
944878
507382
954008
4665
661518
323996
959062
858831
132707
444386
178930
62639
584916
43107
758157
91237
120127
592279
231686
629686
29423
731053
313005
609549
321031
689517
322470
399145
595361
587752
490677
878482
42376
514615
201579
901880
18286
183700
133794
267031
657429
526395
154226
325362
631641
540477
260936
32059
976658
982078
384789
556012
384358
754337
446799
676085
46130
625191
519536
56469
516274
417105
576701
750421
555054
494257
335131
739953
84774
923502
444793
352937
863127
233363
626522
50770
707806
926746
584583
400315
242516
563534
104381
949709
748105
833424
914066
33347
35049
896391
969916
907811
356136
933968
923863
233019
469129
765781
732165
729808
161796
93755
296657
638626
217917
578959
196447
747083
623018
874024
672307
898054
885029
344199
759728
776821
366114
89755
510666
253292
629034
700960
562385
186203
599809
143966
977468
994890
213457
563281
172358
194097
593577
706047
741471
565145
840980
953102
541788
389069
797522
280767
184578
47166
389920
574170
548360
227219
320311
216017
450064
729222
193927
272660
643244
366250
733467
171663
389073
228453
104181
773804
441071
453158
708985
51970
416572
606325
338029
422447
800904
293233
136054
375604
566424
374747
995740
382482
463623
989930
445435
481312
25810
18572
30797
693141
646514
519836
721053
148316
730661
554886
825965
154742
889444
57615
388863
600858
790315
933437
962790
797656
450060
452887
680964
926575
682550
8523
68337
621052
202343
247061
974493
822105
824397
372968
761373
24525
756519
265063
811144
345246
237401
995367
110420
216304
81713
998552
164822
230430
954553
463041
580977
675804
412746
361250
752179
790275
75722
835546
192657
402315
219862
6634
472460
348017
418702
129406
598899
546920
783601
343854
779719
362228
899569
675241
584838
796882
510043
837362
849530
661095
790130
802932
244019
125336
822161
695330
370812
51381
83012
653916
917564
908667
146780
675605
240875
527262
263325
38719
799316
405693
988165
880442
742486
421319
812626
92697
286001
650477
734404
954719
967601
849372
697355
426965
16875
237771
377283
673131
514656
399009
222612
26464
879796
190539
612928
105768
39361
440326
203752
666773
98815
6308
654161
410145
358161
148850
727275
481077
66746
183052
216373
900388
399122
354275
162868
979448
729478
575698
158242
840396
492325
977665
700900
401817
382201
793846
615157
281449
724587
751982
701273
471362
625457
487998
426577
594088
898630
193530
991079
913533
87241
495965
389898
671605
143926
300444
854877
639856
178065
490869
482662
87779
158981
664172
410251
857420
896375
588472
608647
759630
340985
737128
38257
860113
824063
449891
20822
397212
727093
749237
866125
542974
65096
16623
254008
293684
243188
15571
956774
261153
8510
776621
785732
984526
267608
957820
908530
427268
689072
228693
198633
812329
727560
158101
82876
545702
134756
819522
802566
371888
84992
80188
473067
713907
991434
743556
668806
274990
188717
811101
289737
56156
336571
609934
289610
485615
900469
581013
75022
628708
263047
679459
476844
830006
33294
742612
132252
781525
604388
929974
149160
407452
877664
712505
677395
934141
921324
453418
812668
12742
741975
279480
377965
296229
772304
333372
558838
196325
390036
850848
198708
800011
725120
703189
401415
61208
668067
494396
122502
105384
51970
770803
367407
62896
579264
964231
995152
716265
524862
770626
77344
553089
245372
908737
239624
446093
374794
205640
175654
391650
326373
183965
15653
634414
834913
978860
65154
810616
584373
969618
722809
962313
712456
697700
497045
874709
402701
743884
917857
444118
764331
168087
967287
831285
65932
815064
691665
760785
360416
613123
450569
884441
791121
772268
359194
789701
177393
518621
710858
411971
82387
452900
218149
666244
629959
294474
279027
331676
255087
254923
848127
805892
816343
231197
969332
460612
358312
244918
917351
449760
924772
546330
481032
551760
182743
400915
693568
874514
186009
745885
241808
533762
806450
937452
52064
257004
766503
576864
72223
841375
630931
192928
806764
736688
278442
926248
16650
474010
659361
652329
83792
59258
461261
910654
129541
730981
915883
763121
543446
317587
876602
744046
72412
432757
991035
696241
423969
133954
741987
966335
645432
376043
534783
529507
840102
490469
655867
808434
107986
76423
809576
469362
512778
925743
166233
47685
658437
981845
878417
768121
965219
901979
664501
724812
144759
685343
400372
269980
76175
456880
42615
735704
758653
49474
604632
956038
796234
197226
27452
208349
68655
690748
335506
728278
981035
658290
929438
732936
103668
22150
63017
31354
598722
252280
176027
505208
152298
137955
743227
451543
649430
514746
898648
365127
745826
487638
430614
269849
233139
375199
142293
986255
694763
168133
982483
931665
624436
510848
692328
957530
839006
409808
926329
180085
55706
607854
45358
258876
317933
176401
410551
804375
638892
941944
960379
249552
35748
504246
766257
252518
502107
328198
477532
769719
401319
443473
138204
199417
687626
777745
428098
67935
553434
801805
63176
636141
988328
675055
116911
905799
475572
720434
103729
256727
597256
638933
444915
518300
161043
360190
814752
324860
544327
593509
399407
45162
375369
949852
73503
548452
609783
229607
208660
844559
541751
607590
369606
550269
134545
551562
991104
213764
423051
915345
881647
178334
814970
689962
173060
37259
710803
233453
826067
87418
785124
943366
346904
227994
419249
76220
856701
297477
273688
248841
101330
258780
679005
458045
606636
810400
391986
244285
397739
919467
689607
53948
756437
508017
212041
81211
627111
334442
699268
64396
366188
347588
11055
135444
331528
694305
344407
849133
491767
578995
950318
375436
612227
881248
357184
245388
37622
639996
764177
900429
374162
897432
203118
392806
376634
827646
628156
21712
381801
609495
913869
770187
505330
685326
427659
797949
478609
567474
888424
554783
172476
114440
241673
959990
364290
392637
532289
143620
297810
129429
911808
443981
210872
940060
862339
857842
119205
853737
342850
261653
907656
600624
925266
946721
458767
756075
763561
287307
353894
664980
287301
854232
53319
716295
811593
176511
969978
38039
145557
741983
73866
78064
470989
117383
949695
966458
738588
625171
465030
66072
513478
903676
519490
441851
605275
590807
392500
296931
796052
854042
536609
495815
415522
296901
65537
389232
482097
129362
853331
928642
679511
845157
568405
527037
436209
50111
987686
277836
250741
924079
699879
800898
971957
11963
101364
994919
390751
809472
904899
609530
128652
810243
985159
807921
296966
289277
125847
122493
215563
439239
957229
580243
198545
64240
964712
739444
15403
147065
788894
823028
41978
323661
480225
710441
877184
726624
560372
294319
154605
886963
820078
984771
787205
286247
738197
812017
562482
422509
195562
206903
870959
535762
70330
992063
760215
54795
947284
200632
466663
353521
866399
241578
926097
653217
17559
514571
375307
401598
273052
886592
156996
267024
141811
421314
82889
55420
96806
381490
507493
209340
620966
900739
548635
435061
293540
71786
580829
145292
472635
612106
607593
429286
779012
880868
693389
654984
903437
365504
45414
254226
354003
585776
332007
848972
749568
368086
510252
598639
555951
279400
537267
790147
89872
123167
272730
423070
460004
440164
469363
678477
529898
298844
813340
886921
422583
44378
762214
455478
108745
612256
596253
501345
532876
44343
273778
72471
600360
899274
697310
214171
235750
928857
189167
982653
461140
920205
999293
984971
275249
691447
316250
505897
430576
32290
979236
510613
731730
25138
695240
894615
369724
871783
901995
642973
48887
687067
880370
228647
543312
501922
16661
663912
100543
271920
630991
734096
463053
569416
675972
26497
200335
129243
913602
155634
681293
758901
973940
514414
916661
885404
540025
436997
471847
637632
674992
617327
902266
553781
493414
166164
551939
617178
162956
288754
129896
27298
886564
588890
746781
411788
35157
730006
639202
618198
525666
270185
856566
834435
121841
227272
301098
263583
699115
969817
572151
667663
284939
944051
804347
797568
784526
137913
552866
149012
88784
688296
640286
433525
129502
791985
669966
849743
391379
500479
395278
576714
550783
988259
995633
335924
590295
156215
926360
380473
344844
454873
903492
352001
245430
740410
125721
358844
694921
492018
937444
299429
888649
302850
200584
636953
26077
19089
812392
182573
331623
159093
537270
996308
559247
102586
673338
742053
806189
598017
419858
963932
950207
612901
23551
614534
610121
851975
139743
341138
184487
375028
722833
704333
470143
983092
675975
861119
350832
292172
712070
27065
850048
956151
514533
146243
294773
220635
552097
486151
754755
192727
34657
179991
958628
371052
470439
19670
986413
411077
380553
11655
989236
545760