407605
541308
467625
12893
156034
139363
292669
790332
301752
990380
72128
872053
562786
989192
248232
819315
73559
424023
795548
761264
754100
404192
968709
964740
705526
867985
156159
511980
10684
364977
808192
929497
59106
742983
49569
675355
759426
103181
476868
754631
262484
817082
373814
152943
368757
723642
293071
294158
523524
468609
429947
641567
424570
700934
507809
93037
518435
415852
637143
480347
82115
112198
133752
620467
399723
789039
304330
523389
93329
842783
475111
656381
474408
290928
804185
596826
488725
981605
700950
463825
881358
214987
167934
249658
903654
933511
964291
162265
744849
24157
898789
897225
301058
325922
618721
829750
36630
319143
101337
782698
650213
397993
341487
371482
426589
799676
774359
542502
448895
505474
667363
197198
89162
241382
72248
662207
894753
147036
642585
173789
24158
66898
616576
218384
790584
747723
245531
206017
663289
92358
896998
188572
226650
757067
636007
766911
816657
413313
329056
352327
627520
818448
899660
15803
443526
847414
633988
600316
990398
108018
232688
358903
916920
128452
247271
694558
721594
309769
700383
627073
188317
603050
809889
184285
210233
371261
142050
756292
165510
885381
911054
508532
473104
971501
94091
935069
361599
247387
801720
752256
943628
648398
366968
132130
467063
743986
799131
970711
414100
446788
33005
367450
843781
317544
398224
267490
469760
738871
399897
206896
325990
261979
45815
836330
288952
979565
186538
938390
51316
127624
676057
382809
864768
180145
448538
319864
350884
367731
345841
350186
731785
491376
700683
146860
711871
784902
79154
566225
839173
447671
229007
87359
935127
128770
194948
839925
315306
891394
717082
444785
770478
259187
885169
482847
762805
871140
707487
698826
882549
831434
439837
728650
435061
685557
830696
948271
321749
312906
377717
170482
985356
809332
715083
418916
249925
571494
232936
338067
235854
859087
262212
962480
756977
334272
5821
218668
50176
499476
55479
875451
442095
630828
157317
56475
464581
273844
430001
756642
406824
377443
934968
275364
447068
591274
911786
780824
894514
714648
479441
704357
2590
420600
423424
85799
56580
321454
335358
42414
308774
238493
705624
791405
734763
365570
331798
351460
622203
676501
1247
877408
859029
104107
988705
408400
671143
747203
950559
286600
526986
680822
609826
608932
948086
785898
921934
881124
644096
642120
861921
512383
250176
209589
626217
335526
765645
70377
849875
644366
916622
125102
818382
900995
619244
488301
956548
493765
182085
333674
284474
468483
270174
299155
599696
897067
755130
302183
442029
379588
756683
797949
744738
501790
339746
57167
346923
50156
376413
755312
908596
571596
162265
622723
410265
943116
233914
224611
892505
313366
399898
142245
841011
546505
226514
224656
271630
395061
563248
979193
562237
876557
114790
645083
431040
557400
127420
612346
642613
933087
294147
611445
86095
185830
161767
56601
888504
179295
428249
767173
735447
172905
447176
554315
716128
476579
614889
80737
607814
822417
127106
876977
237554
578852
330175
792999
517712
228830
395809
932504
735986
580460
797671
430179
947733
34964
537279
948290
675689
701855
251155
392615
654138
278309
713648
812684
819125
104666
774867
115945
235511
725121
277397
339749
732401
262643
150835
28650
80527
363304
448306
913607
420058
3592
882615
954522
858308
289869
64495
282392
800220
567871
431476
547199
66915
895941
430704
513004
702836
808837
739421
572490
539154
996291
282695
33809
373094
632749
491716
375675
777883
115514
311380
272329
825482
405403
385412
213833
959607
255040
739313
737941
102406
135049
630812
750413
482994
578956
351445
51617
863715
309083
446716
547313
755019
433545
756714
840475
107124
5884
178030
539728
352350
696923
749642
515400
484840
877267
940044
813296
776777
303094
325332
461384
812816
542409
617429
328133
809558
123079
149672
712914
68775
99841
730118
140815
736537
356768
480472
472253
318249
786142
492217
49071
368134
468737
438068
64805
260917
628274
182304
384338
45006
649777
448843
677392
10342
955660
911745
881519
456579
631099
882559
215997
43552
1124
373665
732865
344302
513021
654851
587707
846726
676336
386716
783268
885861
791276
314097
217931
42751
701579
612843
56400
577181
170829
91940
981284
706733
629421
674349
364047
56210
883579
781491
494780
297876
684907
301061
830634
634749
319546
556619
118148
773676
333707
862029
187448
758964
622054
282596
216323
787996
980765
767566
776748
825890
600214
579015
512746
665640
657056
978327
46329
60401
321860
956463
683256
331128
91615
537734
64732
675055
663777
772440
823072
256498
997643
300020
538247
286516
219806
334151
351060
284615
649421
954828
608432
761630
645192
619473
249322
22891
854962
170044
927254
640591
453477
539435
20851
815084
880294
818032
517655
474009
717563
97920
733526
459300
809505
561534
608765
200215
374431
832379
896502
416033
800896
339310
182228
655509
667724
736825
271179
509337
299122
216855
438854
827182
668638
7487
370720
768626
572300
698458
85031
493665
381914
205193
832912
851424
178455
836894
826462
474404
928838
577
846115
669697
341923
35255
962062
856593
544160
514020
496935
155512
108869
862565
703846
147203
131959
303606
409958
154794
537959
621456
955381
217155
646775
563316
935725
737006
247239
619771
241115
825683
287417
832461
469214
936657
84443
86941
825948
984085
920760
207485
31687
704078
181364
308238
405910
909218
504325
33224
454202
613132
81022
422869
182415
390500
496612
194948
996832
252163
620937
466226
246625
286671
185580
700797
264642
927237
881200
222952
283798
393739
3298
308819
300118
979798
861091
991991
234242
96915
847266
20293
410982
741383
255304
314302
931583
1088
378021
304889
322474
863150
386435
815907
281477
649552
132723
275069
285334
395606
231374
565046
731860
527257
168019
311104
522861
683529
525131
199528
73119
694071
159872
514788
463819
630033
344678
113839
214961
448235
902003
258876
103231
731575
273906
327795
482493
803665
16797
922721
552879
361111
429977
751435
631908
234603
414516
299921
701120
346399
495329
920785
838050
322920
814957
191535
328346
329032
366266
867279
310382
390749
126669
19264
512504
232791
756787
460197
599279
377244
495581
635326
107757
294595
58602
301077
459955
728907
268844
974226
493054
315982
964155
281588
354815
403123
564366
414488
879778
227434
437844
192051
105168
301328
708006
237761
21817
115656
22136
382456
687986
535899
787021
929899
102163
439047
386759
554685
772306
838560
411602
187946
418449
504472
792201
859057
998596
79064
289019
798445
848863
211982
316677
622019
834319
599383
523856
817432
795801
102966
260648
369580
46805
733711
417476
607303
282412
100784
586856
642583
975458
118470
176761
461301
88292
630157
731454
309044
502223
619766
99112
880730
643115
332529
101357
867750
363472
95142
514067
538315
768189
962314
942342
425704
734543
352829
739502
435641
154713
779212
781403
180280
470868
404327
84036
323552
800219
107164
940236
492002
837278
28472
147076
867494
147834
888287
985345
925767
105783
119843
142533
959939
15202
633892
252025
150246
589274
588048
219532
875518
930380
429131
382506
691745
647685
590031
561404
11621
745914
192585
72009
329468
759167
28019
885686
88373
588223
124780
33295
372176
536792
764402
313450
436155
756069
808992
507367
87994
88087
182851
968618
390678
72839
426816
1513
266366
949808
401908
577337
584106
16433
95706
551541
521098
492223
163967
454063
252934
441330
50733
62149
189060
285041
971362
756441
896391
416332
438198
471534
671426
161672
742238
111784
240849
806937
231518
993366
76537
317303
860079
999222
93819
236575
680183
625544
640008
246736
923466
502047
14575
202914
425270
279153
240798
262620
83080
964018
416853
564753
377089
395320
214199
226184
828154
761322
241603
257747
944121
649507
499739
852658
500425
438756
357899
246000
558854
543416
811524
194436
373552
342895
515832
133720
191505
465104
184842
505694
893077
430585
760762
359327
162648
395238
826648
111759
850542
53764
271598
760099
904197
605316
754428
68881
652978
223586
519272
257335
732898
118744
800150
487352
818499
621050
934773
775524
741675
562495
294768
999037
928048
952104
56677
473617
227492
489802
829891
182642
19712
811063
958644
926108
114868
79273
302727
491758
848936
326997
366129
433277
947948
50476
405187
459214
694076
217683
752201
879135
855204
382475
769965
473087
158306
274019
885179
840106
423587
70758
766622
267219
675538
417721
418934
995167
74436
427904
448020
44344
374533
230947
767866
727253
44942
175596
554354
786850
194244
54374
603959
552162
975030
280240
448095
95674
837390
715503
322159
57328
638098
632482
224837
694011
496562
95127
629385
690954
533689
720061
303460
199762
166142
393948
801529
204908
911727
566779
790777
627810
658017
318318
166885
501791
683808
345036
530844
729406
986826
498517
761055
860953
997511
719845
2119
341510
546423
297651
463802
506239
960848
891400
326668
973832
349198
302140
321689
470792
301997
118648
413226
703266
823500
178523
323918
205518
442227
367741
915921
646694
217315
678895
566749
299377
375629
41596
581562
246888
601159
173786
958244
804892
437916
862228
217688
790745
456014
567269
408941
741384
634333
265162
222126
27787
144149
728380
768427
728614
255439
606624
298791
837641
640839
788071
899655
632802
479950
188000
364443
643788
931234
473918
628567
693821
711046
247907
30748
847296
496746
847755
446675
162607
61603
184068
415135
642278
922129
914203
850801
764636
96427
948338
387524
624762
169672
28755
644495
760648
296960
107407
287349
710716
507647
877042
744583
459033
989255
111221
591728
859572
538109
34196
340138
695491
986138
641784
520880
229727
680652
583234
590021
17521
642912
860678
394667
377522
575933
378246
776149
208636
144202
375228
222396
759718
230749
237571
69451
481772
238392
138191
240628
983062
781011
57503
283976
770074
18123
608304
851550
660650
133105
382271
363083
177353
395406
34263
319566
431160
373992
432366
124405
611328
726911
393314
734719
708618
128930
994891
420279
874009
562871
627538
177951
292283
351458
140466
481615
509074
330361
944376
647314
775330
552430
853962
845044
896957
256108
366682
197754
698638
750439
588258
769254
22290
913965
406070
867857
331927
364972
640184
271483
954898
319036
742543
897442
518106
108285
434656
169752
439949
354219
981690
837536
495725
308421
491384
534803
755366
631752
98576
577919
677732
396878
514598
844529
406921
182401
524039
4503
504899
717278
419978
261185
849168
82753
308286
85133
651707
905146
305478
824937
157874
982015
511394
408820
635107
133775
542455
749808
578270
173119
239062
397907
62880
680613
637895
677832
712739
567310
900635
389568
41074
884375
451509
902919
387765
986583
526672
698360
431544
630907
810665
484878
767789
516910
428889
938060
978612
695233
584976
628917
489699
125433
374504
194628
206583
591204
872438
185334
624458
11539
741400
947968
744161
65430
592733
711696
805997
696053
947833
202065
546102
821729
684094
699447
728810
579756
839465
452228
579532
470259
370207
868756
536715
46905
619022
716430
77088
82624
565014
300769
223706
850427
591362
65105
218941
356646
959366
766856
138473
42598
184550
430590
676037
617958
328171
524856
773783
360182
545445
222181
711158
622732
417106
413805
856563
231504
712369
483978
912104
953604
624040
774435
786398
815421
620756
659466
189550
46203
564926
874569
995040
442561
552520
294838
317410
482542
710482
887615
301611
683117
886871
484173
89106
415852
926382
169688
8635
475334
534176
113945
367220
245113
75636
142152
146143
521449
648410
78387
66447
380379
558013
144812
752230
541687
500171
76155
436711
238937
198848
260542
948271
88026
756061
499450
983281
887832
667711
668715
906572
8894
219905
617520
249648
873677
288853
224419
485027
621371
24484
511143
88654
490154
549282
802375
753452
78838
164391
492523
553793
221462
625938
449299
369340
667719
904183
645526
429823
685507
247185
756384
608245
186996
46671
984089
542316
820054
650737
941910
183951
117637
861010
38191
155492
223823
553610
614807
484248
118751
936513
269867
943263
541566
814283
201069
866574
778925
950773
326451
621177
745650
807303
170202
530746
639421
821470
602265
470149
103668
589075
281941
239435
610963
885637
456461
948226
355565
503427
150979
418940
973409
708422
675691
745357
124537
259622
723874
374345
341648
289210
799662
920510
624021
574056
509937
841345
541688
5243
292536
980528
495911
633769
979224
221943
857053
143173
410213
635803
204746
968711
794737
328137
642291
299397
183961
63122
880999
714556
936625
952529
82878
279982
110287
535775
515797
920829
544274
676453
645652
514560
882476
590938
479326
652083
805581
201813
877118
834296
805058
529977
300556
218005
180647
972056
306117
778648
713869
232812
728649
739737
514857
868456
347328
36789
311346
595264
512343
549772
376373
432145
961867
819534
459041
935425
74678
174540
146221
612980
858196
244845
765642
212978
206751
299894
809674
333447
269321
530720
667491
33116
470453
763843
673439
761459
838369
33096
739435
309346
232770
893180
246028
826030
22387
264397
704965
878598
945851
339087
490357
790153
239542
45556
507984
681313
145577
766364
590304
410742
644463
561615
494102
878414
811845
99604
589129
978671
869182
102848
577397
5047
946171
559738
775359
797615
549561
312452
203685
635818
158806
258996
442720
448096
230954
206830
368313
709307
479393
23893
193419
539092
516888
691868
494626
125943
318997
260769
832728
909629
548881
28256
599885
930828
646956
495293
197250
94976
663083
221528
399562
180320
662503
839434
908004
982642
137740
642504
260773
727567
286108
959310
968539
427769
679058
149344
823266
450024
61945
427387
195973
150893
495217
837694
794469
86559
873060
869926
1726
89926
84402
553426
504716
625676
683840
700838
568341
727406
389157
436706
776453
56290
990670
842652
678
158642
961154
853408
521120
273986
527172
231594
699792
312170
233327
881164
936370
94172
478048
867271
212784
521629
449015
922965
442371
837573
22434
925776
386257
804359
561844
864405
52283
144377
998446
387940
70901
432066
327996
1304
266241
680349
104267
461981
237279
363384
734880
527762
223597
133260
332035
201185
283602
701823
828900
779709
395116
332662
788770
298887
202096
144870
174808
449426
180305
29877
62251
921068
829085
351961
536351
743540
935881
908784
846966
184578
18967
719239
899433
573874
833898
669172
854694
38749
8459
620074
989975
392913
755413
889196
809361
428073
612060
999797
987556
541518
348903
151267
367423
87986
151757
959924
421687
315075
144179
896631
473043
202525
435863
543777
989227
570702
805380
899674
509405
644651
92572
391954
793804
777900
687641
160399
168269
828748
511934
50540
992011
567862
831093
984982
262901
496588
199991
183404
776312
581268
222107
486274
182133
128998
505273
685521
263573
734525
799358
349063
645661
871848
298035
5621
408691
796773
395545
577317
843597
582841
938992
132816
787749
451233
537988
241683
839342
731894
141119
322771
142251
809401
278138
442102
916697
632467
541643
650840
730090
910358
694355
863987
397838
966159
608466
981297
630669
814101
297989
612312
149474
47943
767483
93741
225725
736047
12107
455999
667826
630600
932650
33124
912572
983186
600014
879760
378872
75039
851653
68151
650854
867640
112048
333446
657448
848034
551378
436763
216305
879116
811294
365675
914912
391795
532334
275268
859215
618900
667438
51696
966303
648589
933496
320107
791112
907134
394860
749661
286893
320283
971568
266855
781079
560311
231278
659077
137698
436898
490035
273192
854219
188782
553257
6462
28956
206423
274734
896461
764615
289321
18009
849979
843107
405119
194923
73709
441057
7096
947667
147593
806020
753923
637454
558447
998730
300407
333379
900166
137586
738722
215358
4545
396876
562228
600373
226277
537387
291460
32003
28830
293572
208891
447068
295169
618465
743804
66339
789885
756131
489685
407543
68209
75897
420152
358199
356110
169151
374774
523027
998082
202468
799626
211765
652899
781445
976204
872965
651980
696483
291776
335564
424357
186253
425970
424887
138395
788492
917991
897869
573027
216735
577724
564249
792105
445551
507440
180513
953107
232230
766910
452456
963539
385590
558424
800083
244188
115442
623230
642784
615678
36092
201741
810488
847723
886145
478441
450899
573898
63625
681402
641656
607766
238620
168447
231194
509525
22526
146026
322572
196279
675674
95960
971478
673584
901232
318659
864550
939119
358384
398177
703959
183797
92235
339756
640830
752319
279789
941110
623428
516310
344073
580109
379998
849646
488888
918762
395737
620928
694752
11436
71735
946725
617441
575230
45497
611609
966350
379268
473358
214510
893791
986329
963489
564789
179545
601675
110975
700677
630996
904979
124225
479291
611746
716685
561823
576161
783424
961793
15014
240554
570941
958902
192807
632550
112764
162927
827762
65416
887627
320799
681996
103258
91924
250961
534178
555298
869608
220069
178479
513586
114975
200981
812321
116639
179616
729209
111454
960739
983171
316006
122460
658262
327536
872558
666550
763890
206609
322334
719304
333375
226756
394256
48456
382351
910101
775773
382000
119793
326937
15767
963189
886467
196103
723186
143991
974959
475271
770053
801824
774704
950482
417062
827879
115660
409423
828766
859536
34261
231742
619324
555323
310590
697170
891700
455413
829915
927841
91431
491030
24010
138106
58783
527714
82613
879584
480088
959176
528911
809450
15784
417806
862386
49428
860023
10571
510672
877227
628006
114188
178135
134345
183771
445833
476816
285732
507578
157036
565229
726353
544460
387634
25958
557625
407929
333
421398
553929
695756
174433
502580
192141
474891
596700
639952
52919
463565
567625
625329
386488
917204
481137
410861
418068
706294
345307
47756
806009
564987
95370
936193
713702
752029
775915
930338
850449
710807
377136
403446
516430
459596
693143
43720
362004
806519
944589
258646
301351
472716
804917
469924
667697
450886
967920
859781
379197
937717
914795
50306
187612
346792
317350
879314
829428
392009
949736
82210
751009
138614
689823
683340
410588
722735
73785
578478
139391
220030
952773
287537
659851
388387
677721
426562
651363
810378
343955
950730
541272
328052
417683
284667
584865
895879
277291
963229
484899
102160
635881
421282
133979
850372
481918
895290
910388
536147
315922
676563
507926
968883
658669
746316
836245
665381
926319
192741
904782
59684
214505
568051
268091
588323
65559
499262
489096
334524
850160
21335
537357
876034
79466
564409
860732
113632
451852
827319
867144
211946
643589
934967
673725
310758
946018
635114
135710
432913
75280
615322
963367
490157
339003
63648
355838
62893
857505
880000
511617
152531
603254
979789
302385
702662
561089
561080
961244
274268
703568
458849
931229
580805
425197
239590
649943
469753
202799
852409
584612
81925
720175
573569
674235
344743
226813
997271
196251
852839
481482
774421
56512
783518
495455
331681
802756
448758
710116
802127
173516
892685
616414
563102
252880
373323
672994
938981
589962
31365
133004
421121
800344
73311
769954
459053
666587
57917
225876
217883
605059
535867
692955
535432
414363
609273
276139
794601
134740
382442
575593
139779
337227
946952
809014
565505
386946
604704
590184
427953
548066
795606
612111
20317
638931
863730
490787
662845
261252
918031
531006
173679
834454
379662
502385
334461
180750
255929
354906
78762
945185
94893
248843
327203
295314
462139
298456
659207
499401
941516
38694
572119
37661
473891
661127
914805
784549
429901
444977
789228
242603
8503
979043
173552
702028
787336
465898
212788
43458
928836
449096
982185
843024
218378
597854
863328
31008
188896
585712
952299
2772
937141
752351
80448
881557
173078
534770
732336
57235
148667
199810
639654
761365
538706
847982
273526
568655
962657
993848
399046
818814
127694
857801
540407
773294
245650
569815
42782
788720
580053
905900
390925
594258
782390
171312
774461
89375
969160
714644
928074
220306
173830
906777
582832
870277
23708
88525
300519
621639
427551
941893
126198
12016
482498
926457
872049
699617
712099
694344
830389
470169
117729
321091
960526
502739
747055
740536
683961
842774
173139
111405
843230
935763
101914
794862
843627
918936
566658
129294
433444
297859
13263
404023
560588
266917
139540
50725
327422
332263
206560
100922
265421
646913
985209
55858
332656
244535
168793
722216
574925
488589
991529
882994
199811
562095
597701
194122
115468
393567
485620
39012
7790
842144
977452
438255
63386
122207
190929
711527
274519
789064
130961
422923
488102
40025
26407
207997
33896
121132
287697
779030
421359
571999
280858
415377
745823
134213
232181
354030
299538
521075
703862
444503
926979
738538
58618
898035
201139
687240
868539
220212
426209
517112
636675
299461
585956
116064
869440
576068
163996
620910
97254
333955
922502
924208
460920
383926
536015
587688
241391
521886
453537
982541
540136
714115
31393
203046
979945
204992
319669
272817
526534
168209
813298
986670
322110
939935
920594
419816
387106
444154
261055
846539
318786
341781
18005
317967
962283
876836
531991
14609
347436
196837
712611
312440
634570
969249
853078
696107
673820
343334
871594
33839
589218
249305
652581
158428
460030
519950
984200
78400
29699
7043
998544
895967
338623
73796
931252
113488
417937
340155
218540
626835
41539
146840
603903
862582
86149
63559
2085
71309
564741
783729
256729
649240
665812
224524
408350
393925
729108
184921
230921
907866
959288
47293
457593
844779
636
63061
957738
198284
647268
805756
23442
137613
224561
827383
189407
230292
937568
553250
939827
338142
179787
528807
293307
442200
861783
756430
222226
435721
95358
870894
536778
772612
497120
777873
128235
912022
883721
954786
840724
891581
772201
668260
38820
330561
276646
577289
334446
29973
467125
860845
121821
118810
554221
9887
82386
162903
169269
652431
35792
839689
262135
510554
396261
927393
197684
852580
933594
839929
987676
159970
280947
418196
383251
999407
730669
810554
569165
581701
36391
646139
927677
248770
606303
774431
211964
886264
868392
561846
901048
160723
978345
464528
916747
833896
962237
415849
188850
12275
897803
199127
152365
961767
514527
235707
818170
896202
126434
766006
44035
135715
644
613236
573098
837121
346034
438688
578653
941786
559761
193989
260018
242930
557937
188361
628940
603003
820561
256348
288810
481330
655770
308087
82395
325773
723711
527876
841276
361486
367612
792395
441438
449000
338187
366686
461676
874234
934389
110900
262757
892000
787767
110769
54191
418317
733453
506317
579358
637006
453044
903097
828391
393799
319125
204848
88440
833691
532228
27893
732037
265596
195487
287561
264118
323322
383303
5688
815571
570790
411016
277011
102799
667068
107161
229706
261558
630846
742469
497862
915749
692725
945041
74311
912134
800214
35305
459550
37047
370520
629331
681162
185641
980138
31583
172599
477371
592711
63664
617132
394032
220158
472898
963794
697131
636871
368350
922646
613739
730785
972376
292362
50085
446222
647273
853645
742554
204357
235249
931179
959619
928168
390749
9908
5883
263769
158927
643458
928962
749313
286777
507520
559077
978673
993711
398935
312715
580467
359850
7018
866396
127238
308474
433903
676235
987755
415684
876426
531712
428703
707265
257920
479680
171216
927321
143485
208106
926554
169044
488967
466203
810320
459550
405023
415257
851192
392502
989030
225158
105341
57183
923206
209745
938223
699574
25877
817813
225980
424646
647125
594372
398478
708245
794550
307607
13890
103682
953487
723790
311323
28272
292642
271968
382444
436591
87700
976647
748673
254967
127528
215310
604875
618752
839320
285454
379540
685862
1230
662505
502590
407104
618161
729967
813766
412371
825323
913251
678588
255013
781378
400022
277958
892847
86176
978280
779767
761420
528898
756005
969354
60259
931770
401421
801805
972902
660902
636540
166507
213785
928539
931814
895873
830607
244267
746674
523301
129876
950180
788847
104472
499412
268964
555501
318031
138084
290169
115985
990427
945487
32282
985720
461271
909371
149906
737912
540319
205713
79280
775397
481667
325481
593240
239361
608330
509814
123287
864867
757989
659227
650797
112840
507677
907415
493650
449962
282579
833630
417276
118182
472539
362948
867699
297861
291366
352099
246629
826134
710025
311484
425195
165447
900851
635730
526717
783093
425242
511926
660741
692059
990301
268953
289166
376873
648689
891346
375228
191459
893315
851929
64861
632313
78747
639228
908744
963531
365626
131131
482140
893013
486782
876447
557833
419653
490944
181828
576779
979172
162867
128692
897589
157912
655036
787833
592068
133529
435876
745889
150141
42456
718963
887663
360825
844501
650080
63556
955472
95684
320921
619906
123856
675197
464342
682986
824661
596313
737515
262268
119772
984653
751646
591806
898136
338777
173907
13147
631691
745787
907071
276033
217510
1072
151461
202196
923943
825692
482763
494125
974615
706863
486909
896857
224916
816918
488351
98904
138310
690625
263893
315316
189560
954589
642574
600686
105383
702885
253657
68991
148392
764588
665059
582657
392541
255990
557917
570773
804244
479228
137536
227802
996794
974108
477980
121949
875584
849468
709673
230897
359011
409245
843993
97197
759815
173905
127714
387227
969665
87362
268206
154876
859293
410738
364832
973485
986001
542012
376444
268213
727997
274672
320422
744376
741210
938688
587456
118664
823039
682160
314895
732182
166684
247952
117642
753203
563083
3972
933450
132451
487704
251510
499870
89372
288212
264012
753682
936464
563681
401207
191143
684454
416399
98201
742645
44740
841754
982380
504290
933594
756930
446425
892159
688869
641179
708279
598316
473992
481025
870118
229409
686426
416485
932473
909535
619788
418541
874027
619439
785609
520188
187201
457194
391294
55808
620474
141638
554638
104922
140117
27579
339008
579576
426296
816445
616452
497122
774871
360947
27155
181556
434827
377193
389605
366388
351863
495416
464050
772207
281202
7042
29341
849559
642397
413328
29540
73707
354286
894079
625811
208694
55739
85763
252629
75843
957498
953022
136623
23598
759036
926311
315823
700594
231577
658855
742514
421805
624556
343619
260006
305625
214655
335726
52544
407931
778431
875444
569199
126293
888752
91863
244035
273808
160144
652268
802737
130953
202985
528519
56307
764687
561956
275429
515557
860090
271879
831556
247793
525630
4449
29940
29670
908601
827273
199667
739466
814074
780875
988725
781204
469272
126757
692173
206008
725852
370720
926319
231674
260274
99549
24041
821550
496496
219461
5730
988930
923449
641953
445854
911447
288785
452236
232559
327778
462377
993642
834436
298353
339911
340
924545
52746
114577
766986
285876
130429
293548
393477
875194
114487
414156
160792
617219
744420
402564
703277
1020
345402
788114
574304
372788
746388
504512
547621
867704
5702
33823
891517
516387
563912
870572
542198
600952
331661
174087
8069
674761
563438
212832
313563
4935
76813
859915
793743
668105
470986
22314
453932
148067
657667
659319
175390
936830
477903
807015
450401
271063
683703
663962
606910
986477
690313
185524
645025
301444
630705
293620
558897
575273
701719
509893
63400
344488
550574
389657
500058
800373
629190
571799
997331
13623
210953
711445
494937
329520
893451
552342
26048
530286
588392
288047
748806
435723
498493
128813
142211
886793
987579
129248
597207
657334
964488
719657
662443
662903
240140
712021
793230
487408
368532
308407
422459
52565
908398
965194
20596
19063
793376
595554
983574
365384
365148
952611
137451
712424
357060
95668
493851
482037
500390
77287
589838
26867
672114
390770
887716
108739
252297
239876
353646
122495
634761
205215
898919
179551
844734
837034
859112
726120
182660
57547
150887
536248
516919
494890
13054
645544
43932
4356
825713
865024
913031
262217
360186
944133
21797
485444
328126
963243
825373
454014
42736
710717
791627
654932
493577
640826
608904
102691
335864
985477
321338
788587
557370
768375
977470
264020
639067
551456
870139
742208
70873
788757
421528
291137
76480
99105
993742
784232
880250
943820
624383
497227
833445
312359
479470
263002
811878
540844
189001
550000
463649
427399
60687
721263
863636
43158
734581
440218
108853
443364
92221
756466
733065
758416
426276
304463
867245
42201
956512
210735
130530
79822
615162
148400
449547
316478
854850
121339
315985
29139
870771
626396
777266
285708
668328
153181
561494
234378
473079
841363
286266
960965
377626
706070
999836
201588
78148
458769
621690
256315
43653
731815
485402
874187
675101
190944
369202
721300
421905
224586
244072
445888
96317
182827
740649
237067
48220
390021
563538
463674
146010
722828
499069
661296
168341
496560
396741
84442
573027
67749
908843
693795
696878
636217
881869
701733
774299
133243
183942
134112
478404
982880
912570
350563
658198
571365
546278
244985
260991
415269
764713
219173
122721
343275
727659
102184
425157
127152
197039
745947
253467
631716
712138
165273
877117
73539
938903
352020
639636
220753
800933
75698
204910
78126
544921
81591
51936
49807
505585
520406
492000
314281
677026
275231
40072
764905
430245
371365
192965
942424
232747
799598
630836
487563
876825
809987
708539
848030
47238
220988
928102
482936
442612
761601
66124
932064
546135
991914
725839
227384
746377
957772
994438
755331
57382
343385
710872
429297
667046
869385
872165
475241
312354
568749
376485
43053
153588
213345
923133
578553
744995
48887
79873
48721
894064
291203
982112
483878
885072
156545
576626
580527
465855
316712
923499
482594
371977
767806
91559
178976
371189
276262
96318
844557
833617
509658
25012
634128
249409
797365
80008
949462
810311
296004
434204
724584
406744
738781
256681
857849
647381
56469
575727
814936
456484
210226
487117
132377
643305
276775
437785
559593
331649
693571
263688
733048
668302
899769
240545
838077
985536
649761
385747
996597
894230
363996
572736
731446
264670
566830
26862
115479
931972
606772
941627
71463
503084
631963
466470
794463
921383
375109
444624
33913
268587
154013
938667
92940
345925
61219
198022
103384
366384
535170
497765
360033
428184
155888
604294
283130
91192
189139
329578
606696
148277
202815
758108
628275
826271
754138
622165
688775
859720
769244
504231
751447
885118
127916
226339
481367
491492
437738
169415
443420
56570
681618
104334
682489
227331
238033
239840
219694
283554
381358
165756
59192
971621
177647
662861
598840
498326
274115
949583
766097
441955
379001
89372
617880
745792
814467
243648
94480
460389
253326
19760
825255
328035
754648
120713
460400
986494
309968
841972
902255
444914
232114
363000
629846
243976
848665
876834
604761
743696
590934
304473
709795
991701
565459
569944
644070
457006
458111
232122
21474
350086
990279
281391
303374
238215
91601
239947
910308
596487
285915
24077
787191
533970
833021
698653
648396
27169
22356
737908
20431
260969
917707
949824
725541
611388
503623
684969
634745
874866
935321
155356
429616
698137
743841
573014
130021
586626
260635
458179
332460
961286
784439
703775
765190
318170
281034
375623
42913
303478
156142
728563
237295
835300
82016
210442
713818
745691
324000
565802
252149
48141
384180
981035
602502
914269
86983
427579
920751
155702
884990
615583
887969
696261
610936
35406
697679
708253
342964
691740
892470
332690
349514
114034
435140
114842
286991
879861
78618
505741
901441
59957
127147
498129
465951
719289
632583
941803
404325
386208
221303
939611
646301
175557
293109
945781
132131
617270
484702
935253
355051
283310
978983
351602
677871
765696
442379
186200
550175
581434
18224
48855
493691
872277
245009
941179
943300
884686
267961
995654
111592
290218
795810
502364
458751
206484
251357
965552
741117
734238
586294
92458
89820
185420
520152
597979
237934
767153
978418
242015
850178
561469
344626
228824
258549
600658
491140
160461
407034
943358
656730
689040
903902
699831
556320
162647
54937
162058
159439
163274
774815
772723
736925
22060
783950
91998
962873
440072
496629
5251
532969
509484
643012
620795
52485
775249
511306
631342
552384
331084
655956
96855
471393
290468
350131
85272
362915
306660
446545
217552
747155
636966
147893
522269
506462
586480
391979
337485
462247
26895
782721
941893
27597
457480
428839
974350
774535
606171
944249
351891
436575
944570
813567
568582
372887
583325
999006
771019
286880
323550
876366
137654
199877
686533
537983
974151
415036
511652
351287
150441
55700
502990
125291
263197
327805
971665
270683
14533
629381
164091
260608
264080
204959
796166
521744
683209
506158
735412
997557
602306
575353
953168
228277
801653
565416
341697
598597
588063
528424
271595
222642
64087
356497
855945
669296
811056
582813
362367
489785
765594
170067
693962
99489
322912
902730
140726
821227
910455
115733
381367
636897
394200
183027
873364
502454
972953
156343
766280
994459
959184
401209
827906
554425
894661
913378
284366
394934
165140
218229
96948
580505
677785
473674
281839
516752
488298
505516
237326
171425
398791
111473
806460
861054
967781
491384
706922
437567
89713
215736
730900
732471
19096
113701
112561
884041
661281
346840
412597
124835
384047
935454
802455
540184
349474
297591
529445
121227
90394
649613
179785
524231
193278
392066
168101
22469
389602
282837
169466
908139
142444
589447
844908
857322
148242
316440
24368
887176
896550
332739
423688
122313
194548
978712
763970
512766
701280
633045
261271
975144
976268
787602
787644
139237
237216
445857
587727
590279
822334
458692
408244
923298
540392
260979
179318
485622
834094
988527
156052
121845
940136
192323
570549
511275
591293
876622
804690
92238
503742
614926
744441
816846
233897
422735
623705
335467
619134
730276
229965
765974
542546
62
421501
524201
339615
747567
242896
743540
986
831196
912847
810430
284539
886317
338768
236602
677344
106669
785003
588439
22960
587364
403016
243481
259332
132039
83999
294491
825389
872735
329763
564849
38957
143664
909182
267329
961399
333855
571599
970650
671093
791544
463174
346425
465156
344946
618395
315957
940413
401644
164432
933580
929993
390603
607631
590202
135095
795289
672665
812234
182048
877442
660642
664641
495829
332882
898475
212725
589681
142717
472466
83716
430549
987420
878104
127167
872450
159623
705676
381416
794988
545332
868436
252414
916478
846096
523758
451695
819103
438609
700996
36582
168561
383134
840205
752933
585531
978120
147308
4771
542031
943035
792561
823761
633489
325257
470650
320734
363370
241064
963463
553450
329137
447506
67697
301450
500466
683443
795445
490915
655357
35745
412671
836097
321818
649798
221588
405387
355204
677336
37844
23118
52459
440432
350682
478861
20660
960073
158552
828042
592692
6384
732451
95631
802127
482943
414131
356453
961961
12551
77534
93500
540113
282056
548848
611526
803086
552453
746782
360110
133563
611096
537279
14297
203901
765179
519846
604251
300171
347185
9504
898497
909141
558009
345431
586700
938406
112227
353557
883116
128430
854838
439240
995606
302877
925749
180866
268519
633576
210533
348505
955147
899586
543908
794711
216118
346616
423216
272490
301284
583831
445069
363246
605858
813374
901249
875219
754849
841003
419783
986880
201278
691296
253922
723759
520316
18974
558853
404715
238852
77832
286057
272189
63765
428684
206824
975632
78388
751247
514485
520670
38905
373287
343085
17800
776609
133492
827840
271647
35883
796332
112253
631130
172450
897611
901534
978933
585829
652494
158964
718284
993863
633981
566431
125601
232454
217210
572005
579804
314886
512718
822242
967933
910649
970940
168456
136204
296868
459625
640986
751181
622925
906743
360350
111365
546691
646270
769456
975236
817321
176490
62088
64164
158415
636284
481185
791475
261536
515037
107884
177170
930963
810843
463665
213452
68150
565011
218950
339655
411344
175708
511558
958073
161810
298950
807816
649281
190304
440659
85001
465183
45803
192521
353609
474950
134187
728705
786647
500831
636302
380530
497128
285717
101794
313055
226335
147115
629223
114873
563676
511024
456127
301318
90068
113325
851948
514024
498026
113703
989857
793196
275517
398047
679309
784780
466918
211421
161250
133017
191316
506009
851301
108591
290422
662821
547855
192981
722631
696463
526501
187670
637013
509444
731914
706652
445072
130233
786888
987486
544932
920131
603750
553488
173387
9766
28827
191144
398211
903603
626382
19764
296688
41092
306111
277337
421584
119408
718747
51662
330062
629965
107693
498696
826316
331577
314203
72487
304367
120700
839254
627989
43954
7737
258343
878339
657564
390106
931260
448919
9237
296470
300098
913502
994856
938889
727893
487148
858262
995510
929366
469290
852796
148726
220051
248615
158290
887383
61572
663977
862040
329532
258140
204178
502326
52974
831827
712965
936647
244384
354358
850014
536069
566852
556387
715447
701153
822254
732683
627431
359109
909232
834218
649285
840155
7615
329250
681745
347573
197152
5691
521524
121032
722809
939059
89012
897246
763265
69853
523757
72069
455337
182288
547892
536466
57957
964519
818330
454059
803092
912032
748542
315146
760311
44287
868429
518371
350634
791505
317801
975068
453282
522686
476480
844515
136130
693944
397019
538076
553129
653511
583838
254004
303211
682668
91276
711354
212408
371285
254010
420482
195530
821786
188348
131039
116732
977607
307732
882354
825545
612505
111255
892811
493609
272550
751661
36661
978445
602678
704824
701596
781407
273590
512505
687556
197168
292574
841455
412116
70334
180447
879226
307671
791848
7148
35253
438253
489697
62309
113171
846302
660323
374143
350831
30605
975750
809751
469320
500337
288349
668602
201374
129733
714747
105231
585227
442852
290104
435617
906765
566259
237101
899175
802907
591982
461523
481980
127791
617706
127376
703839
681314
973794
431451
258795
280498
914688
462244
212902
558863
89837
372779
578078
941956
811258
387761
572060
560106
818344
139307
91003
582597
908189
452915
195451
228544
680826
227041
776165
703801
608205
179603
127610
946980
730272
440551
174088
59912
451457
411842
558206
495333
117796
401078
753056
348451
995973
629032
948394
454823
598253
715952
372471
273415
777671
688419
135134
440231
123962
846724
477223
233597
410399
117270
278186
945851
859356
84167
586726
404077
995353
360478
647841
374617
100936
212006
394602
540733
940208
758207
369104
412239
77816
76901
137358
364551
125329
856282
32840
923043
40985
181332
536137
318805
618308
723375
989186
990707
593576
557738
356708
45548
325288
391652
12050
866780
998592
687607
925241
831808
429584
810601
120317
405928
518154
765521
436588
919473
806721
948543
704811
848195
837589
727799
458972
755054
434297
236871
421139
147912
675653
844465
591416
441478
896236
443300
31881
497905
575564
574080
735843
986121
694076
882910
217162
84390
929563
344390
503811
165072
957027
272212
304967
512889
253483
593968
74080
852434
605571
302071
768221
853861
297600
457111
27103
703759
1662
668092
112324
250343
581552
501500
205515
837113
933955
32832
826857
655244
349543
159627
989525
907496
3240
257274
239508
496158
483287
539686
53153
219286
914883
539642
951685
390705
37971
610924
264174
330074
622982
414962
532377
662836
790983
172754
833227
809979
178354
797250
1488
566586
144577
458680
950472
663258
969906
561457
126746
677710
832564
906697
98455
882810
217789
383030
256726
329939
141961
443821
631149
273632
626567
414259
416124
693825
899334
440764
106431
759376
921211
30031
443962
651914
327158
599038
548100
408109
870213
88666
743252
205044
334567
680605
510758
803320
379486
63693
725821
765051
341659
285894
638262
103173
584951
808649
738264
243533
819355
973128
782579
373305
950179
685633
183859
444224
852543
441717
834845
140365
243618
351934
531191
174725
617212
398885
738938
910833
554805
590817
527848
88168
931383
920083
97098
907428
374991
784647
300848
51715
426150
439375
628538
922643
515102
624184
6628
725793
317814
668512
690867
409304
218449
637250
271165
383001
470790
947051
288335
153668
558508
388186
177365
41395
550579
162456
410862
759543
514139
872240
3513
324709
928469
659582
310351
491408
7425
436220
147723
129078
277041
135023
197240
797854
865359
902976
411231
438891
821992
826895
111518
955308
300829
840749
177946
488761
928623
187271
381185
576525
76839
546690
613828
529921
178470
903135
518752
61035
736581
500790
279379
861190
759996
745611
282759
895491
260486
698427
912122
654505
890721
593010
194822
631337
736040
16521
153730
293019
54477
176093
71363
539122
156950
132108
877030
211891
291708
149059
2235
407504
316047
539112
670552
778260
657979
806362
881808
920711
676686
79472
770838
948563
809276
595977
220752
741248
576770
556046
825667
743738
277510
108543
402593
531423
454619
793262
222055
45787
898197
461150
313385
182332
926473
504070
777893
152027
556339
97521
958309
701866
850118
25545
250584
305008
262048
133991
453207
325564
786028
620435
156087
743433
19311
712394
721936
25093
717550
781537
645073
958027
602896
331655
420038
440285
479753
840508
936099
491796
927899
906810
269294
555977
953581
188719
146820
32046
157246
194161
813285
156841
509202
266978
116330
61968
278422
973086
579882
294307
874212
985420
392016
280004
976563
136200
582629
864167
123655
342918
949514
897233
810192
441894
615418
68178
225153
292071
722905
403731
100053
535999
997631
794065
814455
330364
801692
2002
891957
478393
636139
257589
411419
679767
907581
876419
464539
302630
827188
631809
155836
916649
124688
454116
237318
214648
612939
39515
831822
15712
829322
674969
637231
750204
985384
474126
987359
804732
660515
841901
502165
98859
33584
698979
357680
991283
397052
919876
615869
501545
609470
562367
512454
640359
136750
970078
49917
793668
877099
46675
664137
130098
908269
138737
551036
129972
287490
701891
781681
497076
602075
577436
30248
348126
580556
659225
577541
32161
677051
534948
205807
7238
931058
250027
386904
23899
152885
426656
228629
329304
164272
332415
973303
258474
981854
207164
324155
487614
324756
923932
481920
291905
466838
796070
654551
470575
731218
898891
249158
141485
576203
832569
465875
651107
998329
433513
286442
509393
444057
233766
608046
942596
739356
30432
927949
929772
115602
530656
618512
944335
507828
970921
200252
158455
670886
179652
747602
831769
936377
298622
196120
405527
996198
666763
617684
915974
593823
239889
149512
869398
172522
362490
104360
713032
328508
527357
381168
760740
835749
75667
9026
149060
2511
738937
173401
738129
928849
683724
433843
276508
658662
536288
85215
188893
474638
615649
56073
26633
769166
361307
493968
5034
203109
493357
62943
226084
700123
34751
78394
477268
216265
560615
336589
921717
845188
201962
778512
594116
787153
940137
788595
811127
720968
354393
637635
434635
406214
781973
889235
179727
92726
63970
834836
556505
644017
991125
460220
638716
319550
269879
2009
852167
130987
870525
939243
837391
442566
873955
8715
186409
955335
133750
289685
925534
908563
63798
832210
641246
69400
899500
566743
549005
286863
816985
936889
92468
999529
98866
720526
909660
558457
225555
985561
426877
148244
29178
460458
811853
871188
211308
409580
565436
516475
930231
408622
979706
731132
708993
349547
344129
400088
582902
381400
446764
331248
150335
881730
175233
695409
491962
375273
987912
880510
809208
371156
338764
697837
250733
241453
162163
738488
955713
373321
281693
511339
874391
408270
166912
725960
59176
696202
976810
573336
809970
149983
688477
758822
442852
16022
230505
422533
323466
534887
174771
507004
401518
154986
589528
155712
71701
867278
322973
830480
490800
567243
584680
887755
627856
420024
291588
110012
336926
986298
388872
417426
127114
591129
296896
188346
36108
22986
735854
596055
28436
581724
628171
590342
847380
280813
540471
636075
66080
825168
487562
406945
825927
427209
70620
941778
230499
457321
535396
534976
79244
332893
321147
103818
266030
576694
180497
884894
328703
185439
17065
301546
273182
31391
693344
470384
432312
80058
955974
265499
935931
428908
165157
527243
420619
154120
286745
775002
197357
42173
56941
448358
591380
789938
300735
603734
563552
316427
575151
124882
644350
765009
178726
667410
536679
230507
980938
322760
566824
742186
103717
24670
96617
989809
773684
801406
811406
786673
591464
422025
351551
352708
377135
763470
679190
995602
356504
649947
989738
283706
682103
782506
801341
524875
52246
727992
9179
125280
878453
564251
755077
337412
511988
889722
418125
687640
264603
183637
118780
578279
974860
229181
202217
148127
752020
551254
171202
940382
760158
272658
458491
801434
346619
436031
447438
748081
323061
5024
836421
611169
531957
684089
265408
171419
463242
51575
17165
225378
149531
502086
191320
589128
194308
781555
374864
760633
789321
398938
713524
3103
731952
419029
383693
387446
798717
934717
969635
656674
635457
68603
29417
655461
191739
276720
397111
852799
568175
692327
6642
184414
253990
828844
601179
722706
945108
825898
249186
63809
234100
448272
571295
209215
978487
726814
34731
921057
972984
660494
363472
802040
522909
889336
71905
941118
618572
562550
693501
646511
670749
803984
989724
429051
356827
984808
85804
684444
779126
364170
3086
491340
245530
421330
922954
460977
680550
825764
339510
72939
602706
223516
968076
473219
811426
45525
718410
461529
576857
201072
578572
484685
291930
96211
753793
900033
58781
168607
445996
388981
140018
457654
188085
100636
520421
17880
93682
784880
242965
517079
306377
522468
464204
703643
186174
247633
939953
750523
889312
36785
870305
606168
196981
829319
576393
746713
959622
406310
872500
713825
580609
587355
579648
484690
408671
752459
151337
455618
314618
293633
618578
217186
552751
915878
644180
167705
258370
775432
441137
80793
743568
836155
231791
531416
936642
233093
873365
127790
503638
22720
715332
778681
897888
644707
262566
913771
193169
438788
728209
802638
142620
30693
808567
536692
703840
609626
172010
200182
7852
131802
87118
666188
155541
451821
541887
141026
742343
428339
325884
226449
818480
305982
662570
795187
860666
25687
938511
192577
262044
682426
617502
437960
89637
718590
977941
708329
134209
882753
247428
395776
819785
774187
185221
785671
756813
398385
412409
59083
938367
420472
553033
50955
169843
221811
702601
938049
229291
758185
497037
306121
935836
956508
950628
245456
910833
831395
323297
50750
158199
347904
737578
513917
672934
948170
862976
626197
646481
23252
807712
87396
179563
693898
36366
55840
398715
190044
550281
162308
123015
575709
190646
427117
244004
275624
775072
761793
865594
393344
882089
752160
320517
6660
279280
701384
383730
236912
781294
664914
439218
871595
454778
1648
25868
183811
395680
399003
830980
651472
491917
241
920214
492357
951207
656922
728470
549396
696046
916654
237693
34967
333656
861387
378108
966361
368445
889509
54343
550350
946185
128041
548199
649772
537918
449472
413481
214220
840781
487374
524554
501298
12751
115682
902509
623506
934758
906145
321805
608566
196902
358352
204445
864603
300468
317945
903366
90575
282014
830379
788872
38758
387116
699845
584783
475554
431581
735834
298942
834866
709915
515171
214608
888722
764487
848599
142196
409283
164679
85532
681651
805796
458423
464515
785589
885998
836185
633221
623739
342231
628034
92916
751055
171570
214705
114266
510513
505722
609425
457673
346437
318338
777400
863652
292153
562960
77351
403306
118012
487780
48652
990270
424797
757469
815660
411894
470826
814766
92869
512197
115808
432424
827220
643043
916238
661996
292237
785621
357814
611247
932035
377499
317356
781105
514585
417302
816374
192215
518625
346095
345905
596274
449529
381338
160604
604679
213203
11271
550997
954935
479073
131389
408575
509714
378528
42727
659983
418232
398784
568060
998431
929540
895341
933258
245888
796006
247591
729283
175973
967606
483626
719248
242872
745551
296671
89223
947552
295274
444740
968071
146476
736280
805352
351688
536691
423281
301309
53842
694757
689567
899162
567379
464072
774597
493432
77547
84305
616735
635224
466148
148080
840550
862792
174141
877824
775815
506696
763039
770128
908010
163636
70661
240870
750783
930935
565231
298159
1283
750554
79876
934607
995293
991165
132946
846432
322827
378152
530685
782808
205838
707954
720612
226342
598492
509526
858449
117169
16491
328304
293303
622626
928485
881280
267166
125070
58872
3659
368325
929861
380293
697751
179819
5382
654549
693797
529031
132883
575523
145843
376957
423709
957869
46857
631713
846598
64025
282326
622749
673029
91076
509181
159520
872072
446717
335142
959075
863985
103440
692031
265743
814422
975068
507004
116316
341570
616017
591268
347393
661493
849336
347761
486703
724769
730652
916723
706251
624020
438192
289616
765265
394238
969011
29197
39781
5548
819437
481542
179453
977107
244260
208850
332192
897051
386335
275556
609464
144740
548380
630742
870727
623694
259083
62972
987722
176674
717754
997105
722699
157501
134059
815409
625561
111946
241774
617637
299142
171019
427059
470275
194173
926705
324624
481452
614560
532936
41499
294394
158252
388193
339499
396811
345762
637077
954630
797410
274971
95750
494410
523399
750106
230597
844737
30135
270247
549642
245460
367353
11471
73445
248524
415668
91041
948448
351338
223522
867757
382745
356202
556730
147717
180443
812217
824183
320070
848056
673906
131719
11697
196334
538315
816919
183031
135313
797566
267467
94591
979578
921761
376287
648278
367958
199407
823172
240199
415898
794564
519981
87364
817130
199795
973613
251604
736611
306579
19493
323628
201587
578832
567512
539508
414563
669692
332060
340133
664154
139259
646634
416761
429092
910928
906927
714603
364973
625645
681962
133379
558506
536588
334162
635263
935498
143007
843534
250789
368093
504097
607660
514532
289852
74304
129824
636096
541885
350853
200321
462763
141946
428775
13199
437217
132406
386230
112461
130495
205521
181709
797193
860071
29162
256476
68956
544371
212228
116767
23628
127459
590047
45793
79543
139788
969464
217337
728573
112339
597675
773327
700807
284191
759744
449728
334996
559482
204643
612642
387588
568137
504430
101350
408196
368778
896258
856474
852057
455572
574769
79274
204167
959426
84835
970362
267514
28481
638093
978488
998284
258490
135488
565677
170119
355055
651484
773425
824274
824610
368153
404806
546093
529260
311205
260481
650666
129487
1906
302372
992583
916154
747769
879463
215741
770783
549623
814071
726623
390627
898123
110295
203362
346603
421998
617818
208335
740295
584922
562308
916667
206031
76634
396995
670218
779106
931435
240948
312096
515470
76350
8889
908002
634168
902916
586774
804844
317964
846943
133138
755865
154605
897088
264863
229146
412080
715938
678392
874106
588242
687534
707937
146335
485335
893576
108687
439953
954889
960843
580980
510906
277684
505349
318891
650995
75812
503482
222273
188724
127374
443079
690130
592284
129541
611332
124037
539090
459236
944596
37154
338353
837644
369645
288995
487039
417366
464871
232313
727586
162
261129
850072
358606
959121
240947
92181
749181
728165
819030
565560
840281
442306
569850
612335
634833
899520
179128
256865
899328
476559
512267
26064
50415
568078
811097
547241
14207
888764
137201
495666
884892
702398
598100
886117
947750
580783
886057
624668
97865
211903
562281
859577
426918
29687
743345
468031
384255
380976
526735
416495
800864
144825
658417
960050
363410
807939
728469
983977
210101
469943
410042
12135
521890
471082
629795
878718
487881
404536
579982
875105
363057
249155
484005
706182
313931
739258
247352
350514
587756
660589
77504
443549
939269
887144
919153
375562
470898
473736
448706
588260
515740
810613
261803
45296
243405
849421
75248
8577
914310
658582
219622
24905
693001
659286
917258
489006
169346
435841
544789
159725
390046
256414
620875
636530
555246
753720
186455
742007
411250
956084
692993
519424
591301
793545
14497
310127
840238
366303
616067
713711
344255
402167
587581
310686
549896
432332
867490
41097
391704
727009
422836
612987
44397
769621
699542
593672
921614
225084
934195
795813
591667
789057
420929
891488
332634
114749
275620
479119
526033
181715
427613
371462
531062
116775
636918
365211
129679
999527
718778
3029
141317
888322
966068
634949
548309
454750
59903
812986
137494
5931
745665
655899
645611
662466
834695
430736
653089
162615
110626
12377
272883
486084
546381
802137
191224
555330
398483
627386
373467
846188
924090
765765
827747
722977
406358
372259
541762
165186
604883
472511
524537
783851
60471
224595
430214
62142
983121
676833
694707
888375
766479
310995
875138
760906
203273
120904
727090
858544
837835
363484
351096
760426
152015
159686
527727
426998
310619
57599
492895
200672
632738
811316
719044
580923
448667
861124
2967
534904
850836
203883
276824
584968
464876
369623
803788
893528
157984
796566
151223
617091
992661
88181
184061
152502
683291
855909
313859
828806
594158
144477
274118
59477
304222
550882
934185
410480
537684
129748
251502
317716
115377
211882
991566
186784
580309
277675
908129
7224
760455
892063
317801
50006
572324
462359
312620
298954
438339
89563
569960
535286
549471
530923
961816
465214
626744
431413
882026
319610
299899
957252
973323
945442
690601
927568
787012
61208
253794
117375
754788
644513
562070
65883
179782
692895
118559
291464
685945
454146
843864
486799
199490
831385
352749
410363
375315
209541
869079
200089
947712
95539
132087
406585
766892
426081
264024
916378
788616
631916
196062
877124
213543
373022
316360
369658
903332
140025
236945
923222
105594
688181
119845
572724
366854
735909
59019
677069
228354
51948
500017
193008
570892
859583
404311
617710
382688
711682
462320
709205
443850
981987
403907
661266
961718
961716
425205
889917
461481
933934
946241
708631
772069
540443
766482
48846
754361
303847
421975
863863
167628
854983
354705
166780
929081
20471
456625
997720
207050
414761
422391
292980
572127
699857
916482
190631
282802
46441
241490
525987
253089
98435
578609
470827
400103
43953
722757
496859
556744
554784
504041
742597
944245
29883
248567
37030
977717
267919
581934
857419
415989
402308
171210
779793
717064
806092
161938
356435
264111
642236
383781
310262
33326
2644
937086
210162
14189
366945
179492
486342
726596
504541
624097
912091
572592
648208
814819
866177
265035
372953
250779
134131
165984
497438
626961
886349
104537
763167
984348
478603
116743
711457
404510
341509
527177
142132
624401
793161
387678
691453
401549
163161
874369
965369
639978
321893
607012
161604
321229
940726
310175
992196
498202
502113
35329
394116
640357
428576
268499
349064
506673
373447
86837
411275
245190
592700
599946
835607
125425
889513
694451
83804
810770
655491
852745
634976
464357
475472
315864
77572
791428
483119
523421
284820
406001
154858
89802
952138
77902
102243
608206
212397
252921
4311
543312
734504
325204
318275
364149
656461
581883
250027
870260
76847
245750
154294
116423
281853
968738
748549
230618
24747
994257
149252
331113
454459
607512
359158
257689
218789
882576
269004
22001
241539
128597
895364
711133
68813
706140
620520
604562
865463
691741
730833
920285
216023
324476
109016
651846
310630
1089
97229
298820
347820
910317
858279
713007
515087
577916
266357
198141
889683
383762
245922
490752
20122
980134
266117
130916
612194
430298
549841
657892
952418
164826
796135
865910
412534
939431
950570
428031
138828
531451
829998
266940
237820
588702
614086
40685
585849
927157
39379
649416
538653
966922
695578
414076
1450
287131
943806
832135
74643
591399
597229
573788
827102
440530
230488
506875
596861
817028
861800
821334
426022
451675
729992
366959
128636
804914
984567
535500
740001
416960
620265
11457
682668
624128
336608
139729
125430
852346
492110
72857
180752
173349
956850
168676
726003
949583
941691
634123
83383
89645
439314
397983
907563
22788
107743
431588
983842
121584
373362
680414
385597
762141
679228
291715
408219
308760
749793
142277
199650
812499
767929
581390
409354
758889
666474
48281
710556
480590
921887
515062
323640
635211
82755
729506
547621
871154
169589
575891
714266
691921
966658
203636
814138
905215
182638
718515
135138
881491
445125
687480
966456
120071
72072
887701
324019
402357
542607
992382
328100
780635
642002
396770
521115
257612
286639
561135
86316
804145
79555
788389
982792
390034
733231
829419
277509
938152
213522
993962
870955
147720
147157
701023
344868
997222
37485
570630
320465
331586
69928
630931
532725
908154
501317
939206
346634
838629
900709
413093
12627
517606
216720
180382
276322
554511
227317
968341
514807
191765
870286
667822
181528
822610
691259
481308
934277
607613
894903
134238
635588
370874
850100
992799
278421
11304
621354
588167
961868
339453
858603
880883
361110
782491
265900
877755
415441
406874
526602
115238
232473
541719
354601
670799
124679
838242
750809
880373
66448
26915
392656
173380
123389
642968
820049
894855
736368
198565
753693
323953
119707
718937
550313
899622
783858
883566
811564
775568
384896
714438
297679
211949
296089
454564
550041
652529
244487
546453
63762
202847
508459
727729
734453
772555
870861
734185
27159
466639
862688
222204
932872
711128
299631
646032
357613
350727
525928
197044
922320
566068
854128
64094
872096
735673
479897
851393
829967
705728
930473
47177
632729
116477
348436
94697
271268
263995
618289
222055
75410
584821
15078
192831
366815
187203
760731
455264
563605
295149
84385
965087
71870
143537
421842
926984
678351
296042
44859
837867
418674
867165
79405
425025
193838
89
237910
647302
583670
160050
449823
918056
192388
224303
850795
460516
947156
142174
697695
844547
195246
885266
214233
85978
850337
702789
721990
643460
690351
182934
999557
975960
753886
474000
116671
907794
642216
630745
109768
31328
753546
420243
41593
447059
391685
741249
281405
493032
92601
62211
406414
64340
891058
730987
187423
56603
179510
590139
610015
296259
386118
927848
15568
669278
641469
347236
961280
113684
652
356026
125882
61229
589148
988019
856851
461700
62523
323939
974936
802662
874631
923950
741819
49646
598546
218800
737315
60127
266810
853616
579755
654650
777736
622294
534036
876601
442090
371406
664123
226372
829986
930922
532905
177416
930907
735329
891930
630731
354448
498100
336171
233650
134885
84854
624395
801823
735536
560830
417339
489417
753696
430349
841635
161971
103968
230985
205346
421519
131110
624695
71852
707635
156272
112329
794741
26717
847298
478733
631401
842238
860890
313731
793700
343273
680467
774544
419489
44560
441404
49331
930879
799817
684670
695543
185332
707650
731820
990534
15982
715894
762372
767077
209245
480962
340787
391951
896045
1489
447
265612
209479
615359
724914
596117
481868
149310
65620
217245
78991
644729
580729
859697
533699
221892
640836
184857
551681
726771
98309
153417
934369
175886
633795
418075
214719
511580
493661
241572
233922
279284
314175
306672
929122
105664
102404
701074
543329
848021
893392
84780
202032
482162
395412
434824
676691
918122
832967
846405
517169
538262
601820
572824
451364
996297
908892
636850
168805
2001
52998
286817
388259
409818
904444
151250
768316
798402
759530
123477
857396
437734
262372
815150
828952
34713
403676
399670
72277
107641
480792
594258
460064
855399
896736
504086
582188
986987
201217
14030
179094
768768
868322
940661
669780
666487
748720
201589
997870
911155
131354
7629
324012
234011
673370
870551
847408
637688
937995
192590
763888
826631
16806
416874
547066
175490
140171
588208
686847
866427
149068
313017
235075
407528
297565
442687
411423
634954
899792
947964
852161
132757
84267
975184
345870
567792
725956
757378
664413
544136
742507
303715
971077
310768
459770
925720
75694
953342
501868
532378
319568
385556
625367
497576
659151
897613
702708
143932
260754
882346
649213
859782
6714
246837
28636
639987
272053
395249
586792
845436
171533
221657
688452
308810
301440
669758
175755
797454
706459
124451
48458
363262
919684
657529
315580
92862
415325
934756
497030
671459
355034
60897
38377
124060
610412
672040
78869
339629
565525
436852
316225
954682
224562
350615
972600
438988
315920
461332
215641
947490
205381
116991
363670
201290
921638
586977
794229
570411
495459
668752
319337
962547
326884
845334
339516
178842
825166
34880
429156
420047
940675
514979
348519
955354
990556
721276
741539
331254
136666
645110
278043
368471
797151
247461
313156
144238
483563
903033
468992
273002
966680
9110
481532
757975
342256
933541
282720
746391
990120
42998
172761
451592
529230
241751
531025
617823
574449
640138
347037
571711
184748
75992
239028
861495
652730
168532
383742
410000
148163
821316
923798
975599
713267
399495
880632
898788
20734
175788
513185
160438
37297
14800
478662
979888
618372
264184
19675
344306
691700
348052
381532
142152
903143
769185
621
538583
100733
394808
590822
643236
748288
40911
554819
961758
1650
43706
174871
254140
518986
786240
300218
2530
860886
894917
982840
53788
81726
405447
312502
151896
887090
677398
610196
939357
106665
161113
745679
698038
116417
157518
854875
687438
792381
420744
971713
699234
721272
366516
348395
366765
288694
51163
603167
855926
78185
41655
126158
115431
275768
460106
768283
988385
814709
272651
129118
553483
891889
776024
82139
423400
685814
254642
786215
419980
443102
450140
802729
477078
526941
569468
821192
962993
877132
113479
491553
226440
622319
445159
826068
607908
913495
639277
993049
921347
827097
204986
416637
758407
993929
771036
537912
805360
731129
505917
139634
507122
133724
320648
490981
906828
842597
842373
477433
278916
310131
18096
818069
20106
18524
139318
335691
326750
621634
814265
91099
938626
589994
430419
746657
346889
365536
356564
310198
437740
173228
475524
411933
298834
135399
582088
127192
18346
45534
900095
628016
205039
147690
780090
577649
199341
178140
928554
192166
304621
499395
246694
429481
331394
915539
318593
904022
776027
710767
566954
773336
204278
357512
917160
53715
949341
97575
462892
827345
406194
154964
29713
469141
913978
5908
279302
879695
96299
421864
805720
504434
500214
852175
84341
458665
909431
205833
787043
999326
774606
776478
36842
660345
794039
895751
833450
609576
808628
578018
925480
929294
858027
144685
775390
952663
448943
231864
516794
522173
768442
842294
673266
778147
325286
573540
170856
378479
616281
141462
622101
695957
171526
881437
229371
296717
513259
951354
786816
679516
747002
517934
475161
146575
597188
363285
762375
523564
998043
287802
638542
280278
312906
547348
162208
934564
118185
416040
248619
168955
432294
597996
435932
772632
379710
720974
795185
722951
1999
25126
158168
503891
653452
773834
780872
947104
34031
895532
96315
42908
551408
456331
434575
118247
808617
573299
890945
105153
447999
815839
459143
427233
701231
722207
423992
253197
807989
807615
17996
65834
666853
105713
792279
725654
45947
748643
218273
286864
183731
618999
542853
707712
196836
312902
686989
622228
165033
214373
90722
849430
555906
667470
698787
533139
174209
998682
929847
105437
226176
472993
389151
39430
956201
396782
806162
290784
830212
535768
404937
571009
558015
905540
486620
165418
538005
884970
769801
837582
631222
188300
789773
380243
792752
787923
275117
161143
776311
973534
988183
555273
638515
143890
827744
165652
724943
95038
973839
768318
56754
776070
766187
13933
850400
247995
911306
720409
99445
908457
299641
992027
616584
263229
45783
139535
872586
813836
390652
699778
296267
373400
960770
749015
518152
657056
981114
522486
953698
499533
492568
731714
384773
855384
58828
745715
557090
108451
190178
690206
211763
585169
799816
782049
401397
627948
376335
318066
361653
460605
475562
4140
474018
240604
193291
236334
268287
734415
154433
891667
55822
976624
252861
960743
462165
777806
6057
694548
43608
806049
784891
687979
583700
44954
635614
476983
336569
927086
48549
450605
191784
498149
841452
787516
218043
31552
265854
156932
188837
956289
340330
786789
707131
6530
656355
480327
101205
327697
900674
13921
459451
641351
992637
497369
725034
624793
410503
265979
187851
410979
802548
968949
439552
539316
186234
658397
862691
675456
23313
543846
534151
688138
952510
360604
63107
543644
722257
174868
919248
647214
652898
385269
330407
704325
511203
498346
853538
445482
23533
156081
663797
336830
649261
861605
594776
777641
281361
440184
351733
228716
357015
84865
80121
127507
974090
983641
331439
183751
764275
777192
12546
158996
238971
772260
661439
294096
544728
352303
69507
243082
564969
510455
399731
755231
880783
708003
778554
277365
840112
683301
69391
101097
315346
726776
717697
286558
546082
433849
618393
233021
610271
770984
708050
175457
630193
614090
187772
475537
465300
313891
750508
724448
237384
989114
676752
169772
703076
120023
171105
136870
119715
90381
710275
833899
266952
914897
722063
992230
903097
835308
456712
517445
748024
601606
765061
269955
544309
225643
477181
502037
485505
981305
268396
96406
724680
343309
735432
259193
884264
616195
477246
791973
171974
633050
438287
400745
502117
252931
729949
788402
702226
68463
516881
610906
418344
631108
602461
475660
934861
360814
945694
456391
471030
516852
14421
260573
356155
658629
277426
44821
853980
967580
38088
282948
11512
896699
765096
51682
391383
948295
656711
391840
56989
621045
547115
146111
832797
865319
649546
36742
439067
130047
194507
654695
290661
578946
495411
878999
723521
994831
862084
871113
957202
173628
464430
90328
463184
579054
336786
637902
539192
11502
228287
310411
465178
158256
28765
608529
367280
662295
25857
242510
951854
626448
49742
55861
958012
264406
436564
978903
106545
278147
51394
960442
364709
964408
754505
571125
971286
300811
872826
179377
731489
138276
673947
677239
359613
713893
334195
385783
962206
397229
125938
886801
771739
988047
939972
88456
822830
626927
806000
376264
948553
72711
419687
977700
903543
263545
5977
768995
694632
35713
319125
643337
273977
193156
426336
72042
38338
804212
147031
310234
488640
931368
914914
46374
475048
680707
175057
698515
27368
570827
887052
622462
177947
163824
269346
527782
873443
869458
690685
604429
649380
720200
806929
973385
41532
675935
998319
670152
62320
488560
866281
409176
408134
6323
473548
248165
163386
669032
822657
774460
797321
575041
639989
92680
696793
473327
634877
189218
219421
976104
266947
261951
860288
637856
111212
531052
40534
615806
342283
458341
28174
589310
875209
666282
837574
178954
533460
560706
80545
997444
361603
978457
441724
363360
538215
650201
369718
763880
221766
563731
962249
592821
350167
191934
23346
354361
228504
820181
276705
110901
203937
467867
837421
377049
66132
78737
879941
602437
835798
148220
441750
661843
879649
507746
474663
604566
237249
629242
865146
983456
21724
967666
914748
373726
548801
776081
5598
545514
162266
571131
444864
513845
500450
800648
221307
322588
414945
636101
651666
777114
746525
379973
128986
725287
210690
785029
583825
253181
840688
271633
311225
496794
126627
845605
147653
697362
105170
87707
875222
149465
927159
6594
122794
730474
837244
382287
698103
101765
899293
274705
109132
557314
776399
84194
67493
859873
334033
796718
708815
314756
30397
458853
606939
208008
372852
318996
752434
550996
278238
505417
915642
874694
926757
564986
747272
916325
786241
122571
50450
653859
155812
118220
109537
67189
319222
449387
47254
54655
710292
362390
281839
466559
691039
928412
589640
349210
248901
442983
363832
337695
615585
29277
932040
814830
798250
137317
551132
578707
463443
623765
424315
856380
15134
588072
112982
197824
324085
678107
706304
201589
437833
867255
304379
650
70758
416312
633945
338716
890058
855887
461223
31418
693082
120424
447536
19604
123498
721298
567011
233895
66564
287590
315027
733850
476869
748373
377264
382259
231734
164900
129411
946460
646553
131953
541701
410468
698562
138296
218557
788028
949895
184764
207341
902312
799860
256354
578382
797993
201982
596216
713686
806125
961781
443070
82603
953457
986269
74620
907937
564218
614444
822592
260172
563846
17454
135721
122396
917543
507717
974124
485687
279102
276363
43857
979028
198890
866088
897016
5632
676292
957522
986877
757704
982478
852773
135440
519340
386320
724227
955426
432925
240858
385326
521433
272341
944381
231609
12832
553947
972097
760164
7451
315604
255497
331055
366240
457181
948175
437212
881793
514596
533772
289614
202894
47230
96225
767228
762941
383840
145188
42752
19599
769195
354658
941671
991100
545151
631321
469920
467134
20825
640043
434666
344861
368860
501318
448911
962108
956854
238432
832028
59541
858940
40431
36908
841981
570829
43046
387822
972562
419353
25291
828983
592187
826455
155642
215423
301596
883633
771129
661214
492878
490326
476372
700070
5520
418894
508817
178429
379307
443856
437036
309361
824957
557615
105577
631956
332542
537219
67794
399677
34411
479919
9138
61389
671505
81233
687509
31560
857853
138601
457189
730013
87937
762501
195696
424111
412149
281740
536681
140520
584554
398033
548822
854737
709476
700725
726552
389864
817854
548296
742768
4444
745700
863837
548547
161485
468566
393333
829619
672130
107537
931898
174030
235094
765585
753587
907892
595473
648960
789647
814980
240406
959759
183006
66555
157397
349294
404481
459709
656598
199394
512166
876873
23962
62057
343168
773727
603046
138577
334712
479015
884612
273229
373146
56939
691414
389430
580418
25310
449091
27338
882582
994770
960178
506738
278503
265595
956965
420929
618068
991963
53829
366236
946053
630231
686179
826708
234183
743235
271217
842789
71920
161248
477576
464270
89738
169705
72964
295691
352991
806063
746957
308383
546269
465058
234462
388358
646690
273636
248197
58658
701928
329073
228390
586761
17678
687297
935694
347238
697272
641821
775674
862942
69855
78760
76437
816713
803704
924111
916572
357409
869849
484781
147682
94450
72383
649798
689422
272716
156875
428157
239789
416319
52318
800854
364868
522273
390750
81730
779170
931985
287189
48504
298639
551913
559949
570207
230714
280970
584751
896463
4418
237121
501202
239493
880423
123013
687238
652383
55802
864130
581726
112996
878603
644715
931853
413553
750803
875797
695886
426727
608687
134902
366342
20560
998073
529242
976708
567997
717603
968231
917990
60785
207208