950590
755168
11695
585785
497494
53750
921033
16127
482497
298821
147811
801737
732872
932054
138294
242466
668159
186682
295215
217488
110806
827173
769898
367423
247023
179992
283802
989292
224106
681151
177214
235191
189958
289793
595666
69886
722925
966825
263324
771812
49880
50902
942745
45820
637554
385065
97467
249927
448243
242050
199519
378949
907487
417119
545391
727210
264033
433173
63519
694054
128796
243815
190333
329117
106569
913154
40619
563908
534981
325896
70673
321093
210407
333049
143619
336757
731675
31352
214108
629966
410350
519856
417738
162583
679601
782598
149313
492676
123547
761816
347667
98475
129629
717548
823943
860491
349660
586841
748220
632643
385738
970298
142419
393705
735039
391524
845486
386115
621900
741854
961007
115695
102595
366390
127915
730834
78955
863074
262245
614734
807074
411125
475103
933371
509960
946545
868013
361762
659174
640221
954737
296894
323779
654898
905574
136619
138329
77666
407610
419226
101928
596530
574958
295536
968544
983073
492529
318605
681645
808714
378839
886704
810480
16137
933778
807544
114451
978202
201808
606970
785392
957860
97206
329067
251238
989200
723323
697605
641646
549900
838643
739741
989921
988692
217240
629373
165312
627484
86743
73029
612572
106624
651643
211032
991405
683060
658593
353854
220369
81190
279402
116535
25977
79840
577543
549242
564015
610854
957272
186946
60420
380621
833351
65814
169608
634212
629438
253014
418494
839576
473667
426467
917300
516975
627272
6911
783262
885628
925567
115789
3005
842429
221751
297650
294619
524592
91469
457533
318656
42097
370423
997752
836334
209416
645329
444370
11280
583133
888909
156386
682302
723902
454704
869003
942570
389206
94275
348283
18664
327473
538844
868443
203550
72968
637501
785732
363686
385221
351466
283245
714579
617625
110422
70493
620085
690874
841693
947458
715932
42329
327042
749470
899699
451327
276485
674996
768521
439094
426198
191549
186284
996053
858866
85063
140837
55268
157593
687741
154900
949215
311529
855422
75255
203241
377286
545194
551867
773968
255675
736529
195967
532203
99900
515495
294095
787237
546530
221216
645197
718106
377321
700305
223563
744798
617582
203651
810207
35282
345325
93779
659741
11242
160898
850849
464020
418571
942578
63479
561939
617405
409290
718119
97163
411738
308835
972600
684564
996695
462274
903882
472671
347883
809761
261858
700703
343633
764955
196972
603555
586906
672457
620371
438874
65277
37984
669176
912023
185893
306130
741366
437639
479864
137564
483273
684281
484036
62170
877394
585112
590052
710891
45062
186686
224876
491424
685679
827366
553412
668246
224646
914343
843543
153171
47912
824410
794805
121049
423371
230062
544885
701983
802648
842473
816535
586875
114710
28529
853369
944179
734530
814869
127927
448233
229158
841361
139842
528605
137503
167951
720099
952580
778102
917339
659549
553441
743087
473138
709301
795937
440956
375115
86228
731299
722741
91845
568126
719964
43984
696571
595663
769871
496876
759032
122666
367031
219833
181753
319392
604310
609836
219613
285118
990631
439092
510110
437191
313633
141585
520053
173801
513343
709875
221145
333317
546815
885178
62394
643675
765835
908169
568691
931676
556157
83146
450779
2873
11768
802472
41053
643882
17257
387184
285724
596288
688844
334201
753887
589707
300145
729062
834883
272598
93384
400831
71879
597843
126731
602753
652409
57508
415279
162789
969043
537653
90043
316314
86762
709832
568915
995815
897035
327587
490465
655410
797601
455891
336578
163407
357678
540109
850214
157930
1345
568084
664611
142810
986028
438839
272317
936204
866809
629546
743312
298957
344635
84743
722044
222166
915890
710337
577152
93590
659069
525296
751514
742773
359056
24722
828015
161188
591834
14592
693132
12420
495659
324115
404187
671185
249877
578688
697192
159316
508284
331689
854374
885785
10707
381055
785511
438551
595581
527837
463500
10868
682528
750098
934344
411378
395984
97562
564580
957209
495138
141195
354709
389776
847212
795989
732610
76197
821256
225543
490730
334386
223490
213150
949537
864579
36503
451314
242449
870006
28986
744599
172426
895735
462504
164156
266859
852594
973500
618897
860914
101632
985725
312632
866220
792095
710311
174129
316301
876699
323951
230955
146574
628675
322009
825770
943640
59379
18013
839888
459037
645983
784130
199344
135466
276989
216675
890498
722707
128827
926775
673223
571007
900237
438846
911321
699242
157582
812449
905690
900322
191783
578585
339916
685535
817952
282261
305128
271268
514919
421416
484911
974998
20469
602355
260374
364644
166341
447796
128738
376186
5515
226576
443743
376516
660216
426365
185286
228482
374145
252552
82801
329542
560909
609194
886188
518033
463853
123853
202953
135733
189399
402789
429539
711988
774764
999632
88460
895707
373244
540110
276855
646710
97339
806893
39907
808986
199168
546039
727436
629954
390761
474314
634923
366591
268291
777486
268412
625317
505435
273342
504068
231301
54929
731526
987574
264092
894064
746194
866990
149825
912167
280836
904260
810690
433463
209734
926491
185979
582030
245644
897411
29970
32789
550578
564537
995970
300266
2020
241996
111532
84656
333257
765758
302218
801028
891840
982664
18500
721072
890025
293478
431800
381594
589362
691973
343717
525719
706572
160746
756157
68805
336253
332917
559130
523091
307351
620283
563174
688568
341782
769797
691225
931262
966182
172126
874691
583195
148336
643333
792568
567918
145168
678619
171003
678432
452517
752379
743410
877689
445600
851582
608716
999671
221299
872375
308482
579611
49999
899789
154043
560799
673865
5805
396416
934771
299806
648731
38336
794332
491606
420073
325922
802798
749721
529402
102903
678347
253198
867626
232674
978450
414690
120807
290648
725774
133766
118094
640555
487410
736524
676154
640164
830596
978936
967070
956245
779598
347572
384974
902643
978696
572850
320553
167899
284453
238751
837433
983028
268732
859945
708421
127612
534369
525149
171997
630764
171614
325327
802375
810399
920032
447114
686328
922863
775150
734963
121427
976707
958131
646164
366029
760758
766748
988241
274391
148561
950786
997676
476723
302333
211267
563258
987684
154252
147705
759584
548459
553973
705500
341377
905372
92514
262081
253035
854888
435160
810946
406715
768289
252130
298864
407252
580974
639736
176220
416663
249539
521145
640039
637000
553308
172044
157373
267472
617046
2017
184478
810029
873274
928972
950180
414664
147887
450017
404351
845999
446476
536176
139048
752222
436566
56009
398330
174896
963628
32921
3141
373386
935605
16868
672907
535552
624091
421153
718016
180823
823412
329347
76137
140788
68657
270809
439148
503080
907037
376716
360428
711296
113213
536870
655293
311665
93138
264154
890437
922883
281857
997549
516497
91973
791500
832718
478364
408007
850222
89437
860428
298593
4386
745199
765861
217153
954223
681692
776681
325023
917054
807529
318569
768455
203577
813938
982163
764275
346027
484473
954450
131401
371789
17847
21314
622582
868025
882862
228314
670106
942843
948416
9537
881283
45188
950549
321959
628504
564325
904036
936273
514602
227513
727003
264199
866180
501529
67694
532273
529319
737000
978380
409578
185570
21337
187246
180168
859163
175660
91754
358637
702943
636859
71614
828278
114276
58956
347160
461654
791543
121865
486030
899280
126050
380008
384622
546820
926081
855471
872026
361210
292191
269064
478269
502700
885917
5561
499194
460661
892884
728235
537128
437103
442546
34471
762811
15558
247236
425839
934834
435559
985263
805850
182303
776397
991996
447142
552811
763871
484944
830933
90189
386693
698814
887009
149364
624723
196605
108991
287150
164774
678052
914675
864526
505962
212406
100704
866491
512117
28537
550173
399020
657503
518186
232543
299890
62862
829943
412579
135933
961801
693228
636829
624723
600858
248171
540940
402415
678456
921279
530438
709555
879515
918308
226799
557050
27508
717308
682872
279170
791429
623341
196296
504047
8362
312609
141225
348088
401216
868583
45123
968099
177822
212533
475394
678661
259497
718375
292165
940070
350318
746735
998165
320104
583174
716185
851194
898766
75838
842830
55022
307618
774103
854661
428419
715140
315190
11252
995660
567206
370331
864710
597263
967143
373585
33028
342948
553788
979970
47914
37835
861234
399168
355554
632058
826113
86877
535887
633558
652923
561731
520599
824842
809684
205884
200372
129938
78625
492473
326184
151327
771063
323373
933864
826163
41910
584756
465688
717104
299263
89334
805492
409856
290694
76443
473801
277891
553335
526943
166229
575309
665351
596615
308116
362312
864616
64239
3250
390437
889841
406668
838186
198803
630183
805457
209852
206278
772041
580864
261594
972774
571217
706421
165125
942280
552545
26903
415323
855490
993205
506063
902456
418360
62484
681372
124549
576178
783380
12020
319556
385065
756854
680089
962317
34584
931740
708205
578081
46348
862481
593007
626041
742752
78957
514503
117867
933094
696044
330357
242843
474699
183137
769250
361321
362997
384214
439108
531649
963218
605734
195307
407621
617810
396146
661672
594703
578035
779027
851723
501958
513861
906584
789894
880888
635510
979913
302372
61943
318153
767631
892857
155719
82718
660385
897774
545778
658042
986494
746904
332275
422283
929831
573060
219482
272087
256909
455166
206753
323917
49888
120365
503230
62934
169867
665574
999736
501633
17668
978087
492926
20322
312764
402815
111680
142103
230391
965252
154428
644987
783868
806079
72293
341257
965806
169038
777382
499844
908075
522912
169065
251106
473154
195359
702096
72137
815229
723272
545346
3270
961717
441575
694787
531964
402670
445175
150805
959965
331126
405869
65772
42603
515051
481844
593891
562612
907504
688495
461101
900835
215353
735807
700110
603301
818750
627780
211164
171529
395577
533790
290393
856532
487400
455338
289731
561204
343737
200573
196007
702906
363538
670685
96598
993086
377317
664083
361914
429200
693643
769493
616517
635758
95865
869712
642906
867781
685231
41057
315570
348163
364552
434378
385701
317975
483922
589330
66618
940580
532135
790194
697291
814359
621647
726110
421827
318644
548552
15336
945460
799490
136387
820090
659117
241203
14581
992810
349112
106588
719376
487906
757227
389833
971453
955395
429453
948622
82907
511007
995111
810572
143389
294120
943206
64169
67510
893346
503764
532125
216757
85996
773136
626076
506410
756563
647179
128337
987609
731269
699687
583328
83682
329072
2888
408294
555735
279796
171213
349956
657990
504731
304045
102982
554130
998322
297297
64019
954672
148614
98973
843127
232113
639100
358675
176457
757952
129777
187814
6824
314454
758348
443230
790526
21327
774500
999162
869342
557980
148826
198086
742864
795833
897246
772708
738243
803245
99033
839672
847154
398585
177946
289856
34462
978130
448277
837903
122877
548943
244862
11323
448626
323492
194446
811346
289897
227572
266211
797936
154121
691141
450748
697162
712212
344230
485922
780909
433604
262383
523971
380906
988222
294190
776552
240201
940773
128202
263597
259678
559003
93708
629467
905160
165402
899073
834319
774030
809358
904209
31596
312136
840216
741542
742905
658524
721835
350561
46634
353634
72286
311825
859764
349790
624824
734095
739931
194677
412791
36521
889622
305036
726099
475075
36084
228232
772199
250805
212826
294400
284428
995214
936760
418311
83884
35475
833269
114333
274518
391180
325588
418195
637317
2823
755948
634639
991139
938783
190913
865228
653795
884961
187279
299843
413563
639939
373408
507238
226865
546074
840518
659141
316817
32453
562054
57750
851626
79940
522268
379132
965180
738492
549996
824025
763927
970529
986755
827396
25017
544258
911643
39840
845429
301377
651266
647530
71634
103827
631407
317299
313216
40529
701007
561183
182819
344290
495382
592586
822267
94784
261026
718218
542623
641672
555305
727330
976527
874524
437493
870096
737074
351853
908282
38354
250928
839976
747169
624860
348623
613562
962513
693987
969265
734134
924189
466251
85473
808677
2058
178956
276361
393582
175701
855532
925272
919433
373804
459711
387165
401823
392016
111941
501596
294296
164132
307457
771390
862249
352011
827398
556655
515293
572907
257051
523710
20403
56736
796399
114241
12020
592670
876494
150760
588301
945173
400475
450594
353938
256992
908651
737352
137629
270040
405603
195380
716790
483166
875515
225874
720043
827701
136026
717039
292882
632523
54811
335816
839229
515224
917105
148297
313680
621986
832983
182158
574568
392710
969553
723150
366512
792372
719121
395780
494590
466669
300735
383066
526097
444445
566714
213605
799485
110314
924588
377825
216048
527376
75221
478681
66835
353863
985769
849754
437484
57285
709965
948579
823474
867964
227550
2879
257165
96821
937204
516166
665530
826282
689466
803913
52854
693475
499884
983928
984710
166570
423391
176953
950948
476859
930602
845349
333319
694096
660034
627472
654457
26272
890215
368590
953354
49575
702145
764570
926342
830731
519367
204949
764514
693192
904226
692344
115010
249054
781258
260766
181253
730296
310948
709182
667824
577751
903823
58832
249310
826639
270986
871892
142765
298845
810174
67189
3647
359530
31749
189177
345835
194014
950937
401278
417781
998499
822111
820329
153633
298609
20089
709805
632048
220932
584029
49421
516931
143536
476338
845385
666867
946602
281435
237291
402435
664432
382663
191416
958970
572735
225133
831960
247493
339402
829595
531020
64858
287802
421486
312395
986295
84304
214530
664608
713174
657455
768970
621410
308479
388955
227304
349254
667278
583291
169730
648547
233083
981420
869325
92570
670661
913695
999645
714807
802532
259685
659892
720224
353468
1414
478738
353043
180914
549356
694004
774201
20413
101710
972716
424851
568033
821829
968529
911096
926323
989957
880943
367659
251589
570583
114363
569260
819973
878362
624739
193164
297121
408364
21161
559517
533213
789250
886349
66866
383198
535293
919786
879880
856332
60415
92704
363448
866563
9063
775236
11523
293472
544621
239521
143612
505117
74272
498221
812149
403399
464160
280147
485916
202931
966123
665836
570125
891178
11107
615090
38748
130185
860792
189475
345915
13129
690305
166242
103098
74869
825982
955298
863437
42178
765158
870411
468367
823246
560633
96775
187129
635931
756602
278778
247539
433398
392774
379720
226969
98002
660146
733571
947068
563771
910670
46719
992840
322399
904422
68311
119195
523208
107879
165626
271210
179762
73415
561835
672688
981040
971212
601184
528700
487492
126982
725867
197509
455288
828814
790847
740704
635538
228668
249976
716538
577680
130721
140841
101192
374830
668436
214646
477618
263410
292423
618922
702231
450773
541905
114124
142009
145013
446118
552354
663179
348937
196627
242423
816307
47552
70473
891722
605775
632755
973025
85182
736712
468474
523769
140870
260212
484833
369623
180858
859029
975507
751355
98430
143453
463468
358300
571646
771172
321243
315929
558675
847979
629616
26609
59606
176084
953777
314310
309836
900864
802318
914188
69181
95194
628063
420092
293334
789465
512285
362768
86355
213983
985531
184541
26746
700337
89564
706414
588219
956049
313631
797144
815979
915927
314670
449226
558183
471407
152913
415606
888249
139093
767486
964562
763625
581453
472862
202963
713289
348146
46902
449186
493264
549118
180155
709137
84538
80940
403359
388848
902388
273924
660923
25700
759041
523163
544497
278085
513648
997063
85946
874930
34483
232077
436401
354764
426499
909586
475328
274623
968948
851042
747531
436461
813535
324803
814225
280526
357646
691221
613581
204797
82859
100988
725143
714947
446678
381059
94935
589423
522341
977964
539230
84427
482533
743925
682131
570233
874189
383478
726884
977915
719573
463734
545992
533010
332973
930369
553159
122210
473032
729960
360067
285758
546700
626825
836813
642885
133056
464519
464178
343622
793717
40558
586482
222584
19630
477995
937211
976452
288103
165558
822021
195544
632907
972907
529715
430858
880410
346994
834824
916119
950063
497021
394983
819356
734315
510710
511039
384898
790752
615543
781221
790665
504848
386542
9117
146147
697321
631838
317965
113412
297266
154820
920808
928142
766878
973877
730189
140391
937831
668192
776564
377864
175997
526847
80498
658959
971015
414467
389001
764062
386483
369887
757996
471209
133857
255305
909264
542501
646653
787578
691803
356303
828539
947642
185986
460996
90380
990029
249337
678592
191796
560965
114835
267921
311792
629213
702338
411537
835398
109425
349798
823121
901174
259657
584615
972932
521551
47614
610981
464003
700613
839373
466880
625855
218365
689741
399904
124627
719639
904238
885472
695558
753907
262006
546240
804338
296115
471205
561942
469203
362860
206011
247350
506774
660203
346702
609631
566032
445
611808
93128
484497
244047
76283
830554
218905
985646
539147
403145
953411
853466
157616
406001
207815
515368
20282
157513
452889
914860
727167
419605
845408
88608
757547
939548
99201
914612
789396
706146
845829
681539
696669
723259
238954
401161
738564
56524
726383
293917
243594
622543
229648
96747
473670
508958
299548
331729
541049
155768
251245
848808
857464
424119
913774
60486
917871
384120
796780
531773
37115
315206
824109
803387
426011
569810
152586
824507
695773
899371
930354
974064
973755
581373
844507
779851
219404
789445
686234
264916
874520
922991
775605
498139
519403
988744
969954
814891
797631
820885
911832
803459
135777
847641
812359
109375
557550
41523
311938
807893
842563
131928
632544
199623
22698
11226
944258
346099
471312
805931
877785
573600
530167
765219
856788
365907
987330
96403
207276
426831
870890
988132
643001
719313
205961
610691
678085
12966
135665
946478
506379
261137
579649
320931
57967
900766
32640
348052
150356
715103
496981
374224
764646
106914
299967
422780
641945
57820
149503
127212
186807
114171
340944
959404
494742
202660
31667
472943
339589
886332
885291
385304
560685
721845
427841
372301
47342
566899
461133
39735
359443
956670
487245
670609
429717
332885
162051
701707
614813
686219
249185
82656
309566
416197
783787
886185
39903
71119
270771
439441
913747
187438
387038
561752
633792
329587
983809
888118
365864
518588
400390
136327
554127
204240
963858
395830
269431
159376
349270
707994
660408
999392
326293
56906
5637
572562
921087
153303
128679
718065
884983
692293
343555
130490
643343
99826
481266
333206
785390
856795
755627
25236
690153
362440
383580
380621
768920
28372
819222
362508
752407
762861
362454
781032
746785
283840
863047
298888
38205
368160
295390
804290
742503
633646
345311
186820
869970
296603
938237
329508
971018
868288
510690
858112
837766
137685
448680
464077
809594
129451
299629
663907
978219
79743
951566
750603
135069
94165
558304
540839
397131
124556
960998
887595
239336
870966
748739
902054
678857
48198
431628
939721
801471
88897
728305
137716
170026
888184
546060
712477
39539
630302
633864
241662
814457
841944
202883
857056
558364
968987
882914
241506
737884
954977
671279
438228
379192
319437
411459
522587
335825
154094
233581
739385
927388
846112
622851
126765
867147
28229
727958
18708
840215
356972
756686
913056
624946
481115
861517
553333
820622
789448
228553
266209
845455
543912
274639
41407
546218
176789
735221
28795
624651
798601
643861
904703
444192
196273
340107
204500
280713
423327
24201
781158
406392
399811
636810
492377
6737
392254
623408
816744
388601
427121
728531
30952
376398
148560
38454
782927
447668
739461
105615
289126
211520
292775
774533
138879
886217
476271
642162
10253
456584
125277
726657
232930
658860
59457
333122
779575
414521
892384
972709
451138
977317
143137
621484
209579
311728
788835
596384
918008
704824
605175
835286
624179
796263
893578
703686
281688
420314
542733
392482
522845
216039
338794
757048
135043
368243
362542
645242
451990
87705
965734
881295
135566
330132
242642
929886
877069
172024
880645
376253
410954
873972
924418
170397
242967
537115
95259
92155
364383
805392
516533
613197
5694
267736
399575
67372
17927
613100
79403
998715
235674
927247
998062
952123
686234
251511
479640
86151
215006
50521
312591
562496
940686
728262
822916
25825
396606
156406
103807
759086
745845
631850
284378
854270
408154
773089
887541
816661
769260
426132
611953
746746
485827
385219
782264
802821
621020
310983
127252
418431
911416
357867
805120
768259
423536
128399
499337
299834
283157
142199
959086
693963
556336
181338
594469
230071
474732
833863
434560
79731
855329
780208
528430
825135
17811
630523
607520
556778
212044
905784
942728
398641
988664
986133
157006
538892
139173
101186
657516
238661
42382
211616
186074
815496
607861
456230
964684
112853
858038
975986
753003
77206
237169
570853
713765
395974
912341
935977
611995
911861
685142
592818
487103
798540
232505
56218
57159
833219
129179
262444
948398
953750
722499
628557
185044
649323
634474
54357
655153
218192
760123
621447
740151
454546
338127
780993
710683
247025
325778
367230
161761
313709
96456
148593
644617
86127
924360
412539
302787
795818
449633
175865
616537
898717
293298
937311
750030
841670
629090
643116
687131
945962
570004
576079
663151
269091
278357
634566
33547
741903
617080
46944
869828
22850
36251
38347
899655
649405
251708
156354
462118
305479
350114
342479
7732
651253
49787
213786
941510
645731
182749
517008
716404
261463
157454
399544
168887
405671
737826
372142
205801
62133
192434
450757
224406
886694
705141
973207
665237
39362
398492
848788
561626
935494
545901
649964
107045
362526
608881
840110
410027
373529
888491
653135
462240
705417
932523
980093
589445
171937
607331
383452
132403
552219
364701
976389
326594
6017
248244
751786
53658
819006
192950
788740
913127
376739
752053
734753
498994
728875
634846
671040
925096
674325
990582
471723
383924
709195
750112
249437
373743
906111
968421
980481
911035
160963
647129
39138
571612
549403
598401
428078
696157
862597
52107
692174
552204
526988
516348
339396
662125
208931
791756
258393
823664
660111
805296
216070
817297
604289
462437
151028
909045
827734
325021
351905
288093
245005
982339
167941
703606
617936
411236
886907
373351
780881
117582
141052
112067
704510
123879
776718
78442
503545
960729
351371
741274
648056
901420
47114
689278
310777
352624
94899
809032
680281
616686
936070
340207
255032
505391
98242
999001
665524
362327
495506
602471
382307
51740
677475
563944
481755
758820
507600
609507
850397
499606
466234
998744
944720
834074
423231
913868
430064
495799
252539
699877
199902
609849
112773
799934
800283
459816
325695
103508
49904
939371
477338
14819
978242
792843
510639
763809
228885
58422
299945
873274
493084
233272
992505
843690
217354
317553
898671
293938
488675
358350
227996
592991
951143
830232
819889
485976
83717
331002
783598
86511
322882
756211
822740
52306
604098
75662
815239
532789
22169
806498
129695
456021
266838
425358
565222
12472
194181
526917
352218
95597
452722
318826
774232
174511
189196
987095
153850
542126
254850
391121
678451
262761
75902
889012
379266
911316
549914
631288
478138
68708
917609
740977
695055
363756
904240
899842
309338
515916
732181
105263
745605
950936
930958
571138
855348
288161
334724
678347
345429
235793
360861
863833
801751
16622
503846
207765
32293
819040
172698
891184
174861
562936
898952
11742
755197
733515
156647
750571
597638
933091
882019
402808
193580
816036
645542
987714
835021
383839
671479
740394
379694
376822
689358
424368
590755
576527
709214
161592
882692
350422
17734
928704
330649
907907
472117
232699
23067
177604
761875
535887
276943
102239
49621
442685
69238
494015
114192
670637
354726
788490
388307
605472
299632
673602
253048
934843
274099
639953
200579
71455
102386
534854
405161
478267
353055
945115
788244
733276
831557
705046
918699
957774
284362
834112
104761
517116
421399
736046
876980
811071
292476
62483
594652
263495
645037
554305
627675
97513
275751
916415
576000
146120
696726
460168
68684
949411
93839
479549
952431
642924
57503
875459
661129
78532
923085
790395
657806
600947
825151
662
463038
207568
759978
422064
555646
795139
985056
936042
225443
897503
366304
364196
874337
756939
310920
743725
832652
463145
366791
50051
374785
350913
144173
943029
683839
833641
401558
56874
831334
724158
890388
401107
453416
656373
449751
979902
285717
126254
252292
196313
904699
852995
145390
320497
345103
166357
8650
589068
275737
919095
261814
311978
978724
674073
899460
468939
966821
92666
824484
769404
555154
74843
177263
649675
828959
684928
142791
569880
701994
413968
404073
818267
846271
224167
982646
126802
949158
652016
474099
98638
454787
54091
135671
787563
506884
818442
663843
666019
151682
67457
390313
643307
595037
215825
126055
196531
781558
611919
506505
441138
850807
932254
414692
555005
353444
393940
648754
452929
1042
922432
997578
169484
331519
656354
922642
886870
81090
892049
514616
784736
395879
601400
457625
697651
326402
197200
241020
427694
326235
8121
338221
302614
564880
694749
852967
821286
737773
578558
504907
78902
556328
165054
212326
232687
30233
771115
374455
558155
648982
299592
168618
48190
452108
703770
820580
401244
285002
797711
683974
118518
223773
627166
776195
990889
460685
130224
887297
474361
265910
612031
958358
990460
983449
960012
117325
755511
310426
160421
989668
9116
820871
627941
714277
387392
123301
85241
77266
161727
674127
393773
701884
616465
292192
919936
474948
829178
717174
575987
748034
369147
102624
916822
174596
168996
306093
905550
410241
576535
888516
858402
287772
28572
578833
435760
993814
372651
894500
141343
889333
742500
483183
323653
305586
534727
746370
495970
965360
941445
831895
617681
527970
131264
29746
120801
600076
424872
561137
768460
524486
234862
666678
978367
118217
356227
4793
95534
432466
979123
616873
213056
695447
679580
317809
322767
188259
625539
801737
814356
562341
288117
990203
659674
104227
765046
157436
735232
111855
130896
140231
866075
411992
304098
685457
978166
887489
833266
252250
130833
624396
541459
968961
734215
492815
130457
601995
604367
869239
282424
74005
695308
605907
712298
471600
103661
480218
354241
315359
212367
505859
573269
774440
570731
855153
225912
955177
624932
624701
456344
90176
325587
262645
566144
500386
757163
423322
9738
112847
544731
67463
226435
373919
831767
444215
994205
559837
990553
233414
856136
91116
260072
194301
69230
142913
350097
595172
677917
74911
521421
977918
398290
984721
193816
772027
205198
839323
47811
218733
903254
955774
274782
252879
279371
961545
939913
302284
961347
888733
437413
841919
92645
473540
621871
729351
251563
436701
400815
126213
909263
27996
994249
628750
147228
286319
471462
569974
909610
424033
670130
991225
674227
690813
199649
798337
640294
478704
887820
518454
180047
996732
692272
545926
993044
267235
685720
67872
212225
237126
58854
277586
398548
966055
503657
789543
200729
140475
903676
828453
794710
944646
329551
942045
371458
76072
480879
325892
547318
741910
658266
456856
330811
210336
278675
895185
525733
685631
784438
520604
43245
298291
508343
461491
661350
42838
171233
63582
168721
16530
516264
724346
994757
357749
380249
538327
402918
757339
74064
913858
736080
519897
660551
26527
271023
820775
979414
247180
92402
433264
601712
883359
906808
359198
151635
341272
602565
778738
323562
326200
619644
754149
747133
555705
741588
34755
238866
394953
239159
270806
344382
909493
65372
137442
331942
533097
793073
584508
945097
650358
415921
722758
680295
891902
426656
605761
189206
138927
860549
556810
838419
110639
986148
205603
976134
808709
671894
841348
472570
360500
980576
748332
448983
221124
353732
26921
384769
388132
58889
56094
686853
509481
641552
977130
379619
368947
124598
406112
351911
620840
318511
102847
677199
283172
837322
941018
96360
422481
230100
533472
68253
610262
491761
24175
577977
909995
980914
164793
106112
118360
843455
935887
75153
844916
381641
74252
446326
79985
784396
393348
811169
585408
422133
860246
671530
95181
36496
861737
31560
788017
64204
17739
224542
978566
350358
55365
385618
232436
723276
744642
18475
129769
475244
692294
323365
124179
346251
495727
590624
73833
810869
154528
964837
694810
539274
78949
936227
992536
613230
460979
974916
10999
97918
262846
76279
665096
879596
854911
235247
97046
407869
434645
451261
609583
701693
698867
932416
39422
179820
210742
652583
52476
64010
191483
468103
888392
443189
811026
51522
680356
331549
94078
611669
410222
65803
2814
922251
828516
651413
134976
397361
314702
14500
142035
257031
716442
821956
685510
482167
340474
892231
337463
747455
567477
823001
419690
745758
658768
840640
841163
413476
806939
346237
767638
451112
303462
336716
209426
20539
542999
417684
145033
143667
625658
612798
896757
137580
301826
915612
610350
540265
30658
972028
767173
435690
867701
782595
806019
393052
313362
288817
817254
403320
884458
65197
873633
488163
283452
793270
962636
521172
874669
39296
410705
722607
25458
536517
953646
230622
735782
279332
541117
22507
972185
187072
279039
198094
857237
96125
513052
403908
819667
428080
828400
928211
125720
450369
626951
548984
755374
512314
480389
462306
449472
529951
723888
629541
650419
544735
859323
884805
640694
120448
644533
448485
408313
188183
992820
669034
785053
202909
684248
699193
161427
541614
510585
612990
208697
205315
188460
855775
890197
615546
734068
97782
785136
763053
343049
327388
181247
477614
710950
839628
520260
112403
83990
856991
768094
133355
585212
689451
716057
298837
659109
319030
884785
311505
253699
595569
492303
4552
615695
298051
884177
665954
666556
18113
868243
318414
34268
633771
654001
654521
629471
337874
69553
330946
361489
261174
841442
515917
415286
919785
340024
77338
944448
295980
450913
37376
693902
337487
543340
621899
259411
180157
891692
799849
109578
552351
152582
651292
463581
314607
496933
853692
841062
958268
848883
806573
993186
829383
767674
408187
818502
388868
76289
769146
418652
60426
717730
148271
441352
661937
593344
728850
533728
335526
202252
716721
544161
49298
582070
241014
893049
112839
687714
987410
190155
233258
137494
160738
865256
537683
293559
474510
631277
216993
460199
213261
81883
140948
811298
978471
715643
768312
96254
250820
679696
48024
538076
419824
468305
721587
929611
606131
592799
515689
857166
844511
307612
621789
374119
950379
295190
334307
862293
863813
427162
331556
794411
764509
522349
475990
506434
708332
737765
782869
992040
59572
756842
969423
908388
691620
679546
447435
866336
521478
213853
91208
415857
362754
563156
965059
790182
447016
291927
947746
944774
918848
628394
989751
788444
895997
427028
876015
332323
716165
701114
684282
623142
96748
369427
181950
819448
168795
440006
502025
329527
799893
275597
469100
379663
98576
978354
250230
107911
485142
525723
118797
153602
741948
420738
702544
610663
945902
703311
200270
939101
520628
360352
734337
328211
239281
943071
32310
529175
939464
56606
943109
513561
685325
536244
687531
838834
145358
579030
64103
452109
900915
274867
664394
397290
546608
65991
667548
976666
242385
670458
627890
217765
327866
509252
679020
423781
517087
137836
272497
464627
666615
73287
683678
321733
249001
537822
42881
231830
82466
467406
197389
837479
182328
871275
4870
777579
338604
832964
411560
109442
659351
700406
584448
160044
371749
144666
598709
27484
409180
852613
236099
924037
80473
32392
538743
287415
195610
672808
224547
647373
381140
43912
334017
863707
196752
759564
93618
836516
581991
320155
828759
210264
405169
387463
824856
869016
956178
430007
175684
25389
766412
715474
487183
97068
378910
106309
692737
9299
627907
763774
643041
225442
268243
943926
774480
111237
956124
845510
306933
754794
283964
347545
286985
235390
855758
262288
716492
754248
503876
429906
914953
819556
348505
839435
807304
329558
449947
371158
877260
70784
332256
580162
113169
795130
301153
607629
568680
575124
825644
357361
939862
683240
860363
783199
607915
528463
909670
670998
888091
679329
208107
184026
219772
471569
240345
804505
399732
238854
941335
405020
752270
824734
463918
579222
516975
393876
31300
899811
692561
395850
605439
619705
787723
802403
896687
713214
538582
443549
800499
875032
538441
518136
4484
903929
910101
248002
652932
774761
481117
955317
107238
291738
944452
360824
73686
383461
450214
365695
926430
578953
101759
598302
22795
11622
652903
261336
153802
624691
959195
53448
923379
985337
805302
878029
111148
404050
116430
227551
229371
43508
675021
80922
324217
684250
626207
665116
385527
869244
58726
691760
622672
245585
571014
156316
908175
58242
940183
724677
572573
544829
773557
665112
762006
943633
965484
773191
403049
119465
326745
992275
806358
585099
59164
37152
512179
195411
541939
436406
442485
23788
213643
484926
62313
840072
427424
184233
165778
125278
491082
375266
92528
814190
145156
400484
606512
647566
188742
530998
71633
450684
172440
128704
815405
140789
607686
688768
921888
746250
821132
392585
981528
657993
740564
784745
293449
816909
980158
808432
614131
864760
770923
422839
430963
479169
578285
950007
251842
981883
680036
999989
754451
396961
19979
98806
285670
171787
598191
455656
260205
805677
178463
662263
602521
73856
992086
401439
675783
639072
700513
383306
204965
444374
385887
135021
243234
242693
201053
773085
724630
554251
941921
355936
939995
826447
952310
266052
814410
831901
701537
371722
947975
195288
783825
803171
798799
162340
637548
681530
884658
899157
628035
151037
840046
397925
359388
195292
657731
895401
36553
32214
204525
828323
614380
131926
698320
587258
502912
8195
803881
686339
808805
860851
852756
253523
307716
310289
271956
53223
865396
950088
640380
854649
65452
177042
106326
743564
918574
355851
16500
719633
19593
186341
808162
259298
328116
406274
420991
765664
546924
282567
62093
939856
776558
203838
174410
849805
105503
995434
825408
333251
461790
265496
415767
459266
607843
268064
71716
233478
862599
784988
413911
463190
816506
903892
262240
855378
535290
955766
681078
430957
764536
381544
643231
432248
26139
409658
584109
436512
228281
144744
563874
305183
203420
30309
766087
8762
84260
834685
613677
461427
639443
515669
882087
329319
357549
473095
707176
652184
938000
982537
509159
254529
611644
782542
589357
974869
924022
823455
357177
461807
881891
485159
425508
942371
279063
737041
401857
245148
568065
960051
947609
716535
303744
2772
219924
967882
256554
418171
954843
753929
696798
309406
229346
480622
700792
948724
182018
758013
157285
660201
81330
184622
715625
593527
707730
361802
752494
704458
298113
602366
815446
664569
258013
360929
173681
87583
337660
838146
309395
615282
23575
633193
24317
368652
372047
126722
119285
34582
473267
431019
582305
147316
442783
163869
113977
958012
916883
607671
531029
854246
285408
740215
998321
956531
871262
787708
877247
263278
15178
926305
766322
537764
826538
134008
134233
758611
96849
301566
461718
551284
229684
714181
538106
505908
111866
256881
390362
841549
358962
976612
844458
282335
779635
473537
773404
474566
511333
619243
90548
159297
900334
390241
596768
439364
224509
57170
729548
453212
6133
78844
718428
560584
738706
945442
660402
754646
521516
912654
976621
907086
268914
802593
880848
195484
83194
582984
812305
685541
642522
111529
783943
643007
239295
246884
756183
125057
898165
604616
105311
58092
485033
638452
840028
765321
868537
297377
4845
164617
696018
263402
173466
516559
368278
920988
728586
221544
256912
195856
638292
61792
596756
610921
143944
359486
359116
885471
939211
945904
518188
677579
801831
644905
486527
424668
839526
150795
404009
376275
879264
456758
850986
802451
349157
348314
590883
118521
153810
24777
968883
692189
678890
895797
158159
880219
913276
955560
445008
33885
466628
997699
118062
685912
610797
519054
663233
487564
226909
985924
40059
15774
974926
495903
56565
521762
741288
39239
727495
15363
879251
791916
661079
731632
287878
271788
397146
830990
478815
703345
376702
111750
942336
745168
741001
989834
993907
84924
868704
651163
155821
227685
600353
966791
271658
571758
235735
561636
314651
122948
917619
261437
551620
638627
504996
631689
562406
623181
55447
367500
471306
384001
589335
125693
490374
31111
138453
843452
534394
376522
451932
51887
880622
284795
915772
732126
498605
745995
403440
146233
321746
322042
674704
928866
922091
456375
668602
878232
139877
554660
240551
891850
490713
657394
64366
669474
539851
49804
837877
702973
630239
88852
335207
483280
216137
94229
800927
993380
530978
852982
637338
242239
828458
144297
656865
629763
998705
970015
493358
4137
723583
653021
528387
773225
634831
920624
665601
454529
455853
898747
174855
105386
757960
55055
783513
599309
649170
915948
30156
269459
312174
718666
723836
255235
136904
668090
838875
979126
263827
114790
84732
344198
446779
87084
951362
770450
252738
129637
600140
473
58907
735415
827609
905733
748978
408812
949406
670318
951843
326526
82036
937235
470080
204229
607400
838452
909576
835477
125888
838391
270698
57380
70233
438458
962811
657665
657287
13551
223702
511105
615984
601506
18740
237230
719728
283887
895513
359584
561225
63011
689599
771191
854065
319901
793611
404600
173343
755551
301260
403732
304136
220559
952097
620530
425125
234863
873947
314465
361059
206892
38691
122563
937628
319205
582242
709232
656075
399789
463180
394530
30129
501600
538199
854571
213150
277584
820531
78906
391072
142744
429683
843682
283419
354094
869437
510724
790162
396840
74943
450627
539321
792960
511199
12004
743378
907433
172310
579254
361565
471935
969025
445661
778514
722521
682061
502574
923288
623205
71878
523040
307539
697609
983234
522470
846114
291677
323937
112514
729834
666169
416161
861136
827145
980040
166443
648561
69506
221466
409052
610936
477934
886586
966784
402696
9623
165197
619695
195152
721045
164093
681545
88261
636253
513410
480751
976389
31038
267359
563481
837058
501267
24898
956270
555225
563125
461478
835212
101907
327753
461606
195486
581996
984996
400245
440712
856945
587847
760262
30274
18934
206670
270861
635631
629430
457234
406979
688616
431755
327310
876677
792949
273731
801284
4978
296601
421692
428535
964663
603615
224610
446394
377706
215722
404429
652222
647158
715317
60360
538692
642129
671979
419760
881431
34164
925573
807700
724821
170522
515721
983339
100160
500358
92378
2981
943392
116931
864816
893227
125177
691548
536335
739370
278227
218782
727841
778016
69576
667378
742171
815730
655653
723716
468522
839224
940745
429955
98909
392274
166374
612251
959069
9186
70442
384863
165321
883238
329407
501003
665636
115465
186249
407621
858372
511182
505845
594544
760172
285885
927575
570023
773564
745986
787269
130327
469399
977642
787084
293493
280344
819773
165891
294659
592954
554189
628944
552326
669017
774519
362224
729041
55599
642407
388180
564393
364396
81222
20109
942266
284790
920454
95278
565170
470514
549184
216130
270675
580611
170237
34317
701136
592060
446632
916915
626850
410750
828275
855713
403725
9171
895972
947111
630102
520852
450704
434897
518603
122438
493220
546791
330344
741800
266674
530291
453762
906316
523389
369506
249124
25782
920795
740475
386951
406315
818605
298629
298367
587812
509906
684150
618992
489822
805713
834065
687925
778295
35013
911716
315525
448127
468347
442105
610950
92000
490630
814380
1686
890114
639806
363101
596827
446115
989449
727360
409842
788548
240096
461061
146189
786323
833213
494461
986804
943459
676203
803159
44083
703746
748383
882636
288593
447055
267737
78750
640489
674704
71022
839644
753780
552231
53472
134187
743740
601731
174880
39349
460714
618137
682880
360324
93098
250391
238947
86084
831050
814698
387186
539102
233127
80098
799068
908976
578385
87242
866483
971517
849540
356386
528980
830218
427172
756586
505409
883181
666164
338682
392761
591266
951037
387924
164815
62436
301059
458160
835319
840894
509377
576546
150165
640889
553245
852374
205333
397866
9569
335885
287408
454396
565617
23993
724489
41185
17627
670685
381557
861109
239096
49234
876121
859740
918516
314529
101578
71790
939036
791323
954091
71561
642999
723204
272764
400371
658992
94649
43794
938697
734199
33037
698029
142015
652395
188774
135062
238811
718217
931629
944328
409861
45095
846743
271248
247483
354414
464814
303252
642222
578142
447282
285706
677076
821216
588172
640872
284290
106658
652780
749538
430820
647604
862807
161198
502096
37220
909242
522341
977858
608209
17243
79648
475545
864517
932240
35639
552698
287410
503477
12760
29697
167935
3196
554523
120737
662205
118170
546478
306860
320837
630475
113632
357024
933490
207670
67787
658261
690488
106197
879712
660805
245840
108377
959226
215767
952465
683966
285390
289351
529486
547657
705263
575819
227812
631507
631964
184733
978175
761661
888122
388731
20242
859942
396496
10427
735597
810634
209040
787800
622836
989995
469042
155091
945867
471346
601765
997388
593079
748584
269025
887740
3587
388036
978276
318880
790011
329551
513526
834233
891484
304492
134795
377174
45482
688115
666801
835524
56398
890676
868356
502313
715383
737752
135312
873824
639808
946633
777106
131339
79519
856562
215459
440913
807017
875425
429279
991449
226750
830489
150791
263590
376349
332313
509193
402061
339728
73649
410526
963542
773922
449731
240184
96845
936086
324813
987457
767552
147477
545056
391116
977554
357202
484746
576939
525989
458635
319141
342099
826824
919365
407289
502940
707252
3814
497508
6809
507977
214728
300207
445549
998892
466265
81182
765871
926674
169820
712212
285477
935554
877019
386229
256966
450578
305032
542278
979558
199938
582281
29590
420687
901704
319192
366231
220486
616688
165932
876935
615454
694159
298321
403776
195462
514588
53601
778513
151578
563505
133231
738226
627439
965347
891030
876444
535974
678636
400032
284319
616216
202243
18907
438273
857182
354818
237103
879607
661022
107405
735059
690365
440166
191308
540735
310986
848787
948258
404379
441871
617358
885455
592896
262133
543492
851737
123632
18080
105430
234034
681659
469873
957616
75437
774721
205341
557436
973365
514493
403369
800727
574764
154659
483319
807132
330624
426084
456599
56322
727196
173683
448662
244945
373334
1361
204355
487033
451951
261652
896593
211586
524698
928472
219646
274199
910496
494246
246040
957974
688849
718873
371974
140994
747915
399217
852264
91172
865878
222716
110617
534751
137856
501326
423739
168292
335429
867488
876533
881737
494131
66067
642636
910290
353039
64374
454279
654518
636003
238844
960008
80545
487048
526845
473274
541918
82221
333681
785781
626333
407335
551062
588167
875606
511507
73048
70166
791297
576390
553029
412725
892443
777650
670284
233913
490856
499279
556910
788655
715097
887899
105117
550385
664911
468277
59995
542361
733734
527117
139436
185642
681717
901432
539633
905458
5447
636207
974698
213399
524362
119876
739809
667676
203908
93306
188169
443418
35940
302009
313559
88671
400993
587776
841160
111565
470035
534651
799900
278964
491142
312883
940168
365473
961805
424170
439972
635259
268417
161372
169799
151921
455889
74822
285227
739909
557106
302678
61745
391053
280954
391299
249741
332316
986368
643629
239352
550814
365857
935183
596353
440857
98313
795568
992877
241785
411368
373650
331471
455228
798289
751207
101058
727338
582023
897352
605315
883376
806883
219036
574317
355429
927154
45080
517789
910580
889280
724671
786406
616815
984624
839070
582572
216213
261280
962042
606788
596205
801974
185505
85269
228425
323600
665058
663913
123383
546063
719654
987815
493865
490078
590465
909987
476715
735866
288625
30741
15215
669153
219431
546438
21331
708321
373288
349684
180444
184248
243086
742520
528214
886090
969590
484281
195676
496929
520133
448781
8880
968285
130913
40345
552170
139768
944799
872497
656066
548095
324279
762332
927032
478362
732186
404724
573162
497730
972093
648389
387127
402350
399913
3265
918640
819973
972822
956787
150133
521976
367768
897703
618576
889246
660801
365420
156649
629272
428935
511712
470442
787277
781048
131838
259419
147596
961890
253610
686043
949776
191899
540744
266031
70430
153807
566122
962043
561130
632880
201047
465764
412056
183317
147251
39186
265897
526627
283327
343200
955510
697254
61357
787768
890998
366158
479024
642823
335880
636639
710053
164995
76016
137635
602689
580386
683425
952738
749978
154148
418152
837249
951996
48906
256670
595101
674024
209826
379487
603261
850053
351546
717985
668775
152100
433440
52002
194699
189173
659639
884212
529300
549104
437928
949383
611635
880027
904486
219199
157115
31392
751377
885794
64788
390980
329277
173662
712311
487314
900263
987514
774948
510166
547070
624027
307941
290090
459203
10353
417476
724467
676615
209431
220811
626331
889981
295034
273682
331471
613720
963674
648214
466835
904246
520909
513528
823097
431645
816569
351079
424607
335096
219946
742908
295908
535753
795021
702506
518918
905612
821919
752034
10108
35695
5307
471521
17446
991774
640037
498311
988753
399635
426154
142532
441477
103253
144229
286302
791204
473914
957110
273354
417182
601113
655930
77103
181896
960261
169239
949980
123143
763740
708772
614973
767837
623241
364492
148818
575004
307184
904702
465303
624782
927761
566887
418630
584706
565437
282238
82578
993767
356054
88602
560882
112936
544826
993832
634712
701605
464291
386820
668240
566831
505181
264958
256683
287999
85175
364415
731819
880889
823492
184122
357830
59533
367577
692975
117792
468579
123053
25707
456670
988773
846589
27716
470415
10268
416781
795293
220430
770885
87417
606594
474287
150835
56063
759638
924519
48876
648763
380900
117514
957690
633119
331485
102887
96641
76305
866417
537878
551461
294473
557007
183881
550297
897055
197999
999889
168834
770959
430806
706609
99488
245816
653193
461317
90848
371230
102926
463593
967813
203056
527294
292675
335428
408335
944448
136000
341094
598210
568361
610229
282294
575025
321149
30985
63703
669104
860497
666667
337584
581005
803422
350313
620416
399505
549350
385672
819230
888967
22917
529668
752075
50425
607030
883095
993329
39560
633165
619515
573919
166999
528213
616938
499715
264931
692779
755869
813944
327707
239659
441013
410055
723507
832730
693546
134368
252643
116268
428599
580607
66368
720417
662455
437442
884421
737292
563797
166772
964747
163718
556339
518692
969991
174339
217241
914181
562248
571812
279034
2516
681300
998654
931417
983859
106061
407927
383770
793354
165598
64447
327498
263917
589220
612307
691036
908042
416220
600970
672773
107815
536122
768820
538711
243198
664591
223012
253747
490619
678829
472585
137086
12190
869290
469193
53930
899034
914459
89267
774262
378873
131472
469985
739829
244477
489886
485638
86849
295499
752534
859023
119746
250051
581852
287078
256826
499506
706112
632963
451419
559235
917063
426307
243636
79759
227686
701515
899711
432521
868052
845927
969812
655450
620112
239912
798247
767166
789472
1991
979747
228346
73079
538862
407874
327529
520337
608320
894594
356863
251972
632691
225405
308199
570455
820809
356055
207024
265747
500849
483371
786354
330378
763763
451359
977861
850945
869825
715762
142396
791338
217257
565378
818902
115895
58846
413841
652745
984271
821716
58879
505457
274216
145694
881699
622545
113129
622764
14045
33348
507953
373928
740113
45122
786989
388881
914404
673327
588673
35587
911232
266245
119137
648905
216140
272301
473746
907256
346009
932579
969412
956543
680596
796412
455079
256111
778131
878631
230397
363058
178515
280028
664110
29970
505285
71529
854179
329147
911583
78280
592279
224480
575577
371775
237655
121503
574297
957429
485888
397884
366362
55381
909798
753897
140436
202076
694141
61258
513366
678797
747694
626930
896282
595754
34669
501797
607307
727451
939279
880895
232462
274860
156135
552702
376562
877367
70778
768637
355411
446418
250589
130001
777527
465949
434373
92519
654954
900695
12206
151883
117811
702803
39346
178839
88580
147650
741474
56976
689124
679429
279462
357957
472158
853329
102884
190836
718517
650410
825768
559341
323159
143037
357178
279010
678759
65687
394119
753144
835041
494276
667672
84042
901300
744977
590818
635432
941817
249234
62807
760495
357838
73053
726369
499843
708856
696503
449753
962546
500232
304788
755101
292160
340070
23859
359748
28604
320589
673379
492662
362391
490040
827091
148179
684278
978935
399572
150147
461022
221483
274484
351397
92179
87879
685858
98684
875693
432327
202237
997139
898991
183922
224000
613961
844662
6495
3562
176609
472427
705842
774784
930179
129403
68370
250655
153171
525638
139706
148634
322346
140267
621083
844477
706659
729617
679301
102706
633158
176080
109897
703420
964023
31728
661120
365721
62017
317560
133036
263784
466316
192129
619082
48283
250457
942701
931313
957449
266887
534504
381033
235987
554647
731674
754235
859228
417706
455031
289266
949274
328028
4141
849410
539564
414820
620221
699495
467055
719966
700460
451897
564451
198013
737289
420375
181317
780441
688349
817608
703490
155439
488324
87612
357889
330670
256179
369011
682332
70838
917641
226389
964566
430097
743541
619823
617533
926761
341798
990022
795205
346756
628181
90940
204866
279394
237531
499469
818234
766435
492936
459185
402793
427010
297844
13721
265201
370152
493684
671285
373316
745318
717239
159122
157584
922133
274826
286252
752899
714389
556986
138546
847682
688478
999256
4623
29432
39897
685823
906986
469751
447501
653612
805896
119312
592837
173606
513671
231531
805064
593629
125711
335941
247929
49131
639095
316552
50238
928775
389148
711373
878177
409461
155096
792691
366260
140782
821166
926721
841692
92056
555142
544171
292379
995066
916512
887868
278804
274468
266656
661113
273104
404473
776796
936742
464384
2288
170390
773531
762316
749669
455952
855391
116117
427369
127939
888431
609168
844921
567844
76727
299848
792469
615618
228661
85024
89675
312492
346217
169515
816448
830602
712855
611538
664205
80046
985022
650861
739702
651457
500238
860507
723574
90274
123201
186905
298811
782763
777991
221795
735033
260267
660224
492071
127085
483497
281213
915361
703561
11582
315664
388637
681185
919209
817955
529820
961287
428878
846611
360132
284272
128212
189112
361637
246417
542243
468979
258077
110431
968713
499469
639784
452196
438677
222252
897186
758914
517301
11715
63578
846352
20822
965369
735595
153173
315022
516527
765635
892271
273722
543663
986275
837125
151272
525481
551365
830330
277322
842237
638982
344045
248752
674495
437729
184130
827427
446608
868808
458393
147823
353183
193321
846879
585407
24165
415627
609317
9863
113472
413651
725944
241733
781702
724290
595177
845201
17229
22871
341785
193402
808970
812314
565334
621968
316847
652404
475653
11631
203668
420605
328436
235231
289973
411974
528339
858411
772320
149941
427513
324694
718428
985116
952098
388556
132204
696782
415557
357356
369987
957630
325132
986892
996659
733251
512832
17256
245494
844147
95847
834660
321269
330447
108095
716261
988607
899127
423684
402175
597263
584865
767292
982188
725104
109086
651390
984427
185056
141176
781878
67801
326648
754595
327254
378907
481970
742345
952331
504478
514277
620248
374156
805615
363247
892247
656866
486578
935917
333235
579256
811483
459983
117607
869882
159423
258743
485400
833652
413375
511978
18241
831445
277389
657216
679002
528321
228602
959082
767216
104466
743707
556358
439810
690865
884496
404011
952543
458931
366
772331
569832
247237
478118
838416
416558
125266
407747
711047
969868
979732
287230
114271
242012
119798
756780
679844
682527
520159
265427
93648
201160
515875
523547
73532
912202
936625
960979
578612
4233
654589
243654
595126
53339
648408
858716
654472
399408
66579
854289
434541
894774
583015
976412
370707
93300
753522
604745
310997
429942
161555
379305
232738
830762
486902
95502
114395
290174
578580
175859
276871
631367
610921
132280
848398
230035
101121
167042
381660
488092
41998
521548
856401
989553
100302
977340
659458
31879
555382
693023
855472
96299
43932
462347
208094
380785
8044
582503
853503
941173
266278
148208
31329
485531
362918
556262
200195
478130
16879
690008
278294
895081
759397
340754
571562
19212
341422
485558
231476
135796
717912
373972
355674
136947
171119
278275
782705
948930
616694
212378
505180
798087
646284
846169
609991
681567
142414
389493
610933
759717
130214
344064
736316
276991
670379
580728
442312
769846
612536
554491
191887
775049
118216
472616
573456
600773
417836
247609
538457
834497
939797
980021
148392
688231
891468
979080
970320
137035
369496
424634
480609
444813
721142
810777
408302
468291
606801
70800
944270
173629
296321
69369
357978
502854
893077
869698
737235
714337
712421
192519
725760
60968
480872
918183
513625
942828
18789
45405
863159
354904
524996
824191
29052
13825
792523
833162
31606
988896
375884
196801
758621
869790
992898
962418
761546
103277
25345
815545
694209
395638
576483
260773
856647
494841
170435
182658
897775
212014
263940
663504
273912
569960
168160
429370
632159
444386
389908
80008
28508
222502
750081
703308
505569
113710
938892
811643
9902
956074
776499
918474
606850
150829
717819
984635
171119
373081
937715
216149
505217
236235
195461
307864
996475
247377
125839
146846
981848
59382
656440
45436
193620
230802
841318
617346
212494
167689
407409
896824
882615
897308
788047
464950
954143
312172
151506
83108
290388
412600
458560
917246
374538
772698
910780
174438
31938
588793
246973
27912
55118
273942
936730
315056
920691
184459
712152
12942
488484
981855
196050
939578
880379
90590
31250
691671
108185
295674
888046
849542
73193
408508
831571
949713
993552
967034
405888
957500
806825
295535
918681
82533
149880
14974
213174
190545
993518
933218
615812
271167
517630
39367
122975
658624
737588
647683
340191
972090
921707
909216
136925
661047
421014
478276
395170
2766
772932
360306
331944
418384
270527
314736
183448
802143
427790
491179
218468
78267
523841
25435
143862
762773
104132
289245
475253
32188
815409
535578
638928
14328
760465
732438
679211
861864
790223
151238
268824
205224
496109
855107
153716
122735
441696
51496
821717
17865
830648
234067
21014
148141
251719
345507
448127
705577
282881
915756
47604
476062
691371
537603
330760
970742
261190
207050
257563
439054
908732
637160
452059
765248
16585
693416
143560
759314
82573
18428
448341
930441
183802
856577
186421
183229
860433
660456
273666
987986
121960
423322
106324
423259
219416
502018
872512
966509
838867
680395
392058
773530
24414
221311
465326
193471
753773
694699
694300
881733
340979
34420
900993
689921
166895
943280
173966
533462
290847
518732
403129
908304
644218
174766
333216
199252
787063
138236
800864
300958
983317
734228
906363
442228
607522
496569
342731
368386
691613
989592
106109
162744
619681
155408
838544
785256
319137
602695
861892
532807
183223
830912
801253
466405
720848
135431
256217
723690
720808
988920
215602
152061
540968
389563
121484
796768
741042
960024
252461
341632
167275
853278
173602
410043
309264
903997
811802
642852
422792
214451
50512
168944
315734
496740
925540
764858
211679
409574
452758
446924
277934
379786
110067
454165
120982
987399
508751
320184
953930
158861
140127
353607
204405
953091
166697
579973
558492
984794
22713
19711
472850
539352
197278
336508
54630
660636
195717
261816
337328
858524
411164
999391
506848
954224
711537
918203
224364
42975
538321
412781
883101
397888
123432
14934
270050
70975
13203
632188
44063
334347
394976
508136
256456
459336
110595
489493
165975
889824
266100
561945
52426
927821
659928
988589
600761
742166
715103
605339
187238
577664
981500
149587
873051
672821
57412
418713
737032
648237
579365
313117
187608
831164
851370
143871
470918
954371
371367
250165
464764
159414
502388
425906
54448
13204
43514
819445
89871
247024
46390
632995
491512
65512
155274
818431
144081
585361
787099
714665
720983
352878
402018
121375
326559
94152
918463
9183
721195
607104
827754
337860
286160
598255
209603
270214
221986
365430
455662
836980
620976
998557
765223
284103
81963
610863
441941
869054
648067
341528
151043
282722
599751
615354
334620
629791
26078
500696
20793
889435
619234
854995
337592
387674
246856
764457
599533
928182
282776
184880
31845
110919
85001
225624
171682
119305
867163
391228
513259
950133
8089
96522
606984
123817
796814
932680
323609
603970
690338
207917
628847
690317
857315
692733
381853
605806
122416
428430
726780
759163
699070
849991
141584
498951
994528
17624
770806
275468
886624
855840
750466
564261
374301
287743
344981
871472
711544
511697
471354
574496
889445
302228
568519
16880
374467
564368
307381
594538
697018
600443
262574
68918
231356
527918
119543
403464
294076
124680
926357
761229
886072
438395
135166
614428
206426
147018
586247
918570
700226
117460
774169
308740
376883
105251
340536
124674
690869
1695
367010
826636
675720
977021
55545
604524
787798
965166
681818
797396
926510
857275
409085
372362
107683
336015
228365
768990
170836
396474
638855
898696
793481
251506
444618
692733
852458
566894
203330
161971
650513
293331
4265
280459
326027
687920
828745
756094
281934
794485
673486
625904
790043
119951
357452
145515
697474
660472
743694
555558
316772
625631
272707
192261
299959
343200
441961
235173
678674
868354
521777
454384
183229
906280
412974
840881
481472
724621
437144
666935
411675
665904
26564
69104
536216
923256
408855
624956
691736
437240
668597
485185
739504
479462
511991
529351
795299
890526
251334
863412
115002
804845
391406
232281
876512
746781
249638
371487
367506
291274
791251
553701
137110
813239
166157
856160
507525
408206
139663
555608
642267
349539
376879
762261
894827
36586
260775
66754
782330
712756
261017
505224
800742
552713
97620
788171
459821
332117
72445
437620
328551
486538
54036
42392
130232
753019
834297
871302
287835
309042
310609
655340
549505
54671
118777
870129
215249
561196
457676
731736
358938
312114
918137
97091
681083
725845
46825
80070
762249
427350
804902
390250
774484
745132
331733
53374
488038
468584
350470
959777
70391
134032
948155
341993
872569
741944
170350
526845
893013
521619
882720
408734
438837
760794
618069
486048
898479
789317
997186
722491
606753
57861
324904
491666
231900
173397
59612
571804
944535
351231
610132
221851
310643
923631
879739
747188
70595
559492
254854
845756
95112
158847
575129
289667
229146
610802
465573
720504
239929
451234
853302
6847
86278
916850
742253
774750
272267
965713
627074
778812
420664
611112
265501
47355
797824
208265
866748
284581
566147
196234
57332
28385
953997
390089
37908
415446
768287
647473
37707
871824
773132
330446
935259
842125
211073
754105
256811
566008
894185
119587
478298
383651
639518
918435
13138
389314
260678
861773
140540
305968
289726
65821
142518
647562
464091
466017
22440
734738
717122
788062
354981
487312
831273
685836
499870
319544
457982
471544
811759
59512
493088
945507
887328
435807
302485
518210
181915
846051
517036
603848
515057
103518
134497
643846
710655
708899
213941
49034
478082
937971
166982
153476
82643
308144
741702
425827
6044
688332
169764
831236
384388
630731
804014
299823
119330
919121
694125
991647
662883
930896
829115
660347
245075
27910
638547
222308
575727
41060
115245
94332
484942
558551
100219
516658
909593
273228
583137
966005
284287
926151
536424
326314
733573
964152
838318
732319
854438
158857
251932
258607
669677
210406
553747
701878
179938
792992
788567
75835
228996
722592
560667
734295
393494
764983
806967
364386
943100
684178
708631
76195
535081
623781
806530
106644
83500
846948
61639
63066
322736
463159
852875
747413
429139
362453
787436
768139
300197
792935
675247
752159
762087
381599
569785
599760
906126
738935
721006
820049
195348
397280
765953
43665
72488
201130
635425
500298
658823
773493
46100
198319
777169
409226
954205
300261
740343
953210
147679
604449
198647
642027
16951
57592
721446
557889
363086
393569
271896
793770
143728
747972
12384
968566
489623
640750
750277
994472
530997
177807
276710
535780
115703
509231
438289
581552
580576
308817
431677
21416
919668
879317
434313
517598
483006
595600
384052
100930
55769
367543
965042
423338
5005
319500
875180
255843
616920
55235
899383
752175
68014
611994
839154
372132
270475
440625
864940
611112
217780
305468
761445
266430
450422
441171
554835
21812
840843
162821
153227
872911
691492
984799
181638
35518
79381
41109
464478
943241
296198
743559
243934
317389
739389
365533
919173
255193
493680
625472
120747
914287
624191
641565
749878
133874
422932
836592
884673
571225
491328
719510
436980
730976
17264
760528
804564
404283
533631
720954
549691
468251
682458
155497
888754
873477
810776
590127
240731
126092
731523
683059
626204
640460
19364
968808
109544
885316
514807
266929
516187
674281
355140
446602
138818
253994
655291
872703
425899
687638
278444
975104
216777
807733
480970
41726
622786
72593
363058
965546
720624
806854
927019
631154
645969
80164
615781
249413
541178
453527
191886
962031
44804
211043
994138
934436
501287
288257
719773
268852
832217
808632
951709
418399
35894
98098
556278
848326
358747
729935
42190
394740
177464
533908
623087
964920
755474
956102
902588
382445
856137
907427
977531
508477
27321
236508
685985
536902
904258
459636
958860
779647
532778
781899
936049
592697
367258
336230
417817
746762
479294
335892
478107
416750
69153
242039
64390
140055
707603
610290
371555
443234
551253
252520
36029
422911
546173
339472
500102
787895
188856
314855
889876
220
455197
9287
752643
206884
939582
448204
501065
295657
749177
38062
466730
209539
533791
561870
424019
165578
192404
629531
679920
618389
861723
921690
47367
853084
96280
952539
892656
220330
540941
747710
399621
580648
151416
42652
802617
503529
252739
362892
689800
711452
24568
221530
486288
717430
78784
235796
746125
677945
286286
590815
625594
981944
514362
969618
615698
905425
977237
115597
854205
739476
659785
482710
490156
298982
498158
16017
200435
302761
720424
986342
281830
508708
222058
256888
797662
914228
865939
278436
423224
56854
400573
535979
71589
522955
460528
801235
758994
651544
939086
737373
433455
458046
299493
772587
919833
963558
442462
551643
502918
49178
554475
170566
610623
150352
824851
515923
232192
588526
418041
730936
989743
444900
747742
697515
954255
550780
690351
410550
256253
156016
997724
915541
274034
414330
861593
249466
85857
285683
764723
636432
67873
229217
835000
787456
43778
177526
871141
80394
95947
857860
587608
220836
532676
265267
914661
119216
723095
906786
927535
836646
490177
280470
911705
110373
277518
235191
188130
707762
691173
586702
398473
909970
700990
347381
90207
756523
201884
797169
149967
640831
160584
892017
503257
580331
510551
271709
82443
655905
573265
837111
842798
96433
411757
183535
708050
582888
158208
352405
825844
761328
213441
194057
809345
851186
5699
397505
265088
879895
727643
533624
16208
69718
7038
227244
944665
147181
703219
885644
861282
849738
767758
611410
5941
901039
289387
47292
815570
19099
918025
665774
847133
470293
551436
757197
635482
343016
118701
913033
171505
443090
501601
848244
47133
644604
650451
184016
758900
630542
331336
78106
846150
6796
453330
92053
901376
350138
587233
877810
612281
601391
507055
540267
617800
520911
569435
892618
255836
761446
718323
166080
25776
53884
158036
565229
109830
38607
387520
313046
30175
856183
514485
639674
892248
241013
969672
353786
553037
133419
53777
820087
856049
846969
715991
551851
696932
273246
830880
495159
525518
256804
724744
739123
695820
946075
841456
423383
921847
264814
361120
460089
869607
660412
996270
475103
806707
825353
94214
303220
938231
746203
606402
702809
112889
903500
529975
756678
991446
640642
985746
737127
406931
261826
253643
166081
570729
922689
289142
320567
672601
909472
618547
148932
49591
168685
642907
924168
399514
427205
182555
556172
335619
722421
888282
461126
994047
808225
625418
422902
854554
592119
47274
300362
666198
526498
167014
335021
184875
440869
985465
286946
927171
991192
55285
151267
13315
680267
32154
373989
931481
274443
662247
275208
780922
544316
856374
589437
593697
174781
436248
1031
442319
63388
880121
379371
973364
125632
229302
919708
270152
202830
814320
139142
419563
147915
718799
159571
828049
225359
566037
961758
78779
23942
63898
173936
183698
534307
588424
300316
857314
972725
380977
575030
751449
692143
336746
321632
836138
226294
499999
2943
223373
328936
552713
70814
292936
277233
570828
964980
555715
78329
591669
870866
228082
203782
428556
262958
532762
649914
961303
234892
703226
481358
718030
856042
804788
664942
997428
239069
200824
933009
792968
921187
726766
682341
115369
39863
272228
667160
540866
65879
396526
860163
918160
79319
677859
208410
212024
184111
556990
660178
233061
656237
97194
152817
420483
836296
629010
700525
847070
327875
138309
741714
111123
914858
43771
482904
38742
40267
456184
811253
221020
325374
453006
604151
453686
798606
557932
730395
13704
118554
363121
885544
689870
492438
339176
512886
41500
300786
229842
369219
24969
500263
918676
716291
555920
801697
652763
341128
433258
109029
904074
850600
172953
28781
116977
345108
741076
408267
741010
976325
419608
8090
171925
808940
752158
432367
633861
305851
36881
820831
803298
425083
871581
204935
73360
243472
780809
664287
930657
976647
277660
884628
843862
450221
989305
409024
938931
430912
770915
565679
430615
34520
917438
406671
524142
530848
627131
454111
745007
557730
701929
708673
820872
961783
493745
948705
147988
434518
209123
456009
962678
575980
55706
404277
341943
829173
58327
194817
658897
148791
120797
615283
985763
775543
75069
822173
511189
527221
575951
115820
461411
217581
522410
825600
167727
655032
806711
764015
280305
503290
146650
365825
642594
707864
27207
32193
103422
711532
781636
162947
667109
796260
212518
749358
765578
588736
911328
291058
179006
309969
59678
564300
524813
151266
430712
925316
13959
131081
134079
724788
107772
500969
754061
524439
765869
594879
753542
974770
477382
509254
208911
496817
324415
399849
562309
954751
989931
362196
632432
490717
307289
442406
209300
962859
821906
148845
230651
826464
240816
976034
92894
301392
370779
729978
803355
846187
498977
494647
585004
105754
456520
11688
663848
609197
394094
481660
258664
769674
550104
878505
344189
944486
328201
916933
537877
907324
295606
297150
658746
621112
279158
145709
170932
584800
710768
361304
317144
931971
143169
77430
654152
713627
87545
158500
550280
254005
964915
724380
967967
229734
461503
881118
852027
898788
358164
785791
399715
530532
24387
236620
788386
521576
770123
206486
204785
410283
992098
835454
782661
476438
973817
948231
617446
562337
419438
858891
411969
243274
778741
113812
922903
811370
974059
561863
370960
669676
467743
611067
609232
217656
674340
36165
217992
150864
970150
612520
192936
174781
140725
699330
354972
32000
573413
12618
458224
125448
692175
383309
172945
915260
78070
637209
423432
928042
885422
399246
183007
45259
706223
202519
95163
46857
52301
459368
206618
534775
550735
553790
689884
683138
58402
169843
628421
768609
800969
160861
511489
124735
653702
289917
179602
375395
878181
163653
454952
162946
494037
198946
581535
489394
847601
970832
373078
474753
135671
354416
222076
725819
903129
415223
225690
201127
430227
854437
491349
347301
966440
655981
978210
278148
486416
515977
325373
547005
629246
282193
41981
425861
414481
262150
957922
565727
634140
124904
550560
911286
263753
180094
365343
980209
542712
241376
873381
336783
36874
92534
558233
481539
421864
584494
461366
177478
345031
918383
460720
985267
445282
4717
995488
768208
838571
279976
941975
742029
929450
380732
363100
808650
962196
106563
336794
633058
671992
666684
845179
296528
10467
693718
736976
346142
191855
178304
983802
725320
412400
422553
504650
240674
570132
747089
921756
822233
803449
137968
825288
178003
958708
10448
875067
268783
395022
159280
775045
836505
439819
731744
961179
163093
886261
477377
254114
357841
350038
574038
438115
152743
192899
264974
406941
976641
344758
632224
903291
919266
554818
886653
480189
728296
658184
853867
556895
156369
206470
744122
658362
822951
996747
545636
949752
729590
863553
984129
300240
504999
48108
62473
387656
968618
183401
547567
92583
230904
366292
651994
280113
927809
458276
641640
976262
7841
898293
884740
640071
197041
530654
989802
550408
598645
735309
247432
650767
766884
762263
543630
546873
670885
76078
426275
447864
280343
556034
195815
259564
470444
248517
127601
1005
905398
185501
995826
418693
422424
880435
92578
264039
198364
935019
683016
675635
739652
522990
680316
116845
202246
24879
304920
940264
508244
672246
451161
288474
816087
915620
132438
345992
689180
606768
89472
980993
316090
863700
951536
183594
466013
697592
515204
167341
976880
275626
462279
584797
533252
628857
991845
460003
251455
945438
940840
372360
125921
71096
287080
467837
907471
376767
440953
814690
677247
398278
886885
277635
628895
188459
801988
987484
78398
427984
393340
978071
303621
778779
679497
666243
343790
378386
229339
733888
610820
404037
993205
445583
453350
724498
332168
845150
329441
165312
254834
219637
655737
654920
492233
139905
748146
871264
661893
254968
550678
127741
364617
497470
581380
197937
559559
876400
698387
996878
702327
156291
6476
313532
430741
897917
498753
245958
226189
422833
931084
884543
432460
404575
311252
123213
364768
466226
294122
857465
877739
270251
987540
647228
724059
286826
402622
362000
438586
240486
289048
464602
713754
756689
56647
347984
545400
209871
294895
162844
200382
317328
611553
52631
476891
325037
288116
7345
87714
252395
907570
233331
390118
614128
246654
587733
883493
675751
715836
647542
41923
63513
313322
696513
886740
297258
956816
959188
867524
547252
842962
690642
642142
142669
815285
873973
133574
902963
938848
913264
251695
833940
589571
633726
904036
733988
292797
778892
344843
203981
725685
531219
405490
355861
394421
636127
668495
259139