903726
46259
864494
407751
66912
819058
398966
590536
409765
517135
625477
257342
919399
845490
636123
664039
427598
704818
75041
987800
100859
695354
378590
125102
741891
749013
610842
531106
384201
735039
234988
254571
800405
52335
606203
776379
701643
684303
675376
739325
140219
419659
786831
364306
315804
321412
317372
859561
228948
310385
635139
663598
367338
847789
616605
280793
918700
884627
189902
452288
292874
733858
483835
128812
587122
384984
994530
69364
247937
444580
540462
255877
520188
393358
912618
158715
205438
440302
219589
650750
374353
964739
938322
901503
984384
30244
390022
92894
678668
879972
896101
750862
808530
867909
589765
14362
442064
567766
405484
718198
281221
263686
630535
220899
13399
814827
514492
984070
905886
650259
110087
31105
621996
169142
835851
561258
631823
61273
232799
942149
963165
189908
416927
751866
619790
450951
140915
799623
687431
775782
143719
607925
912996
775246
252094
110397
298357
742058
715192
902880
107654
626660
604129
242036
168722
594369
105358
415590
209015
105089
754292
806077
867833
358506
879555
381428
381286
263927
56962
387436
961168
336148
123044
485882
989244
851260
587878
750508
632371
726159
287495
418267
828128
714926
991434
760230
933672
101438
817508
282309
189648
255815
932333
667988
356328
537871
74256
404546
431907
423327
999166
183502
490604
585954
88156
711782
455760
126582
436991
65619
607445
723974
166116
796611
324146
716312
714576
991935
693969
265828
752772
136332
189879
591102
413463
582219
824398
652715
959902
509308
199636
422192
664209
141062
612245
625322
335402
984407
734684
610281
555676
471783
33819
256929
876134
952587
78590
277854
742213
657954
940202
344777
214851
802011
350835
871479
792140
618458
643128
48518
383001
164439
953119
668140
22270
627043
432584
743322
660296
574458
111837
314642
576967
179165
691628
64178
428561
920599
336467
895926
917421
497227
101637
854961
942363
684011
947538
552548
53653
808117
192948
650403
8769
340004
367054
365825
217144
571736
237100
963700
223413
154548
477972
946918
48645
183833
945984
662862
447508
388277
423717
754423
17035
636868
351054
772218
638839
348939
10027
767041
963483
445773
781640
908626
194795
546975
540708
759733
634346
415533
141426
195005
583155
792903
805054
479373
803578
112737
738379
43140
660895
483076
390881
593032
344083
486866
466550
281844
127062
394681
842417
94586
82579
117929
728099
77021
508624
901025
232548
429721
112053
280511
501811
785695
614491
275686
652152
464351
125403
146504
461914
900343
695112
769934
198209
53949
39
932152
256450
748471
276079
885353
634933
214215
627941
550364
458904
63443
595120
420590
238673
852773
422530
611412
274013
422862
510814
175033
753557
671261
892238
96714
665091
294749
997452
738471
198286
400735
100815
852821
521849
483079
435401
426046
347674
878121
476045
857796
841905
243164
301824
849770
840974
290034
425990
660517
995704
306895
623248
987361
340045
564551
928410
16285
130682
367737
507335
316045
406761
767476
285518
85278
798882
146125
728475
51911
862542
161396
59355
469913
473113
494807
730531
141789
161876
41985
555760
303125
986833
36081
886664
93662
252394
536452
18626
858851
789427
651810
55781
703593
742084
513334
360042
399448
795336
444931
560212
846800
427556
39258
858770
327379
107392
404208
961683
372032
381619
478328
356852
445996
450674
783806
114537
345930
985862
505060
826319
278625
339184
329514
718210
706741
642303
575552
119099
352818
513607
1410
755244
863898
544770
111612
53499
203957
374933
161269
878680
726716
477327
70326
899387
227679
113298
516366
252345
139914
379940
220748
781196
680871
536030
657515
970619
267016
221879
94073
747531
294127
705172
794009
599653
382295
501197
845395
688148
717376
895467
682684
25791
523676
462543
410143
974969
315010
317769
90702
558410
512988
25215
199611
573542
884672
873039
755027
432802
240431
602218
748734
841987
668879
606281
609930
943418
323364
812507
509416
194754
600376
378508
494042
462148
838394
959582
873523
558990
535550
874231
749476
134055
750618
121776
309838
331664
742182
542758
731378
877553
410308
894013
911933
499153
226587
692799
504077
374483
394340
501751
930993
139388
187885
876249
515504
575791
938942
212985
334567
597045
79805
563462
838708
554445
128629
919662
677189
374397
627872
725023
428837
415203
677620
292180
466160
95796
751244
914015
290112
823338
22311
11409
449303
452370
58749
209217
270981
609866
520614
173392
62746
464353
923705
956287
304166
549991
316486
849156
670815
582481
419132
4800
360045
848009
722921
821201
884620
662601
920872
811846
894181
189422
315399
739333
422711
721768
119234
34935
912968
712099
895581
71829
447707
458586
969705
224433
967055
70949
428620
888758
922413
580972
699039
706639
88381
724168
125815
360753
516763
331054
197843
836181
377520
918352
655048
459803
500167
518317
11729
157534
434838
138228
106632
903886
77220
435249
947686
127354
554513
632030
841624
277468
970820
296715
485967
881568
204280
800108
619654
703896
296128
639712
526842
651787
528200
449408
197395
271948
796810
80239
902886
973585
928618
657233
286206
312573
809026
993
192895
985446
537505
367812
590092
454454
537155
573769
44269
714930
569092
948447
696902
486686
222782
575260
819368
443438
17939
521362
285363
219230
667411
638917
335326
155688
820024
514319
288391
279442
688785
646607
194948
264208
364010
308200
916615
182366
5386
336323
73386
58829
612783
908179
359800
725087
151426
991230
857657
122245
188281
864222
138080
656665
72773
832689
864779
27921
418273
802622
330293
806295
250496
344874
245754
956282
912896
616682
567593
179338
465937
851483
655216
621790
970597
625675
776307
951821
591408
929479
170512
813240
653525
345675
514037
792973
6384
72012
760987
34336
214972
386642
631402
296641
369656
64691
23938
444922
916919
273861
74315
325344
629877
624003
340359
312044
918899
911613
261592
544255
428632
927832
165498
635321
404412
605190
696885
114643
840627
152217
484912
447007
493823
258527
93377
844391
650730
67952
101639
107100
462969
310108
171384
191562
768751
58957
915062
883382
314161
72251
623934
12928
958437
137095
335399
28467
176040
525045
439624
705046
293438
903517
347899
509776
130094
676063
967013
612343
924474
601579
527286
305712
399360
647584
718580
969256
103423
547127
862168
362410
109967
647816
984299
442041
838824
150622
667608
383585
462976
617021
237590
186718
55718
556616
906415
465734
36513
242827
181470
520341
174205
115136
861247
939864
927282
333413
7020
502731
623061
746159
381072
272360
904761
344754
995366
973785
192611
154014
592163
180062
943683
583979
838340
636579
479364
385028
571910
640918
252183
896982
378542
519968
991081
787025
121802
881587
445021
662208
322670
356792
520872
92704
779168
15050
180775
212118
407817
515837
54362
908506
514772
11209
97818
974698
236201
584743
347306
49813
401135
851414
767214
646646
927589
539538
45916
879394
621101
833895
623584
544977
451807
645078
307060
494060
680338
169469
488291
720705
51336
924142
643702
448449
881771
920093
109713
964439
303697
985743
679841
843952
180200
673393
27078
646453
376940
60357
996641
500068
93070
454745
767881
769676
901073
715397
267121
773651
938371
656416
147116
790973
424111
445125
536093
71581
101790
303673
135338
697034
185841
63432
952824
516153
87067
199852
714178
752547
254948
295206
380135
369017
141599
632253
715851
791742
264552
360316
912943
618565
442970
554955
159373
96884
952344
107849
626874
771073
20726
782059
62337
393795
815005
874342
417418
663512
139524
394712
105472
68143
143887
745126
982924
271275
850820
803586
70190
768785
352480
397383
286446
945403
896681
796306
388762
527591
288931
661204
757349
762871
660537
171542
123306
593819
601846
998077
303364
161568
948409
167777
580316
226660
760875
662135
804313
6554
693959
356698
91840
830829
559863
216885
275702
520492
737260
291006
478947
925483
125922
215991
936372
5894
719643
477654
368322
626208
638431
464302
81597
84800
123973
52867
960042
115248
73513
814869
848298
536261
174589
478281
261357
982514
191819
660322
26571
580515
660739
412131
313746
795653
559237
964922
118810
36016
778908
107033
289524
404258
156392
372268
453759
760429
88414
954808
808472
788056
845643
806324
772270
977709
149607
510275
161799
881878
526196
552115
716376
650981
333279
954999
410611
240785
483228
580243
440142
684659
25157
947032
235629
271538
843264
555445
538237
255731
635191
829717
200373
66639
517148
337746
772914
870892
482414
514207
96890
644695
754064
962666
806213
765447
412370
692699
692140
397230
791419
998356
829118
817354
443162
50667
907873
440167
666133
122197
475670
847549
792327
157275
345586
611892
575261
653889
529820
727024
347665
37372
58137
586503
794384
386102
711748
723437
792963
239911
61946
125313
113539
711975
112969
978620
496390
440954
441090
840595
234042
417803
28577
879940
979279
938810
559663
788677
961071
483117
439505
172790
626830
656814
878007
238115
209995
411044
985660
616698
146259
111769
252092
262381
346800
493243
255557
164203
976217
197206
87567
885310
807204
503778
166041
313704
844668
756747
281576
553432
204079
177670
369726
184549
329616
495717
211246
452111
371705
753935
167851
95609
751757
434832
440777
773368
501183
460890
652017
804970
921979
935554
572745
461089
36093
577163
942978
73108
906364
177858
653934
546752
124348
550828
903724
358628
880923
336422
354478
977141
863417
310967
345357
271084
631135
555069
731773
934601
966178
840188
241257
865679
424049
614864
315878
334029
126877
767604
234079
963785
845017
91345
7640
152821
651706
743035
928477
470917
336128
154176
770857
787875
175828
847889
962807
624237
374669
516902
399255
212345
679821
673355
915040
429658
18064
600695
864149
907332
29147
993074
900842
18730
157380
240948
911236
241257
647952
695946
851002
63255
886266
234297
540897
874811
677245
322210
681056
309349
287604
267371
429446
89870
990219
724908
155028
387185
603221
797422
632544
448647
34577
359396
495722
619753
929474
753636
610013
22894
692951
925396
879934
991077
380732
892608
720790
331425
42388
313870
726557
502409
414722
349226
27709
714753
961136
859026
708088
950689
16878
286845
952701
620986
834058
929006
502336
611559
425952
609903
38903
346829
65056
77077
426660
662712
473440
973186
565220
887306
940658
617498
428033
692495
639973
471975
616800
453458
252362
618898
934773
7140
244886
45479
176603
48360
815344
560111
148957
473007
215785
891578
334624
599132
476115
434430
497058
63566
289871
786159
758764
467303
717712
401095
143833
218399
744552
282605
650774
827664
480961
273944
851494
602669
297896
467060
441179
382489
273451
256350
383810
804806
574614
816881
547027
919755
112911
995591
815004
396849
229953
633933
471874
519567
891452
18335
860147
546372
547551
45077
76837
246876
682712
82947
784032
669718
203704
774539
448118
465436
474403
143411
296338
328959
96574
849248
30187
72612
34387
187144
934986
600015
858577
272515
442145
621331
225860
832217
130917
478760
231441
682979
666274
190478
684588
669236
245104
643587
963235
785865
244670
746559
928820
5496
883874
377837
497686
760852
199551
786130
111719
2588
216887
425309
639688
956542
979379
855504
344563
615500
340799
76131
953108
370361
455457
703364
41096
288209
72532
533291
576794
180996
47081
861566
203133
669564
866489
278001
616318
739613
571685
979322
131481
268114
607766
597223
285010
473451
720361
465521
923638
681136
576256
900809
915570
386311
241631
888073
497604
438205
638540
722096
283010
759467
183747
2699
499958
648607
660247
365986
145061
977448
192969
721617
71931
241155
386083
946663
834347
226635
612209
601568
382319
167029
137912
31046
540029
539890
488203
948778
439224
595293
233635
563859
54666
744297
665794
65431
578758
975434
649755
898014
135071
317563
805065
140043
772014
484806
428397
678514
768865
511028
744221
884612
266098
201270
334548
478656
252445
40650
186409
45511
141245
817325
474989
48019
174880
694754
770781
939592
620196
870294
349098
577565
928920
523641
500282
880891
471618
356556
497819
490626
330859
157459
960036
347868
251283
312521
387716
602277
757461
602043
796479
790901
674294
194669
173836
537979
743580
533467
222980
420772
809065
786870
929560
917091
552848
65844
725366
251522
350592
908710
921623
915735
757389
559256
527038
153550
238638
358658
2566
869947
831549
390428
515606
683847
474629
91283
227946
992672
991478
719697
774069
609988
882421
395656
417656
131659
202245
285178
825844
276308
97772
867467
64334
934307
420346
15494
212207
217029
446384
244163
157555
768179
266853
494435
895031
195509
525886
518845
392436
740079
118921
788633
948389
129392
978697
732238
865617
100611
565565
207502
449651
627855
361908
158888
665562
972764
731422
380251
365609
20926
383383
636539
186464
751714
325548
489364
209106
164468
550484
335000
185673
6937
107641
725054
833673
591914
995636
106938
412831
147564
607939
830113
843376
641374
514065
45164
737766
200335
192344
452921
95117
438136
356878
386294
197194
733633
442032
353943
636412
28526
539996
186943
829156
794136
617233
249309
357985
219302
221767
727137
784523
937056
449192
186634
135529
557684
17391
234446
808883
642158
324170
998530
663303
783612
772601
61776
704736
36016
755249
454381
349034
801283
594015
463529
231211
165393
802782
285462
866041
543566
690912
703756
86467
46088
759941
318208
93297
120087
504608
407
679722
771885
310402
498725
422040
979382
646605
763630
659744
719000
218681
719530
690100
931662
557905
225359
201200
553098
109500
305716
900140
892059
402755
284686
323009
246946
77519
442174
596379
289480
944753
759993
625491
344731
641558
967249
968271
677608
666781
204908
315954
126127
668807
404002
308148
997671
434157
103262
943078
972950
194741
542847
109887
343970
90764
103827
544401
498220
407298
658793
470368
101842
498014
493507
52244
936086
651047
842668
888516
227976
253434
455629
634091
148447
401048
428137
716165
334038
752857
222554
729882
521773
887920
327642
823643
474387
250988
407328
774741
243845
598629
823676
768150
276154
132249
504362
661410
251738
754628
957387
631294
530079
829626
669303
210254
851176
469850
496800
612674
291710
641919
280006
541121
459511
942749
426967
657940
530663
634642
347964
561883
93349
262351
106155
482376
94892
864313
15947
689139
552645
524334
824401
966781
633606
514629
939300
207646
99691
630421
926788
583851
726900
155302
331052
276552
279495
394496
567227
115989
846267
118443
554904
512490
122673
799155
101919
70890
364296
97327
511668
661660
912246
827863
813102
181555
440869
4928
68224
207808
219398
820066
341607
610289
858174
127766
97172
746459
706049
46971
81981
415300
323696
749398
65414
906219
90827
266621
275316
623070
143397
110010
704707
115458
427652
866671
50444
841966
804163
573504
16999
108081
619752
534814
216772
961945
127964
122876
761590
291958
26653
331051
242982
378630
110368
436395
522788
55508
532952
306736
455768
112010
274229
299307
764265
66735
851842
593008
407042
629982
454964
92709
560307
475840
266386
906634
599257
575955
443692
241391
515726
865071
57042
489338
344817
862872
144032
654219
110635
498160
154873
109288
791350
314533
184794
164260
121198
943765
770846
968347
888949
630633
227183
547653
948210
654920
428410
922950
636980
134810
40584
626593
909359
514704
180925
950634
205441
175824
241660
71174
388282
965848
425487
41030
386954
758938
19066
95247
604127
85328
785582
78167
177132
425416
971002
773937
605106
809166
593101
403176
412066
960917
427250
427758
152681
739002
404785
165153
307288
714577
443057
685547
23051
445514
855319
391914
585273
634599
103168
524780
451180
772386
664352
294922
410936
911149
129257
580953
220592
822330
571166
284162
313008
581578
688325
283067
176444
920685
319992
718069
63603
231335
973658
67851
804199
184712
569128
146200
93939
424886
231530
969495
543349
604671
16072
107025
620322
785784
414966
341731
645666
52322
515502
668672
773976
681897
950923
744424
441198
415316
383641
110360
117340
520848
428866
508393
345416
936861
2682
482684
815861
157198
144889
876617
973030
927297
540412
340190
233491
224477
689961
980166
491453
15112
18897
388909
803605
301002
449480
929432
822103
841043
362170
222102
630735
902244
115650
864892
6832
402267
544090
748313
419302
1708
951129
249095
792376
987982
106876
117320
647664
438582
396640
813576
702381
450522
192661
808506
351378
592071
964963
171055
193898
667798
997737
236372
658291
167558
150030
671530
477725
930168
955964
206772
376867
408237
198296
34016
528796
860569
436205
148567
269828
925441
599761
762878
771776
59649
180115
816187
66740
606703
135035
905710
237816
12501
47246
304122
586771
235918
444869
120442
189633
312513
44486
293621
100812
368091
407949
224645
142576
140774
7043
398859
177123
107983
655673
841729
74188
319443
933012
558487
433684
607111
806689
252145
607925
423440
198288
817240
665317
489909
59204
817106
281199
41704
468791
755843
997109
649416
870200
727407
113377
199134
232316
482628
695338
676286
37413
583732
443321
756263
166843
725055
377120
844889
598488
973555
744269
771991
374514
932194
168971
806115
833019
304973
93260
180255
111292
411743
527962
414842
818149
407749
818951
452183
868328
6257
222490
663603
375089
378698
54448
755314
496649
463121
162443
634454
573258
140340
896043
225724
783303
786494
522789
851033
211432
903781
737536
818178
936034
37950
497094
46304
906202
796701
702466
153771
313162
577639
823930
602108
234534
82836
531475
672762
718249
152798
116669
23781
767739
9130
544183
773459
825513
99973
264607
518584
838268
782265
279249
578084
743004
302666
655855
484540
776051
705676
880525
867812
310081
941287
670793
156265
550660
433451
693529
308140
717993
645280
764101
319063
622681
547113
72060
608117
278089
65304
866150
433343
713945
370487
931138
682700
492020
643751
498170
913177
908309
3278
576699
557291
833685
670656
297256
179706
822342
133760
622655
98239
407552
69574
6790
200660
633503
921349
864276
563165
835012
494872
189263
317431
281221
842565
39885
882103
107074
404025
124538
630432
163409
170566
590164
166585
816601
930542
156958
72268
972732
431912
33096
23249
175921
241819
373070
658702
440557
516591
742396
342879
765689
930761
592812
238775
850205
317312
832995
756686
513334
790611
509466
559852
335381
79771
577010
859744
119768
550689
222497
266301
319976
361363
652551
95861
857990
512518
292932
726128
947679
143392
321175
608001
272609
205451
870777
647565
816002
871519
937377
595734
188221
775289
741285
665827
732492
402178
871290
389831
986682
100832
353117
851642
704319
136868
736760
703665
835854
896672
223232
970051
293259
979839
538089
818053
528002
417597
108110
867864
94778
806425
709068
617006
929030
592789
175783
252960
80054
762632
815421
466197
20305
899206
887519
892043
120352
898553
737229
192607
929591
14522
731508
452781
229322
289850
605689
251802
931520
75071
557887
520879
477448
14875
592356
873495
851039
268959
797478
942461
730301
670
92116
215397
887722
302728
171551
124432
705560
164013
123366
576723
237379
563209
162793
207786
491332
828266
539054
445895
924438
330839
925225
351373
503907
952987
597490
560116
195814
271730
839043
668086
302717
769696
94693
276722
875493
560932
438346
955475
725224
95245
92958
732802
114946
638835
908660
46119
712485
108985
477826
109662
55495
975485
394635
873167
939281
352299
535030
341903
44574
721657
73920
804447
805173
851329
64044
635140
592465
699178
545967
866658
234245
367209
959547
849493
835660
255329
59661
974980
502230
465709
504199
402408
339935
19437
97659
358022
208340
618799
898161
380600
855287
352944
277343
984121
624087
859334
756478
240581
698179
978094
869098
419770
980711
53735
665378
218515
173462
598631
133386
685002
95469
524007
972951
343091
472489
711802
836709
135752
218187
68984
245236
535229
417574
654945
318249
783993
515950
397704
935248
681148
32095
722029
783268
202187
853974
596556
116023
456783
566301
228836
340723
806755
627250
574937
456297
766057
146504
34872
778926
660370
759113
365227
636067
44721
254387
570162
696229
474002
85664
746728
635784
667900
252453
702393
462002
957464
8220
298425
267138
466575
152639
275692
322222
146670
126449
480890
459086
57170
151245
749553
251868
251331
558593
786760
425143
686260
123012
426623
495165
765881
824120
507769
985293
914159
151604
6456
320000
981108
693099
687547
481328
636547
122441
559122
103242
135852
17669
511015
499197
900045
638994
817055
439335
756915
745992
245678
459596
533248
819648
912707
472756
974159
289723
705162
306786
13303
365146
889817
121303
59641
691055
547476
975275
589015
377249
961864
418783
775190
20774
498369
698460
406119
44584
271766
5312
849261
316061
498618
456878
725497
921345
138016
586940
655441
637942
485112
455210
160661
184792
127611
207732
209488
309254
108643
913084
528820
452695
574556
812205
241831
831372
822140
441644
320397
617503
392557
59192
345833
182106
310462
560064
816045
488244
918592
787395
47812
441531
927226
314753
863473
83528
389012
851557
467591
801190
49696
525940
975934
548065
328051
98903
269464
908097
39723
710446
499539
807010
542401
87918
217383
366706
131163
917939
702521
883113
171828
738367
24178
564723
958830
963886
450124
731454
512291
104892
901321
490323
879471
910555
741322
400070
741042
746369
911049
4986
217332
818976
619347
201527
978491
891326
475188
859067
143825
458070
110234
391949
421234
163543
386744
829540
505609
673268
347604
442762
924804
557296
722324
564103
400006
571254
411507
191038
481883
927581
377718
860698
275982
138272
501253
223584
491280
861199
962783
788854
388849
183871
914472
571739
843634
96194
452252
41988
847333
77243
495190
107881
347988
921238
334981
654923
949186
197656
939719
841040
389233
120175
499192
799517
941766
801740
832611
587477
42207
652742
916942
578623
840081
657042
436681
703435
4741
414314
398234
588492
642801
185263
666976
266262
807423
41955
710173
283657
426674
513852
666007
953019
49579
940895
313837
473854
864391
518089
76502
290125
292944
752440
306244
129007
405595
27432
620405
899806
500412
109118
930323
519614
378908
533780
41219
383784
998002
998741
319293
258119
267989
598264
665366
757757
826806
335599
244864
323730
113775
708499
366434
981080
408371
606523
953769
86399
293251
135313
337526
657761
819411
824135
880146
15943
549821
282263
114808
697421
22853
908971
104043
247850
982933
262141
605985
40536
416461
132669
947186
261041
870726
994424
914243
829486
556612
413008
579433
609994
731867
419412
111323
94748
281672
645352
369315
966040
247610
856774
66601
577347
93352
38902
918321
273197
380778
858080
379994
728831
23484
449762
866371
667406
71574
533571
374538
572092
196038
453744
520780
692893
832643
382843
674981
440639
28008
554880
460310
129553
491954
919407
934747
884945
970389
147823
743472
743165
125695
595561
366394
988760
133316
297113
729265
625500
354776
604299
181733
340344
995081
325218
675724
710765
91289
396490
305628
814047
682629
156745
694800
255097
607409
365779
323732
291703
659034
852959
119936
797582
966052
376015
530573
93296
135443
585000
987397
125686
910658
860314
333749
831340
770706
605840
979601
701810
100253
389906
852808
550901
127494
175832
796182
534210
718261
12487
978132
943131
755155
162212
193377
354422
454773
373540
287121
926798
566079
561880
444992
829077
254097
789967
701813
22197
462975
685875
265488
306539
537536
191486
748166
901434
108627
379239
494642
782269
91911
328848
198672
552922
838954
865583
80067
428764
251271
237608
7639
344065
535266
649124
958313
956194
24270
826996
529760
733680
566474
945839
20963
89214
509113
517946
560356
964413
996600
88213
999898
858715
329146
972303
844158
608165
491356
469539
107946
974841
415250
960858
459061
280849
923958
981353
433779
729586
165702
605849
484078
620183
809207
243739
107633
113717
926084
808661
824767
902130
79151
236210
777045
744929
508746
667156
550715
290511
44536
756244
644913
517657
34621
409324
550092
757185
909830
257801
245180
180811
337898
244081
186625
767575
745040
472252
14982
278539
797260
405004
589335
431171
878089
324494
325569
256804
365108
81349
8675
408382
393298
961848
315882
642510
729385
76662
307237
804712
400725
427830
979161
672236
942360
93056
347696
444076
403669
362156
97978
141671
290847
297919
680725
990722
525746
157847
948575
791355
116553
830827
384328
616008
244416
10670
999516
492043
94375
149408
363436
998294
244039
710872
563195
857391
48516
913695
68115
718421
527202
80450
415735
207624
165702
360128
52711
928943
722642
329194
816644
582667
158582
827555
670810
867830
793225
939217
133886
828177
52333
357533
175092
643853
945832
715025
512527
957939
361743
71597
744703
797556
606585
580524
840557
941897
468277
536261
258447
294385
251329
8157
486631
985798
353296
989512
540712
872690
999805
472700
438258
249957
589900
891352
533910
33869
191312
306073
528452
993926
892155
850940
601748
828601
952471
982554
428042
18061
952998
572032
139961
349330
595210
309419
365692
715046
257629
820064
936434
631971
964912
247043
176484
82889
755384
222562
217842
269864
156514
836514
992036
156940
589176
738956
479500
21546
486516
351767
776066
3829
745913
906480
523360
710039
232483
113521
12271
172079
728898
850761
868095
149154
321447
588944
261961
669615
471900
538674
335209
685645
682720
28663
714659
358727
684030
290871
16486
319145
857923
821339
463997
784633
476668
977304
97951
897568
868271
611658
960619
573649
855356
121280
675997
677097
105387
182954
224832
36358
966789
268073
166963
69591
377678
998234
900754
5680
371663
410530
313130
114419
692630
149550
777994
674543
637712
683397
302783
636029
139421
245707
982398
301003
900218
168008
426998
919074
431678
35260
949215
192473
948566
90106
632554
892743
75531
451871
37388
972416
663183
603494
693399
377973
124906
768423
73806
727406
886868
920811
299533
614678
445993
184618
487745
805518
270875
914719
405076
14489
581190
431970
18263
761325
73403
39938
632589
47679
558702
942276
646986
406165
380626
383241
124785
684120
45922
976732
691669
997953
935434
41854
176555
473962
262355
58080
923231
835853
763021
339542
99022
194685
606854
421065
202748
597452
190933
766951
430442
963649
451188
645327
132920
180279
579209
648334
9526
871005
153938
736942
372694
873124
227097
545422
399505
3670
355863
380835
573699
141213
205417
170454
318266
462597
841012
58956
200294
212037
698210
784625
605760
1915
275845
584679
639059
348932
982168
79724
705607
781762
948384
931456
684246
84293
32758
722670
734944
830814
124182
371214
750468
632830
468163
73330
844824
547457
463913
721832
549852
187283
236553
511872
354351
450419
942099
476648
640152
791736
522255
871294
962912
278923
547991
246420
842522
398520
299441
374574
436811
840900
615351
805877
938680
796563
875529
903267
252696
353548
162539
626837
452772
8558
391566
702871
862893
426400
989600
744494
983130
483404
598619
17941
124157
139937
684490
748214
665663
971638
854756
842327
274162
36862
952732
452358
946498
934437
268958
887444
607873
827698
743179
458793
895385
771691
308215
188327
862149
927585
110296
239497
104773
77718
487429
431753
671063
793988
551469
492237
569194
746754
192658
670626
962074
928438
535567
397705
311902
364885
81188
658766
998618
818969
959964
924531
211352
120978
58970
718280
673749
802282
449805
164462
913745
607399
136875
555086
665186
945189
602155
915343
90588
779064
64525
511835
513364
83139
73415
23933
615562
125977
150171
59494
78489
574441
65035
443503
382141
998645
602560
142812
633685
304106
922319
228556
63552
907304
788189
54092
456472
809391
193638
514638
890991
735078
296919
847052
689203
908093
817703
285282
449842
283950
681703
403004
195637
808358
240633
128655
70112
800291
711613
422649
298306
623271
195759
118645
276031
866902
301607
730546
960382
883485
497914
632106
823927
203398
802560
474967
394299
448135
617016
365027
439856
475676
504022
194709
868135
821931
705671
205622
314558
46632
587577
840975
837754
704461
823855
123772
745056
849622
510464
36685
417214
267655
656817
101186
529583
130836
159262
604495
930755
154711
398845
11857
255057
948529
932604
937981
973003
527584
794135
708669
415880
486500
633978
590642
364901
555806
662222
521941
858809
815877
771368
704869
72183
769246
411725
220529
288222
547959
219974
384596
814458
994235
848859
640121
554515
561010
76213
987066
30793
783104
632350
498188
460071
969548
567577
118486
783083
398178
614520
449666
537119
835066
797269
121640
437244
418852
113688
112059
697301
922282
12755
918816
954542
111254
203153
224887
465597
753666
10289
668136
286812
327233
178098
53474
242088
751806
578028
722963
467507
475656
245870
545165
533361
184357
710628
921469
167460
54580
556755
257779
648541
813614
973620
859718
644071
454208
579091
384352
679812
597148
981949
549132
376618
156561
651528
766497
382811
762015
604405
502758
923707
536530
206093
630347
691493
46546
443390
787519
793275
205276
690321
76528
925127
335114
50269
151142
178483
233197
457104
467636
362806
956474
140781
311464
165409
347405
374528
162174
338236
465407
542154
532519
218587
549794
613484
510255
114285
160447
520620
143071
173110
178692
365111
568910
192014
254214
843768
904060
356389
198955
414716
913105
106427
280881
418250
990695
837074
575935
842144
241600
75676
401492
423732
977296
338615
154854
829572
829551
154773
933468
308009
496510
239800
832315
876673
554967
844187
578861
437662
951597
54572
336920
169138
20443
819486
263748
226249
200616
741157
272707
107672
283413
436406
677319
462809
792227
830107
358382
23177
359029
827657
941003
370382
636407
575515
59522
698670
615630
388643
960224
755505
897353
620973
396173
507328
258594
841979
706633
157198
653864
263919
781587
79845
855315
136470
329488
383752
335706
948769
137686
440664
488891
939389
180091
918839
745526
766196
225973
969985
77493
895761
344101
215003
523533
270235
790689
264939
610467
417057
908005
187052
296277
180457
230778
172418
768511
403022
110564
214327
261840
240916
64799
563169
632902
546062
420922
875667
355486
984809
178892
350913
414211
621962
444108
982742
61680
241871
616139
800783
233902
724848
256110
844456
340432
733339
768282
36216
449610
961661
278126
290231
664929
573633
259039
246429
416695
882880
402497
531196
778405
482789
141976
639431
311041
335663
102424
804260
230559
215609
714989
760590
818890
670355
258294
411634
862310
205444
947841
580398
318253
798616
563577
211611
955610
497196
506791
623779
588137
280905
764091
935980
753009
915038
749287
391129
455909
200128
603744
649005
981278
650587
524595
323305
99986
554188
570876
220045
14770
775418
563811
405293
642933
933190
227682
17859
382429
282360
471796
389504
682019
635682
132748
353536
644589
892786
458030
105446
606331
128651
692153
525168
558068
285109
655631
86085
496571
146224
35685
209235
833914
175630
197893
868855
734973
88239
691320
543883
753581
48890
556355
62325
194191
337339
847739
505718
940253
260180
808989
362244
581923
738530
851669
252241
767112
914011
182275
524638
662521
198869
590179
153708
544465
631566
797489
333330
665868
68094
48084
912723
13256
992448
21928
223946
749048
916990
819716
85511
356327
638229
227654
695509
287093
18192
59754
252365
700332
458782
806101
417573
374626
253473
829822
79608
383463
786742
968094
810472
890315
192647
869656
971267
953044
21907
935805
515687
222995
205167
580154
108968
658804
199314
8981
878715
467671
901873
835459
649934
759851
410779
420453
803853
730720
397762
887309
978849
76760
960029
540871
1601
497281
711407
52018
856947
948681
754240
710493
304472
530349
254897
940656
309354
904666
738317
695999
222790
43201
895738
917361
436284
79071
367992
535558
904357
73375
403083
614067
866647
737877
263560
427888
485007
258500
202342
635045
174565
654875
633691
962202
251491
678716
369038
973319
832593
38671
276761
340336
127470
247915
535866
254782
985111
535964
150081
530369
265970
33496
601985
979482
112076
940872
813598
744222
982721
68260
177211
222175
509667
867005
501712
704504
122117
963998
975805
745585
891720
649399
430824
591424
267991
69322
907693
534629
607754
348662
46702
618904
824892
315598
158303
417391
805693
925375
34418
102918
236020
636313
523682
234322
856962
493364
798794
168461
895212
809521
355159
59534
887455
818748
381715
709303
735906
835836
66451
725383
730056
722017
526635
497564
399553
601072
226824
434690
883530
685766
642251
745576
227280
477117
224007
42705
553406
221599
179081
753411
325683
586577
675412
524218
398366
763708
574541
432156
861209
468296
781992
878959
65904
907634
824295
951581
301560
690475
591995
123354
398030
954914
888467
203969
928232
67997
202498
782828
567262
206518
48303
728165
169677
853568
743275
524219
326691
140736
601906
399332
542678
291603
575845
157282
887904
830765
473938
594024
838056
98078
186679
829093
293891
351649
272253
47010
63812
561298
842008
548368
712134
290836
246218
875718
722443
77157
777932
131276
478615
238072
339786
770935
446560
334472
566207
574361
736075
825128
324304
532049
487832
751938
567750
459808
365084
348510
504298
563132
619257
133678
283299
539848
326584
125921
888431
881449
242575
865099
44338
755794
397696
521813
108879
88782
194635
275273
205771
477716
18474
454181
452459
726108
889768
606616
48688
91325
817325
507533
323124
761860
88673
436672
592505
353552
320665
179225
915725
461526
488804
487744
683842
468940
373526
992544
250802
817101
252332
804070
134782
93157
15053
274094
519872
414393
181612
621253
118510
634731
669811
761196
642748
571623
865502
907945
230305
225403
155540
443220
173606
43306
786536
431558
625515
907948
317076
75593
79581
920929
344312
61186
151062
168542
898604
267719
451027
870052
978054
810716
437872
649333
909133
636336
382011
770354
792704
129079
92374
454569
680444
322067
441319
261764
736558
755912
315642
440244
979452
414493
47505
491730
970973
629910
812958
229028
795728
339022
101230
873779
451050
279295
735336
574203
105777
658080
96306
540305
744046
122544
50923
37545
49322
586403
627401
707666
432907
54416
388520
778814
982996
399293
967487
442628
809995
2772
57168
337800
743726
920870
620301
278093
315314
758655
325906
233704
536735
939210
327388
156287
502570
968058
244441
183307
725138
458402
925138
3769
34690
471772
561356
493829
836003
343626
76475
9918
960507
516820
239277
834788
975340
465753
129905
255188
961949
542194
416227
249579
824674
518257
901451
327351
48695
229215
376868
878657
653784
187051
669909
738560
52064
209148
580070
373971
615817
763859
890099
443074
873643
158830
460615
147263
169483
805011
898832
922462
745978
828501
415976
338716
442564
274800
468928
35480
962805
951052
732524
767879
802088
963950
128437
78374
375967
263878
89709
434085
17178
386208
57168
775183
125401
733826
381620
953529
461996
123283
521426
70843
155993
249074
955870
942905
939077
598275
724328
351632
328478
124043
100020
241423
215007
1526
159384
989982
837541
971633
383018
517701
718646
540844
185936
696611
184270
153970
31717
211338
665714
498136
694839
779598
801776
569620
252796
682783
141913
671476
137049
532666
987909
826439
403657
33108
978423
424359
445272
241671
160073
439565
12420
176552
527726
911553
57248
767220
453796
878245
807619
504529
675912
685221
645525
128690
821945
230037
245565
526420
971034
994243
710213
724984
480403
431233
350724
850913
468676
356939
715981
569226
631330
462869
36255
694359
539027
707628
669441
511827
764307
807690
522123
314052
646701
681836
679470
62832
373721
407608
538437
923153
453831
137142
383079
652117
319608
772818
844207
52352
386499
831968
390522
213970
331324
950698
645216
413521
958613
764
837385
780425
147078
604515
990585
608983
536504
697952
505408
356423
767797
995353
803330
865335
791971
648982
682024
37626
362416
549327
173651
772883
304896
748045
369149
397989
721782
991008
109916
262681
982151
36988
206117
114355
798364
607541
904204
874687
882125
178943
502712
949383
503729
251926
666797
606487
502635
894743
750001
68429
63316
169054
73111
423502
33128
297404
320521
978050
853046
163233
538217
504145
465566
803989
295166
396707
973844
731392
355891
416626
852462
157123
482336
659122
108660
373246
386503
288026
68327
895589
274898
398945
592284
783969
924883
904082
206684
195063
852274
434459
890413
370417
231555
914667
509063
17524
259389
812223
24541
520539
905343
538890
743746
983950
913106
364009
82044
758283
793817
97152
897623
750633
841778
807614
647620
635199
744003
518921
743069
349197
29516
364151
812823
443359
220408
43124
627499
778752
915258
917118
181846
836600
544099
281915
236314
853053
442359
591674
102218
458647
936308
309340
467169
3314
621660
481342
278856
310638
384968
130337
488377
493897
521023
299343
520161
474764
861189
508047
555208
57445
888742
859313
467825
318891
253336
584100
538495
405052
92009
562447
11047
165191
848150
268332
944779
902888
310716
747378
136701
907959
561450
535483
232986
911484
104021
481524
612505
158014
495905
679925
125084
71953
853297
835926
80883
296976
240546
932697
744390
714000
455151
203488
255321
635750
152151
416644
808269
938717
454314
448365
876723
285270
362013
1085
379510
666683
82233
951769
579933
43950
646517
61398
477595
33870
965315
649291
865780
744930
757871
81748
411383
325431
486373
765953
921607
615015
891053
225006
100176
328231
779273
801068
826848
512076
594564
191886
76992
761585
563279
957573
981827
497605
930768
812130
676142
134991
545642
841668
187168
931367
586359
502577
935509
33273
589316
953071
252931
188059
959740
661752
505119
550167
40741
845363
409691
564046
111135
621555
420184
327495
964830
819300
834151
978746
606028
201394
390080
735428
359214
242956
44419
192257
354461
573961
822542
365808
960389
737172
488825
104025
520040
157152
737937
407924
964300
786953
147833
347574
129578
89051
73695
865062
38959
729302
718141
649792
31573
58215
193594
470781
939588
177821
657387
167133
386987
559946
276382
627815
414842
666184
383416
51344
366151
812792
380931
362538
632967
547609
419578
440363
954901
354812
420443
448472
943808
294755
859995
891164
288661
136026
272635
548144
158162
448646
91313
34461
77035
555239
655222
567646
525058
508221
719667
616066
745034
124483
771857
508281
398635
403335
917211
596256
211395
560266
527655
975976
467667
494662
398705
41097
210230
987716
766347
853842
900463
886223
888398
194628
744634
597721
548148
909433
506468
449432
815476
393591
282229
63429
166922
99435
476256
138430
2444
972462
39887
745227
846098
509554
516870
151280
587960
484023
588057
45509
365852
361754
815894
814958
448493
407934
496687
457759
543054
585716
841518
474324
696939
827476
590608
686420
321080
740970
306411
321011
164125
567601
687284
790041
163459
574130
752436
724317
46619
595552
241103
237183
995826
550870
702950
804334
609586
349636
377354
501759
861082
770406
38980
875620
882327
208018
2165
395999
898845
367247
980058
941526
944745
388572
384128
445222
258324
278994
836824
961891
108722
742389
496791
627015
840093
502160
379347
654233
987083
632990
935924
801426
892217
540916
256488
441195
276444
650427
89245
556716
600096
530010
50620
895316
452022
160282
403255
818238
898167
560115
521590
187876
828474
617218
29145
354125
877756
51481
90987
306452
348355
35314
483868
443833
20684
740272
424792
73230
924210
44464
888727
488022
568995
682073
40107
256765
719845
681350
945073
22420
382964
618453
796432
95225
290402
439374
312608
864770
915804
863091
247163
833413
22188
400340
27692
539837
203881
236728
804694
314051
759969
266205
772228
563127
243337
810482
99011
288220
173706
811919
823589
659794
132809
657422
74620
144287
196841
563986
810348
518759
187406
350993
50541
743859
856931
742139
305250
450154
833466
890777
54393
580690
554743
294121
5473
600456
209252
759055
691148
695324
206636
270774
85455
420768
805107
662005
186539
220243
11896
927375
686794
758219
434875
431738
856108
857181
437671
136004
981528
700568
501735
797601
924664
222085
341345
440839
487022
684798
597304
314688
123565
304903
777895
594808
151037
178760
914855
437789
184814
507704
584412
419347
323832
283214
812680
735007
597550
834475
683086
938588
64077
495541
21362
110529
179772
730517
434906
869321
878007
34201
302122
416619
364107
101999
461641
636338
915661
286871
28958
432792
935273
9549
675383
405938
742390
178333
132582
71884
79445
311433
449899
628539
526066
102326
84269
223468
899132
813489
162189
595159
202439
76579
167403
983458
108046
745379
312914
380818
727796
990219
916437
557159
49912
24153
982388
925581
456047
949399
865026
559785
123672
461521
795680
321367
419160
827484
573022
781408
694130
231548
141109
101456
553596
548103
188221
552063
792574
169206
198748
622009
4626
695188
943683
947834
210577
435044
25855
689691
725418
886158
814692
609873
868376
27254
301792
352839
113409
13904
742114
512119
243469
622925
202573
897435
614329
894401
364480
627650
589156
214103
367527
315553
794711
505571
548965
81483
502557
380941
149608
14217
19654
278365
236567
710202
615989
581984
582228
129056
739011
525612
977766
830320
321657
632668
871757
875819
326150
653942
330681
477606
326784
409017
846963
383705
404957
553704
248125
574884
604754
360285
689442
34798
678951
674123
780341
464288
234796
534489
8433
332900
701855
350762
479160
6494
736877
773784
337206
632910
231096
465954
990078
410196
949244
341728
662851
608595
11924
227633
976687
294838
90858
407728
598827
290793
434042
1673
249983
30068
719871
986456
345732
366236
841623
660639
756634
972437
817936
311324
366205
541118
259617
794029
687443
536016
432623
495569
180984
323746
575848
334417
76674
103882
895193
482321
418397
251648
529144
74899
658419
65730
210111
449952
985
212597
139479
371712
79255
589878
654538
401054
727636
470279
563450
751054
879097
642138
498516
717592
398198
591341
405183
107940
736549
123525
847400
135295
178764
87064
192006
244735
207485
321760
12308
217725
773156
755857
746364
608733
942693
933307
739661
97084
242870
564783
759220
947119
172741
261511
837924
119275
356396
62220
881395
470211
217365
302402
312196
750337
136376
620133
457519
570596
109273
310406
814457
559294
102032
661160
926407
453554
304472
374279
285330
277166
378483
726420
120719
249914
812967
716258
965296
42749
988423
381331
437090
76686
51158
109552
394552
677430
290652
479824
931428
15863
873345
510358
772727
567811
821680
777797
968113
51401
127048
955716
206096
10000
719446
116329
823899
214510
742204
893090
490435
486833
91572
441495
308158
725903
513246
875452
129812
719139
395410
462124
404345
241052
696273
525054
912426
547263
495739
618362
673533
974996
657121
482344
305234
487499
144322
643139
573477
326719
743077
383832
283988
987595
694404
189892
958835
575721
381732
79029
83486
564726
19614
882730
585243
841718
732273
698057
814975
818392
970308
535861
158895
672693
322993
224501
103066
52712
234929
520658
228388
158530
270247
171501
87761
595842
588008
108307
40071
855377
831381
580498
329120
719737
35239
883422
570615
297512
835806
10902
435031
867848
110661
752192
214182
328637
520658
785818
165224
297942
868186
359121
683105
494853
825169
409491
966198
886108
962643
906218
975593
365970
136502
348903
830431
817000
539470
684039
832314
640983
775942
544638
860455
415593
932044
498571
661927
483409
804815
558559
777300
278966
875244
463031
527368
523512
940106
732535
612119
478313
257223
217590
95828
562199
205592
814693
370200
240514
914920
743991
331971
535137
672433
161097
363632
916886
665664
852594
404358
432276
67663
190042
809449
662198
44515
510740
511278
998891
10930
702033
153192
650319
154131
501970
457303
946470
652305
23480
363865
981353
693902
500906
466804
127134
62906
964673
47910
687222
162579
551178
936983
543261
28694
457445
363326
854103
607163
66628
786220
981733
418670
546912
511187
115458
450920
593169
782492
572053
909729
986470
944879
595770
38366
2546
845143
612995
15516
116731
289289
748265
52249
997699
568106
665103
827230
521866
989051
153570
127071
922810
961696
764939
940267
853739
196769
18933
846422
729033
338316
816164
182280
803358
200114
360829
976570
106106
853257
332288
705161
849476
185234
657303
162960
631199
444567
267702
994935
564960
932507
600109
524440
330910
41439
138734
696625
689194
129219
877242
869005
847493
589854
927957
880994
575914
137200
244571
403646
273034
202119
579586
263464
32896
344571
178156
941585
508700
39278
240766
411913
802572
287572
101636
611191
19331
252546
538780
159941
193389
503350
543858
590307
112777
361959
537372
86737
222624
47063
577840
278357
669527
785436
371512
206237
350846
584301
916536
749195
896950
294141
381088
419629
702938
578395
77978
293940
606803
207229
279876
91058
506348
227893
326076
710089
450048
425136
677919
809951
852157
653156
447084
261936
139658
102607
573139
276721
472744
570013
636487
149329
497996
675738
342020
421950
16172
68096
633189
105779
180945
679051
464209
598092
430766
750417
467101
140028
877555
136507
581061
204712
107779
261574
932876
820136
479182
467145
696666
125063
95140
73063
692800
916542
426342
734257
911655
192557
979311
634440
320015
468055
978878
744189
172464
679871
518812
609170
931193
242539
779494
854190
227148
330665
985749
862132
73238
74844
731272
272842
467843
781845
390984
62361
453748
674857
750092
597107
581806
29123
638244
463084
86519
977209
169262
533672
39316
886267
781944
924415
388116
927707
365338
547379
598256
109836
305425
736870
587750
151167
956091
429323
308446
716940
104056
104850
402886
154181
960682
473693
579215
179278
595536
233123
790548
361797
106020
66683
911259
285145
684208
340020
343249
6980
578929
654196
55646
994380
418131
112693
132060
289153
200271
711232
750885
102041
971860
977326
364092
947277
797452
11116
399965
791434
821507
786781
383295
103546
774282
881635
68751
892551
821841
280755
794579
627820
996740
136404
251867
874430
157377
528192
621096
134450
400982
882304
32047
837736
964895
787274
603306
600452
793699
834884
779006
402301
348255
287432
935583
737129
383554
25827
801677
829902
701240
1960
894419
471734
565792
860567
880436
120051
221579
890672
386764
245196
290358
654624
491179
946764
434105
622415
233963
415595
136183
647117
658781
60152
848398
827348
544143
395477
596354
382269
320225
951220
761337
847039
233350
155668
804816
879144
321541
489857
203670
33270
845091
792273
97814
941913
625746
275392
76209
120559
417713
433459
346414
170709
434863
445628
881984
82925
837078
985411
856126
971308
630585
332002
580465
715189
829603
901145
94496
822588
181037
277918
429199
747607
523170
206291
313170
724629
23865
479388
259609
456712
513206
849883
339060
35158
612810
39303
255343
532462
910991
148243
595609
340542
323535
343270
265038
317819
856288
129183
218949
374546
170298
525974
616550
975168
165131
650248
171700
724719
248416
677901
438250
983620
289733
480058
775633
838825
459403
284284
623234
856995
85315
376369
629131
214009
969516
62939
238693
10743
265449
863110
796676
510937
566570
32920
866678
432780
2041
751555
307486
306785
566374
720222
313350
135021
471068
455545
110080
295062
250480
67257
78495
498277
717735
244073
405058
327111
475984
336947
807857
671372
260996
52736
807764
9092
230789
153300
81315
604617
393917
179662
921574
209199
454227
882058
206468
27878
891949
741334
929094
172120
214058
435341
363822
409124
178017
639838
342192
619856
492076
475308
68527
287174
436761
481525
146904
59121
50004
105457
944023
660383
354129
976892
197671
146692
868449
662614
706312
21236
143818
90588
490653
607504
86743
67357
648589
901185
876203
67201
273669
685998
684432
892089
533900
540809
551099
281730
807118
360823
95105
654263
49860
977838
59241
165930
161185
499219
771414
770467
817229
762351
974223
590491
40902
164801
884120
559230
702731
769832
192431
623454
401665
915420
980496
776961
739192
776094
314884
718927
771139
735700
340936
225955
165122
664694
267519
498645
487555
533237
694403
532281
509920
921662
996969
514066
509910
957685
518516
617186
188600
12954
803141
394723
17050
332328
992987
632986
439089
866070
649402
241760
685213
642311
891375
175852
313240
815541
435565
332007
190113
901360
224263
312146
128857
910010
384973
50529
156082
866260
84923
575745
737492
989010
795763
855474
512901
762499
629773
205925
494345
944268
216185
955505
286170
923314
135911
447503
305174
385794
929246
819697
113594
544616
422408
921318
484208
80069
531432
633690
523991
866072
689926
361920
83982
494396
860608
709381
910149
587504
789681
262305
912803
821364
710225
80143
720724
228730
329900
795449
272770
733609
325336
626306
260284
167285
106143
973870
564150
694247
81022
484379
64736
874201
150809
602795
63102
866062
488346
952174
416163
37463
206078
752247
921873
690388
74082
166185
584041
491308
209716
581652
947763
867561
638585
421898
611899
670837
817566
666531
279007
472807
745248
109331
630824
843986
333510
621393
321713
910163
370117
499373
394780
8839
804295
584480
301129
534007
746454
66933
118072
170563
853081
644051
822659
733362
119428
996437
444211
486516
958878
21435
96592
664477
274090
129731
407941
176114
645571
947710
936804
524536
515174
633731
341670
801828
181114
964159
530131
32721
936642
990967
198636
230412
220175
433808
115280
169817
795806
3348
816821
715985
277948
880651
949008
245913
632731
24680
937250
623860
388899
413292
659738
185222
161335
975821
355380
574314
176853
389838
319657
995660
161289
585257
45288
862211
383522
786412
509193
66975
575568
536923
300732
453455
645480
538314
38244
539931
175101
868223
151936
720216
700230
625901
950598
573396
891836
504239
396010
7931
713132
229126
265469
895037
348888
743595
726
275266
337721
678615
330271
242718
373907
623500
345762
582741
606763
68175
145140
977397
99962
859794
864178
590865
660429
50030
554490
981439
655087
52150
606926
224291
769186
310993
457556
287539
710507
763506
167193
757342
229506
969687
127114
993016
664910
426851
280650
978702
564887
838325
772412
171210
467403
63167
449581
193778
3493
690090
952535
792958
981927
633818
502169
867324
784530
465762
669549
710783
541419
732959
776466
274870
668224
470462
94295
486681
544405
516685
435828
96776
521586
976289
278230
456628
119834
548271
481099
675466
602881
865315
724811
825179
116162
980762
848964
826958
452273
411483
835946
131483
147156
608529
393988
454500
272840
435276
567411
207540
673496
144145
727973
355607
903533
266022
409643
511257
290105
131064
675396
222812
49003
185776
161230
213285
787284
710850
76381
989411
589402
735511
4053
957844
356520
522541
337915
246286
42772
142495
568146
58755
317715
103885
471945
674698
457347
844214
940309
885236
765107
645057
552162
742146
706627
922123
866363
527867
280040
353984
242373
147975
760523
613900
351427
657234
691669
468113
50773
901774
797767
925573
898630
22547
92764
918125
506706
9260
848100
425938
941710
662675
277049
745695
166480
603926
410364
514308
535166
73423
433449
879257
450058
277009
894316
632306
196870
241140
926162
337968
723041
647917
437636
972298
253866
839104
974365
957777
489769
290811
757640
560099
521154
843504
363048
893405
719944
729943
48522
494312
47807
654865
4245
634771
69041
951785
847129
894614
521220
251186
307695
313202
428731
569692
580222
97279
889121
462605
545800
344078
710440
88246
28440
992674
398972
609556
17501
34892
13614
107357
833283
279639
183847
703609
545163
517416
429952
895623
84431
838744
630851
350898
652224
578876
931937
247829
446806
857876
426239
105239
661425
241700
204889
812905
542627
834294
122602
247273
458072
426930
566871
824694
629063
446717
907943
419345
884277
172447
777276
136747
670313
165447
335559
858740
720952
713962
830884
904212
2198
2893
744541
890779
421020
975258
830821
258162
543444
64637
286441
871290
757688
637153
60847
456380
584971
973439
631784
514257
232282
249509
730218
379161
152808
667147
983501
19310
191690
270090
885124
771830
221655
926468
716226
176435
619172
198326
893341
395842
483604
483360
724385
994651
48004
661981
871968
792308
18502
82176
188440
788123
726298
901395
496334
344434
230717
584568
807299
575765
850593
416519
393650
676631
68348
790110
996159
358394
636231
245102
478138
326780
705241
242069
575737
4352
564522
369144
406215
559575
153368
175161
142575
6719
867589
502187
819849
715909
293703
796825
956368
532116
147362
856390
976656
560242
523569
537229
237970
758422
575715
639492
237772
771697
382865
973569
759210
813552
911222
704733
156927
731417
400855
40738
540549
800739
196707
388381
916553
99440
950701
285259
896098
48867
720528
937864
811595
994490
695361
403225
939708
825767
837153
461762
996821
645047
868803
803650
293911
862326
933856
65061
364093
150588
910725
671954
502001
249144
663212
786746
819637
845193
653497
491988
630618
404524
979795
968185
136638
785219
860185
905431
803479
589676
886901
526350
486479
526265
691634
861502
203303
346997
548277
788599
429975
466765
206565
801187
99914
148515
524541
10534
63612
321106
15199
81537
267145
373425
656779
656117
87355
643724
940093
355040
988076
123222
580960
195719
217551
944282
137702
223384
688237
472000
197170
440140
565
299397
720122
952170
788608
158331
19263
900709
448772
149952
976114
528882
75654
90557
713518
477407
345383
430316
867
752707
399618
175362
5279
134680
240389
598179
779192
729791
767141
895505
747687
856372
53614
85673
955524
711928
849814
771753
237512
230703
474688
323540
465193
384245
173632
922257
199644
197576
855969
416316
849447
241172
681496
334146
213750
544209
957999
382173
206316
225870
945078
632611
449368
716871
878486
31522
321451
814326
122481
670614
331561
548400
472267
138750
564228
11657
481455
208554
770774
122029
151289
388409
960958
417684
736377
717270
814267
901760
765769
270271
718799
647633
375822
894446
409516
335401
516341
255643
332990
987336
203241
928185
860292
552808
155515
750858
404276
747439
469768
704102
756137
322016
748860
467889
451841
106956
511944
468902
787498
115162
411295
197480
982397
683743
473990
534763
821856
991397
538242
614988
960910
512561
582444
950946
911380
383203
969971
13248
387836
382070
678758
573201
857284
323661
457279
237928
830878
107216
310228
982142
693909
77639
238848
19998
971151
281943
561908
819687
961469
19509
207118
973600
883089
226673
849078
721499
194850
226972
951626
552012
492802
385193
297454
298071
990162
738472
314138
554239
649631
639426
529926
150817
573190
599521
576770
525695
516829
911077
326658
218603
805509
481473
577191
793840
66504
1297
276129
742955
301037
829442
883254
618609
253421
843881
967325
552313
187718
436421
494583
323166
39701
353605
193387
362179
555951
523815
44051
408503
630746
966137
839108
358335
878745
306619
274491
153222
78267
104480
974792
90242
26809
475136
110359
323318
869465
86536
88264
841753
320363
731324
13668
155207
32448
244507
326486
378148
747514
526698
679294
525929
751259
107879
202003
223732
364992
554045
84118
58827
36606
588393
562917
645511
193477
461856
111764
834494
22258
514971
419364
18083
737533
825357
698809
368847
410702
40180
901904
403624
219789
931249
934842
655002
237698
18785
878199
900600
48597
692148
416166
887589
394518
977679
577815
252374
682887
198643
714755
785597
548919
46035
988792
257259
305689
769640
542328
408660
657077
63096
787977
679001
843399
276428
561950
377069
276655
470537
124557
413818
318741
318626
701584
165214
729734
253684
50290
347294
262650
360685
805928
590474
537062
304091
458323
44260
847566
147439
254550
553120
169856
499195
230335
717872
41753
883968
707241
50781
699284
154884
4311
715979
325968
234089
37230
245163
581797
384934
784463
641702
671056
117843
731084
805229
519801
305592
382220
302513
354338
245545
125285
201265
730790
652177
997916
570952
758554
73322
241784
362586
223872
403412
779241
780860
211992
438500
202678
854742
670158
94362
577904
749654
594202
593782
635509
304266
305573
782463
8526
954056
161814
360154
903755
420174
155798
655049
138013
176045
307065
754768
709793
53986
420666
968691
752047
375590
365075
538382
21239
231763
2023
734638
973260
166429
396672
1433
606979
863212
373981
214171
589585
663818
34153
290637
360483
862712
783558
980197
622138
15672
513632
397644
649948
791046
958983
796226
258058
200292
135382
579874
92306
703113
288923
557006
104430
291518
255303
130792
673159
898163
631366
283984
313671
707685
1316
439335
496889
201041
195517
849460
363500
124945
272360
706157
333479
312523
557180
942090
990193
797576
678497
929293
192680
414210
859226
436729
805734
209613
155412
915258
748888
555090
128580
114866
773405
516548
787287
823250
756295
401440
402983
791670
56985
588788
649665
536129
864120
196621
795897
783149
527909
234783
67267
492427
8089
794673
86822
875113
97495
562709
168501
985618
355321
842507
11286
463514
386606
738281
494850
943197
337452
589186
861625
918540
585597
74565
578617
910213
175280
868499
615437
467925
476602
463037
16284
866453
430624
709072
117887
23374
902739
507809
639702
208137
779329
895350
369189
405046
634017
213573
24870
67309
357701
494656
679523
3371
184101
412023
922747
236207
723608
107421
187470
351393
384857
398501
86105
811760
228716
35368
774078
762876
277588
227070
297027
789100
240583
788711
901736
619819
889504
748510
83859
238659
422470
330187
236719
994258
624319
497022
829873
921531
33053
507505
669124
33583
526133
15813
564902
42231
767773
881030
631508
946559
230093
616247
808702
567577
591857
608355
271223
559886
299248
342945
717640
192097
806944
893096
303775
22664
409670
387216
86979
826254
571378
382445
774696
460680
548294
421181
545906
778770
43143
192512
493626
110354
568002
525465
544600
165339
491531
112703
76549
165988
133891
494902
385019
305537
380961
171455
549394
840066
911911
389950
926841
865466
869901
219315
423943
274885
867484
856829
254944
853236
935429
490791
779779
382468
771455
410618
776579
594077
847621
73513
484012
240854
154671
6940
696771
229096
237318
720429
680770
742389
506130
718615
433805
145564
50075
648127
107082
245320
325252
670915
230452
51519
37138
126965
26847
156982
296584
612672
641618
672597
395309
214607
962147
413827
917114
263436
513129
553989
343684
402838
526484
171866
438438
601458
850132
977781
692741
945675
951318
247921
666218
897175
57952
425658
744731
232707
669753
457399
309144
763773
829366
578116
688712
775270
389570
668395
169618
239342
617628
457295
145052
546485
34056
996316
721058
426343
461326
162451
218397
253324
650329
588851
924598
920791
171774
295414
407014
893648
417932
728643
371029
248015
617359
126251
970739
159665
500280
687331
845517
68516
446156
377510
765293
392220
103933
321961
869991
352069
971003
681090
980053
101820
858375
944940
435495
883092
124905
300094
769049
575050
661832
370876
364244
972793
192992
216230
489358
293500
524657
133429
926681
985897
674669
317006
745598
317701
364770
249309
367708
168046
584166
454831
856966
444809
439483
111657
795486
629038
211339
247866
608068
965535
97505
237904
396011
547849
466644
462245
268434
75726
128910
44818
901450
388804
90309
592276
342717
895536
447857
790507
642213
741666
995357
687615
898361
274648
902493
563914
874480
538532
953252
14217
682118
394596
633868
929854
24823
56070
155630
897585
307756
217870
378258
728236
654685
837992
786785
83180
209151
329182
330852
927294
956792
426846
142176
394866
45164
242821
887225
178943
319428
644207
960424
108272
488938
986346
178698
757011
402668
916056
248562
819990
938797
581150
919547
218867
675620
400416
715054
864056
4958
921685
591237
176584
18994
188046
653607
443715
666137
593273
977607
272499
71768
449006
536744
579540
615704
137389
643881
801107
463282
204827
956975
553003
442688
486373
160822
239751
496953
229151
70210
625643
198657
847261
145120
941528
992658
544904
911795
985735
154343
571167
21026
38881
651842
224720
100038
495575
760935
895086
909471
272959
324038
25781
277554
167595
752883
344242
152998
221472
152094
160994
26394
333622
615352
400171
586176
83259
104190
572150
335264
44501
187488
600245
654278
186296
866112
569293
258047
29701
955732
806433
30561
564812
914624
3900
316082
461143
675277
405934
943219
317338
775793
857727
859037
869294
615778
815748
948056
602892
409816
534769
914001
150586
180952
313824
285359
924268
549758
911400
763238
342276
342865
690120
704665
90612
696974
278828
738796
923763
274531
460382
951012
572269
163838
928638
293370
397838
530538
282270
94764
250378
32247
71626
500024
200506
701013
419456
605753
652588
375128
433444
717551
123349
744073
660514
855496
22500
797408
678811
403215
258179
712355
99347
188955
337589
792631
328892
92880
714268
487460
558253
769772
503059
933514
939420
513286
589107
817877
589011
861898
240481
862424
257891
484856
283451
39179
812976
889602
211001
595751
835824
112520
44330
865289
323820
766399
499260
524428
750027
150456
388709
60260
361976
720147
941660
218994
669136
197273
588929
409863
591186
423640
568508
537313
340240
397200
212028
552643
485988
390466
257175
978065
30426
822660
805449
350854
699526
311209
419275
835350
494769
816591
273851
484604
26305
889092
285081
216993
177760
734837
756238
71461
656615
949854
667134
108939
396072
902586
726604
445583
417578
892988
265957
321685
412013
97108
827692
622806
61789
854856
856338
350714
185765
300230
946391
992424
971176
330721
766728
713457
668255
46699
674334
163618
136442
380277
75287
28474
8557
452921
82203
743428
380809
298218
1412
6107
348995
967740
211044
691016
115755
455476
981174
950492
998894
520132
649584
553627
580729
906951
259629
763495
100159
263501
579207
638658
258939
445563
760636
333729
578831
109639
876191
666333
970183
227771
459340
349471
121202
898973
565842
693481
206659
606611
451334
833084
577943
532815
778078
672318
61135
601807
514081
8932
693033
637509
222841
846731
829553
346795
858966
406633
633184
715861
7979
920604
604190
818949
270733
653477
444642
506930
83048
154405
61426
177633
415818
52680
145207
622728
914679
500003
885857
609102
518610
779176
22413
164223
623980
473727
170732
788554
690672
467976
669445
932615
218519
639359
677660
894546
299749
772147
368621
890094
690888
761846
20620
686925
396105
878778
967734
971808
501548
186892
242830
428937
433712
38984
318269
160256
791201
948405
965162
869434
187142
981701
187430
611945
807827
833488
732381
325884
297890
341019
871090
972527
894866
399145
271822
374709
349627
594874
653233
965142
996066
20878
341290
269748
196127
951769
938208
225960
838711
189828
760809
632864
880057
778115
97270
683697
284419
578272
35422
276879
204644
79740
966114
51059
251982
13929
402019
435871
554079
732955
918076
399968
557031
68827
108342
238347
692047
274634
348017
266556
643726
248449
775046
893132
9112
98007
178564
890524
252220
727590
578598
334923
994177
24321
993114
847794
819293
622891
493067
54529
252593
751771
228035
149903
754228
151602
804585
368689
772625
923577
349739
800754
997591
860314
283869
285051
315320
229263
515189
32586
363437
930721
305797
702705
911416
822833
106739
431759
535564
352755
885118
772729
467032
659660
431567
527643
202829
632585
251577
437370
375904
913818
501284
937124
628784
410130
86174
348019
638232
693624
93044
89892
802305
428619
783591
518025
583761
680753
769738
83644
880054
517095
290623
619822
193586
984615
148768
953036
909066
853518
599535
927841
115305
610490
408097
339695
756269
481802
407649
451010
268808
622041
66987
222943
332597
241019
67028
138264
794468
232965
658605
141447
97
201929
417238
169277
360302
80901
324733
711980
171052
689416
520929
947636
619512
158202
413433
27709
576553
712958
580230
687042
366726
843034
859413
427885
71533
446207
376344
517042
506844
247920
251096
838983
645932
136037
20750
936042
195825
427323
952020
203198
617970
438611
671612
308518
181648
117927
213952
806999
180986
552989
650975
935608
253133
312933
731500
798060
102121
178197
834630
740032
992775
435497
617391
508684
12855
981570
29008
188571
455195
416317
562021
356921
614741
711393
213850
645806
428044
15905
205544
225702
296111
45581
511379
379398
416398
582331
674667
134404
349027
782794
997547
946966
939694
38637
13805
26510
794993
170088
942227
603485
34477
813832
957166
238929
598080
653290
600755
133687
933639
443447
232197
321542
48124
458093
885013
535708
581803
160256
977554
682865
625988
957692
141653
27390
620363
680496
355216
462967
441787
568041
795176
855866
102136
367012
737739
263489
898076
992271
823841
299617
977352
618889
343428
437682
731375
839973
571184
583148
391553
293915
247059
577307
365222
824837
571057
228573
300990
400233
302158
923774
694973
34561
775105
576361
384620
683510
788201
453575
787596
778102
43535
869996
830568
296442
831433
420823
445854
648574
493430
860843
487303
188857
339510
755144
233420
503591
221118
452406
637495
523542
681694
149701
579808
295893
39266
723926
770101
738822
907690
70836
856973
125025
769744
6675
250826
956864
260194
780890
143650
143840
206001
407775
161375
744020
962248
196654
464795
201636
458363
387240
545997
977897
207667
201416
993568
2153
419295
970561
685486
636266
43823
509653
380398
584171
458880
481232
35198
657238
635855
335864
830887
73529
294347
47304
168354
11996
220840
880276
906909
249234
681483
661583
480257
253792
254778
2150
351639
807745
500265
861035
879733
814411
175728
753989
29295
507760
765371
399262
920452
684979
354974
880235
368674
619619
840265
724463
889348
193217
960867
580049
863855
554761
665248
988821
221087
204851
148580
192422
938908
932387
9986
129371
823392
16896
885900
373593
358603
713653
353864
705946
665854
625961
913584
370925
263901
237451
995118
273559
63049
85986
781726
520543
455709
734537
84893
742160
395097
863768
753171
778207
625564
817458
666204
787918
103266
942478
68566
771180
772494
56378
994787
274291
171886
431492
293604
417609
650734
304838
869411
934294
462985
210104
964557
811163
401563
183074
297727
190327
648453
981089
15429
940001
635124
135724
789038
998804
301226
389665
82090
959808
457354
532405
707129
647208
336752
280287
190948
156589
18905
540653
224052
57193
879564
198015
854468
806807
576743
486603
824809
444096
416935
684711
967177
86509
401922
210625
320846
88792
282789
491079
346448
981969
949454
389463
21384
738627
649956
387011
769549
151338
614447
456012
734621
221306
416484
252428
493035
619403
702691
851512
379624
47634
392925
779567
451285
595270
611620
673921
634123
438201
196699
426039
30037
891708
554087
392786
510921
478248
199602
167860
568763
202506
323158
892616
947506
853973
13918
870861
79157
948585
272557
544469
672247
49422
351162
999162
603478
246896
745908
508118
115061
146454
67555
898571
709958
500971
9286
997022
849429
454001
597726
578746
848434
156904
226377
298204
31355
421426
540249
53540
847354
48578
461910
803504
642753
938587
627062
953392
379427
516838
854521
795390
955831
976155
612521
402503
116142
374541
577256
451896
890304
195369
833407
770736
450208
250601
412248
59318
792024
260786
553797
303075
767289
306249
411316
391123
857449
160575
573556
325629
835287
352097
359091
372974
506410
321322
183438
981442
866720
88165
866330
585418
484901
786373
868879
149474
138939
509730
772038
407445
143426
422837
632698
785518
757896
626244
626668
926950
737500
447838
911839
436210
581844
632919
464865
230228
429524
245051
691836
458967
3362
922953
528242
13479
810493
783436
328865
564289
877914
656948
942360
616540
643426
516032
687329
483402
850626
195070
259839
594152
59478
452139
651461
689023
817210
253628
937658
605105
736751
338114
489963
266980
901877
425195
664054
641326
273592
153980
103412
576835
206752
396685
651722
573894
95794
18240
534722
591240
313985
878465
438037
543283
246753
405322
801827
140166
101399
870014
9967
880043
851759
112240
200129
105004
398955
547448
626462
827002
466585
511490
876001
553137
443056
340076
825970
77915
801400
906529
527398
454253
586732
331690
577169
933411
389669
753326
29947
184175
11434
243478
344617
941422
633001
576115
415153
949118
711637
981440
4262
378419
334741
373721
598553
428888
5275
629070
879603
937818
540624
162486
379887
76922
545976
815022
312669
355847
357458
235801
846924
758057
515925
68593
627644
499489
142812
764495
256828
753559
627809
672263
524192
209544
115166
514940
269807
714074
478137
977547
946588
93138
195489
764612
304248
291403
349798
643157
120350
40719
327014
70141
333310
923228
782745
265315
280209
531478
142128
986077
579103
651762
821784
47557
430908
468108
799812
475080
117808
514503
74365
40608
130796
155561
220162
690270
962025
765609
513755
162251
120527
736849
377597
744389
637835
222783
500452
273716
254675
84453
525549
744834
878181
152531
130755
817319
703828
537145
158637
693614
904962
249112
898581
249014
47377
523083
402032
725117
454870
908942
302765
841279
831899
336798
124263
700686
904854
389892
417871
7628
802832
783203
8218
777912
9928
606849
845181
762997
280924
203527
627536
407947
764180
36809
736460
233881
921575
314615
825087
306567
852217
739860
647699
65103
237031
64659
79154
356766
594376
945017
736296
357392
280755
469776
171710
947231
616360
289997
69451
181900
573984
868355
463408
414750
785030
820529
990454
816644
272114
408184
855699
128063
226610
952319
997715
845210
873965
694791
241655
800114
5330
517311
792229
824013
636270
604405
710357
281806
315401
389576
95933
15324
484715
936225
475653
489280
501603
774486
467065
837905
419708
964027
673681
935978
363299
478052
490649
479695
814586
903515
649365
859954
281071
10976
763261
132906
362232
218177
388552
930313
17896
282327
656386
823354
101321
447853
375552
409020
366009
405413
269380
620352
297924
819197
13451
16726
704255
237723
860381
149953
23045
590894
673557
359575
488926
66113
148828
142594
475314
492663
973565
621836
277633
617635
303508
555584
811048
452196
810558
280060
422828
545703
930127
828411
512729
12719
591585
684949
152690
497559
180283
851417
185997