629115
579103
643856
833229
992227
608851
530866
657781
983323
36298
429025
621645
793959
715277
980134
105967
348351
652566
780655
206469
309881
768773
231552
78410
914116
725874
15377
441231
2109
540664
513754
538376
260832
890950
361311
519849
457472
956746
205173
808893
666719
784468
610517
141556
883158
928244
540604
206899
433391
379422
386906
962771
555164
380652
790395
750436
347892
42030
787927
839767
665798
204370
190849
975852
731593
545903
707189
363962
131292
37751
830666
838703
762070
45467
523400
686752
68593
762786
621030
72265
740533
963340
846691
409901
501869
425629
588153
712944
645250
944643
590157
695346
394904
512768
35757
810097
306821
721376
919810
216341
846351
425993
715595
101519
436901
792171
309394
182118
29523
223749
159933
590379
254888
312599
838633
824438
826703
371802
500407
12780
147247
180381
12272
329633
797016
906001
87636
135102
77971
367754
39066
61434
520103
379739
573752
998765
287421
359629
127304
138896
249726
785936
60688
344162
226215
85276
299354
22890
65764
519258
777448
693260
722661
960635
662844
653520
922316
710046
400632
672358
782796
586128
490232
186875
177880
590780
528200
753778
826301
668095
288843
792335
870782
388202
184617
846303
615627
785281
472352
351977
98468
973045
201076
711247
96285
962107
439944
449477
799824
272465
977165
938387
8768
768639
683088
727221
799194
848042
930752
941367
917982
435330
604445
167516
935800
34916
262297
116058
484864
630708
849504
257048
780389
798002
225578
621156
241731
548162
318855
303043
897372
288147
690908
271006
378684
135086
732702
588394
605273
573212
27462
793305
636885
850752
258726
121249
710903
511366
161785
245528
804604
902895
993002
103836
841071
631087
314350
872842
643531
765587
437895
965918
243573
631217
74598
819056
21074
48978
691263
578132
848736
544842
82969
887972
545617
885615
143851
115151
662898
377129
378110
191290
128091
602116
147224
593856
365506
718917
95413
353626
440820
749607
408359
519992
539918
615378
747784
826206
119722
191956
573377
267329
824766
221439
17498
430095
959246
178186
924786
814918
115810
331545
86708
943082
934070
938230
70366
212179
246201
79576
932751
940212
181439
529636
59946
230167
389948
498174
911822
829956
5003
53629
783550
928777
545562
21859
295915
270820
697480
748454
949249
722996
744975
644325
196476
48195
131189
256182
199648
459657
542894
254924
3526
64324
915228
99856
846648
431647
571791
134727
294904
897638
756250
533414
731797
816263
351921
324159
122296
7437
343935
639818
751027
917339
681700
141877
725434
640349
396971
617003
708095
82285
140234
975109
395811
55621
473904
727249
105498
745318
255498
752509
659435
952462
866359
190819
96821
221642
116590
638873
784490
197498
227103
735735
882270
235830
728709
387867
909606
8149
802998
183360
267428
462145
304992
767963
156539
808116
253038
870802
962118
651836
711999
622096
907566
649182
970651
50452
110253
580460
7592
519280
196733
649810
245758
231639
28783
869376
470365
802555
127555
37655
245042
968409
896077
698655
962969
96250
748108
296607
726803
633459
458515
532575
465886
244875
257244
676371
586621
41711
966417
711518
910980
112724
377621
410635
931876
948053
542966
462847
980673
336687
689704
713117
672710
798620
33646
633627
215563
726963
90488
590558
682480
864618
70290
384005
934019
632255
415287
565580
356758
39144
198622
706134
582104
291664
832772
891574
919931
458203
983371
969622
303694
139400
595598
186455
581250
874537
369759
383975
158672
384625
855073
741778
305056
513127
646981
41479
22301
982346
852477
341785
852795
824178
447861
22252
711490
683170
635914
502475
909982
447833
249202
180504
852074
159227
303674
458610
793907
283678
239029
222164
858177
474563
142638
507856
402568
675798
866818
500066
502698
451139
543331
251895
258923
157399
197728
737191
365662
429643
606340
791912
260635
634613
39839
589660
144824
719432
330736
368124
363890
755429
77440
103620
906094
319041
356994
50384
990115
939313
894585
672381
301917
848273
699698
157465
65651
633944
913363
23457
712035
433992
513672
104517
56847
191217
459571
404241
474216
655369
75444
58932
771186
759818
250316
942114
936460
668305
295975
335700
384824
737105
600767
962733
553620
979349
43949
289993
469842
187278
133713
290612
458699
910051
830686
796391
533946
935362
877466
697344
279061
233551
450033
280329
307691
894269
322911
836812
611992
143368
404570
849070
802516
417972
822814
208995
671079
583921
614774
542869
182523
611241
648546
584458
99633
804057
665999
253156
726729
989259
19014
681020
674149
527220
522764
313427
183494
319570
468386
107336
933301
298260
923989
742627
4254
937627
261723
296352
696338
493572
938483
111762
91975
321981
890767
845559
700702
825874
446008
698463
115733
359415
978106
774190
813656
785809
410317
268855
339809
268567
906284
412256
14593
243163
789015
725381
236222
584995
440992
359341
276562
42628
568114
30738
210359
704831
874867
782943
47804
915913
777933
183924
590399
57105
387049
270329
703353
529097
848960
928265
576003
755911
10319
446229
212482
295021
473625
114779
41636
913406
89021
330850
942680
824387
878915
438592
805618
187557
515826
729045
890309
166240
858936
445522
852837
767386
986849
211895
848679
869724
995772
316908
165433
233646
155386
100980
953067
718801
418108
3199
855063
714129
8104
256251
864180
162263
163022
591707
736458
131352
511878
553248
616960
739327
515050
411386
85544
424899
121286
573331
928213
159482
614016
307528
261737
219534
802882
884554
515838
307224
999212
528325
956214
30805
390829
809020
794306
161400
862613
384970
890218
831459
814396
386152
229786
214603
968093
228692
662834
944869
591577
335734
187191
472411
358884
183831
251044
887600
96350
42398
80815
132174
987983
536752
559934
741495
952017
623415
565458
209036
672707
513006
84375
577774
404896
322447
255315
327026
569583
256692
725877
786038
255423
92506
904692
365710
667657
843292
395617
917507
598300
86747
147325
867835
343762
619158
28143
506072
544284
840139
64214
735786
621840
57705
540707
353073
476362
725916
513751
75717
583487
855601
931540
56081
734902
595758
21156
236674
831203
915752
402358
640179
400246
515736
441103
122339
256848
360742
416707
186665
251132
920578
200971
448099
687165
343956
59970
473155
86874
326727
299505
217516
474793
31683
21906
725093
43489
591854
99184
672388
949466
307751
832872
976676
839788
925469
832344
287845
91543
554111
724484
642034
634077
735224
377969
784548
672756
23639
752420
713606
448166
491158
633418
637252
91466
908900
995212
352475
885650
861973
391399
460782
452200
208541
893110
961215
396242
58800
839104
865954
229457
504379
309933
185401
594246
509842
708040
460587
771611
710947
896243
580261
305715
806059
846540
52002
398090
86632
714300
213113
66194
157600
945705
738291
147276
575502
335301
79872
110771
183403
981331
938491
627525
679216
253674
973490
239076
97297
17939
740223
576970
44073
917514
626329
468637
993842
211920
277156
901338
358012
983419
874833
536919
365748
300926
768777
789166
357118
415355
480422
599282
802334
183184
873879
131948
58137
498315
229075
405197
254943
21155
911730
526105
66376
818854
426711
601979
340399
607331
394340
124127
154937
449387
390509
684915
420747
518718
170158
789271
283045
132568
548574
595731
531650
577631
400858
937895
237282
889308
35114
453841
290925
664406
782048
318985
805787
769991
692234
804484
569798
708109
152784
397669
642585
819635
783298
94803
332866
457463
122761
960340
940758
510173
650122
945831
517675
493716
250645
930306
506990
668649
288709
795789
434074
233719
430764
425571
44835
632211
594742
418101
901313
613550
713282
633587
527285
178485
552781
138399
414428
556358
119304
244942
523999
656609
586933
398746
527981
853661
926973
751042
606007
774590
716806
61623
281062
158812
382544
520567
187257
798691
986995
746447
300053
355923
335579
764841
863093
528143
26022
874756
992244
634053
407746
185489
134145
527560
2415
784895
665332
543948
127163
562623
161294
841574
499447
431204
964187
526315
5663
257392
639038
349798
841182
8556
194125
89602
319890
674551
691973
652758
727538
478490
370281
675957
68491
595652
228836
930131
906546
124326
177159
778000
470332
989483
274407
325747
821794
477858
245149
258660
576275
411593
716764
466044
765998
875625
804263
225774
671455
397517
105672
909958
651939
5828
710180
96611
906511
429491
808280
144787
420417
878780
745843
667421
687968
744371
694837
954247
203060
307143
427270
926486
317368
983550
218005
891616
32943
734338
728470
542040
544374
635637
606326
313622
788101
315124
965425
984794
946773
351509
491732
39821
840685
752430
304331
527105
842148
533644
298235
327848
882481
652104
188879
541266
4878
771794
818329
237704
487626
968834
303576
248621
487280
804704
370338
30330
614773
220293
838912
986784
403354
378985
74502
901020
328624
206153
222757
787822
137526
61373
944593
919731
672846
793602
957747
31191
767952
177127
425985
796912
290869
491102
201241
880607
364550
344241
40389
699726
254371
847543
987620
737684
825010
714985
621532
655872
71765
521826
987323
372055
41509
800876
542073
986121
976797
642400
372602
525843
74339
10933
931226
746784
27193
569165
650460
122472
644393
399151
377100
680073
205836
515025
764618
505126
682851
944496
79887
265970
898915
909356
103134
2378
420880
918746
440351
521656
481571
814314
219014
725616
268145
217491
368051
320237
11232
991979
96049
503445
168625
680422
113159
223826
717658
363514
516709
844621
559715
843338
848333
718206
303352
303537
746689
206137
195085
383839
577342
583324
351461
368840
850750
457920
755790
626752
341283
21575
681962
147752
446286
609034
198797
177479
903970
829377
949464
360904
722860
728958
498376
675620
381523
494019
634754
251490
735212
300566
997048
786552
702759
406736
728757
971758
528905
866123
782183
580771
113982
615836
93847
899089
775328
194984
197750
378094
222748
138559
784267
225703
143745
805782
278040
422397
542354
844382
696661
361030
673614
277925
818352
809340
279335
868080
473959
72994
409512
478348
845059
521837
669973
673823
609812
461309
221890
707551
836201
860851
78903
329185
9433
944606
275181
809495
841640
528503
863167
814711
285103
68066
318342
46652
851193
347762
579329
399753
532756
251743
844187
682562
357154
249380
645953
480340
575275
690593
769316
609659
825360
719163
932835
30711
591568
524211
230702
859636
933364
106103
821211
391015
582699
867766
327063
903285
356392
653851
346072
957648
219678
465651
585275
569932
822559
16830
446179
217769
807730
613884
47138
911529
814007
241893
748136
457146
368528
876047
565257
122838
212560
166391
614260
284086
254572
924078
360579
803236
968886
765799
678138
701236
77564
326626
96925
884156
318145
449160
953102
462045
941133
101177
335384
176538
299169
252961
620843
370296
241585
192678
154085
273209
632744
201662
729509
982448
603894
110929
213110
567457
619815
597723
779810
664347
216134
44963
794611
986012
845308
629096
466640
453980
691446
950955
157796
248331
58037
474187
142075
447844
331673
736908
863147
700820
120138
145962
521580
987503
665834
638447
253228
226248
977459
386451
251092
722609
835181
995350
883527
805963
575391
401741
240714
473428
218488
733134
549181
464518
174745
484791
676082
401374
405370
288383
816282
454864
142684
257142
329924
488478
481257
815095
717776
722843
767356
44024
407228
73451
101098
551064
597581
976752
565525
585035
533375
499880
699088
679316
976697
503759
491441
33706
984299
887208
90914
345440
220969
81454
591896
505327
259272
64742
730343
13312
136667
846302
75586
60176
754721
224323
766372
889002
208465
644323
790762
497644
745625
618809
762920
976934
158979
334931
728667
256208
627016
822215
881376
695930
324790
288302
912335
379235
182526
546137
456463
917521
829626
723708
270689
934450
258010
338934
185331
974515
108186
712926
624031
941325
652364
401136
965788
384530
578694
568026
493906
707464
429696
474762
672231
280761
747898
740060
899147
518196
284927
112052
412596
226779
901270
696535
926194
632585
479286
506893
381580
980646
365876
459285
793690
640736
935154
376173
223942
788267
88052
325134
854458
826907
94777
197706
187310
139205
422354
894140
143923
881124
662936
660271
333656
69895
459459
16337
748094
950558
641819
362064
436365
764232
490839
832180
747556
160771
639610
83245
137497
212076
745931
983770
472853
330457
524268
259144
667747
26902
138498
755199
775457
435330
253832
882539
841254
123198
740691
470327
472467
904905
665590
113028
538599
407193
8548
358495
45978
920683
908248
796435
908895
295368
242592
543801
451022
232526
132744
565683
932469
741901
418735
229431
941449
96424
80215
646988
474286
358273
528034
633813
278728
202962
279496
209651
211686
63552
507406
210770
565025
95931
158254
911841
945556
480474
508810
532485
918189
154590
429795
374729
381637
133652
103835
365904
728588
103292
484631
319818
942693
25129
939061
700169
858265
146417
31797
278913
768677
80215
580481
512302
392622
707402
787190
526372
253051
364305
676704
173764
743950
434832
271351
425434
573468
931765
607722
742013
451008
424200
623386
504828
41505
466114
407232
694675
987625
252198
513144
103191
595503
889193
637578
85095
614316
138512
912992
379566
351048
415073
487457
190892
724612
489795
479363
123639
984657
476239
635415
573742
787966
652594
114156
376785
378605
858597
357655
472922
146412
650559
795002
613447
61233
731142
510697
129358
298843
767548
221440
699459
458310
133169
719796
505202
10939
955854
254313
775268
387751
254903
480996
963758
393481
587434
578443
823471
405027
318807
969955
215727
751589
591234
259416
318836
457501
513335
456608
287256
210323
184784
851633
957217
32632
525051
329350
136505
459472
765263
599447
851118
871013
203842
320537
861038
546730
982192
828861
276718
444499
597403
487344
934888
753985
676749
713824
141823
2264
83248
578426
125953
485282
128553
100309
16071
256276
261295
363115
655261
363822
912377
67881
40685
796852
664633
559629
676233
488050
325921
852710
642581
230614
581070
738673
969073
861701
693341
259912
364507
216833
975680
442753
81361
348929
387105
101341
676609
65980
85190
402752
527834
989448
538557
991492
318119
271615
899919
714391
52797
946003
221616
138542
159883
967726
857448
554546
105477
740357
34808
236169
126851
94873
242786
156374
714846
568113
839009
592932
871367
165809
288132
457599
813432
480743
500742
941981
652155
360871
754704
101691
447707
89105
305706
141123
332475
660556
109989
403197
69294
73553
564491
860266
463535
685484
872443
707840
415762
890508
774320
70751
107134
917288
456295
882927
969665
127257
954165
106541
946113
15087
42425
89351
331975
468127
373302
730901
286139
434918
673749
459548
150585
103057
70380
430546
918478
866945
964043
800848
515643
887266
145848
938442
830149
554599
472232
536364
619057
875569
775733
599955
859514
756894
11085
562357
457242
330361
607918
945346
309972
423225
116239
826598
565221
270805
314536
240015
168301
348359
26380
70618
944637
516370
789094
900071
46752
997698
435686
714194
506607
465209
246774
128819
348475
577537
449295
774040
577188
258177
395350
248911
212411
446120
86788
310411
528717
839743
833155
547844
49101
989195
15674
275159
874384
388668
677896
539083
983662
900388
869154
838635
851664
229188
29120
760070
160603
529906
52235
214327
799360
522577
614041
913996
359907
738048
379196
959931
869780
348036
833831
848184
857125
244608
306963
595789
906101
806184
99763
289739
29952
935816
814793
422620
704734
683185
453360
501569
618049
997364
539933
801782
282346
429653
901018
364991
667829
142226
68625
581914
728590
809730
186767
989086
9890
131645
553587
447264
747257
714514
218032
625730
922510
827846
238919
101896
266213
661302
142673
225537
615299
690603
446637
536985
446319
275856
520450
647815
188461
574569
425267
644995
645002
337295
918235
387670
901808
588393
577191
523672
694465
77359
60783
638515
542574
592242
652657
537691
663464
585433
24010
388493
924178
616941
150714
484756
400169
654064
172825
393217
91741
279464
836189
337793
394363
508740
212743
920821
762875
129340
207313
454608
971241
805331
442982
335369
696335
261766
808905
379112
651930
74595
225459
155521
711063
992609
948882
952530
583144
936019
744037
738286
616621
916370
411623
10382
126715
957542
580926
330476
907993
948166
108071
59502
879216
578206
410225
749499
298698
124457
330635
899427
944649
609812
468210
661865
981224
455014
578439
848814
478356
168604
851560
872836
24990
744249
846135
140186
540315
280736
219503
151177
610748
939495
433919
559534
374362
594384
758785
318527
729187
464558
383710
268295
28660
415797
59528
218965
955226
433567
650582
615606
99122
895167
169977
949642
275765
351532
641217
228605
663664
941325
979876
177393
215528
717210
570285
9341
690077
973417
59769
60526
761621
603893
583937
318441
990256
741894
839724
205075
274651
878996
344267
521891
601678
37589
737586
830413
34759
354576
813487
863775
567285
387909
85449
891664
778016
928398
459542
424287
133243
278757
411152
67554
837962
871775
52811
947225
109893
352505
409453
119856
973899
392731
138290
500029
687804
302318
807456
993098
23849
163412
776533
51459
897073
945456
37313
210292
566712
823931
7251
207255
147816
217464
196346
767158
105280
954664
277394
644254
307859
908916
58235
695578
756563
90997
641325
363254
283723
981483
333150
43330
590179
615229
251392
366617
193131
572243
404354
579184
878571
986624
982258
155284
500639
576054
106992
543136
998361
510632
110110
219219
935601
241645
805200
69987
228282
645809
942857
387188
420075
370027
895064
209190
928261
227161
749152
880817
553565
48216
906556
144524
1404
823256
221744
616544
480323
502926
288331
905676
207699
950107
611050
492451
406256
3988
365179
687531
127106
14199
680033
627237
435793
246061
876028
839681
508400
952261
201276
401462
174808
190188
485172
930668
810276
185048
517839
385576
326508
828204
435577
851863
15548
481213
486595
184246
83983
413578
909330
695707
47853
119218
207642
561118
282854
328737
782198
378382
154073
100977
850375
629770
659507
65195
544660
318646
980256
618058
804867
797715
798550
961616
3200
60999
269779
216584
80503
431081
474315
78330
867659
572625
214325
55203
185303
938275
564152
770460
168542
933663
241955
977316
671759
952365
333663
831174
345189
997013
173483
105032
86084
950558
36131
809277
456730
78588
950017
298449
840398
74551
411905
266021
892927
616549
773558
518875
340096
664975
225922
777362
800996
394749
366309
787217
891381
674716
103104
921925
230710
543355
18957
57242
983795
598003
196241
870051
204162
252834
495455
200284
96014
444173
540284
485676
456918
47831
602739
809222
245535
190419
526730
439638
967912
885054
239082
307745
300639
558720
452448
536957
902451
995720
292602
149547
439105
221051
175041
304147
646455
859895
498750
767868
472212
800082
925819
216706
122652
724611
412037
334498
503746
616244
285383
158264
511113
2578
546776
656478
923710
800601
269564
238712
251194
47831
296914
987143
230061
567555
284295
997515
626546
674525
583467
606325
229528
831800
336148
181897
765810
747806
888336
385658
590791
225135
562655
337752
499694
284238
878673
287962
650275
636122
702753
930901
997370
55775
673977
96198
292576
538221
111877
206092
196267
376668
437280
774650
969228
705919
292965
868637
757647
568770
391377
743780
692828
853015
14608
919320
280959
940597
533121
231397
500107
269744
557642
283067
258369
817612
30015
55365
499067
812498
137549
753106
558882
282328
744854
466492
758001
713473
681060
831180
623880
718176
911293
993442
713713
61692
976176
204012
734377
366940
629140
976938
287051
610712
59575
445615
684664
436093
237476
774428
870154
769233
201922
928820
327465
626634
346752
688189
872888
882527
101454
823879
536595
116285
444882
361393
203977
388627
126479
58574
417862
884031
78893
889940
821780
653788
275628
303087
328381
858616
264415
453700
102761
589253
323925
44064
99150
580748
924283
319845
54742
451028
346804
373923
79037
94901
481824
892321
816329
127295
659134
215510
596047
231804
194394
738908
66842
755261
514721
353707
34969
798138
82379
768349
318101
537323
462131
524268
331039
197218
836943
731947
940544
158538
964465
976085
903375
176971
219113
73719
156331
478487
598582
53478
672866
457805
48391
148214
920291
516177
450671
527844
694412
957048
702472
648590
566796
510495
758493
704357
708169
517305
930651
132846
151444
665915
5303
218552
710010
874895
150365
607181
120476
151359
136733
347267
288621
177082
77099
631310
711973
870284
136389
607439
807058
162066
380823
34852
983698
706972
40823
496916
698881
108004
249249
216311
241384
226678
629605
961914
458196
332662
88085
4978
620229
861372
244350
782995
133152
191344
746196
379238
798131
906312
965204
836080
412352
25727
615410
613345
914101
284476
112890
747924
605471
933021
166568
527597
439119
20270
439931
843142
542190
387857
373550
549430
694342
108756
522539
915506
327939
743751
717467
96271
558422
968469
907750
302917
124589
540338
381553
763999
416636
51088
917959
750499
516175
97039
65369
115860
613157
869164
6459
193218
397287
905165
919942
430524
667504
76270
358811
187943
431178
634590
162657
405430
599976
126449
877906
957323
667264
661246
942606
128305
611125
980044
934632
151029
848885
32871
387059
397492
37449
34629
368354
173316
9821
249108
18299
994265
487963
917902
718755
75209
545392
793470
464345
832703
767220
745207
562966
77155
664216
419131
767904
600022
968112
278433
406259
352877
916639
463249
997551
202738
955472
392766
894674
89515
290662
927434
866241
85631
75127
740168
732875
768647
829685
36288
949871
785156
814877
651364
922166
668227
638799
318036
797223
789631
200137
689685
480996
817101
75702
405721
211186
951366
319210
512828
896480
915826
898841
94246
473854
513096
157431
491456
848149
398561
679771
711920
864396
439745
783717
230112
280018
649102
578819
494590
604148
894019
192470
975367
27462
448505
196522
134218
771020
739850
941493
248945
965148
240759
891224
378156
926622
116840
104726
910878
519796
965508
250620
814845
204390
829812
229484
94959
620247
726100
125135
770781
66581
100439
452625
43315
954347
400009
1561
177507
4073
109410
263487
40304
324657
127528
303257
694896
760279
851822
462700
65007
707862
263725
22198
42176
583325
923662
914303
142590
934922
302952
813597
311067
543019
983103
465766
655402
828645
193551
827860
916837
535152
944269
74292
104235
867853
104187
610625
853346
420543
704804
818214
742695
51625
455631
333167
98838
918114
115815
562225
486965
909916
721531
645138
801322
286042
676545
379574
180636
192739
308166
84858
978
887979
829979
463953
793136
668607
534381
3751
38379
378173
559151
52858
963736
199439
673892
763673
115676
909167
266352
443839
146669
868130
892261
289671
583872
988915
308390
396920
46134
96010
581641
849429
412997
618973
690441
721648
522731
325277
791901
857118
667134
694950
511710
426157
587441
252919
20986
199887
200085
143507
520245
793861
893785
811870
693980
780956
3715
929108
399222
870413
59314
320209
166232
846330
267604
424725
392000
386204
354375
146253
976968
132042
849875
266191
882358
364859
266019
569821
232644
275204
29407
238287
511687
170625
558435
624836
360269
230299
202867
87485
394396
174051
830779
374342
565552
778352
911581
172044
470870
836983
694938
756877
478362
620058
841470
842068
18914
235632
437693
613011
395436
756488
535388
199944
942771
438537
65485
405007
834152
545440
403658
410343
570990
868670
267758
728290
242722
66468
925452
803930
308978
962089
764699
252758
861722
880030
54151
359841
71201
652983
149569
524242
75564
545937
542427
166165
84259
448976
201302
642384
864405
157939
947319
695499
972999
10989
859255
681784
941701
246427
183862
752208
159393
803657
666241
336006
678110
74460
605329
541273
668475
330856
32252
330724
85386
258045
425955
707432
200619
849488
715951
119152
361646
87056
584260
684132
421243
469634
635888
401604
782867
605452
110276
784296
925777
360068
652287
646067
138329
821012
834760
173914
238317
431046
836211
223093
244176
9389
82876
888245
941397
356323
996444
724909
442767
40888
396975
275741
683177
640653
247448
599398
205505
398233
597584
226230
880870
155258
874938
976098
674666
382142
757361
47838
647601
167327
288846
491824
585589
107645
522585
424474
523272
132901
225892
644672
507810
235984
907124
545569
529110
208584
236228
685455
167012
449853
373312
292655
478231
157553
617208
250763
554230
280858
379250
590432
958373
892201
757306
829437
577448
151519
130940
964729
551107
766992
322966
612959
526879
744724
968258
967297
576845
21334
901370
689105
462947
864747
772950
55552
651665
859443
848426
796131
36613
977776
309826
870519
787950
940124
966945
22660
680104
711598
297997
452567
407781
477016
83745
12617
200017
26622
534908
875580
343273
19345
435488
684136
610044
567531
608971
972563
394008
128375
100968
537342
123837
543088
313954
508251
50231
879908
501037
106194
827031
75067
665896
476179
759961
259649
163325
329379
969211
821400
747961
261469
97345
846272
755176
540443
49079
396194
444406
532018
379422
116882
58316
664811
835691
744512
899451
536172
285507
896697
37610
768872
342340
74455
755836
306866
25732
958756
74168
317732
78109
23980
360877
731093
743098
586452
339923
842413
807922
154076
634842
124117
563668
152846
83315
758940
929485
13424
89950
410818
663137
381776
767213
259069
603654
167088
584419
341472
640559
579954
679114
917551
537756
799198
312716
498177
420723
873664
905409
50514
629535
630305
47895
812823
407971
975684
708084
33183
274219
835390
40912
712962
574383
346221
662202
75043
81600
747476
589062
774558
871312
36657
158159
684694
87474
768865
58306
779665
712786
774908
818355
39946
513625
388366
912001
613333
181479
576542
127610
608955
457114
969138
452019
398229
561799
196534
370804
945731
327484
621877
603822
235559
37261
977130
318452
867998
29737
360466
744963
693542
792264
612491
113710
622572
340738
749163
317071
655589
377797
343263
658865
51292
624156
348743
682835
705799
589854
398988
842006
166146
671802
663420
405039
963156
804100
336045
654987
757667
147197
213061
579647
444142
677773
860896
12633
933486
385112
423204
263212
265098
734461
179292
650487
209540
942587
489226
34006
461781
415427
703908
603310
330894
728050
19882
353011
458505
252263
447441
138717
145196
748367
412117
968666
250077
330938
473317
346022
410226
885080
791813
998804
718971
480007
21243
186658
875570
913289
380201
598103
337048
775549
401610
667668
714612
197897
930455
716468
633002
297702
708105
164422
708178
470959
896768
404349
615592
686555
758856
476439
747158
833140
106463
900324
924068
772943
663693
848671
402196
685712
133352
150116
118265
843991
227848
112378
755466
662465
557086
853495
783698
62469
605880
261546
505136
96458
877944
631226
989684
461630
262816
824996
605205
36024
438944
439221
540400
6889
172634
389285
573793
529431
799928
368668
794557
363673
834063
822257
852703
176391
398783
402020
826451
483025
778912
282570
446753
92733
715708
209112
508587
800694
812285
494795
245156
648558
128774
990521
595378
62716
373158
164088
309392
351613
964503
42195
938535
87351
108848
350922
173193
972598
741626
686510
469551
771667
689308
28010
920132
322836
548623
35321
370741
667426
246560
762250
309902
84169
38056
532278
252226
90624
872544
603491
64929
618557
252724
998468
75452
977145
583406
922358
775702
346076
29873
842377
200652
380874
289192
701309
612832
781310
790922
167569
796290
780612
157720
377724
211183
995554
755060
669601
185898
155491
674831
749138
241989
283099
30961
796911
828108
554587
672020
756648
56549
570275
809625
509796
865525
562586
580355
510606
214614
930094
250373
891093
281932
969270
575063
371178
792812
880592
365143
216315
206518
203591
315079
195350
340314
869705
580469
878855
581457
160506
228498
353911
297202
58956
749589
551214
239855
46199
757408
935600
682367
73203
976513
525862
132350
64517
258309
852618
687734
113666
684274
351339
183440
253926
396719
340069
158093
225342
827325
948890
504376
236943
680082
95783
471965
327333
360052
868883
920962
947015
723302
76623
146463
587282
225370
790356
742549
32169
40593
609675
179465
258444
697962
743469
828939
817266
960339
272679
363337
294445
23202
706411
747308
219767
669620
353702
614746
509040
539238
104671
429248
281015
878809
595574
19872
243235
669576
386136
130186
737403
706340
802436
845203
338519
887179
264472
796913
6714
260587
311244
323783
102863
606183
729141
356083
783327
127666
52390
74204
810255
370750
587030
209685
603611
974042
56637
291598
960744
591087
612184
729762
736319
666433
413016
655370
829274
192236
76008
513828
691704
784007
909371
672417
250107
553236
553022
498367
290745
676067
66988
218449
817236
553110
918666
95662
289389
100835
439022
379781
928755
730755
412856
569373
578490
669380
629606
477011
468920
138680
350571
879510
53974
960638
781422
324221
661451
540695
368012
809479
167488
449365
269981
147745
912953
216641
470175
727229
29728
972387
600932
752471
215955
910890
764421
453069
576977
389681
312554
174136
381120
649342
128259
347324
310368
466691
840348
856585
867344
595243
183569
803579
714741
735712
866853
739307
71673
171003
628037
120711
824965
166118
753568
317308
832635
657582
742071
811195
566835
412715
360567
152995
13833
492732
225823
168210
954267
840171
234917
605634
748210
899069
314779
515896
357536
602553
202650
567427
94772
850189
276930
148374
292911
527371
827281
56049
656343
859971
640984
812777
699132
50196
475725
230535
146782
501029
962167
211128
796902
515501
155380
220412
402783
996166
868539
114229
916863
109066
762955
19874
889550
666919
568772
573569
551132
329790
240646
851965
704260
126997
366174
433201
723688
536771
465819
10118
644726
981642
903496
126565
353651
428415
189602
426294
531742
900448
180115
581928
148225
292459
92931
440658
904793
945064
933714
8739
474175
457298
314942
510719
582001
712732
77788
230712
465326
407361
621593
58987
181694
266762
711101
350596
131875
956227
104038
904907
874260
464369
719952
334849
845090
940008
28021
960672
890210
894797
648018
662848
283267
155235
115943
387333
158172
438044
425731
854561
616613
816288
583838
823937
446718
74332
476423
826619
531176
951259
277010
882081
655023
523807
336558
74118
807480
449853
163784
896097
485103
366378
507063
467630
999470
520488
833959
402588
116277
202216
288013
983286
509973
146935
194959
383931
354700
196428
391527
846599
270674
393785
63879
824614
885077
76483
639109
4726
506066
403304
711062
180782
655882
171813
766324
375404
16630
957450
753474
422659
591573
619389
563859
746439
294631
605641
921226
441997
180852
546233
604009
32893
249832
526477
905706
763817
248975
54305
756459
458130
951832
768611
494208
58226
973281
705978
999930
318112
391063
753960
86661
411743
216254
231100
680850
556001
376675
985937
352338
119190
126813
989310
456516
543916
781921
948562
691363
359686
103505
636186
318826
158232
968019
411444
660021
926316
313448
880524
746904
306568
357693
727779
452128
865000
45698
256105
139537
500444
223759
80473
77535
886264
733284
567111
945838
513277
876011
412413
504919
395641
424280
690967
173281
505119
377744
561784
119094
747827
652456
259262
747832
259807
334146
731043
940441
154691
645313
334755
325091
869778
41681
808218
626988
956696
702371
459741
381561
391461
21534
611280
497866
746423
181974
384010
143182
239080
615217
340466
472856
806981
932550
327588
753887
954089
109370
882840
147029
285810
837597
415984
201228
812792
50044
438338
711493
94770
447201
450209
270776
72159
530262
853380
885593
181677
704492
854167
299735
660644
661029
524330
382553
823494
483747
385966
864049
846004
581244
276638
248704
524488
565562
990780
569336
895970
356092
339562
107389
610522
283
427046
84361
915309
727242
420972
323077
190968
205728
224306
272937
229572
961749
778756
757444
250277
137392
622086
954813
122714
467642
756609
986446
40445
889054
981574
703206
31613
729083
591650
262767
474824
568381
940851
694607
209409
312162
193992
181175
132435
137028
683084
355402
675276
647419
720611
197670
965529
275103
967926
862540
453403
274244
121807
420127
340147
512466
849376
227793
749954
944872
756587
188350
14820
770185
957670
50259
415688
366209
408798
999058
818304
684284
572297
794662
107002
470744
718266
111915
868394
197829
61548
717479
404033
570572
872527
187915
592194
975094
568015
670794
717268
652239
563048
353668
297257
487133
390075
774358
618443
864352
832199
147820
568259
465327
787516
862695
608447
459652
244428
710634
238143
793939
11363
569816
89453
852448
994941
354745
909254
277170
511772
925885
468418
839501
814371
196826
714383
458983
757752
925003
108177
981908
102673
461570
472921
136819
291837
157806
634429
135190
346868
559979
986085
587441
246969
768009
741172
34179
21933
322305
502720
826206
804092
938101
389307
79934
77691
237025
196510
151826
948272
295009
648215
997978
371319
330274
684943
452378
800389
139719
326733
466554
144855
219128
833685
308270
469067
307512
413517
430560
778276
132534
222099
422546
582542
784834
403860
49521
45835
65797
43093
117944
632451
655975
970218
438738
398725
545943
577114
49598
773511
507546
655503
952111
548614
556296
421582
215442
637858
521061
480573
519610
604987
413307
562960
336487
992562
834685
965658
98718
453440
599684
146979
718599
771502
508196
893510
865707
90249
233634
607863
865086
553597
470050
724358
512047
618199
643153
497108
358953
404603
65585
701867
266763
158959
427826
618707
674608
329593
1993
246691
567974
620789
750458
480206
128302
989599
529551
237177
397474
706783
324571
543544
640361
606146
644842
76501
340564
509110
126740
83655
724396
205870
263490
514418
139641
690575
9979
282571
566354
811910
594547
45791
916056
176077
412503
680374
710851
361184
192294
317893
712111
47995
80614
750552
164833
174561
873386
979120
692875
947431
894300
946434
225495
716950
975040
362012
205795
955313
893649
615125
555727
396715
934562
92366
727836
587907
516943
394160
183746
248601
884576
615306
580802
960726
95433
488300
352566
721468
754611
218805
485745
960077
124436
984467
223060
961495
49025
207518
396751
549291
274154
558019
549003
323810
712924
588790
322155
915561
400618
424051
881103
884698
927028
788767
692181
446848
620874
447144
129115
562111
288957
722027
205392
573238
287507
511670
31214
719285
447282
300403
319267
604690
152669
858697
422461
842286
678155
597158
875943
375817
926884
3594
50619
610998
850032
654739
453291
893182
626625
568517
958007
253192
266439
504448
220593
977982
809538
676074
139914
260318
58525
301310
369062
345654
563229
909340
297530
302854
165188
901514
5093
100580
231798
308346
424250
906653
504061
384105
60974
136778
117393
768156
25641
500550
871767
691892
741586
415958
307844
459562
621515
91697
814035
564569
86846
207348
787432
795424
83517
503171
681964
309093
547639
589746
409892
904923
868367
137621
119513
158139
402293
31245
613965
236462
381237
441984
171454
120602
401826
500940
239013
137317
844890
857459
427686
751790
619317
743646
972459
324044
435401
426154
414646
655654
474544
666996
589224
689636
337158
130553
502850
87737
115296
798870
428278
589153
188564
829108
107226
871759
290247
430775
767391
918103
536603
227602
987499
380287
499324
6608
973766
916012
978845
860981
122330
434687
611121
271818
396510
850521
128378
353767
257136
999993
406976
710069
161491
964788
333466
691881
181484
994503
157473
721448
5758
83074
351625
554198
480490
890545
83202
445318
398168
507078
429600
693148
662484
685344
612575
304510
4913
364424
978533
337349
701704
465033
85156
68163
690158
733940
245896
608604
244133
839027
444203
858798
537584
526550
705605
804381
705185
240720
371040
660348
10204
570080
116948
285742
489849
996284
956381
768996
867169
653605
330871
50454
672189
537446
952408
176870
990670
746128
804614
587061
351465
159435
136157
496797
691426
7298
635163
405357
559971
551552
363900
207961
345448
83987
377949
950947
802913
491919
25306
303798
395416
91978
980986
194046
213654
543019
855585
260843
839495
580393
783438
589249
967108
528850
718378
408735
733602
601715
438226
339133
124376
751384
83258
95102
732161
505340
789091
518472
330557
966272
510546
61790
686631
314039
815990
834746
993779
90088
893727
165702
764290
463075
83766
694229
923073
368475
108331
881746
820419
643095
514837
974908
421663
112215
978979
251127
529451
510493
364688
198023
639898
992513
965264
355001
589874
465838
568412
710971
537639
81408
586046
716573
450817
778428
559814
310625
367872
357862
75148
660285
57909
977522
108400
454181
661517
403471
273182
610821
337942
311486
679632
346248
490002
769249
971663
758007
176099
840217
849927
134270
271062
642711
538578
4236
873078
660042
549657
683027
664906
385063
982781
441829
676057
822415
533224
964826
515734
56928
716612
941544
458431
224129
430557
127527
11746
607832
280385
666335
500010
171076
778167
319514
306523
777559
128778
828574
675910
819358
198011
15416
511402
117786
404227
229818
172757
497414
523989
597451
47459
909858
858031
923746
834970
412850
690178
50328
300538
796752
829872
854945
247672
496084
726359
58680
383822
843766
40191
804475
516621
596776
144642
598689
523770
29280
28599
337242
17968
674843
881260
275507
288532
384689
568286
861823
4287
128132
841700
740660
26213
934681
900243
917279
147566
294617
517895
679554
219897
75105
431036
741949
543603
737116
148249
169607
553469
278538
407859
241290
697540
717107
604552
805547
470878
216432
915161
137691
906366
597102
174453
452791
663604
746137
227707
492937
991118
591133
520628
92345
401043
486356
104810
342589
321986
333083
953891
46820
988960
692135
164798
217301
738979
229573
231559
240867
637585
456520
445530
69428
575711
571801
77101
515689
285336
722454
965591
686869
763319
898207
691471
615493
548320
118936
694178
653926
831447
724229
137386
612457
199432
436945
802756
305513
383719
814047
654820
87048
807392
474219
196620
408094
198392
850917
343594
187840
824523
984535
122881
961599
919397
211742
970078
200946
606586
427089
320638
159276
413467
262399
285296
120215
552555
928744
86594
935070
276042
723759
603091
315592
9593
317842
846110
495563
623460
914357
924480
970427
326531
601518
909924
875638
243285
741417
294915
649348
584688
568898
316770
307790
862240
192036
657833
67454
471991
493295
887241
562637
871311
620405
721453
183540
895935
531154
368557
809859
322042
215145
764596
551886
338143
423142
597956
562291
921071
762383
617278
269223
110675
787439
720391
3083
645751
337323
441420
37447
308312
741431
876007
376555
844457
534216
212230
49975
268629
983515
30608
812949
263011
796987
262815
16084
594172
826004
713899
125144
286349
436410
165397
688892
939858
117050
404093
897942
730909
67548
26741
508019
551383
950513
793051
266850
743560
294603
710265
68901
215328
813901
987574
158441
691389
950442
270012
433374
665969
38189
930617
917174
354587
126659
780907
831075
589675
786297
917017
406779
167193
384227
333543
634604
671978
460202
618852
992499
749061
951688
740715
314695
754895
779647
194732
417442
448012
472331
344227
935794
152495
144141
382265
721461
716361
899586
416709
18778
499451
423832
830386
346490
952785
534431
666611
977188
316008
267649
492337
500695
318395
143561
982240
671055
84655
258629
391900
52774
939523
767382
895411
43109
821272
500130
535845
575253
167611
464715
814257
329908
960503
123707
357117
943666
414353
98411
563935
216170
649193
402156
140320
829997
855477
895095
555142
75446
520533
828787
397324
229753
63314
140411
962041
686390
461222
137450
51803
227218
358358
127553
839877
61352
269235
52696
753490
312539
900604
445303
891078
668789
617498
849072
253131
775554
248306
690935
514528
713849
177649
345842
227458
785729
354672
734255
977398
767369
150469
285710
367875
951383
40734
641927
837334
137895
388490
319258
897120
493903
126142
830229
977723
33929
373748
739462
998269
850970
631650
599984
203841
884842
435495
37895
285601
819525
224872
911320
380673
682158
425783
883352
955954
165541
588264
115347
975698
616208
470941
941978
949018
439006
650734
511972
857268
570503
821131
57721
605166
18214
78843
944165
851645
921379
720022
964748
480612
593779
713535
800093
165923
432102
12058
156619
658843
832224
876376
97106
290106
5370
804673
583619
288565
401806
496926
29674
882954
397395
309200
444931
801929
806282
810570
369436
508928
574547
981977
288437
641430
911363
936780
911066
206286
501454
704108
210259
735667
196396
866106
531700
490960
33210
579340
624745
811395
237236
385798
231869
379095
599358
793945
314432
740375
291084
672618
762222
147047
901696
694722
392714
182154
432148
4678
696069
865067
889583
527459
443338
41349
417131
694247
390019
370286
460247
353439
950985
810213
251879
698541
418500
38543
767841
469969
303953
214643
833512
348895
350630
873148
600544
88577
702389
478507
105116
817142
281340
476211
844082
977252
197500
427730
650788
981253
104325
244778
590998
286181
291364
159573
772609
366365
570769
263179
308119
693304
679644
120267
337016
762829
570893
693736
952809
341256
34761
165928
182808
848497
319625
939268
861240
584261
675384
649255
922169
612601
47341
807303
128107
180332
153532
462685
698793
692623
484368
857408
792554
111021
855805
507473
652096
528296
837077
253984
457782
678042
847768
213352
543789
919539
390059
249524
63203
720193
307248
742365
530099
770797
308692
549639
264941
841969
505866
999269
19482
986423
831311
43668
229815
672012
697629
140294
918057
777528
410855
750524
326061
117818
230484
276725
4489
539519
968252
458933
590430
753044
675454
796619
309007
301519
950889
597543
936407
644824
394295
519811
202634
901975
676916
497080
172152
564009
517304
475201
566266
175292
412238
34626
359948
464611
638809
517732
261654
18087
995532
297342
944091
383920
145661
727241
121893
679607
165540
124987
436745
486324
484754
655057
653865
281092
676204
601283
158349
389501
810460
429223
783854
690687
606313
985169
678197
231402
25846
282622
126727
335918
468925
98313
842609
939359
538261
91571
847410
293998
307825
13159
720752
567334
566614
770415
395457
129920
588404
275282
627609
232869
808747
117303
59675
953901
813158
180067
988388
254664
313168
767734
442489
651750
848436
858959
950910
411324
874467
746310
26106
327245
806654
979538
369913
457859
676100
990761
268138
97074
255504
428657
972623
604744
695196
334611
119406
362513
289667
168309
505300
46547
309184
121729
851558
775083
605402
880024
295496
469885
525179
872454
316815
247534
591674
201443
617752
755300
415245
795847
166634
862471
774051
714365
719673
303995
455356
789037
820003
385234
501060
983480
29442
82518
715216
414677
366809
65572
241966
142710
315282
342711
952962
487453
417535
498753
486830
952322
887702
537377
32700
163252
419802
653478
470978
214026
743121
333212
697967
45690
495034
632737
891298
487756
141029
87316
625267
506315
269954
313756
450009
88973
286394
151557
898800
702823
2494
459056
932525
516018
6825
439431
20802
801002
570056
417673
402309
844381
209765
110594
522980
235446
587955
1075
634776
213271
264181
545732
724601
313052
650851
199729
6084
973824
51933
34782
356993
699166
324444
491359
170233
278194
899691
704056
208309
734892
434252
83618
979360
691809
458350
748586
665561
671319
116451
359773
957862
624052
266955
731314
424378
171282
761316
827967
300034
718570
473906
208841
263964
858614
107627
649207
394964
991080
195260
683986
746128
986318
135166
621958
952169
528568
163706
387814
603567
448425
128796
515952
49780
163586
754893
640964
459495
653722
271334
190496
491460
594113
108997
195177
823820
988901
20783
620596
799863
536687
635605
404257
463774
750314
13504
315882
874695
832154
606394
540044
998778
405828
529457
355067
704051
3602
700157
154680
390341
371447
329115
230353
615603
813807
205672
448327
811481
607590
866824
239715
129953
792601
276268
150590
228963
500150
694207
164968
245753
213061
891776
23755
42814
162070
496325
578506
194101
114597
201082
728616
755154
363212
979768
42890
17135
649692
104728
505489
548873
591789
853427
663568
37999
444017
933563
31365
522392
107766
357897
276490
782726
352590
5518
827175
825379
907105
206721
754889
446228
322234
331625
556857
717651
480715
913007
660855
777949
955782
539817
967203
613002
978073
734465
891621
783981
974305
217858
209164
666618
66911
834135
537414
776526
637073
289712
805679
722605
587064
319471
830107
649661
554010
290687
478555
150991
140867
854830
639883
670573
201735
494633
367277
279488
54998
575122
737470
551079
549857
496380
228632
716882
613625
866146
376743
480851
866460
47866
245562
776642
943644
548600
600201
844807
183576
166664
132677
436680
462137
16119
598547
968148
416253
920601
290772
999937
987950
215997
115357
63599
303165
796975
310228
8224
553012
995612
602079
895359
675772
653762
307187
759050
65901
284087
264297
876751
626903
607147
166755
670728
135164
829290
231871
365240
265830
501755
141688
233703
214227
565212
962282
835065
211408
555997
358481
727311
292684
772630
951244
878311
510030
614406
434351
917445
741402
215910
44687
544695
131462
836248
532780
226873
555211
349326
572727
685540
596509
819505
828818
905873
432455
91212
219050
610708
626234
983625
244807
275752
408194
62208
756145
286876
935727
87494
176728
63102
390768
419659
774911
351327
794747
274480
373239
954113
9398
86715
299022
694291
465458
649498
861499
891187
726199
362254
757694
576088
25602
312825
285654
291690
68065
846904
779406
565833
720367
178214
816943
598264
630835
349181
547465
731903
101063
925697
172652
826516
524719
303482
205171
456884
141847
811013
930690
907131
510167
537575
512197
592686
493042
329043
466254
987320
584818
753386
75690
624998
981568
237815
301936
203064
737045
680433
530418
644356
754336
392821
728210
854724
805120
42162
875706
921689
254248
591227
86816
351475
418963
715417
845338
309741
708748
860355
648001
939029
982074
122248
310988
737759
277797
590005
819112
257826
537291
529860
478507
866419
878235
613971
448840
107076
914569
424779
131269
162062
371478
870080
779841
941719
875324
294476
526059
508457
722232
730823
446841
43150
66814
716687
413503
894545
792138
676038
423463
271914
450425
655965
10751
709884
855560
703329
268382
23060
504719
229899
1867
428717
565859
467704
228713
7200
445938
277324
249132
749513
64757
560295
77612
511554
782471
61234
590973
494102
640692
321900
648887
562343
397154
260090
863955
705295
713580
306745
657202
546057
250057
72229
971500
627522
78305
366570
187028
902670
770627
928248
787711
983809
40150
685808
535563
513850
519384
722978
562792
409733
769341
93856
681697
632896
128063
473001
320852
398291
54103
150485
697089
273282
405434
564079
599387
798853
842238
609634
972946
828763
254396
21187
98391
450327
956724
968957
886753
401610
37993
25052
980247
640511
974777
356609
139752
828012
644602
169660
996023
176411
753388
144081
166420
446021
943625
448290
362917
655492
189656
482035
201740
360508
456044
341713
735406
419005
32178
787622
642029
707189
155647
854944
316731
575056
175883
243856
157549
349553
10336
958006
646277
512289
103935
136609
642492
830875
436287
490052
897029
565044
900671
367810
611445
672045
425638
28315
743627
320626
200409
344765
118533
569904
154086
309747
725727
136789
6571
358408
146263
269993
914029
625115
692179
687514
417395
29355
482830
210322
397492
292162
179982
260383
47478
562461
896158
715957
974267
195648
494355
155246
783698
630792
268295
261410
560686
130851
972770
19845
503287
573827
865211
654695
557869
943000
210995
346411
962326
890395
208087
462656
183853
781937
9178
501780
125790
385577
229445
67519
787492
663519
353949
10373
622769
688708
657396
883953
78726
401971
286047
832978
200769
362331
812883
629700
138321
372531
576956
286870
417161
912366
606898
236371
845959
346512
408333
706183
460337
19076
759086
205194
241578
304999
599284
433050
843541
901605
606252
893790
582992
190474
657761
126441
917806
106249
36879
881465
650538
924302
139086
827800
142564
162655
269057
434084
431290
940703
649077
547506
830736
94512
888685
870141
255591
284211
503816
485249
81380
632331
756214
503332
732464
477498
849181
203874
471661
336469
246918
854023
431655
530561
846710
233185
518718
35399
745338
690734
972014
897106
730587
678767
826171
362741
810582
479552
934171
718297
299017
768815
861336
173815
667841
379071
728121
320491
107880
717330
988557
481823
557940
531495
905032
562842
217907
529833
761765
737885
668008
977993
859422
230739
315741
134112
114562
409244
838558
494328
378688
50051
789477
346438
366043
674847
877541
740622
227506
243889
683964
733416
137064
307374
617619
964637
512426
871835
985207
89968
986748
637316
406104
169146
552149
778692
36219
876127
882944
330258
231821
420248
552010
836559
641275
90590
339658
743221
964827
327230
401611
634796
615973
984001
811484
302359
443546
795014
277790
61296
380756
244514
137072
260719
628388
414615
91896
994969
305704
37472
140497
15359
876639
675491
130265
352809
680
114271
980919
421932
535097
172070
170654
854847
595979
243549
834373
781352
724370
18478
912933
763916
161482
657971
257550
438807
908001
976438
123599
534604
495712
462108
492601
303641
739945
855968
716523
883290
192910
86512
672001
558400
423649
584832
745024
41343
776971
797820
878361
718894
201130
952657
794199
283106
647960
879201
770142
581159
952890
509454
567342
746754
675144
387084
159748
138475
855904
85610
944815
320180
793317
101853
408595
964697
319480
237288
104129
920040
789806
525423
554319
266132
402125
159345
555564
829266
506633
664361
311684
780783
405586
723080
677503
425283
749643
48145
769265
434028
661354
746330
897869
240506
434179
214788
796924
564220
388308
545773
136986
49151
450380
697432
296659
668473
631151
918171
115443
305652
740507
348191
662018
251370
819890
774770
43762
404421
703593
463276
693467
465600
18891
575210
887040
757963
213763
828111
18895
969086
369498
987585
549049
21062
457270
569219
409342
656130
908979
304189
953869
186648
614286
296536
21745
563580
383356
716490
323719
157476
757226
836050
992156
149311
511337
872688
32045
459951
666485
83503
679829
164391
970
963499
785375
779453
504122
644858
412693
713135
245519
71929
380989
748154
561497
829660
193273
26966
539459
35716
810571
220458
840557
10091
19688
477886
757406
121236
833070
853798
950225
76842
509055
929998
518848
826896
222752
627680
61412
709444
718053
864742
785218
417557
935484
813420
577057
448715
367047
704508
174157
945883
236957
347888
764333
847041
651822
694142
596196
948640
763859
637433
787251
811396
948783
816136
349855
575546
151587
307126
620112
478718
811969
741381
241536
616342
993107
809913
902148
754856
118122
865970
866958
55433
852305
973209
481883
885417
740707
675436
610697
190365
367866
692621
30420
731953
318930
241448
997457
390555
788840
277398
990284
551627
688872
846484
813890
575861
415382
142790
983214
95828
457827
296975
483898
926697
419361
250756
545129
354888
470
558139
93958
308744
347741
934851
216697
146931
617969
994722
514725
499321
860924
648859
262606
140252
656600
802077
802094
357603
351469
282008
441589
428190
634967
352008
560635
712855
303412
351146
119876
660187
551481
181734
123162
414595
538779
121452
850217
409456
737249
545044
362375
303549
754260
808818
685942
273344
486524
423721
129187
650346
712620
949007
739890
661507
80973
74695
386890
589407
721179
857276
782307
612994
136268
726826
685433
933954
23785
426931
162352
749201
358137
250265
717974
539528
313504
251930
204285
565285
62830
24554
830569
754900
166128
42063
988315
474917
484881
336693
543823
327615
402477
445591
641753
294979
38139
455562
996122
579393
953165
809807
8821
950415
344080
987173
265153
261820
511619
534470
949502
630883
381708
606224
668185
528777
386593
785135
549770
406869
449953
787312
943601
513577
370022
534659
207547
808098
706932
54703
51078
724034
575363
738079
767500
47383
403797
954957
606326
87890
874824
440973
599714
826465
26680
482183
372024
206366
588843
916885
370115
145216
994489
433370
491995
360736
614954
712076
131100
152467
486518
800009
179392
240212
702284
146376
187371
59604
799292
142346
699145
193258
984483
181950
503729
447699
611063
871473
444548
598244
120297
485951
896054
980666
795956
657931
279671
966709
249997
499564
406900
608250
250509
789914
958847
376111
460485
156589
511244
625715
985214
698322
786645
144596
113386
59187
954028
543809
169196
899638
973017
877283
571559
826952
745006
985906
167094
345335
982559
625489
340051
640930
247207
515785
112260
130717
888701
304806
696986
366036
550999
82027
408817
181802
222986
952487
488062
342875
511664
680088
217946
664726
719793
886976
517358
374517
209030
854181
905049
406519
737887
194177
491047
895000
924163
248254
779571
396382
259572
370486
757554
871436
515984
495126
6658
571155
203319
220451
20124
639392
45119
782147
613749
771644
238706
293016
620519
997808
518439
810951
377598
960926
802939
23003
173539
127473
298081
303116
131260
628212
575357
7862
276258
845471
331120
820159
668352
90245
106954
167986
514887
677921
120117
773855
525939
485275
795181
944854
161643
14397
455345
386147
896356
510493
626558
529799
755072
228230
212794
416169
415561
942476
806991
664992
760183
548228
802886
200934
392154
138886
571620
784587
861175
829847
465403
92416
725948
127896
59895
378828
806527
421141
194073
81278
120104
226187
27107
466330
835290
95803
477698
349661
81659
426459
874850
339609
804777
926690
733379
161352
603613
665346
978939
838757
158777
569480
197019
292114
390869
648571
164928
105264
582546
773647
440019
826703
831001
700427
815889
388892
337539
621839
452948
483960
876396
324055
997859
607847
846115
626772
790619
389244
437494
24105
337727
34777
782548
537729
734086
841386
155721
966963
951702
919799
483285
897806
410081
823198
768536
898589
69051
276499
274684
488
774997
506394
650918
973972
180587
716880
66127
799881
796011
551827
923286
554726
957726
42893
847660
596214
849209
721294
57731
283136
275664
349846
939206
404516
724343
590234
605984
526860
405296
204609
555890
922286
924701
865422
761365
834524
334306
492376
253669
416947
955489
940740
275899
78321
686599
831168
961256
326039
749663
511169
424097
44805
3007
184065
152241
894629
803148
717387
250352
117828
348924
522838
82572
125179
261923
818425
68500
964722
144784
563650
387861
15352
368359
880602
32410
576575
724800
655568
998798
109596
387015
648263
418857
521384
774367
641004
389587
36609
866837
630969
993998
808410
182144
934614
463871
14046
538790
334218
803931
992023
457200
267033
991816
362416
241710
90648
707650
701681
994892
145464
754718
562517
603940
105101
363555
840947
483062
292282
206920
178325
782676
888024
345850
862306
61662
474574
672537
677502
415729
584553
624936
780167
237467
21225
353439
971156
298039
688507
752369
336054
767319
737336
108144
310827
587064
355832
745468
985611
27991
874411
627583
636554
852838
144356
477597
8144
684197
746677
786685
721870
800273
768768
152529
84600
738186
950006
85475
664481
896707
449487
154077
195702
657929
552248
229150
426384
695498
504404
283070
792894
312742
996731
469384
338707
845778
756649
326874
206720
77241
280731
660130
760601
44743
476395
126901
499303
831289
25514
746889
726534
915368
194732
343277
979013
269051
41884
799890
534953
555158
90838
882729
313157
846127
291840
853656
788978
976129
880207
31356
905812
543803
915845
693603
245666
589278
606528
697208
902033
595574
642282
472352
246208
841914
153161
84967
122098
713327
135511
526817
953092
541916
652337
972338
433482
346425
622832
616403
7824
131262
255286
897118
291214
217120
734945
510271
506451
991043
352285
222624
828448
79138
352261
817851
584926
264596
3624
698896
355220
419970
837716
749351
984212
906816
844842
390637
449187
242646
340498
641674
12979
919866
543313
513378
229623
837816
328527
305257
170782
372487
473535
340214
249282
202077
129526
564334
553536
27349
137084
935445
988789
691557
70458
769174
200950
341037
68613
31119
913299
857447
625276
115097
439307
749314
349405
929986
301992
195949
534274
169001
788952
326746
647937
619210
476298
643302
848832
921515
684371
115882
238373
854151
762467
939654
660124
844422
895945
358269
493857
936680
833287
391658
785061
819577
602423
139783
34817
956800
349704
868272
454436
987117
79341
194663
400976
54250
631400
774380
294567
974473
482021
9306
567141
312778
88300
755186
638560
635023
360177
520879
584814
904261
590160
924558
930547
645401
633346
470284
668282
147771
85236
471323
503474
190158
226313
845659
325223
91854
885273
352683
543418
137252
174364
106817
45607
44652
372037
431786
46960
162393
772675
281208
951055
897713
490750
926111
955691
838815
358693
66713
717573
49035
252838
580572
974166
537211
101107
978834
663177
653103
677567
431329
116227
309206
212866
191877
319525
156701
590219
937012
492726
272968
178515
36055
128187
645530
50180
874498
266223
405278
791535
29204
373957
986093
833369
300902
181341
334147
744792
406137
247331
811648
469689
212133
639273
819042
228482
679517
663727
680172
664316
431397
553056
411628
636539
969424
649922
943666
622679
850875
704828
629967
531698
928179
364207
612568
150000
150015
474157
683641
45896
968422
338038
521776
84267
138759
99337
47124
666668
931852
472012
814708
846311
708257
190675
567879
674032
618959
110481
165808
241060
775110
462982
852266
181418
502769
952890
370793
261136
850852
284279
56929
288964
389765
782480
534932
126858
20569
344306
705593
452308
763825
570575
904617
736463
287285
128546
128875
560939
281767
540118
913921
379592
594323
279980
793985
708622
177647
233693
394667
245198
363931
9442
971014
17238
954781
25773
134786
438503
574183
509097
736522
651529
926899
398031
164996
349820
856798
27256
90095
9235
908142
39162
292778
84322
610838
197442
79507
595388
629447
10336
203628
225522
636708
856990
360865
919875
141884
38632
325288
732263
260026
632682
245733
289790
503352
507665
816289
77502
207376
668127
226407
561186
921036
458080
3165
992291
333680
599181
177418
439155
187248
53664
949755
460870
273160
236237
949845
516682
819619
23802
840515
266820
541127
361211
952588
113173
51478
769072
654495
648510
225280
677864
929346
368229
165747
386873
612953
83157
309208
387418
282496
618574
90994
333678
168226
884312
114989
668984
893157
818155
328338
309075
183584
301350
85895
643991
720060
507302
576437
965308
708145
630030
624118
321325
62003
961561
662061
393735
55502
430476
760049
379803
12982
624685
3070
761966
826199
329770
870937
771465
259661
88800
348061
108593
708169
317053
9371
42568
986444
649733
437435
998998
13945
895544
364348
242354
925764
675918
15295
279052
333423
358439
347653
920597
72393
5613
288033
489265
393529
32495
668502
197074
661181
864489
171401
970980
179615
898930
885030
633531
295521
345682
381460
581282
953058
955816
600523
478043
413099
365370
534146
805432
824324
243772
824730
105611
244863
244962
275952
999025
941481
876978
656341
604136
405111
71310
303554
3457
346568
526462
69792
551480
749362
548634
916474
960053
957583
821611
138002
928877
492126
262862
288363
735554
494583
667428
721183
9029
561467
635601
602821
530113
562340
739882
584575
569103
969942
63545
317141
819650
972818
492069
790903
355860
299592
780645
959113
239698
125860
154814
394915
19134
568269
360576
985718
949047
42246
84046
9854
772291
223660
706924
590018
874326
839730
213679
425458
733738
941336
919838
567106
898811
332481
571594
962204
865004
662385
410442
986324
696888
136
644043
596361
49782
361247
930509
132365
136108
416770
586307
382928
394211
725211
388454
405774
287076
495670
384114
868924
692335
92838
128920
448567
596226
118561
69667
983587
574011
830798
922152
398972
420697
713896
284465
914538
294930
163425
524763
35667
770396
408448
759913
383246
424100
439222
164316
393086
256756
928929
192570
211084
71824
739725
174578
163200
359933
58592
250111
829790
984725
857049
648395
561100
324827
209889
451040
413264
25838
172999
257667
776974
8320
410487
340161
187542
105442
695582
634519
963706
826794
682134
463156
650511
641130
236115
507417
964438
454392
987142
894647
138533
154512
650756
593482
255621
805375
672571
393256
150301
520103
442046
519614
111893
820469
913539
575954
265619
375203
467855
364984
716047
793430
552869
903597
472141
106246
28848
583676
77781
938466
663800
290599
737252
562874
482683
778245
127451
127783
430087
772017
243744
122712
633027
138455
72510
931962
780050
693504
403322
296826
725096
81749
866903
259031
658025
512187
338637
499113
549505
206026
3239
150274
811564
212778
775543
253034
612293
565628
634755
326510
643735
904732
786503
176407
283649
785926
216930
474481
224217
28798
62680
18042
959861
722334
404721
308264
807975
106638
841845
267414
741903
418006
740090
92942
331815
232144
33243
551043
822806
135833
698597
589029
857459
76823
494568
831197
766681
5940
448946
72429
594820
89411
434575
260424
567305
807054
990518
574048
713961
44458
593960
914411
322624
290339
703765
420773
964981
292153
747036
901640
570071
844848
239584
131844
359883
97969
384020
579718
548145
976128
146377
921327
623591
611980
143233
107401
526716
336332
346789
326112
738228
486921
981062
971230
923718
154807
39559
399207
64277
475420
692025
794351
787818
740831
760608
417231
316508
531322
340675
586678
778926
257599
731118
329353
340960
693792
98820
84559
226024
473160
488188
776728
133668
576352
592459
481951
859639
565195
248015
829871
375169
621362
227243
125092
276606
871842
519373
954671
123900
388751
936362
676196
17954
51099
417528
823678
809775
220793
427572
527380
321146
738998
879483
136824
152675
641206
30092
38741
926975
179699
588558
109941
772711
309637
789593
858068
537120
195971
893678
709829
603858
133813
923137
787778
364505
132992
795747
712077
714420
539797
740263
579996
509103
963942
392856
435639
52079
298870
933358
392194
776589
26615
710581
379391
562924
920699
294137
60053
450462
646016
106493
430827
873054
86322
689977
781809
752741
308625
336754
392561
297346
39375
114996
626095
277808
335401
748755
584262
886104
146406
799115
957041
428520
377734
37092
250936
166627
603114
929996
487916
397750
341261
18366
960566
110698
140224
175548
676660
963040
197544
28328
181399
793661
426139
242084
756896
685330
264090
983733
679976
881260
60074
735228
976359
316125
531497
206733
6901
638517
754788
133956
128878
566454
507899
782287
514175
756217
984218
93520
849737
606991
291090
532142
916923
332770
536839
399303
324365
976349
752698
278038
113554
470719
957236
559470
429403
797891
296351
778253
339853
765962
209646
17734
553254
928527
538382
39315
98503
616593
997781
422131
621161
261868
6618
28037
281946
134447
5026
559483
833948
686851
318162
507875
464677
875362
154393
339326
514907
361467
255626
658337
772828
999165
35380
403514
535757
364857
161602
984545
931634
685909
3099
927992
817927
864401
236201
777000
635042
950131
390868
7588
864438
854585
838629
602981
95573
181650
5720
93714
382966
533709
464229
898130
648714
361999
778444
907128
624985
422520
495208
512794
630344
921321
469437
279529
670613
572331
259682
777675
472423
965587
94563
565205
704701
716120
721441
713599
735906
149406
992725
307847
707967
592983
766828
475766
934417
824421
791462
639115
877621
454504
25135
39435
729499
441478
812467
309844
426255
551613
475490
298657
129764
179801
264279
753524
777998
249623
171853
38568
310301
591937
354109
914195
788009
401587
872648
145994
958447
150296
78753
684516
627115
60897
996297
469120
122083
122942
582345
208468
398061
785297
627411
885702
333878
660865
98709
166127
824809
566231
565338
511647
877162
874082
537861
955469
697031
607963
485589
902954
789903
61936
501773
948562
795668
715228
598830
953342
181870
445349
953233
177602
736887
949749
275561
600384
901938
134551
25839
489903
550181
343235
717847
510835
759974
947238
380523
112033
416461
266389
781280
203447
78954
610504
579765
934287
828074
691596
443387
405045
238838
410671
359390
404466
189512
658400
29359
16276
793959
921508
116775
415061
96792
34043
482170
123214
754863
283432
440122
596972
417291
945335
580769
387208
191472
915765
520477
345994
213210
726143
920492
218260
416249
20582
343648
763460
341403
545439
964735
201700
40784
971114
196398
470400
946706
288441
914786
532555
187120
6404
886582
187468
212499
692126
736291
781479
901256
614955
401865
780809
688725
66837
781511
626111
465843
527611
785851
136380
268705
707487
740282
36855
694078
327429
513973
943865
171651
790069
811309
240468
670212
939087
780221
364268
476838
118553
281855
606579
994626
656501
508717
273361
349106
974735
312864
529704
192235
857190
202962
294063
933184
369862
300638
562391
729258
987364
887139
7224
846962
277908
505239
475971
519889
129467
29758
525927
974506
117527
844937
184004
671732
699839
737134
802959
840730
467457
722295
531064
44203
810977
930066
349222
349001
444096
76406
640986
428995
489348
160875
838421
226135
278861
368197
327384
984980
245461
706402
78232
195158
203449
935188
657465
234386
505179
739433
569557
969761
267186
694984
179295
546713
992350
836431
485920
362062
474403
742017
727403
535431
184272
351170
783736
701630
331464
374527
621344
720455
31124
979833
875866
307288
666858
586695
294381
482539
224294
7733
193330
806494
243843
979152
393567
917269
268047
467670
499642
401222
497136
818153
232716
498127
504767
861396
611552
940372
200948
258216
389168
288401
902821
941762
329457
286209
197273
947319
855593
972714
893839
73506
364182
655726
533054
997209
357336
166916
534352
737441
516091
354281
803635
27576
960962
24319
248424
485338
782849
332504
43598
64362
411838
788115
695730
602142
177960
767835
674628
556556
766078
548003
784315
929041
107028
293274
419110
920904
517773
549913
950925
413572
153227
715613
940622
765322
292616
712499
789346
429619
16694
149340
664118
42101
449427
584972
166834
841450
931147
267655
447899
777495
332613
226684
924277
702351
390760
265727
761531
270935
969836
44200
772127
749084
915350
931056
919650
645859
268097
619484
94316
19851
512194
695845
417663
829443
462981
792194
846802
882919
31849
941289
2996
28195
368841
544352
774528
81513
798562
813385
16882
277288
322968
126376
241872
156055
752054
251453
140507
764405
950203
179053
333792
744019
566202
81714
299109
299863
857951
868992
518691
880248
554884
507998
124502
655242
389049
207064
548541
460153
791805
260089
912624
837508
596005
912510
569561
764832
947301
444530
971499
508580
873102
229854
986871
92875
867609
752718
917559
69412
773852
150256
857843
619360
352091
518058
345730
605000
681105
503480
491279
419624
643883
542600
135336
337081
389474
526582
40896
211543
856308
873432
839981
848798
975090
114382
714337
273680
788425
10328
719854
324070
612506
893352
779282
4998
565216
908787
95889
516800
292389
9882
455319
988832
110997
901019
884886
24306
124888
703224
797549
295729
357838
660642
380888
449550
179012
8871
112077
830762
444081
660633
680181
954242
922596
929240
668043
888962
308795
89362
240434
127847
601491
421676
216281
498110
139886
3032
451242
562598
54767
190632
15436
367262
290302
336323
318329
906838
387681
431032
879788
648656
915217
197356
27526
987235
630321
783916
623529
382911
717320
152505
116647
697030
108158
500529
259427
882031
618699
206258
925614
618401
864878
961828
66279
164882
350367
58216
729852
651830
675970
812337
107450
239545
159557
998350
560413
6773
607401
98050
755004
903940
971607
763208
982478
371756
337445
535699
987887
27592
379630
971824
254784
593399
515170
999634
369041
6938
298782
168926
783316
479584
202073
7064
55441
576170
816297
120806
911889
529580
825917
683953
146729
229419
670633
229709
388274
449930
531340
64858
924358
618997
42371
519515
158075
956346
131671
793216
633794
746956
786948
392630
914811
723956
34738
408164
871120
659977
874344
455185
293377
991469
389371
593980
413157
68114
305476
449924
171737
501369
867542
712679
352219
893142
921430
467754
466053
404617
281322
161150
105374
496951
203358
952976
307244
668713
510895
488367
626700
17630
803351
135339
685504
875680
199535
574773
70567
671029
590414
32667
600629
202825
746684
414437
127209
497582
6766
239666
965629
104169
167326
231904
805694
389578
909535
689061
115304
62430
744849
152459
966042
950686
585730
78429
466407
914718
320190
240755
682386
114792
792651
996419
513743
895627
868177
280406
683368
546948
572928
672148
842800
427065
808693
917486
77798
260232
975026
793379
954228
185378
851190
101549
191151
512893
608179
397140
995874
644686
489218
618029
469992
71291
528881
838861
642635
301082
645187
575854
811206
216924
129984
898125
89976
302089
584856
728931
68816
330443
104120
159609
333930
391808
905216
846338
179116
924276
618423
295879
814587
815233
625785
632035
721617
879425
621868
306641
120997
833087
824966
566290
754489
905394
407717
731170
369763
279184
395873
5676
961726
611990
742114
574028
255458
362556
299289
288661
944964
733392
673723
916925
182495
38979
941649
963399
775288
193024
317360
449857
445674
213815
909552
159101
342100
198045
847692
121204
228386
958398
572820
993865
838004
856872
54336
799140
575724
255492
23407
969009
696266
485365
981419
679247
857109
306538
254698
696073
630258
170160
66573
868111
803408
865371
58900
410442
979539
804508
837150
464897
969312
850110
990054
82434
758479
250047
106370
458241
339742
708008
386727
434377
31817
567522
388588
350769
814903
652813
851669
742416
940357
973912
381802
850284
204804
860879
108592
29795
509141
417820
665553
426818
223469
380689
306523
503590
40546
981742
687216
540345
906774
789526
153690
455206
414533
335125
947979
370305
235762
272001
49262
897566
55630
332533
219139
728401
943557
851523
422057
574480
379563
9449
251291
335531
845299
936187
473163
102743
852691
35751
7485
219309
683195
945664
338449
434299
158140
564609
846121
16484
81732
674508
807909
803137
40429
486511
847261