81367
164175
971442
441369
421934
267154
40628
521724
115683
420297
879022
50196
160720
21607
948523
583244
884147
353855
424389
707369
223297
186678
619343
782293
380533
900511
503
956320
414290
197675
433508
37911
90865
712680
586041
854302
276173
430967
515015
386743
449040
255218
802125
836851
716301
994544
694433
651031
104951
889825
779701
143216
444339
161947
691110
949243
13697
858869
59118
443346
239980
255862
235554
265879
141236
489904
155026
181345
875881
638552
497459
332922
36913
196190
745811
429716
754837
283853
569792
821831
343472
375275
3037
138578
556833
55681
509866
767419
325730
373020
521105
507269
852453
452782
895960
760683
144505
973574
886822
825548
211563
349083
543393
246874
731030
876693
442766
600276
813630
208256
32584
268358
918728
342039
224449
975526
41587
597515
558000
880975
357016
944973
95287
439629
576930
473986
438904
266128
556614
462701
442477
130945
357898
242047
927965
833281
274350
226106
848689
115914
66175
563576
623715
231648
953029
809955
555491
351807
636746
916299
609390
22450
817815
711007
261249
762353
603293
785062
138089
91649
418468
575729
190756
983773
491947
276713
356019
110198
138277
142375
895304
127531
2244
576766
794142
32307
219730
495805
639560
160220
812400
929233
941645
264484
564346
210106
868606
65805
307309
755363
266492
395977
729859
821887
611612
566861
596325
626484
798883
714541
805674
278123
755776
124236
813240
983001
606275
865198
733964
155465
161496
566024
747438
331370
902594
767944
955886
800376
401232
987671
738520
16350
492453
959932
3863
493704
154502
768638
363359
412587
555468
223423
264114
626938
78553
257825
733310
60753
196745
992372
267658
577395
547055
564819
191556
24897
528150
654289
421760
818474
626188
90226
229442
129878
392721
872187
909617
894467
737629
368701
188866
877102
62060
201107
495845
87964
33288
463047
528401
133828
395173
80364
168514
819305
685377
552752
262240
996482
814459
478317
124041
204699
848280
29102
631350
720250
367671
642481
83210
625126
524334
618916
446373
966845
684940
860384
950699
854460
703703
873315
651996
704164
619814
179117
37994
677040
558977
158175
922964
788258
692490
901576
323421
397395
671606
558803
309498
339186
863260
286232
911776
594123
818145
42120
299659
461145
880625
753889
284580
937447
772929
943502
679636
989
984312
821938
188270
680850
706505
719698
298295
788843
330372
885145
597774
634225
883779
647323
712846
600383
885175
936393
516773
210440
693587
754547
682545
407603
448595
396043
167158
553849
693305
264631
389125
161034
463772
304697
584737
431416
7274
557281
661211
821128
203341
828792
227294
71896
333223
823610
482142
158650
214014
25291
196489
864586
994908
901959
15073
490217
659322
99053
976232
476314
907106
380988
373940
483966
534894
535778
799355
143151
968709
843594
118397
889210
635340
633091
602537
214638
272859
774797
391070
196759
465517
914128
119168
849296
777256
723157
271962
573158
379634
810750
253179
241643
551792
39666
989184
38016
650066
718736
228975
172970
520449
976806
874522
322872
102921
940432
178734
183681
453274
94161
656488
261795
820288
357362
580943
692303
70949
704482
91762
297708
20632
969154
880071
666325
874023
622762
284791
601010
350901
440907
213713
504631
628375
854462
850163
815264
356096
444589
452153
598318
449239
206676
975942
599705
940995
462690
124115
165229
443616
70656
561476
960371
588161
621778
770455
517699
886540
831418
814744
344088
211451
382793
140288
124332
135656
803675
59680
507179
108864
406824
298046
536004
365012
521783
940099
764923
746122
353674
551767
980658
484071
50690
205919
721699
973233
888621
567131
352051
841648
661764
336
698345
345509
379966
246202
674462
108156
684441
961595
126946
606664
526559
420386
404775
653799
739011
520752
633967
160512
237993
368276
438048
968741
454493
444789
3598
621939
806077
676645
523281
328050
189530
462350
561997
418744
426833
633287
305320
810772
548823
858167
792243
63843
434981
779236
354618
499090
53921
540530
992276
181738
961372
380989
104716
538224
826927
319022
508213
801441
547462
720984
876903
173978
310954
563991
718441
258438
847259
430221
573703
610218
285440
35598
580995
464253
781193
480168
358558
557488
123835
657808
414830
716336
868198
971426
642343
396066
854123
876793
948388
688701
53673
144450
855426
397206
330831
890393
775207
4792
13593
771691
777561
511136
643473
959213
107513
961473
46778
88930
687379
723875
334169
832781
313677
6868
113464
111552
224762
934772
916212
78494
63943
806333
939678
94144
979857
414044
931016
857513
980829
428128
298772
463592
772050
472699
791329
463591
606612
186939
40647
986699
746501
112133
279626
416156
948544
327505
550925
134289
501784
894245
740047
243061
445848
50510
692801
657368
351308
931512
36051
472700
671895
303304
419153
963867
290239
723082
615451
148931
205850
912709
617097
894907
660008
959934
32647
535061
686427
299150
111369
815832
109900
544529
108051
139052
472897
595816
576976
574024
839961
519635
320327
312043
486500
677416
758582
373781
761396
280845
995661
659063
238795
773946
453694
289177
785473
452710
42336
969110
960086
454085
342148
726649
781619
912827
339376
615754
665870
481657
201970
154154
591250
953377
669675
423451
35022
504210
408055
665263
250637
849334
406221
240585
216544
40462
150473
814181
413315
850730
102018
523090
59081
78609
519645
882136
417940
937754
18048
736715
343297
484644
903089
918517
843056
542177
80507
352818
242612
578494
648400
129505
682647
60309
684610
514254
706658
731897
989857
247588
768580
25979
559180
877797
318306
788239
695506
175290
745084
384981
229795
698708
687789
165410
66886
121895
233742
518882
64535
292265
705945
910279
676816
525764
448253
377157
480722
860336
598467
621266
47574
845608
669934
658075
408926
704283
998095
633236
653594
939529
607827
940459
674355
116547
370535
653498
257188
990955
754050
107947
212364
11446
552033
153600
327851
314327
284137
708608
782661
98874
518363
7357
1013
494638
598705
632519
200102
419934
774763
799541
708738
741737
335964
686911
887231
267675
747331
217245
588552
459402
944849
510791
737971
398647
821152
227057
58819
50520
358507
631120
549042
287758
987979
530119
454139
76329
51632
437027
374845
359499
425757
181766
909090
495938
124686
990876
97345
525664
212181
546749
697881
242783
280128
397048
879162
419271
983704
559981
752148
201772
389739
993742
102916
211055
894009
179019
721441
961205
358095
810901
129655
389035
313284
412149
495545
36657
568340
462582
632332
968737
870610
384848
344954
176215
865859
318401
866402
19772
875969
595802
1202
484656
491039
219775
370625
236101
805881
173518
818472
455245
26577
439800
468018
838894
74774
473382
663884
557503
674602
615463
674586
167932
878551
84991
301089
856716
885267
731113
53141
282894
32961
196582
614384
423433
299904
902053
205371
639586
350265
62700
797733
611453
494565
471604
726744
771671
799917
901634
647040
39902
402732
808647
394705
840323
837676
8511
110040
823677
424938
280539
362901
220598
812475
393785
557250
873346
59340
29248
158704
367712
662785
363239
675678
918627
489499
442101
999303
449152
123526
123242
713948
326210
187790
166219
211331
945449
837446
689937
558266
541615
937692
482696
995094
427740
130333
61453
806215
98814
351874
254200
415586
604408
369068
352472
816827
299975
984726
432603
922877
618717
583369
55842
13407
569778
275534
102070
183191
661012
959322
675466
495495
171869
169920
62574
578462
704211
830841
365272
899284
846406
950713
263205
696968
345142
921057
624888
267732
338215
504308
366235
663745
352850
181775
676166
331068
743781
452788
642125
594957
882322
455710
450062
580568
18824
111225
750565
279130
584235
360159
984655
226671
213467
731404
365230
496023
395783
6238
600231
592174
863701
590947
127076
514334
690703
568827
293478
26407
830255
503715
929312
293850
492289
115566
591243
556088
342401
213134
60530
242456
786233
100576
657950
732282
254754
378226
967621
323735
539504
467007
413281
112258
121861
225259
599864
526890
249793
670031
507037
496155
541604
486330
469353
337491
132287
552867
58931
315180
121846
503196
316499
979802
591951
302929
39689
36168
204693
661673
468145
713140
157
724318
361187
831054
293399
774158
763144
823427
986285
164235
769516
842349
909001
238245
21008
987900
545961
255390
365260
551137
874948
962172
85256
448665
948268
413799
465477
565723
523208
368637
75843
359803
132428
67316
655217
918201
172726
951762
92120
222401
115936
521161
328097
107537
290159
511390
456336
976110
158802
452224
638534
603777
679844
221087
363711
616269
559685
823274
344903
568478
866841
132767
711137
284387
238907
992832
868209
493086
278018
629164
746217
982390
146260
277870
389408
695787
943410
933869
20930
644487
73188
454891
846231
536547
453761
443373
328167
936357
578786
657301
355623
62241
733288
341587
10531
844528
409920
619606
635816
362748
850744
274611
277291
144210
758108
534418
267121
188696
410838
278141
455355
105940
450436
857934
752139
892949
663539
866027
5993
82840
571943
61220
813281
21922
431047
172521
148763
19234
829945
568082
151289
265929
244927
225923
5619
160787
450054
988549
652530
919421
719466
625098
637233
185352
685620
465475
652621
555342
390237
620374
754021
314248
372035
19269
979782
660516
56798
539299
295243
184311
913035
480793
991380
6437
541175
758645
314091
679003
535847
271159
340179
63943
278951
342033
932610
454712
717632
484691
548636
72637
582676
791253
893347
571018
889666
576112
7686
966372
81927
737531
996108
647894
901773
445881
581656
10952
753137
12300
335275
650417
607354
277815
38900
694854
499141
673135
527818
447108
82057
366080
735830
638779
658034
453221
247573
645594
125542
42744
641184
69858
130718
237746
481231
938792
876769
371824
449714
993020
403349
359088
247912
447848
269173
88934
203619
765607
359388
348289
654701
942276
374296
976277
137897
412461
603646
11125
247932
100612
300038
21354
104831
985589
631239
716051
175407
835281
936316
334988
471994
614747
252669
482861
222402
333148
929798
260863
733662
445511
427562
621648
672979
906884
727406
585556
141832
372027
984615
678554
979683
311584
562588
670883
318430
797087
579321
597213
149051
177281
691675
955704
741261
122029
871717
395243
204113
24846
201109
532406
738491
457095
968249
914016
333263
473007
445074
371260
223563
389305
269623
124739
919291
627036
898183
379818
546701
268198
32845
812365
925794
949597
931454
355987
918371
643976
144528
212931
352486
250415
816127
736135
932523
181509
825046
390488
357573
272425
957904
452275
441189
220309
681517
872745
478037
91339
555457
911689
887465
931381
956289
613766
577092
33569
239141
187402
696049
135632
177346
240927
259508
704306
426490
269030
313257
231378
366022
790450
148272
327995
563843
139984
939090
896695
1415
925586
686012
387140
488794
894062
862158
326629
999467
530065
647938
625428
724938
986988
88476
535841
996888
759395
884693
160173
485506
604046
423451
903348
527458
250061
665300
651900
224500
3493
979304
620262
339466
848125
7552
344825
50275
17911
98921
886478
623615
117567
628860
330041
990739
236075
769183
148652
565611
389811
962167
318619
123790
377049
133383
948810
451684
954153
349470
505974
182590
681270
67558
580892
945225
756474
661778
163907
792882
428251
313315
951621
544317
394469
180953
705208
823286
447104
479031
390820
2465
589805
650564
265824
184396
325435
510546
21492
895298
914854
792723
389525
884019
964246
657652
992529
811679
427826
887251
100336
719433
398336
240368
792970
393193
756078
380763
74026
485059
169504
537733
105406
284789
262012
141116
608317
480881
859176
61899
86224
355962
519392
591792
877777
16070
892513
421430
22599
343854
78484
684138
920653
788841
342229
441779
449644
468263
72865
611263
940175
640296
213431
113823
912147
637174
33905
382657
815285
75412
927984
185029
575190
276147
316948
380307
341840
870056
611497
925049
694657
490498
871481
993347
911383
998697
293709
241426
117861
614164
342714
58006
327082
514951
662198
915417
820246
884250
748274
550137
771066
610996
124788
45938
58477
822479
513054
773443
787424
978721
87375
565966
410990
677734
33693
897980
582756
73592
394112
719715
315462
741317
170512
588268
808222
474939
813442
651111
670613
528950
892855
621849
688857
159537
253680
354397
189064
360574
815755
470241
267376
890810
125251
836066
666172
569538
813503
531429
94036
338632
129903
604951
424441
555048
642381
66086
837216
879263
27854
204073
940034
326143
88348
291072
465767
528717
490575
292652
61157
743790
289145
546813
6578
284013
834379
264597
635874
635501
867428
283277
410171
624945
388752
583330
718112
950379
189290
279680
796529
115081
290516
241147
557236
64280
53614
883013
261012
885271
927749
47410
280245
661724
78361
326757
195116
96929
538621
741644
783070
84827
537974
106029
459533
535793
531080
947805
386483
551266
481117
56077
949313
536688
470484
325337
174366
140228
103230
476259
90374
880224
891192
684101
794867
956419
847940
23996
662618
86795
219514
777534
508501
468374
288836
65522
125244
690493
608922
783919
108435
603970
613554
766818
584959
632280
665735
932107
392762
993244
135010
164094
907211
800125
535394
854920
92592
841373
155698
186348
479506
256214
783233
186813
798709
644237
964482
78909
124089
222720
195803
566958
508745
777119
467980
982730
663371
803555
512981
62907
374708
859307
982886
418734
227671
592544
33610
753201
300728
575193
759736
731426
257023
392776
674259
181948
67387
739466
764994
968232
849197
396831
826386
898983
218893
199092
504676
681018
816612
95702
441446
166579
304153
176577
202468
164632
197908
117822
132212
47980
101922
761547
452688
717956
137648
685467
766227
508848
33688
994784
11064
175811
307237
611651
236909
319018
67186
955214
191290
582153
215649
201506
378101
457500
382858
710012
482413
724243
172379
881824
220686
515627
435246
903910
722703
841206
22727
789280
700512
232189
978997
985905
922552
110233
776756
233846
86606
52348
59505
353129
884361
537691
883500
578800
587439
159107
258175
701807
340316
163071
360950
17220
973750
68739
328066
604203
866280
83214
792289
561059
781338
901949
258789
131817
329504
559954
516711
401820
975511
240415
834673
508338
329069
786947
974824
294135
322443
442654
744730
402463
647322
991090
737578
409114
97975
327453
238879
573001
476653
801520
635543
894028
770714
467881
959848
976054
920101
730178
399138
641189
387313
626280
580224
816452
507202
123837
297380
132711
265133
295541
497892
362457
463167
13315
432094
449587
782285
120796
453904
734632
310455
548193
106285
689745
47837
283017
141863
937544
442520
217138
263012
407734
841978
716799
151517
898174
184140
690200
790681
287442
884546
597441
977400
59292
445855
235005
664814
682637
10795
5259
349135
848300
137645
214766
378170
316388
74797
692653
902786
456542
996487
247845
866666
862521
393310
201947
470094
696806
755116
236689
54784
845053
758805
493272
455468
81108
203482
736044
343837
903903
92095
105190
618493
478732
665858
382991
228528
205168
901805
796602
120522
640488
886361
227064
4195
770528
248006
301479
863381
891578
679291
338953
462287
770257
622700
471562
181640
498328
77229
930801
57600
557390
818181
609798
102293
181775
268334
391368
858570
756025
801487
964163
723041
934918
459994
610946
513307
364657
450292
504910
956288
696245
811327
135871
211139
913358
747179
298880
332629
958787
305488
410430
4365
242476
189614
729220
352185
422756
880347
868598
929777
829213
846623
326104
116633
988297
993675
2484
415987
727428
461176
882254
362617
892814
657596
260175
33978
73987
795970
685866
259835
525918
40206
51344
217813
334531
2806
716893
347879
137743
54272
853804
387504
511237
293137
946715
565049
363507
523273
758175
751927
429554
839825
723115
182059
525929
744309
197025
211968
833327
27538
688457
105715
988295
908309
369725
702328
357935
947032
201336
477607
281973
892256
927114
57249
595781
493013
632020
609742
963229
302974
750034
734255
679975
904559
132309
746782
441590
17916
328703
58930
902066
572358
253635
852839
952965
513394
618741
967616
845967
930852
483290
353227
822695
361607
289798
872047
46323
798731
493030
793605
942851
466253
11169
971885
672646
200321
371558
15315
949720
720567
750199
359000
698790
486196
774218
35350
178083
416485
897958
859583
880584
157952
462223
252835
261983
339517
850313
181407
545221
951076
383146
299675
116993
616729
509367
343597
940620
571422
647602
449492
834239
779325
212993
318800
500599
597166
938577
932480
924805
636012
818439
585519
666106
203043
566045
825938
995588
321167
137
918911
598889
325147
667317
556244
606472
933997
115780
314768
505303
266583
380764
730843
997078
311329
848257
888540
440168
658648
381622
702145
924490
999065
348191
521536
533974
896170
633344
802502
318688
126058
904015
757299
715600
113793
65903
905934
310405
523621
584992
374254
745353
832882
650246
479739
711762
695879
15429
583700
718390
884597
676570
415330
294883
182683
549464
462851
725782
324007
465669
134498
725479
103079
665955
98100
171723
44948
220349
401887
976710
660891
185425
162478
923795
975155
785017
399989
681599
774576
428595
540612
970887
620503
976245
733720
995995
491332
713191
589189
459257
708836
759991
521901
362320
620726
634972
532411
122452
531385
711548
739841
246274
711369
884600
587294
357741
119653
123510
875362
585016
4873
446284
796491
803016
401364
498250
188528
788543
80640
994920
306955
62742
975012
649707
668839
711925
510788
290962
659241
791888
543159
848475
191435
846653
159558
955327
503661
133090
108267
495245
256769
994977
871982
167190
775259
571456
448404
39907
314205
89931
786940
879121
235219
453291
820884
312968
288885
371917
884915
898727
198465
680843
448561
967573
622783
797969
916643
719792
949869
156052
706122
123121
631891
779039
149110
614313
248726
993600
888644
827201
754543
778806
992380
758745
316089
368997
761541
50034
577026
657123
907425
715236
132627
762544
249424
986909
936072
871086
466935
586709
307814
292128
541435
335796
343143
45076
679104
294905
138913
637162
848790
8986
577069
556960
982140
616125
930734
499164
658110
803968
757289
213088
812536
323842
172346
818344
82524
980672
714084
767349
763314
12820
842337
822691
981356
976873
569493
966656
288547
102126
685447
262146
821756
723823
89810
549004
823449
482110
583547
265626
289790
132127
489511
708641
44808
292532
127040
188326
251269
416080
876341
161674
924755
503475
4769
235930
531767
508515
226198
30204
961213
105845
291199
5960
405398
534702
632014
24070
805405
83291
864338
41401
490950
383098
966075
201743
484926
115317
483298
741153
715802
274459
239162
56210
442133
870143
890715
387529
604921
675654
240138
419389
881838
826235
83122
594283
78444
458162
675301
148900
992820
262316
261022
313236
174747
736395
552921
773928
187895
911733
157807
551349
565537
985088
992355
366688
450219
804468
856685
979990
162929
616866
387167
637560
401142
932852
250437
109469
652586
571635
436408
700506
155686
734090
389799
529077
725558
454399
735094
191037
97661
421920
69743
531056
847201
924316
558733
98660
738662
542017
632982
117404
231410
634835
512863
753120
100304
254822
727966
899008
720183
316713
179170
622792
698890
935363
789608
975934
802563
404091
160436
918308
898391
919406
850421
351083
345274
735130
41311
131367
185452
968195
424473
833236
737972
450800
19627
344287
447563
699913
118377
501542
407781
847235
347687
133061
263573
233796
508013
148916
678945
367112
67700
562807
520406
249617
170177
587738
254375
108911
184007
316154
68888
632883
269883
132414
779995
909933
579700
226183
906260
713088
724637
360431
610062
208936
441914
426092
591721
341063
767660
519956
800586
247739
664133
348499
98809
196387
976529
707757
132667
732051
703590
525381
346507
937019
14058
143819
320287
194441
131478
12421
231457
247400
502432
859743
39666
848718
378126
763816
305402
852272
311090
869166
218697
76729
778053
7421
242831
522422
263267
977683
751068
974319
354471
821923
951443
446045
897816
452343
227930
725397
598764
115681
175066
628784
303758
378215
949287
628381
477565
121790
901232
21860
457105
271209
128094
225691
383441
622146
992342
939361
796751
507185
453403
55162
944744
211377
824664
733209
328405
266706
411671
747410
444413
51078
166642
723579
199435
95461
665250
946648
596042
946145
782233
118656
333174
799614
271378
351289
358810
49828
314669
881902
227379
653070
603450
971348
107389
302170
350760
740914
871030
134896
834934
935847
227475
451938
890353
992497
322238
116598
602528
262265
717675
439307
563458
340957
813793
968380
527915
129179
875322
496415
882471
768092
637949
667522
683821
924502
621416
49846
236952
463339
532629
958438
880480
36588
511805
667129
221123
999235
668225
739816
406867
183582
864683
839182
727825
704015
629248
571146
940937
415575
130609
979583
883208
678903
171798
253245
969071
813590
957250
790140
400732
771857
58563
372733
662688
680087
780532
452568
744320
5544
910715
936318
538381
803879
560107
79941
332990
911486
501763
329441
661105
397337
320507
81325
580340
263430
177612
897870
740673
104469
574755
306824
845336
297744
195899
278805
582884
341356
8189
400668
45438
797369
53995
78832
41031
272514
835759
140318
804059
133557
246636
534281
410406
429642
683390
88735
823035
13115
5287
704009
269092
912266
577479
417821
440861
688276
851788
395912
142061
727805
72331
276439
616246
521058
166985
251441
988435
895755
591084
435200
531122
699927
41511
840928
430391
409771
803790
47645
292144
707938
564315
919852
516438
556294
647764
218839
522873
36203
990888
642471
923888
606594
737326
946268
714274
799823
113400
669838
724771
797705
26253
319940
146613
617063
617886
36132
874652
165097
115028
80934
507309
500568
1148
527333
171336
395680
774055
441290
985199
897633
730370
691175
988974
351146
464059
801151
316965
115095
109762
576992
305744
140533
922095
784397
513668
263223
89836
829992
107940
71538
359176
77379
942430
447069
757719
508197
30191
637404
108054
754053
458598
421770
224473
292812
714622
271637
205385
414814
990571
742431
989388
295400
572697
501928
913912
383969
332735
736219
801348
482187
955692
616984
560670
89006
934570
133542
215216
79887
322563
907639
613965
508579
595531
142075
372221
723406
383919
711656
472922
6215
487233
569014
520927
147565
620712
586371
626553
142526
815518
300007
746546
229364
928108
674165
856607
971541
755146
897445
622254
369375
11132
77944
125354
700933
789809
401712
817405
603085
427908
883477
968512
383607
421900
238049
798525
318918
677069
451192
373621
189389
121652
323956
64676
212415
681466
858754
511188
411267
474121
857033
163437
249202
978105
185103
987713
715398
897763
874716
632266
760899
403723
859269
549001
863140
48537
148801
710758
117967
264493
237033
267623
513972
554026
607274
524516
64275
246119
128540
78994
688759
329260
776145
740212
141681
271322
584301
368513
197645
388261
121811
808602
237269
273282
569773
47210
320239
705289
436120
426507
324565
588616
634073
482792
652140
310963
674272
363296
591017
150368
731714
473805
456928
914236
366600
752532
270889
193321
135771
100750
4365
167552
476356
876039
387142
753743
691243
841282
924233
952356
932787
744747
848509
973740
404537
983787
969394
274168
215484
592143
850581
371412
368216
596802
191400
144538
238869
556966
374517
119995
851014
944458
742140
141360
685713
631375
92270
410854
312741
976107
525801
466617
995654
703230
352202
121377
163142
590611
782089
768188
267118
273875
404946
884509
749644
998938
498395
493910
558793
474025
907382
384402
339032
382786
398360
960057
699812
723969
119177
587674
860134
161087
870453
211490
7018
219951
316341
177121
913998
912191
473340
587310
559089
177334
796519
665760
949730
625891
624453
858613
897968
166898
401757
224788
773333
890072
194533
512290
574411
392545
333055
6831
632694
469206
139492
58575
415158
319649
62494
321514
465980
936471
111997
62486
777534
439899
907680
65518
11860
542209
491690
413122
330130
989145
793545
477225
899491
374527
122046
133404
470066
354879
255331
783654
32071
576587
502874
837111
36393
164686
890141
365149
787954
411491
219780
40946
54371
44136
560544
403731
324596
399622
621081
405243
257051
608285
999829
870961
140679
511760
486418
716056
43934
3306
751840
69693
929012
249886
110331
37878
281785
542994
881027
428933
504584
573798
68490
487215
304646
197520
194836
972400
111672
957298
758463
11985
83395
967052
77084
254469
702105
526014
695182
109325
137309
323300
980372
431802
895362
517131
86990
477981
938374
915237
160160
551430
595822
117926
81449
119208
601204
712130
565301
874525
795484
199469
763711
657046
175863
458399
829781
468994
925077
1890
384176
134610
239614
661612
244072
453860
228610
547259
66117
518139
745821
846638
46380
668579
255814
990231
766736
406761
84133
365119
799211
870121
268043
136729
855449
681666
530300
91576
922961
216629
697474
137114
392401
169490
291438
939823
45852
686988
501354
625681
370838
780551
918341
375063
823507
67629
342096
238636
986699
885732
916644
328896
397634
604936
534858
133993
246587
582560
19308
601270
680542
850389
529189
944735
443222
354482
327961
950514
774852
476534
504288
475124
136006
258178
651640
457260
765709
870876
294901
369515
243017
403889
968980
323243
509458
747784
565928
257699
177041
246145
776196
667622
925995
125484
347620
459173
980909
797176
659356
914911
609376
185053
506396
705702
396268
645715
861208
277937
728366
312798
323391
465044
764982
756743
188374
837075
337102
326819
105385
913352
365192
913388
886239
648851
698734
144656
252134
348726
13550
976433
905298
426784
668533
541890
32623
860501
680550
749309
469347
3463
919963
764438
756521
664918
958388
860386
191742
638877
948999
456732
617564
442611
213792
534573
594107
552248
575992
443394
991717
830483
813967
447941
321419
244900
416558
302845
899575
521792
884267
390662
194373
679669
680311
368673
316550
43636
197878
142483
592673
846114
17671
202721
944884
795894
617482
208350
456311
370864
382249
735228
532145
16405
189399
878436
534742
686026
532270
641615
590524
379254
105750
300829
937429
343975
882506
22221
261837
136830
639332
441465
79591
175366
210847
729454
370207
123546
540752
806116
981846
805319
170633
919433
62303
627811
796407
493766
822664
94256
579208
500230
786856
793288
741188
745147
30890
621010
793051
721118
179575
157907
703813
75020
235715
51034
939578
669648
235514
896068
666492
942940
282153
107213
350754
466087
772223
659671
945462
106773
223336
633270
307090
978410
452081
986670
725141
872421
360869
489575
240025
338670
255082
976289
580183
552898
151557
799451
276782
217280
827672
124748
487252
578717
268686
796560
459898
961341
184916
659466
177887
601381
788521
931300
743735
596568
43458
444290
255611
425286
115176
637445
39102
227658
116183
594151
396525
219312
150998
365984
753475
256121
977808
465752
276242
370770
468460
744439
944619
193214
977086
591755
287004
798594
284690
179003
867833
401908
240491
562370
723884
407860
124195
896977
51629
181534
96362
397462
414928
286289
966945
407287
970643
220841
164609
236819
438049
35795
856752
195954
361513
49342
134059
958437
33708
723918
125214
939069
936723
946464
803669
446540
175559
661137
113666
709157
19787
608371
57460
709661
423160
385008
898215
33698
857157
259441
296228
422085
57486
873298
211182
355713
54394
97387
723355
564922
750649
692619
978257
779055
673463
118055
808632
689524
557713
628779
469542
70290
221372
183416
742925
225774
836138
523113
804180
680437
181311
284382
339866
564254
400677
196760
969196
356635
981531
318203
347990
130697
49615
588964
1766
754200
94842
772102
167738
827007
790444
971483
612832
687064
174273
689823
802124
168354
217642
973874
270146
532432
672528
126268
783224
457589
273529
437732
139843
719207
269678
454764
129546
253976
165869
755342
924421
199297
322050
470910
250886
723685
272110
197641
608420
982167
655649
233944
967242
839091
587790
997357
10900
598903
510952
84300
12150
190730
378631
454982
461777
809762
158079
20146
626357
391133
774420
699037
732278
619298
999548
875772
742886
634090
124810
656958
800797
207979
818066
460318
617588
15480
44567
484363
106525
806625
761328
248990
115625
572506
469767
995172
588389
475361
237954
880087
587452
980739
969945
388499
393025
235934
312054
468571
892628
541026
656702
98712
930335
22281
418409
662739
597711
226082
648683
337960
363559
989202
429563
503653
305615
301333
390896
737395
487846
308325
280001
23953
134574
663461
204692
651420
745201
163349
461678
797280
869582
872339
604344
114468
979050
970669
937595
603587
871953
331153
17078
791834
578246
244428
480522
221303
878612
355029
322238
320402
255227
852047
683030
806588
502581
844980
544626
423878
116403
400981
968209
975761
632356
79687
935862
174631
724748
256389
659848
981390
950635
598664
99718
85897
267169
993958
240891
182469
326274
65638
981624
600123
891902
374273
582359
707655
579649
398554
853401
688046
548758
190843
894788
789056
933672
446030
255835
225645
596592
716040
740923
610175
160096
947555
486021
135660
63128
582218
349269
157777
205861
984379
347138
109302
166866
452180
148599
801443
71284
88430
919964
884704
980163
116340
82914
940227
993738
745721
953246
139373
465679
739794
881278
53859
618418
932571
606621
675710
510768
722643
568972
956347
300728
422918
393131
408955
439770
199229
312512
318927
154824
139350
850271
928811
801844
436625
263635
817772
352944
534892
42377
706059
273966
97666
478466
647294
697515
501477
616225
738928
560840
442788
324435
712127
393855
324603
494222
313447
609083
774269
549694
721835
915080
538088
834459
153300
171085
419677
966334
864580
74951
230412
888058
869455
727939
510569
746013
937561
682928
435650
165379
735981
635901
104969
575213
90483
489360
585113
700625
547436
154279
90763
402040
306507
785227
447608
504243
325519
143075
413642
462643
411637
686399
89271
143018
490225
862386
64146
57776
5318
964157
77703
971919
496367
373745
620846
133612
968989
769520
857787
504215
934597
946249
546196
530619
317793
953653
618588
208315
324141
2053
76580
298466
981430
304179
139423
25292
781231
817207
79818
869836
274873
139102
650217
677840
28068
678345
559013
848657
192029
42568
460216
603731
134387
711723
815314
443356
568624
375130
292015
96324
565484
668033
61253
250820
563789
484038
720546
339793
982601
606
329279
80464
723500
527268
130403
155858
988338
944792
226373
612672
114848
173295
367872
186346
790353
852933
987536
516060
417069
444854
713168
816766
345605
497872
308448
583879
388327
73840
257488
847040
338921
877435
516322
441026
182605
677281
201869
740869
912383
287823
422847
160078
492356
859820
115656
506455
982494
776173
206725
226491
868405
853694
480710
168551
879344
389620
233075
815180
783261
158074
76247
731144
359883
308394
158581
32931
339062
90978
388844
813125
34028
528566
283261
646103
21542
976554
953439
504873
682837
73517
195415
402445
102982
74676
413509
118252
398243
648835
296804
602063
266392
562299
149138
541194
680948
929602
759728
156667
972407
937103
770797
568874
635056
525597
717425
868967
584896
636885
220783
731961
420498
727156
910341
474483
232883
922175
202387
981042
11249
257302
587490
720208
850546
831730
884593
389017
198485
162691
856383
215706
2068
279324
53896
924717
245773
100516
748107
694839
631853
828574
332803
88315
12371
802996
752795
860543
392577
465436
483404
561684
149096
877102
913955
410907
164502
184580
977964
281643
473544
195040
545874
270630
310158
703031
519754
539582
641702
875291
260372
371735
423072
119943
137824
496264
375660
450825
45926
119626
871884
119416
766005
16460
658950
360006
363907
936860
596493
836905
976962
634315
710583
994353
820562
919424
514403
463926
32228
255124
983760
506117
571339
38956
507644
473419
673141
956910
585735
977028
811480
35864
545246
89444
268827
19662
874315
892618
555942
554544
551181
55419
836195
268451
854864
404314
915687
822722
161935
735102
245495
840688
38196
536514
790737
455800
645528
503474
907702
474739
324287
626932
309282
216007
406675
785467
963809
747889
539738
872479
112993
98366
715511
502088
295362
388694
936184
728340
984986
178523
54094
257548
222289
520023
511638
532737
231185
706795
733102
765763
664561
712459
677382
32631
141449
897740
368376
839206
351880
660399
928092
269650
770588
239279
264086
756920
589812
978122
174239
344460
798667
151482
990972
959925
370093
181514
369329
373674
293129
121762
184837
180803
214292
54596
151119
536439
574380
621930
118996
42486
419517
733094
80462
672092
783823
86615
901295
106124
778480
901045
408583
786194
11631
63180
787514
308326
806732
252196
696371
57171
258556
215691
51885
990659
126091
193181
530430
25282
903223
404778
661196
907397
637104
88406
963341
579720
478352
144915
375673
982779
289960
794356
358193
97308
299972
545322
676464
422373
591532
894425
507546
921038
414472
819844
514895
532482
9045
308120
533440
799824
166793
333113
245213
250007
923974
771484
188190
894517
383598
469303
183147
26458
436589
662276
138036
906781
349494
935826
530762
661193
713619
970074
471312
524292
455378
429725
280482
142882
220251
667604
937959
103447
136938
242668
18085
470029
813233
671493
895980
526305
174516
240633
438272
886602
835038
584107
933090
46727
142121
103807
868013
50516
61218
967895
93418
728384
631650
347702
455351
37900
167857
629237
813228
996760
14866
900568
194788
567879
461606
471838
345048
158710
654466
936160
146310
802991
451270
489717
35906
498277
573883
63653
754499
741470
578165
819376
300599
716392
339113
358508
379858
756775
76576
116326
48857
19686
402663
270719
334661
587320
723351
607984
360047
312669
93156
644630
759990
742137
608212
684437
678194
256280
46909
340266
436838
313482
320823
745878
273653
944375
430598
162162
400514
721543
935150
851310
406493
23911
848694
538068
785785
123598
378495
520499
187119
651361
165172
749496
682414
646653
263986
62353
822853
993473
3075
229713
803829
150075
779762
562914
420173
566244
364733
2727
724129
965956
535781
687724
200784
993238
771180
921295
24122
755802
561110
200558
513763
834108
813564
313794
47634
87794
277036
714331
516405
672838
873219
433678
144240
67266
591860
125747
979200
474997
185210
422232
934590
932712
329716
122362
450249
732799
622864
987355
472362
395893
34769
161395
925332
147579
419153
969604
957414
564667
443860
347045
226508
492078
79413
500053
392083
81130
307659
936047
916462
730220
339842
27125
67958
581361
168460
202848
173819
729999
4220
777810
910376
114482
308149
931292
725432
934295
639776
410763
971033
416611
698362
596768
369348
911023
89109
145359
976607
749438
726731
832302
656944
509707
648294
398041
886240
666411
718340
928876
177791
792934
135312
445525
327060
624779
195816
601766
848757
932671
782657
122030
999066
696502
701274
49045
380371
666823
35923
775275
361974
985421
156059
817013
146640
571861
400117
471160
526489
545272
139995
857388
197659
123019
628804
696060
18492
542402
428644
212556
246271
708462
853071
393509
764863
350805
565097
711694
582971
565995
249133
122709
954647
47918
455643
483613
374326
285334
437683
435721
644438
61546
534549
995891
498365
810707
372776
219163
288070
527788
366460
880558
894536
952225
444009
555148
603488
793302
875879
743460
579961
453694
338205
29802
104833
569969
626796
159633
748651
883769
495592
718833
745096
455267
568969
737722
386936
98188
790372
314149
599853
162037
903654
451563
194205
483802
491301
345822
549612
985023
208235
851464
402604
78483
564692
116371
638692
281827
536448
815123
95677
919038
207313
27204
156187
670873
719357
214223
399257
755100
911770
416458
120139
271084
319678
287292
577434
285794
176645
71193
473115
601633
921844
857647
844089
693888
440589
436095
890750
554415
994439
414478
937027
684281
269266
454324
365110
163168
820364
416026
48360
834777
209230
923757
198299
769826
189354
269329
350191
211281
123282
312270
702665
286370
145881
42857
856687
969408
731466
908758
66077
391019
92061
528483
716630
262204
408361
143058
474334
468796
846664
759224
229121
931069
284689
332268
465683
384312
398713
563841
559465
320001
877305
622881
379594
206119
901739
569458
717041
606498
371268
142379
178481
402533
82823
360658
646656
937488
809059
998068
42283
932931
505208
675502
988158
247888
209385
794631
473259
985421
601055
144855
464919
199245
930105
844949
325909
749033
460863
894985
190830
66825
270073
550452
575136
70479
180135
502807
628147
695684
988691
32700
770257
390054
90015
736370
227818
677379
883706
566431
464696
480732
397849
526012
702700
600518
289183
755247
411257
330920
727327
949445
324326
284957
261066
340394
324476
487991
784193
272828
200087
558740
106172
111225
227497
352256
936949
607795
171429
655202
472526
853580
598764
918322
423993
816193
548800
356280
348434
348121
126113
663986
443094
315023
537960
80848
299357
296648
377690
643348
587817
614224
76444
801801
711767
488901
48012
291532
721912
4293
881699
415898
498351
602573
687663
647735
47209
124628
312645
268765
646273
651020
12924
23285
233
298320
805122
163215
195340
66683
347945
381655
330470
454202
485811
992144
422496
26920
744449
111769
454852
972147
88942
802495
252333
763807
775407
725604
804271
3590
777818
787597
397308
122272
203681
429448
375027
513372
949576
588121
52318
642139
200514
573175
744773
498271
835637
511878
710713
902187
567558
375877
857869
959979
286202
12473
651967
206620
742411
606001
805746
550149
971144
217047
807075
264207
444641
68518
619466
347811
739577
647382
231661
339419
749973
242688
608530
243700
20968
231834
632178
686815
4131
366277
600061
291569
888247
504734
45574
3685
973800
875968
481597
90634
32413
479060
875303
194387
127026
294236
581008
160112
230480
801464
674018
948346
810565
144435
318812
114476
357884
454873
678026
630225
566334
571332
733544
528906
77623
613723
342459
586828
528782
849685
704019
764174
112635
229545
687102
787971
101525
258848
764818
252705
508146
893233
688065
203477
684619
642763
183557
4158
562667
913310
694953
601198
180928
779846
222422
239936
529158
177710
680089
573157
833730
359342
3120
340858
489386
979224
963048
395993
648721
573827
130928
900111
722464
938551
948
9691
828421
890351
772448
309048
803589
337920
28142
82914
545209
633840
539970
916781
320884
914907
988773
39621
833868
177916
645612
458440
695986
444977
3631
110368
964148
680448
788632
332426
241271
415688
808558
676538
126734
308781
369166
664822
658065
166832
17238
977258
841584
222131
754193
997442
946778
358507
564231
437063
72384
548787
631076
391774
873719
269495
805795
576233
238712
175583
866563
699201
760203
591982
624011
939696
351476
31953
476863
346236
316114
43148
465275
830465
359490
458521
344337
939984
971257
511937
49207
300909
129045
906358
451624
982879
325568
145024
816607
927129
269244
629596
178053
644044
720271
386224
426627
587792
341222
266857
138854
947390
355018
372749
760611
784830
412250
120862
668396
152329
212806
598621
722380
944769
74615
242845
920207
284182
281072
775978
100905
768187
814597
156051
516261
874902
883786
1805
148221
878208
676583
631379
813204
743936
803410
567121
426173
149361
96873
99958
50531
699544
46684
819610
518840
713717
729643
63170
31589
695500
358941
613890
770900
797503
391270
585417
463337
684896
306616
156700
937841
948249
418870
313259
514320
315502
785385
449866
119904
58404
659314
505049
896005
15402
107282
364756
317665
104197
744943
863061
33580
803316
375374
298409
296810
684428
468514
981337
724877
168107
199461
862761
871880
613086
199421
875483
304040
575462
487183
604084
972291
212291
798101
867819
599002
54502
403917
203243
418778
705839
841571
678312
223322
804826
43916
724798
818530
944514
81791
504708
843026
66189
356082
757007
633029
528002
10271
159696
768681
62929
2872
902968
110909
125424
59075
779733
621162
992180
67914
364693
923675
724301
250403
733213
508348
14318
471398
993341
568599
34411
346814
292251
385083
795674
795627
321911
289942
943496
711291
151134
639235
983823
415443
750404
174995
699779
177261
345963
771198
687259
55809
425101
392658
222880
389667
678615
73783
15029
824515
687243
371057
7570
861422
258248
89857
676358
870465
376094
168423
414303
517945
599555
817254
594868
832327
12798
580352
185856
127354
946311
215842
51468
265868
248954
103242
68768
824655
268266
396607
711744
763713
831438
893965
150872
681338
215594
894264
538925
880650
5857
210576
901312
516764
889160
599864
41009
863281
72025
820882
967710
850096
372103
694921
6593
726040
720096
125917
784141
208528
938239
596078
959937
527334
800206
213162
968308
482253
737535
461499
807085
605436
306753
532964
674807
562062
631593
25787
890393
10004
609461
459081
91952
672245
338204
544333
493557
604174
290175
722892
45487
224781
551969
79984
64566
648963
527307
242705
291816
119281
293823
679136
725500
200779
884589
287268
451532
715355
607411
808872
798654
314214
775567
225940
761132
148822
276678
497445
596488
80455
263026
989088
824385
192703
516115
308844
807431
688320
660137
103591
404533
408830
396822
136235
756999
90285
430819
305356
41269
186119
421383
349840
731746
694563
154536
757722
731496
325007
294244
924435
890826
611655
236876
730474
741147
841256
914734
577038
256792
102260
849822
462911
852837
73638
789328
501892
191697
692530
224766
490806
819924
103
82890
651048
373095
165681
184597
325901
556099
969001
392869
141957
445992
774613
195450
738066
365952
984981
621108
196748
603457
671544
720185
410072
828601
551144
893452
935753
541089
162689
170024
862875
172416
121403
53928
719539
947411
754282
163975
669710
607380
775785
544916
900553
816173
411881
727886
11425
833926
38384
589556
196596
764006
58627
992408
401094
839624
682844
721752
301198
941566
110224
183247
843449
921597
199280
855474
563594
746434
330422
869134
511900
790849
980251
651143
223971
779874
939819
416409
400869
206806
341540
563167
814305
614548
374389
48559
274144
714587
366015
779013
68219
765903
950794
158115
149700
818942
134422
835063
355338
288892
451797
314204
735362
624110
26612
131392
390239
287993
137831
140044
424796
42358
315017
535238
861961
204659
865054
120948
614233
492443
369657
311298
249655
470689
62138
676468
703823
31356
356222
56657
555677
72092
741982
767923
836552
614539
880573
258390
409061
228989
175661
611026
349371
918484
28183
96542
699059
724820
540015
11710
599734
302487
506210
699112
284181
11454
701278
212250
731108
316663
864098
574653
391441
77967
862070
999537
949763
299650
616100
774232
802285
405112
532296
44490
577684
450294
197358
891028
307533
863686
971730
377166
840824
798271
465151
472672
805224
340101
498000
708326
554196
650618
937611
515952
765261
849273
656370
207063
956415
318322
8383
774662
425535
817718
782847
311243
718446
936756
401742
344101
214448
639644
268014
934100
931067
981462
848572
120224
710029
55301
676689
33041
355120
110692
947931
6558
396370
768437
831573
619994
739894
212508
524752
115719
188950
320564
753568
589680
501623
511490
536142
741234
16473
160455
274360
22591
143082
911035
35468
767197
834674
547350
805219
686470
670986
784400
979001
564909
148401
363969
84764
721617
917362
219155
876966
99351
818634
455427
699496
981352
238105
455775
7093
791972
96680
900272
497054
861430
501598
875912
943612
728326
914395
522404
234270
853462
418964
972940
95696
371957
662057
43068
483071
525175
827129
940646
853126
708796
24132
832165
723769
816743
714810
434942
207155
737921
662171
652681
241284
704100
926255
950616
821379
685513
462565
52773
168625
391193
786649
485456
225997
538835
932288
99538
755589
190507
879814
365155
66489
265974
251986
576122
415941
443694
942140
60847
106435
582477
102133
81005
268216
395121
651208
232494
391001
971317
202883
794954
166502
291673
586423
995159
109656
63155
840519
321578
839151
603207
117890
668818
295914
331101
463705
331269
894018
188910
751305
507388
485802
775841
630648
186539
443506
700951
36179
397438
120304
251584
816847
2692
173726
376133
146096
30047
226486
447553
904139
656788
694191
178488
656171
458352
218948
261226
450053
448308
301964
716742
583536
475019
556536
978298
976163
710212
712332
3058
208064
433322
357835
700775
417516
651898
922272
161450
936072
550224
254132
250924
73458
745702
618089
73871
30501
6263
347178
495752
365873
321006
434243
498360
859174
634325
474397
927517
327225
818553
468106
94008
666730
912560
173874
769011
990199
309206
678590
161433
209518
630266
79376
961196
665062
690193
914162
831524
230442
634364
486920
171550
668049
749382
488119
869426
409151
651521
563054
135022
93432
982612
849277
974185
772912
904156
911622
628624
548272
333291
608437
158162
369156
255549
895791
84798
150438
888276
310668
760028
494122
221418
33781
56351
946616
740488
902768
717572
55980
246658
475513
820749
568337
411665
314838
89214
552708
485655
421087
751422
558741
653913
412623
880648
669181
294249
323314
423111
442388
798055
701640
720641
431473
518190
570766
92877
723423
476284
108381
28661
468541
446736
518776
965925
113899
506935
336610
413444
164361
505520
20053
115428
117719
375636
876608
381985
379692
723137
474804
19964
388687
90289
214180
319923
566853
888938
929554
832686
628781
325232
428557
81648
11251
827060
572828
667573
579520
613901
589702
777139
604907
469497
364940
951736
180570
464946
688163
512327
903908
595994
525691
438451
381451
851254
888327
829884
58046
34187
684239
853149
533561
485351
386552
380255
282841
980793
184785
21693
954635
55968
222543
884836
111761
909057
98908
824354
32071
801176
198967
231992
974086
951515
879749
172165
568544
281043
910308
129680
154899
837358
918637
910696
244483
864557
355582
249864
577337
906826
897332
989530
836194
933905
937255
879253
709058
935220
177189
760208
172321
938187
470774
694628
589109
228692
98553
155017
996465
544715
914004
169032
129018
275873
440865
817717
903213
827442
642890
905631
477533
310121
995368
449694
964533
711307
718367
973067
394944
469516
2115
224584
519357
964575
919875
228658
372491
85173
383564
387151
641118
738145
340893
831533
261083
522217
246094
843965
264040
422857
603084
286346
862063
229399
644889
916060
338252
607163
963102
539469
102821
196780
627786
464530
725486
500534
95191
371761
387195
431554
869276
149168
536028
752453
484017
213668
343546
148017
673602
826148
766646
64720
411168
164098
555554
121520
97173
622574
223746
230665
48170
190666
805363
883771
215618
193232
596221
451336
758747
674934
837341
110935
142858
3226
173980
924929
178935
420633
647827
313405
444361
542022
668601
273670
305244
161198
616373
225200
563929
666606
958991
764222
659551
143051
244736
793394
711718
835834
514114
17659
56649
759251
900644
669387
745851
626086
80767
771639
908042
162307
360647
464651
361638
620144
895015
349571
366317
53788
111510
143584
165209
782596
534841
490855
639094
561986
268432
188453
327164
603264
268144
257779
185075
648013
168692
596916
298572
411238
408477
56767
49531
318182
976629
692145
230978
309590
248116
636524
374937
758710
643724
13262
466748
955123
260016
939317
766258
637039
661228
355573
703548
878780
166907
117397
175910
39482
507991
802909
901236
450368
323459
705203
313987
699780
220591
29654
735344
50438
131029
344283
373243
47049
123505
482640
933501
486172
699843
999023
701101
101912
442956
247727
687475
919197
944720
463419
420362
824400
709413
950526
28635
587731
496241
917312
259687
146188
254914
935793
106191
90604
729783
942612
444351
413413
437779
280748
465517
342853
168390
645925
762114
400425
646102
929017
9675
550208
943883
437227
479202
265891
920949
947261
992944
927066
849576
447931
297744
818999
789227
260610
548828
381701
400858
196362
768142
738331
980941
113970
713605
385
316822
430420
494291
485591
564610
662401
983610
130307
382563
689867
298873
820374
854395
726215
806659
460426
907686
637892
25634
709478
422017
378765
93657
918046
690942
338472
320047
210123
778457
35443
173727
648207
121174
413855
71331
717073
906742
193595
766858
338602
293906
534196
135285
404840
65006
359073
11328
883953
216332
397649
886965
630984
168909
5864
675993
821822
470022
930124
851403
253361
970616
873555
607289
317983
727179
508384
325407
530075
512012
112262
151992
318653
279112
670237
556977
334743
446525
527725
511519
461382
128005
1814
291571
520512
413617
568438
550971
95727
501484
211807
412620
680547
781156
4494
899543
143048
465954
331531
899841
137825
663263
671889
489799
364411
143717
685143
516526
344300
161997
816666
490323
883631
445887
787332
436370
682312
8384
194172
336310
720521
82418
845728
839139
276942
922272
946256
228383
236919
247800
906467
672613
548729
445604
659583
497647
459907
349224
694695
511832
568010
663062
498280
626368
642427
621409
946700
535799
148929
617222
302223
441665
406097
699992
762869
764687
85597
289790
205455
379843
111176
794986
92415
196352
765223
765768
395311
181197
396272
871193
267317
270728
324346
967244
62455
404421
881649
382963
221994
691527
285929
411111
527507
994733
232444
297175
4714
567277
834917
409227
429152
24190
351801
795543
358057
698110
183499
540586
746141
751990
568285
854425
382361
731072
594916
726814
563436
545965
712090
499292
161232
606323
690681
644788
84416
351978
286869
707474
306590
626197
947945
421934
282383
973683
654311
790449
796453
202201
478236
78638
655436
481373
111782
317699
777576
160620
83212
241293
44089
544282
157994
396135
978129
67776
838435
262926
340806
970529
330142
595649
16512
757102
574488
258001
395660
459014
877353
545993
520347
703612
299392
357623
219907
674502
851938
739085
292131
235767
107215
598006
944126
808091
517026
487930
139163
147554
644918
155157
7035
634410
675404
27988
614624
49375
489815
567679
299259
85850
386221
934469
865108
850101
664870
108620
132495
145018
782257
787250
916417
94494
252325
421323
843734
103899
597557
843583
868605
498942
854219
579053
72591
575420
808019
177034
635848
960591
899135
448702
735329
865744
484388
777178
261979
30117
401927
302794
937657
25183
503019
293552
769563
168384
664917
836384
239866
882296
17877
602717
410449
709721
75414
268644
884472
141902
487520
20644
759772
699810
372212
604954
144223
400029
852240
882567
685631
232788
395146
939338
540464
194612
887845
659556
678491
672523
538088
231487
546222
69138
70362
800486
892830
739425
270707
729496
960898
699366
998088
790557
623559
472636
25124
995925
951587
355913
546165
174640
677297
648948
886359
70083
378264
419927
93947
203161
915968
264652
80090
742297
860798
151741
765692
315362
150720
123029
143377
313809
740217
31215
64987
408769
271795
585294
573161
24602
435029
428264
680014
899760
612554
634739
674266
306401
88477
942760
324539
105999
531129
126579
111666
88122
904301
482538
161226
495116
395581
70316
911572
642539
120330
84573
713146
952222
296925
247822
570512
485065
149072
218680
616727
463712
723557
435753
920718
969201
592059
639014
850213
904026
551304
303442
630611
976022
894006
909643
126403
142795
301783
164925
737196
536921
46903
486817
461674
224109
383310
394477
971340
504507
772395
508865
904131
444306
654365
503645
164326
853900
813465
494955
198891
937517
866020
2407
395230
793064
268133
802470
907853
670245
42656
681455
291283
124960
948400
477279
606661
806420
265171
43635
846601
513908
2655
499424
536617
967632
511653
942058
322896
674751
65113
432581
249818
118125
431828
291775
811873
87148
900679
805165
809054
974089
155446
502927
701521
679822
84928
727470
4447
224064
958785
875408
108969
875343
392009
397310
770229
631992
538643
25320
631155
664449
218806
811828
590297
657243
161240
919174
150725
512962
640086
562578
375773
219132
692295
213431
34783
610510
78808
789843
320141
938105
200924
230106
632764
907008
193384
11578
745096
272621
535790
276518
119
565871
242564
408035
295492
949304
754906
993829
38421
786245
544539
297649
756283
913381
218411
17616
344948
930387
162973
526730
34258
307743
997258
837142
60791
171964
778128
306333
250576
516946
161426
393302
690763
925331
302194
219436
90201
567370
466968
252180
163139
590317
499216
646230
389469
638405
994899
191005
78758
734125
505207
69107
561798
845652
705080
611729
730479
603807
887997
57964
677951
564797
542140
57356
30389
798724
43163
783148
832152
836016
915649
904540
347377
238037
90965
208804
218587
633284
325420
239611
118757
920503
22111
62500
796766
170760
858684
640476
564716
217667
673355
545884
702159
488558
566601
418279
934170
748514
401717
899834
724395
926342
453473
724590
869758
71538
227413
252552
245276
672110
439668
666428
512301
327851
542934
832229
490811
973877
959954
598765
506884
624542
953171
197667
897940
221596
809002
828110
122138
546461
4373
727850
161036
876973
775902
490120
645362
322711
54677
979352
395781
155461
536818
617842
165539
251162
80500
66948
209535
173885
295926
114737
195070
663318
986127
443477
364798
824100
500522
452294
295230
500533
135298
518783
108017
929094
363580
133331
925737
886198
715224
961587
620047
189666
462182
986272
191485
978841
558733
808342
682905
287880
199817
467852
585577
230167
132
795627
772859
512808
892025
669057
882869
402987
970458
916883
14206
791325
639734
243993
458807
675890
835481
629449
513837
420790
933177
8024
686151
395719
675059
967083
909340
960183
334399
294034
673091
924679
483927
431874
385357
235568
528453
349709
465911
428918
509601
219389
260168
693391
898094
368964
573648
588827
330550
620380
824969
964852
278114
550680
503462
151245
289791
179290
499044
253049
84522
489244
852958
905861
446489
207542
178942
61673
763830
280692
534467
483878
871901
451856
518072
890129
365582
149212
79174
285541
931757
453593
930067
300394
195356
636845
165022
126768
311467
978348
574376
105185
569666
435169
812094
172816
630986
371415
698074
974856
101170
832345
422621
432713
165041
864084
420508
149463
931503
786889
919425
780350
886131
43296
466063
71657
788140
257885
24369
652490
792406
186782
437100
265426
429205
277317
712800
847310
522936
387659
753125
152306
89302
597713
117229
307267
966515
951264
835765
355267
631123
268002
287252
842252
528341
524329
711480
66653
694787
723973
623307
770465
79918
745676
324981
534511
193503
148891
238367
912750
860471
608113
663007
113892
114663
179546
360912
385601
549436
937648
495007
74422
976059
624271
555724
37017
955993
142341
240828
836341
113167
799362
865475
968520
910557
142655
894348
715595
625340
421014
744206
93583
896813
741678
615794
641124
347470
589046
755496
867285
299028
147901
379453
580220
454432
156322
742678
852962
894090
219016
606078
236027
708106
107603
559112
167593
605102
321499
898187
653354
346082
823581
908625
535416
83669
873335
985903
741105
687662
789495
210500
697403
956576
206498
86030
803394
405506
201159
918451
387453
50924
417538
942501
381951
208073
41717
871838
291466
194454
710265
630238
813180
587290
747729
488543
896260
330027
15752
737143
565838
765550
671225
471575
927972
800296
244595
469907
884388
352673
784860
676923
83712
708612
644092
413463
307826
418098
805636
816292
308253
755548
668504
840220
218401
600337
869854
672062
791071
280217
91112
311047
25397
907616
192356
519512
99164
661625
138267
682854
71022
835681
589082
764241
634936
872960
171327
380980
668294
505118
13841
504263
596532
210870
528176
755438
10549
781567
466088
539940
65686
36395
54651
279750
472856
804576
864708
384945
204125
539206
96095
898771
818898
661865
37431
225670
184028
925364
203636
320917
389531
35626
603426
486009
642311
254335
491078
763470
144928
657763
8415
659974
44595
268984
218000
826826
528339
317121
879128
181343
32833
388568
698948
338564
68525
486896
748009
142136
455916
964950
95338
160602
878432
515559
442375
34125
154035
935182
512766
880163
991839
84143
483262
280299
906011
819635
307753
769193
676163
657506
751270
161740
179355
694417
246790
72534
720909
963079
682600
497978
463132
525028
883328
575156
975815
554490
129205
279275
445116
397301
681093
564983
204655
167285
256949
400195
600796
752445
254862
319357
675149
436047
660911
527284
638498
582473
886859
813222
27518
935717
697742
632225
727212
491845
657036
413764
175232
733852
212983
595509
8122
803192
799021
658826
214900
516701
9812
128370
881780
813467
331585
505603
994810
688152
394619
420059
845778
145854
522537
334853
246773
871242
380527
81950
803363
740954
9153
159313
402623
586727
243663
326892
990007
951535
543850
600758
352525
210635
594377
497503
914841
996640
5115
923053
545118
593487
212470
719252
445924
832151
789611
416336
861400
919918
403460
533175
193250
821697
428164
79334
270515
524037
826694
650043
529531
998114
216040
544605
82158
484521
411239
111912
469073
552409
22707
663289
278196
870867
235269
220925
42765
875830
992329
596600
210695
102482
569418
763890
821259
980381
966154
806254
405783
6111
494750
373167
522665
505009
308213
39700
312134
977613
34554
331247
35499
191034
607096
253965
231620
672772
872442
792761
477961
454084
365497
208329
216275
75700
570194
795645
365919
14642
363714
203923
644591
931737
118104
818284
498369
146600
55762
340661
290032
191318
375739
206786
486215
192594
984058
743422
795962
279731
951185
475007
634302
937182
717878
446625
25002
314777
976815
632476
712582
958832
417867
95702
681319
448874
603478
603911
782377
448746
403634
305380
716422
606509
867399
126513
700867
553779
434874
429157
813748
167241
929465
984298
152912
846022
149988
246329
832691
922433
584819
585365
464276
55147
806767
430089
71318
77057
760733
326440
552891
991392
781961
95804
526886
357345
891699
245883
66312
138987
54505
553813
764832
161538
792358
615350
531863
238862
520251
424112
624953
107254
676272
316735
522875
202140
519086
813188
747196
470937
474676
687397
330406
548591
342637
561372
934830
255052
710570
571172
205580
786648
168640
105725
863712
672584
376325
704585
589242
506522
805470
698781
436973
510738
600677
653341
760926
91803
289226
686212
6133
397645
837157
226082
771388
70158
175112
482045
92899
641468
596182
99534
990301
469680
135109
294277
129085
976309
324526
677702
419226
770687
161477
340996
236413
367838
280904
263510
586415
128255
519483
999792
771914
702036
764245
85598
618498
383440
310480
721943
530198
684458
610255
2481
146248
826432
323172
426701
951503
278446
230286
330583
911091
198745
103091
559888
499916
781888
689065
577240
369817
857755
711915
229828
161870
375447
171176
945262
220765
31741
913221
225536
540565
485080
440409
516400
848300
844384
971196
773380
598704
265120
967341
42174
217719
929024
237116
830134
686720
98393
824697
384453
374218
956614
676041
988955
430675
410583
273203
981973
412996
589901
494783
738895
352314
624182
179825
219667
31561
462503
922837
782685
794119
8554
983931
427006
264932
216096
482001
192456
424606
178032
422838
95937
547208
650408
411530
902444
643349
981295
692698
467779
875201
5134
596215
231275
841386
186506
852439
344209
74983
420996
279346
649809
459186
463258
255597
632077
412567
441102
488177
492492
951780
574199
164032
119151
438829
732576
632425
287650
119944
464485
180310
390391
239536
394297
463302
845694
589909
91842
95936
256974
745517
990666
236728
882087
691436
645978
305580
739
394995
134478
620843
826553
634027
416355
378705
458081
667027
592228
461948
544225
85812
469208
914526
525669
222755
529553
97158
834308
762549
136775
337543
589825
940835
16288
782165
855409
14922
802789
81322
1791
387186
932132
713321
731798
927319
864904
958155
418408
69813
26258
162591
971207
37238
838530
515373
665580
28792
310580
383219
856371
332566
968114
220375
637530
962930
506790
798466
185862
798289
400463
948491
37186
697971
889284
762806
754949
624750
114044
428193
64955
151384
465925
104912
633401
399086
947599
285726
286968
97971
533293
760423
955
569279
261491
378186
576870
784689
34788
597594
141496
885956
431737
186158
128249
128168
181988
644705
325933
621717
486467
917532
706448
543180
85437
327513
973774
463040
702593
961506
489286
364951
57940
895837
283070
501729
558037
665329
889593
676924
234534
304802
958807
583290
43684
774304
839878
796801
549551
324031
858139
724323
34380
131030
458087
842791
336262
69174
732735
540291
657045
753866
157925
835636
945269
692299
970953
498850
420961
649237
568638
639436
328568
565519
651536
743487
570324
332189
564596
914805
888827
333638
61888
587110
205992
899389
11439
666357
117826
632993
49594
732549
890866
80885
484834
338475
168812
453510
670845
902584
164253
405263
209541
631867
780100
462028
87909
824956
134460
765423
5924
885381
416335
317115
57660
11578
215828
65494
272750
268517
453718
99280
125799
437150
264418
420518
16185
872865
501359
972292
501811
560635
172486
46140
626963
507648
64465
772959
472213
166936
690255
186380
856452
285341
614327
398114
172375
376715
303612
222717
487126
170745
376261
908638
784338
598025
758462
717725
364603
591971
693205
264489
878996
682726
766396
952619
721237
463730
268224
49826
260039
383467
983025
729644
890497
948937
737978
891310
18418
125799
73334
858701
336796
834645
322395
833363
446393
593003
708659
241015
360763
724672
569074
812728
809680
49659
886759
504660
639835
597997
221255
238914
510179
843938
917635
363178
526400
366432
210752
859417
363329
893866
183883
568639
85075
625470
359480
376283
970398
465921
317165
385449
753257
286200
26816
385595
609226
577303
717954
484027
201137
194370
286548
284295
479876
273840
845293
691712
814896
176265
654513
741800
151914
178730
40617
413302
457116
560407
990485
694457
726511
29509
740388
872301
191617
391847
540145
221586
165664
837790
804706
715589
274981
491050
655259
885554
908432
269160
391268
173706
31535
696032
464546
74335
429091
980950
528038
103298
52720
733362
733927
754050
231515
386986
509965
980047
444277
791000
561368
917664
273442
265644
768103
886055
750141
805229
569008
998367
744716
843624
682321
913446
684202
470669
217990
121812
856876
573321
679738
744494
125770
575706
770904
99875
163937
18412
499604
46804
484588
522798
178291
198911
664517
80757
111237
865017
369686
260551
67919
917520
823255
162077
337323
422093
332122
247393
450118
952377
621360
728328
325431
606062
617418
201549
630737
194732
221776
363830
229291
30238
374390
638950
527886
326856
948834
719975
615460
992120
459630
260495
102123
573169
22636
347567
583066
655125
50528
616352
35472
704965
213219
759589
389502
694827
849881
414810
713801
59671
257354
509657
887423
242462
723407
525393
878499
702863
843253
561061
954019
624703
968513
446157
699999
746601
76114
804647
821654
358038
799409
317852
938405
150443
718283
215315
107988
430255
822808
151194
5986
87618
499478
234311
342201
92958
894911
207694
678890
487372
690271
812044
477123
3821
105855
328383
40782
998967
770483
35546
938653
603018
913562
154893
697752
904093
305662
805619
313064
14218
950468
127304
339928
973037
104161
803355
227862
441772
195734
160229
282742
828627
423762
209420
184171
316732
23184
812091
807077
374840
30980
910300
845642
355940
778667
142701
723643
238318
724335
531845
176984
497228
613805
541890
600025
420631
915904
65579
255343
940993
418021
69726
959073
181860
165328
757123
279690
588058
874060
350876
158864
174102
843733
748915
360140
578349
15040
973306
779149
862423
976502
616126
250178
722500
545417
784337
616953
669572
385768
931923
787727
640105
411252
396583
119983
629377
19014
755398
248375
219876
860232
29154
264560
633011
859334
322451
424943
23804
292573
965609
95627
537130
431392
97364
477815
155163
819957
763548
292780
321706
696157
100366
30810
276857
246428
968110
225216
297292
50546
940125
894633
556289
126461
639949
406642
196408
262121
339593
532874
601403
359670
510222
710328
735795
817121
894926
389347
915972
675830
725302
205602
450398
119800
91248
604569
480643
607326
537261
519510
758634
689677
569595
495574
717378
591330
117501
628426
539890
555477
718379
627310
692042
699843
538785
83213
739179
540267
1289
116814
976410
155800
643106
256651
88031
375471
576977
437501
100869
631434
368647
794906
225077
386305
170224
239026
243096
724244
757391
316359
221578
701667
122158
720385
896976
860848
169676
565630
47108
143826
208052
21818
370301
358748
874449
17833
670294
443203
263969
283468
445313
708638
836014
548411
907136
188808
577145
224543
209650
792527
142060
213029
763451
515591
592815
824281
765135
488674
71375
343211
426710
746387
146292
288300
87013
933776
396421
943368
146842
137959
314247
387470
947472
536302
895645
966919
629013
682471
971478
903907
656807
729335
496912
383200
40977
647638
19415
243218
975916
984559
726349
407971
71837
3318
828751
95904
217546
904436
53006
114336
885872
468103
823639
93914
910786
660112
43398
744847
638844
348737
721697
629090
498477
750961
631130
931852
701234
522156
438362
138434
993565
787128
465930
512699
452722
831815
382122
703409
470904
378867
906912
628960
623101
11641
126847
518307
138363
761777
602669
85261
400408
477977
669635
619159
905029
594098
87414
968344
906359
709488
879605
651316
635753
367929
584306
620700
492292
508386
592579
527009
803704
4853
329974
305075
725169
905277
686185
844271
408737
616516
276066
772541
414400
796467
467821
272435
967096
501471
423668
844363
355485
17318
702651
772234
97589
575201
129422
165309
42932
402676
436516
13778
440024
49273
897353
188880
305381
773967
926504
747879
89121
377050
777217
420477
527274
102282
483370
933030
447762
908008
572518
474737
927819
205647
107974
537824
559073
739313
293222
119125
531542
686170
688273
380922
641131
208815
804950
523888
779898
417828
855185
987885
32095
685815
771474
546038
38142
892536
538947
114012
34668
506187
706216
930684
486580
71772
150780
264614
948301
235527
87072
54136
979188
173248
983984
524965
534166
70177
83686
981091
420413
310403
803653
286414
258179
991636
100773
973209
938544
607002
346382
818759
96645
233886
495965
948917
257188
968195
613243
937345
255059
497398
680743
984267
368732
308090
758174
291111
544504
752887
837432
259048
765373
253420
954400
308266
108266
286867
617220
481387
912986
782800
14715
555140
614324
231166
690092
524807
110641
859675
366251
841438
38936
948666
693322
144705
163627
260529
104954
679697
989267
383698
451623
44885
586922
494338
145154
594794
72584
720744
669067
373219
154159
938972
461380
93266
852155
588791
109224
205370
764065
98996
999311
945311
782297
361293
900848
52931
471743
787026
362834
116514
53130
816588
296315
565092
409862
872487
293031
375660
255345
313413
11713
510751
300893
353531
127501
395467
651486
985141
744168
367114
512702
294139
827985
706061
607503
618173
550093
317874
745720
483057
716276
805154
237916
947194
857905
117759
769661
159972
721958
53584
287657
776331
965155
208502
965126
471318
96355
182113
393870
783617
273973
139788
741966
598410
789961
2124
100013
333133
193009
897407
843526
68212
744689
893579
598201
115871
460389
493168
605419
43149
240520
10950
985821
975817
599816
198221
917008
620793
148154
398798
548142
490969
417509
156632
583131
967634
653150
837166
210624
849326
212661
529051
466727
854398
533235
41086
566435
4042
109499
152204
569562
323941
115258
407875
268780
4770
321307
918958
518355
37552
495776
632284
535263
255341
150145
44720
824688
32431
947693
492638
514560
822682
390782
133673
627506
600225
282117
374803
390527
70183
27913
899913
40414
74799
863709
421668
250063
820722
218104
221287
51270
105549
935124
460813
114686
785159
403162
804499
432231
487657
556260
594697
904421
75114
584491
512066
919418
926022
580008
803832
133759
685097
100100
282344
866924
985224
956963
343928
862460
568834
23699
162558
757799
34021
163424
497212
563707
112795
181198
911865
233549
373218
611110
642524
824794
990421
283123
183793
957304
499132
717128
266805
937271
662012
278543
30751
982856
21542
467906
345350
37164
372226
53829
487020
484634
413494
217775
324470
567532
400263
615765
247004
742604
498548
334904
591897
137600
761729
471611
95984
663362
251127
580998
94033
478846
295961
691587
994445
783217
148587
341922
825556
887930
490282
658438
140568
372060
986400
143851
975249
592918
729502
716271
70277
928233
436041
241852
49993
855032
691522
490092
997382
691822
680094
802282
92911
870038
71634
100350
766712
717567
642797
797620
250596
236865
785368
621137
308588
501102
164767
146766
428580
329778
714203
497785
915690
555217
972480
36541
225158
565651
713712
50972
555029
700251
331477
757702
624924
693982
566192
71107
836777
296231
329807
722116
737947
833340
708804
125090
931172
909259
766176
260024
142289
336452
577229
515801
831344
348875
21257
193738
193407
105048
674860
279985
335446
476377
839571
628199
420118
351082
862890
844582
402545
7950
214291
479257
169094
146650
900275
672609
12887
174611
945208
726351
291759
419253
84175
645114
589564
562794
484312
41682
785972
486573
455504
852520
249
196448
996959
764643
637349
22644
115727
411570
808913
565526
526880
730560
635411
929648
120413
191799
173239
322054
830969
340120
520600
532602
755883
961073
153020
40002
626572
279595
144746
782304
846012
353785
333971
693365
365043
846854
641446
992937
545046
467899
42707
267152
322583
969700
42742
880700
998726
584809
954634
584349
687355
919678
581077
645548
783797
580396
269734
784300
16747
382892
780611
953055
378634
718743
137748
797001
472633
925246
793958
442398
653688
120747
759528
601528
338186
318784
308064
431593
498080
607827
747219
64677
3931
821143
11034
132506
181867
754446
255695
608913
652244
55324
145255
832446
826517
583258
780282
728481
46462
34264
804680
905377
402153
560148
900910
331014
719410
126529
303700
798501
976052
475316
730119
657691
217547
285885
262698
58191
779463
449249
352405
66710
463891
375462
401809
251725
850054
204392
915026
559459
269369
361482
310396
544914
978489
674075
142136
719773
915175
268254
537071
239511
879409
314144
926999
157205
847472
502022
808427
338124
381391
67205
952024
505465
631803
922222
170372
489130
623368
534232
152770
425649
558725
850628