20
83
123
384
503
663
943
1330
1670
1843
1925
2046
2091
2114
2125
2125
2128
2248
2379
2410
2656
2675
2711
2799
2853
3206
3280
3414
3514
3591
3631
3640
3664
3893
3946
3968
3996
4272
4496
4793
4801
4927
4962
4966
5138
5229
5268
5291
5532
5600
5614
5667
5789
5915
6466
6539
6642
6690
6701
6733
6825
6901
6950
6965
7306
7361
7587
7608
7702
7785
7852
8037
8039
8040
8113
8182
8186
8301
8478
8533
8568
8717
8718
8727
8814
8822
8837
8878
9056
9125
9196
9240
9311
9324
9336
9525
9864
9912
10281
10335
10366
10412
10506
10666
10680
10780
10802
10878
11059
11130
11471
11659
11670
11682
11700
11767
11897
12018
12027
12067
12187
12350
12380
12512
12552
12790
12870
12934
12976
13026
13147
13205
13295
13316
13487
13541
13654
13680
13687
13872
14587
14603
14651
14808
14838
14884
14983
15064
15074
15230
15249
15291
15466
15483
15532
15546
15574
15605
15719
15805
15857
16032
16034
16047
16252
16304
16311
16321
16355
16389
16532
16558
16652
16699
16850
16931
17027
17145
17149
17180
17247
17382
17484
17702
17794
17822
17970
17996
18043
18152
18207
18218
18584
18638
18790
18840
19070
19234
19371
19489
19752
19757
19762
19773
19872
19931
19969
20112
20367
20581
20708
20849
20855
20993
21055
21122
21136
21474
22081
22156
22294
22362
22387
22577
22582
22754
22822
22892
22901
23198
23330
23368
23391
23412
23418
23515
23554
24063
24167
24321
24328
24349
24395
24403
24415
24478
24649
24869
24875
25286
25542
25566
25567
25684
26137
26143
26300
26377
26592
26636
26644
26722
26856
26880
27078
27090
27268
27391
27545
27882
27891
27984
28054
28129
28151
28253
28418
28640
28711
28773
28784
28864
29031
29033
29071
29174
29247
29373
29432
29523
29581
29871
29929
30157
30195
30203
30311
30436
30620
30653
30720
30853
30940
30942
31021
31238
31704
31793
31815
31853
31860
31867
31908
31977
32024
32049
32057
32107
32148
32224
32361
32398
32482
32628
32648
32735
32809
32837
32863
33029
33054
33094
33232
33254
33341
33378
33457
33474
33508
33624
33627
33633
33654
33678
33784
33897
34207
34229
34390
35017
35128
35128
35379
35425
35533
35562
35957
35995
36563
36563
36697
36861
36933
36958
37047
37180
37285
37304
37364
37497
37510
37563
37627
37654
38051
38059
38182
38465
38546
38550
38727
38762
38896
38923
38960
38992
39036
39236
39301
39304
39416
39456
39585
39620
39655
39786
39815
39826
39890
39898
39985
40033
40277
40356
40371
40403
40486
40527
40619
40633
40693
40708
40714
40750
40826
40828
40912
41193
41216
41502
41575
41602
41727
41936
41947
41963
42067
42192
42310
42395
42461
42516
42523
42568
42640
42813
42830
42878
43129
43297
43333
43397
43624
43725
43837
43941
44253
44281
44297
44306
44643
44831
44880
44948
44958
45062
45116
45267
45327
45372
45665
45667
45901
45910
45987
46051
46127
46240
46345
46845
46862
46967
46977
47074
47109
47120
47262
47294
47443
47564
47929
48200
48275
48413
48429
48472
48525
48561
48602
48722
49085
49286
49525
49615
49672
49754
49770
49780
49863
49955
49972
50213
50580
50646
50678
50792
50844
50976
50985
51274
51385
51397
51413
51503
51516
51816
51881
52057
52114
52187
52266
52326
52330
52611
52827
52851
52947
53043
53105
53127
53169
53304
53398
53732
53799
53868
53886
53925
54073
54098
54342
54382
54475
54511
54653
54781
54789
55025
55040
55120
55206
55234
55354
55480
55555
55784
55847
56274
56590
56651
56712
56792
56841
57119
57343
57516
57554
57554
57573
57589
57754
57833
57914
58180
58284
58441
58460
58483
58723
58803
58878
58907
58924
58965
58979
58997
59068
59126
59199
59215
59244
59286
59368
59382
59456
59465
59515
59596
59976
59983
60058
60077
60384
60485
60592
60609
60655
60856
61168
61448
61665
61681
61694
61766
61798
62083
62340
62412
62511
62713
62983
63021
63162
63258
63267
63275
63577
63601
63655
63719
63946
63979
64258
64323
64353
64600
64735
64822
64878
64959
64971
65037
65128
65153
65363
65466
65516
65548
65668
65681
65784
65830
65885
66112
66129
66142
66190
66216
66275
66358
66495
66535
66571
66753
67147
67195
67419
67440
67492
67579
67652
67777
67920
67926
68099
68101
68179
68219
68352
68562
68596
68618
68775
68782
68827
69130
69251
69312
69324
69338
69348
69368
69424
69538
69737
69805
69878
70387
70470
70483
70598
70740
70740
70917
71033
71035
71182
71273
71298
71687
71733
71742
71885
72011
72014
72197
72244
72403
72408
72577
72600
72671
72778
72833
72940
73063
73204
73259
73543
73699
73924
73988
74205
74336
74350
74356
74366
74414
74479
74704
74766
74794
74850
74887
74942
74971
75071
75248
75462
75522
75630
76071
76079
76100
76145
76254
76281
76304
76539
76584
76741
76833
76873
76930
77077
77160
77507
77660
77717
77820
77866
77870
78023
78058
78090
78242
78253
78309
78377
78634
78655
78710
78790
78894
78964
78992
79151
79164
79437
79454
79491
79575
79594
79612
79627
79831
79844
80104
80110
80117
80172
80261
80274
80539
80705
80861
80928
80948
80965
80970
80996
81218
81301
81430
81748
81818
81827
81893
81905
81927
81939
81958
81998
82009
82086
82267
82393
82613
82646
82859
82869
82900
83066
83345
83399
83577
83582
83635
83888
83898
84067
84212
84301
84385
84520
84665
84730
84963
85095
85594
85722
85751
85883
85936
85988
85994
86057
86141
86259
86299
86325
86350
86415
86429
86537
86593
86697
86743
86776
86948
86948
86986
87255
87413
87566
87624
87634
87651
87683
87684
87690
87762
87997
88050
88053
88355
88484
88757
88924
88991
89040
89197
89459
89649
89716
89782
89808
89876
89967
90027
90299
90300
90591
90595
90957
90994
91055
91284
91286
91526
91769
91787
92108
92160
92171
92186
92223
92442
92456
92660
92685
92982
93043
93309
93580
93617
93671
93873
93992
94014
94241
94433
94728
94736
94778
94852
94860
94861
94921
95065
95086
95150
95192
95236
95262
95951
96011
96108
96309
96452
96580
96846
96880
96995
97128
97203
97239
97423
97430
97481
97485
97619
97682
97687
97692
97754
97855
97949
98042
98087
98300
98342
98343
98356
98452
98512
98575
98602
98641
98680
98885
98903
98966
99048
99136
99164
99280
99289
99326
99357
99426
99505
99557
99733
99825
99827
99875
100118
100139
100174
100205
100285
100304
100368
100828
100853
101036
101311
101489
101639
101739
102047
102088
102279
102304
102315
102425
102515
102544
102752
102899
103090
103185
103548
103726
103769
103774
103845
104131
104267
104322
104354
104679
104783
104823
105108
105322
105426
105489
105569
105682
105913
105932
105945
106115
106139
106231
106347
106381
106492
106562
106639
106755
106926
106982
107057
107065
107139
107172
107219
107230
107340
107446
107721
107963
108007
108072
108094
108107
108137
108201
108360
108363
108394
108573
108797
108849
108853
108894
109079
109083
109407
109472
109497
109608
109658
109735
109735
109964
109998
110037
110358
110597
110640
110648
110752
110784
110799
110859
110860
110962
110987
111018
111040
111128
111143
111190
111445
111489
111514
111593
111603
111640
111884
111920
111925
111970
111983
112015
112130
112167
112217
112243
112282
112545
112661
112727
112757
112908
112934
112981
112988
113052
113119
113162
113403
113417
113465
113495
113521
113623
113867
113896
113927
114085
114108
114254
114318
114357
114715
114746
114751
114751
114911
115088
115125
115336
115370
115409
115437
115467
115551
115592
115667
115913
115986
116181
116309
116363
116375
116394
116668
116676
116714
116742
116743
116856
116859
116906
117008
117100
117305
117424
117602
117635
117678
117685
117929
117949
117961
118038
118076
118253
118402
118568
118625
118645
118743
118755
118900
118910
118915
119151
119323
119352
119418
119526
119536
119644
119723
119769
119900
119987
119989
120253
120401
120426
120482
120587
120614
120708
120986
121052
121097
121149
121154
121170
121234
121320
121360
121429
121517
121529
121545
121559
121664
121698
121780
121784
121785
121794
121898
121928
121985
122012
122186
122349
122520
122602
122669
122686
122805
122866
122894
122931
123070
123093
123098
123205
123232
123306
123505
123613
123696
123950
124075
124115
124147
124240
124311
124315
124393
124503
124734
124842
124959
124981
125071
125312
125338
125366
125560
125818
125869
125879
126139
126241
126312
126363
126610
126788
126810
126825
126922
126965
127088
127160
127182
127225
127316
127353
127404
127475
127511
127639
127810
128076
128287
128494
128708
128816
128859
129070
129208
129378
129620
129720
129722
129782
129946
130727
130804
130844
130854
130861
130951
130996
131082
131157
131199
131219
131285
131322
131459
131711
131837
132068
132080
132206
132241
132302
132639
132835
132847
132863
133007
133129
133245
133252
133288
133291
133337
133513
133532
133598
133810
133958
134008
134144
134313
134398
134551
134605
134758
134825
135133
135159
135388
135479
135491
135590
135664
135718
135910
135987
136096
136116
136234
136250
136456
136502
136622
136914
136964
137077
137092
137099
137121
137325
137519
137521
137653
137742
137807
138036
138132
138160
138169
138178
138186
138285
138415
138548
138554
138744
138834
138914
138960
139053
139082
139155
139260
139269
139457
139500
139564
139606
139727
139740
139851
139899
139921
139963
140263
140288
140422
140466
140469
140574
140676
140750
140813
141106
141288
141380
141455
141504
141630
141633
141757
141765
141813
141857
141905
141938
142001
142008
142009
142020
142055
142076
142095
142174
142228
142231
142323
142390
142485
142576
142578
142659
142669
142718
142741
143016
143177
143182
143191
143244
143286
143555
143572
143927
143998
144028
144043
144188
144427
144458
144470
144490
144537
144541
144598
144612
144643
144753
144779
144804
144895
145074
145147
145484
145614
145849
145888
145915
146004
146162
146314
146565
146576
146645
146724
146767
146786
146966
147085
147196
147280
147375
147474
147624
147681
147686
147830
147848
148022
148096
148423
148772
148937
148949
149065
149230
149299
149414
149417
149484
149881
149895
150042
150044
150255
150712
150906
150928
150944
151160
151358
151772
151781
151927
152012
152019
152107
152130
152332
152364
152416
152445
152472
152497
152523
152655
152995
153055
153070
153124
153179
153197
153217
153412
153475
153483
153678
153919
154319
154426
154493
154494
154513
154813
154823
155075
155234
155288
155485
155568
155667
155710
155794
156005
156164
156351
156482
156578
156715
156828
156912
157216
157221
157253
157367
157396
157410
157428
157539
157568
157611
157720
157729
157803
157845
157847
157933
157985
158036
158060
158157
158233
158329
158397
158402
158434
158736
158841
158917
159007
159144
159162
159273
159546
159577
159587
159743
159754
159946
160047
160292
160302
160417
160477
160506
160514
160709
160807
160890
161064
161113
161163
161219
161307
161316
161678
161703
161753
161753
161872
161880
161993
161994
162025
162199
162217
162325
162385
162481
162574
162616
162643
162644
162728
162774
163151
163153
163166
163316
163386
163386
163456
163493
163504
163577
163659
163699
163849
164154
164219
164275
164463
164564
164606
164787
164904
164987
165181
165246
165364
165444
165538
165610
165737
165776
165902
165926
165929
165948
166078
166244
166322
166677
166699
167050
167057
167130
167280
167318
167392
167449
167526
167802
167829
168035
168040
168151
168223
168258
168302
168333
168446
168495
168785
169056
169251
169287
169296
169327
169527
169611
169652
169843
169942
169998
169998
170016
170039
170131
170382
170444
170581
170607
170664
170723
170836
170982
171243
171262
171550
171632
171646
171800
171812
171858
171948
172116
172164
172296
172428
172460
172608
172624
172658
173213
173236
173361
173403
173587
173792
174151
174160
174256
174304
174358
174518
174822
174823
174856
174857
174895
174911
175124
175572
175612
175988
176156
176163
176168
176172
176209
176282
176282
176299
176355
176683
176761
176800
176823
176910
176960
176975
177088
177090
177140
177225
177344
177555
177560
177601
177733
178017
178112
178171
178437
178529
178566
178730
178779
178832
178856
178899
178915
178934
179246
179336
179378
179482
179540
179630
179804
179881
179906
180251
180294
180392
180430
180552
180575
180646
180713
180719
180806
180910
180959
180984
181058
181058
181093
181337
181397
181526
181699
181791
181893
181933
181995
182050
182160
182161
182190
182205
182218
182329
182351
182367
182376
182396
182456
182487
182529
182560
182727
182801
183059
183134
183290
183305
183333
183541
183646
184055
184070
184106
184179
184182
184235
184314
184412
184476
184477
184560
184591
184903
185036
185052
185121
185158
185233
185284
185446
185515
185598
185703
185792
186278
186379
186538
186644
186674
186969
187145
187184
187231
187348
187586
187631
187692
187854
187887
187927
188167
188421
188482
188583
188598
188719
188776
188911
188988
189060
189110
189197
189252
189394
189485
189664
189690
189704
190002
190133
190155
190277
190282
190285
190466
190517
190537
190596
190672
190771
190810
190959
191180
191184
191321
191328
191330
191342
191348
191644
191692
191820
192213
192262
192325
192398
192495
192629
192850
192859
192926
193014
193136
193275
193338
193809
193817
193841
193949
194075
194257
194316
194381
194408
194534
194875
194877
194903
195027
195056
195062
195089
195216
195356
195441
195505
195524
195773
195892
195912
196106
196361
196443
196699
196803
196843
196852
196924
196937
197060
197119
197188
197236
197250
197291
197311
197546
197576
197626
197650
197759
197863
197937
198363
198387
198393
198419
198484
198492
198579
198713
198876
199148
199225
199317
199426
199428
199638
199677
199870
199875
199878
199916
199934
200061
200230
200247
200298
200329
200340
200407
200632
200958
201050
201057
201057
201288
201320
201353
201479
201698
201816
201842
202055
202192
202206
202512
202572
202710
203016
203208
203263
203315
203372
203437
203578
203652
203676
203934
204038
204044
204151
204611
204688
204704
204926
204969
205042
205076
205298
205353
205383
205428
205428
205626
205916
205988
206139
206153
206248
206308
206324
206333
206357
206436
206449
206573
206629
206678
206747
206768
206848
207062
207104
207152
207328
207397
207444
207630
207754
207810
207928
208047
208102
208135
208268
208342
208479
208584
208755
208760
209004
209125
209255
209443
210065
210107
210136
210180
210369
210422
210433
210624
211063
211093
211094
211127
211185
211210
211502
211510
211633
211688
211700
211777
211847
212010
212260
212266
212322
212391
212511
212526
212686
212791
212964
212990
213044
213096
213185
213201
213350
213663
213712
214002
214100
214121
214125
214500
214898
214908
214965
215164
215180
215236
215281
215392
215575
215639
215646
215708
215718
215818
215820
215901
215986
216049
216236
216426
216542
216568
217015
217035
217135
217234
217337
217357
217525
217562
217705
217742
217767
217809
217827
217941
218024
218195
218270
218323
218355
218456
218488
218506
218645
218704
218705
218714
218856
218893
218897
218910
218957
219020
219028
219069
219174
219178
219259
219421
219488
219530
219533
219565
219572
219762
219989
220015
220106
220212
220394
220742
220951
220980
221046
221097
221137
221157
221402
221422
221669
221871
222017
222091
222116
222172
222271
222398
222614
222683
222946
222946
223190
223191
223550
223592
223626
223656
223678
223743
223749
223848
223857
223976
224090
224125
224244
224246
224318
224322
224362
224386
224393
224450
224502
224545
224794
224806
224875
225183
225334
225334
225356
225748
226042
226048
226162
226219
226298
226344
226408
226513
226614
226702
226800
226802
226870
226948
227185
227592
227625
227814
227822
227955
228184
228244
228330
228430
228475
228666
228697
228784
228858
229050
229145
229209
229225
229279
229284
229779
229779
229900
229995
230017
230055
230142
230324
230498
230629
230671
230738
230771
230804
230807
230859
230864
230992
231030
231031
231091
231281
231517
231733
231824
231845
231895
231919
232013
232050
232059
232138
232211
232250
232252
232261
232367
232398
232485
232586
232612
232841
233019
233036
233061
233103
233103
233329
233410
233457
233586
233663
233835
233839
233980
234135
234201
234297
234398
234571
234762
234807
234822
234864
234889
234918
235085
235108
235279
235340
235379
235411
235479
235651
235886
236021
236299
236333
236482
236690
236742
236918
237146
237363
237464
237518
237604
237614
237616
238038
238093
238231
238291
238406
238480
238481
238505
238637
238652
239000
239091
239096
239140
239559
239578
239784
239939
239950
240017
240071
240086
240171
240312
240350
240441
240520
240713
240770
240840
241033
241049
241335
241516
241534
241784
241943
241966
242107
242192
242300
242371
242388
242431
242477
242546
242642
242722
242840
242855
242892
243049
243109
243140
243256
243428
243440
243596
243602
243640
243652
243759
244016
244079
244389
244482
244547
244692
244979
244987
245128
245483
245613
245646
245736
245928
245949
245961
245967
245995
246012
246024
246045
246085
246340
246347
246382
246528
246830
246869
247118
247133
247280
247398
247571
247637
247712
247748
247884
248061
248203
248439
248562
248732
248734
248976
248986
249068
249152
249525
249603
249612
249700
249757
249910
249975
250004
250057
250242
250381
250620
250632
250960
251044
251083
251132
251152
251177
251334
251413
251413
251563
251817
251860
252160
252297
252344
252525
252928
252985
253217
253300
253463
253478
253498
253579
253924
254002
254007
254208
254780
254784
254968
255030
255059
255109
255181
255387
255451
255552
255652
255839
256208
256289
256521
256566
256603
256690
256708
256759
256841
256869
256883
257094
257166
257182
257198
257412
257502
257516
257526
257611
257617
257735
257737
257807
257847
258003
258012
258030
258554
258580
258599
258635
258785
258815
258845
258952
259183
259318
259434
259764
259781
259957
260395
260466
260580
260961
261075
261165
261177
261217
261226
261315
261433
261462
261772
261878
261909
262088
262311
262618
262770
262822
262910
263112
263197
263385
263451
263474
263507
263565
263747
263966
264087
264260
264261
264486
264499
264508
264519
264527
264718
264795
264848
264851
265007
265136
265179
265186
265245
265257
265410
265734
265990
266082
266116
266152
266402
266506
266519
266552
266632
266755
266772
266777
266916
267145
267147
267188
267379
267554
267638
267744
267918
267921
268089
268197
268604
268667
268679
268758
268824
268939
268996
269408
269491
269506
269639
269826
269898
270161
270364
270369
270466
270483
270642
270656
270716
270789
270944
271026
271117
271342
271620
271715
271752
271768
272037
272056
272108
272117
272214
272226
272292
272296
272373
272527
272574
272673
272693
272807
273015
273156
273325
273334
273371
273374
273450
273456
273488
273489
273521
273579
273697
274014
274165
274240
274245
274289
274295
274435
274455
274504
274825
274843
274920
275063
275212
275382
275409
275549
275606
275763
275833
275885
276051
276139
276250
276374
276573
276574
276596
276651
276700
276772
276894
276965
276977
277202
277448
277456
277465
277468
277493
277502
277539
277646
277754
277762
277772
277814
277915
278222
278274
278388
278487
278523
278535
278536
278603
278644
278718
278776
278801
278864
278895
278897
278966
279001
279032
279049
279235
279254
279298
279470
279527
279755
279789
279866
279870
279936
280109
280284
280297
280536
280536
280540
280796
280862
280902
281454
281567
281612
281618
281622
281670
282078
282480
282672
282716
282919
283085
283150
283372
283451
283544
283613
283668
283742
283784
283850
283951
283975
283981
284257
284373
284389
284443
284880
284976
285209
285469
285535
285763
286060
286121
286297
286775
286808
286959
286966
287401
287406
287482
287670
288308
288467
288666
288672
288786
288789
288839
288947
288976
289345
289574
289652
289717
289766
289987
290014
290060
290073
290142
290186
290549
290747
290953
291216
291276
291283
291338
291341
291488
291564
291575
291654
291699
291725
291756
292078
292386
292396
292432
292520
293050
293105
293210
293324
293343
293390
293437
293444
293449
293480
293482
293503
293569
293572
293696
293760
293966
294128
294151
294231
294298
294311
294417
294472
294713
294772
295176
295341
295418
295444
295458
295530
295535
295544
295553
295634
295634
295666
295690
295886
296001
296161
296219
296286
296363
296462
296482
296564
296567
296741
296755
297188
297222
297253
297270
297383
297401
297405
297463
297512
297558
297689
297721
297799
297819
297885
298027
298064
298072
298115
298128
298171
298223
298268
298368
298376
298470
298569
298575
298602
298864
298870
299221
299343
299749
299845
299860
299930
300013
300020
300025
300047
300098
300222
300299
300467
300511
300529
300666
300675
300739
300759
300826
300860
300920
301156
301614
301639
301705
301999
302015
302038
302063
302135
302254
302417
302622
302698
302729
302754
302762
302998
303060
303083
303184
303356
303513
303880
303909
303923
303998
304038
304069
304129
304141
304160
304176
304270
304290
304359
304484
304519
304588
304682
304707
304747
304803
304820
304962
305023
305127
305165
305513
305756
305773
305779
305790
305824
305849
306306
306475
306596
306658
306980
307033
307038
307062
307092
307097
307245
307406
307484
307606
307751
307860
308009
308140
308150
308333
308449
308669
308674
308716
308920
309043
309060
309085
309130
309169
309241
309647
309655
309671
309973
310003
310095
310264
310273
310345
310352
310401
310556
310677
310721
310847
310862
311283
311479
311651
311737
311762
311776
311875
312104
312212
312278
312299
312310
312341
312344
312426
312539
312557
312571
312699
312922
312984
313324
313541
313638
313671
313687
313771
314054
314072
314174
314262
314649
314667
314727
314896
315032
315085
315096
315211
315239
315305
315851
315890
316092
316114
316175
316178
316362
316612
316774
316834
316863
316875
316876
316997
317016
317093
317107
317153
317227
317294
317536
317680
317685
318305
318370
318373
318607
318797
319067
319233
319353
319391
319510
319668
319714
319735
319773
319799
320139
320144
320307
320494
320507
320571
320633
320635
320664
320710
320907
321033
321067
321198
321478
321660
321889
322068
322224
322237
322247
322262
322374
322759
322830
322948
322982
323164
323175
323311
323352
323367
323417
323440
323485
323595
323640
323773
323850
323939
323993
324018
324165
324229
324253
324366
324486
324644
324652
324699
324700
324759
324906
325039
325262
325273
325330
325422
325507
325508
325580
325630
325690
325789
326034
326081
326119
326431
326573
326575
326592
326673
326694
326808
326815
326867
326963
326969
327020
327047
327270
327474
327479
328028
328085
328085
328160
328259
328397
328612
329072
329076
329120
329139
329155
329375
329522
329525
329563
329601
329618
329641
329645
329760
329779
329936
329961
330170
330313
330415
330474
330487
330540
330717
330795
330917
330994
331161
331270
331343
331557
331599
331812
331965
331999
332051
332074
332077
332172
332312
332369
332378
332416
332497
332535
332684
332730
332818
332836
333484
333667
333732
333737
333855
333980
334007
334010
334253
334408
334449
334613
334954
335075
335121
335335
335395
335404
335405
335616
335752
335838
335926
335991
336042
336105
336181
336182
336212
336548
336570
336712
336771
336848
336904
336996
337346
337397
337458
337547
337577
337603
337727
337967
338057
338278
338398
338446
338449
338632
338850
338893
338906
338948
338966
339005
339027
339133
339205
339209
339267
339461
339534
339558
339618
339766
339945
340081
340196
340232
340237
340318
340415
340481
340552
340699
340754
340760
340925
341066
341315
341326
341418
341555
341593
341858
342061
342130
342215
342223
342412
342447
342642
342667
342821
342904
342921
342932
342945
342960
343270
343356
343512
343549
343566
343747
343938
343946
344043
344143
344203
344264
344271
344318
344331
344597
344643
344719
344785
344846
345003
345204
345245
345258
345259
345405
345659
345667
345688
345790
345820
345856
345861
346454
346672
346694
346760
346761
346835
346927
346965
347114
347291
347307
347440
347463
347467
347572
347602
347751
347883
347925
347968
347981
348020
348506
348562
348587
348631
348787
348897
348952
349044
349100
349131
349434
349527
349766
349834
349853
349878
349926
350125
350158
350313
350378
350384
350672
350735
350746
350769
350908
350920
351159
351246
351355
351416
351524
351625
351732
351935
352216
352253
352313
352476
352521
352571
352793
352864
352877
353059
353341
353383
353633
353662
353672
353888
353988
353989
354001
354035
354232
354365
354374
354457
354718
354734
354819
354917
354922
355209
355423
355729
356004
356121
356163
356180
356192
356238
356354
356553
356669
356674
356852
356903
356931
357163
357262
357356
357569
357575
357879
358108
358113
358151
358251
358366
358551
358768
358912
358943
358945
358956
358999
359046
359421
359440
359735
359796
360190
360218
360263
360462
360845
360932
360999
361247
361278
361444
361608
361669
361834
362031
362270
362293
362319
362452
362530
362590
362656
362813
363022
363062
363173
363185
363197
363263
363274
363323
363541
363569
363610
363634
363737
363761
363815
363910
364037
364164
364426
364436
364480
364491
364554
364624
364663
364762
364837
364857
365347
365349
365393
365412
365479
365499
365599
365806
365873
365904
365958
365965
366129
366333
366387
366395
366419
366426
366497
366619
366770
366915
367181
367925
367972
367982
367983
368286
368464
368510
368579
368659
368670
368686
368692
368827
368895
368958
368979
369015
369081
369260
369379
369750
369834
370068
370092
370102
370113
370232
370235
370385
370451
370500
370535
370630
370837
371012
371061
371077
371107
371680
371771
371796
371815
372139
372371
372372
372409
372462
372502
372752
373047
373170
373267
373271
373627
373679
374017
374140
374445
374558
374620
374659
374660
374726
374910
375342
375636
375660
375842
375924
375957
376110
376148
376296
376512
376674
376735
376801
376810
377069
377144
377291
377530
377533
377538
377633
377725
377799
377844
377856
377919
377982
378078
378159
378195
378264
378270
378383
378457
378495
378506
378986
379013
379076
379586
379674
379688
379953
380119
380192
380228
380230
380265
380369
380378
380697
380749
380758
380797
380949
381005
381254
381323
381431
381481
381632
381683
381734
381896
381950
381999
382004
382040
382160
382234
382372
382412
382413
382464
382633
382692
382893
382901
382937
383158
383432
383563
383579
383672
383677
383695
383787
383814
383960
383973
383994
384022
384037
384061
384317
384329
384337
384520
384610
384740
384768
384894
385026
385107
385128
385138
385192
385196
385677
385732
385765
385854
385909
385914
386092
386311
386435
386524
386550
386854
386861
386883
386999
387066
387088
387134
387273
387448
387587
387733
387831
387879
387988
388078
388114
388284
388293
388370
388537
388626
388632
388634
388915
389018
389133
389296
389308
389377
389436
389608
389612
389663
389841
390071
390162
390194
390209
390259
390502
390696
390732
390792
390802
391040
391371
391405
391636
391750
391851
391940
391984
392018
392030
392055
392079
392199
392414
392430
392450
392466
392467
392474
392485
392636
392789
392802
392842
393011
393056
393150
393253
393346
393385
393453
393546
393597
393619
393636
393841
393956
394302
394407
394670
394931
394933
394991
395008
395092
395309
395312
395319
395407
395465
395467
395487
395581
395627
395642
395643
395941
396581
396856
396895
397037
397146
397420
397434
397442
397475
397521
397623
397732
397851
397869
397876
397882
398087
398088
398216
398235
398310
398317
398457
398486
398490
398795
398798
398828
398859
398943
398996
399047
399141
399522
399545
399652
399896
400029
400154
400314
400396
400445
400469
400661
400694
400742
400766
400783
400829
400845
401040
401047
401231
401280
401493
401778
401845
401992
402011
402107
402207
402231
402247
402261
402312
402733
402733
402826
403093
403108
403144
403268
403356
403490
403557
403589
403610
403802
403857
403932
403967
403967
404031
404227
404274
404546
404645
405227
405288
405343
405672
405775
405847
405847
406000
406012
406206
406313
406389
406573
406574
406697
407006
407130
407223
407330
407370
407446
407523
407791
407808
407956
408080
408246
408674
408726
408802
408807
408895
408917
409041
409229
409311
409357
409381
409571
409596
409622
409670
409704
409827
409850
409853
409858
409872
410000
410292
410374
410445
410491
410651
410675
410716
410828
410869
410886
411140
411233
411347
411362
411417
411417
411552
411555
411581
411714
411764
411988
412204
412331
412370
412393
412434
412539
412693
412959
413029
413067
413139
413344
413510
413562
413585
413666
413870
413876
413966
414000
414016
414078
414098
414099
414107
414140
414180
414311
414320
414353
414522
414550
414856
414945
414965
414982
415064
415066
415145
415260
415263
415284
415396
415576
415776
415933
416066
416075
416090
416155
416172
416249
416437
416476
416574
416671
416785
416868
416976
417015
417028
417033
417301
417436
417452
417496
417516
417693
417722
417742
417893
418049
418146
418170
418263
418311
418475
418630
418676
418744
418836
418999
419381
419563
419580
419707
419926
420095
420259
420289
420375
420517
420552
420637
420682
420751
420896
421018
421068
421096
421219
421240
421294
421318
421362
421362
421635
421641
421782
421985
422032
422035
422102
422154
422362
422531
422548
422632
422655
422746
423269
423287
423305
423333
423338
423605
423611
423647
423665
423770
423788
423881
423912
424020
424129
424156
424184
424293
424297
424414
424464
424546
424584
424604
424746
424767
424818
425196
425281
425376
425401
425442
425629
425666
425734
425785
425848
425899
426064
426073
426081
426300
426395
426431
426491
426495
426530
426578
426679
426701
426959
427021
427213
427232
427275
427352
427669
427669
427763
427890
428038
428186
428224
428341
428391
428556
428581
428662
428662
428743
428745
428766
428785
428848
428917
429023
429208
429616
429828
429891
429961
429961
430348
430368
430450
430459
430567
430625
430939
431171
431296
431328
431573
431602
431799
431972
432031
432041
432264
432312
432513
432581
432637
432743
433047
433081
433085
433089
433200
433835
433880
433969
434042
434133
434170
434351
434392
434403
434852
434899
434904
434963
435025
435160
435317
435559
435744
435925
436005
436054
436168
436224
436288
436406
436437
436475
436534
436640
436727
437167
437197
437451
437453
437507
437671
437981
437984
438144
438435
438497
438513
438653
438711
438849
438944
438976
439033
439126
439133
439204
439373
439425
439574
439588
439735
439779
440152
440207
440220
440347
440677
440750
441263
441360
441617
442051
442268
442308
442356
442477
442525
442568
442659
442724
442973
443308
443405
443420
443478
443558
443580
443613
443698
443744
443773
443850
443865
444100
444167
444328
444345
444402
444472
444475
444573
444574
444662
444948
445156
445174
445190
445199
445200
445207
445243
445396
445546
445560
445628
445825
445827
445925
446490
446529
446673
446785
446925
446979
447068
447148
447177
447262
447442
447609
447701
447730
447896
447898
447959
448032
448155
448185
448242
448264
448490
448518
448549
448676
448863
448950
449050
449086
449371
449405
449523
449576
449670
449747
449910
450004
450046
450063
450826
450935
451118
451161
451172
451298
451503
451524
451797
451816
451923
451926
451944
451981
452087
452128
452172
452361
452457
452487
452577
452620
452636
452926
453058
453260
453417
453515
453585
453684
453745
453790
453802
453847
454161
454517
454799
455329
455394
455435
455538
455618
455800
455887
456107
456156
456192
456192
456254
456299
456499
456591
456680
456684
456710
456994
457627
457721
457768
457785
457878
457934
458154
458262
458291
458348
458380
458525
458560
458630
458649
458696
458738
458767
458844
458921
458979
459109
459183
459363
459451
459494
459500
459539
459678
459769
459787
459788
459804
459983
460206
460287
460319
460377
460389
460457
460531
460647
460684
460751
460921
460969
460973
461065
461178
461351
461387
461447
461563
461682
462036
462101
462110
462131
462153
462170
462186
462289
462656
462729
462862
462948
463041
463286
463287
463300
463309
463333
463338
463380
463458
463591
463630
463794
463901
463979
464025
464069
464095
464516
464575
464635
464660
464679
464725
464819
465039
465059
465110
465175
465414
465685
465835
465872
466067
466125
466485
466602
466663
466831
466912
467047
467072
467267
467574
467651
467678
467768
467986
468152
468195
468312
468359
468611
468689
468712
468725
468776
468808
468928
468945
469052
469106
469149
469176
469296
469354
469370
469448
469463
469626
469691
469989
470199
470296
470415
470420
470447
470714
470793
470873
470996
471091
471169
471202
471210
471372
471410
471444
471475
471653
471782
471844
472060
472152
472280
472304
472329
472505
472575
472738
472756
472792
472913
472929
473250
473400
473414
473468
473567
473767
473936
473945
474064
474221
474342
474922
475173
475244
475335
475400
475559
475662
475780
475826
475956
476026
476175
476251
476393
476441
476478
476534
476720
476778
477056
477138
477208
477355
477405
477427
477431
477473
477531
477565
477649
477704
477707
477887
478044
478122
478136
478422
478505
478506
478617
478621
478787
478957
478967
479024
479104
479216
479248
479320
479350
479746
479781
479805
480039
480474
480724
480753
480871
481042
481143
481446
481470
481653
481657
481967
481990
482033
482067
482244
482340
482529
482536
482643
482656
482678
482996
483046
483123
483137
483164
483197
483207
483306
483316
483337
483344
483353
483405
483689
483704
483782
483798
483823
483954
483975
484002
484029
484099
484204
484308
484320
484437
484476
484571
484812
485011
485038
485105
485192
485317
485506
485797
485883
485972
486036
486057
486124
486133
486229
486491
486505
486544
486664
486706
486799
486877
486939
486957
486977
487080
487219
487245
487517
487578
487599
487629
487663
487680
487707
487949
488036
488045
488058
488111
488167
488178
488243
488302
488431
488516
488546
488554
488574
488673
488738
488767
488968
489293
489427
489447
489489
489574
489683
489711
489806
490354
490409
490451
490488
490644
490666
490727
490818
490913
490967
490998
491124
491255
491260
491321
491355
491456
491458
491500
491613
491730
491738
491881
491964
492016
492123
492295
492374
492693
492779
492827
492829
492884
493055
493157
493556
493629
493632
493732
493875
493923
494061
494186
494420
494613
494617
494677
494689
494847
494923
495069
495136
495189
495203
495376
495510
495707
495708
495926
496049
496103
496115
496172
496242
496261
496327
496533
496540
496683
496750
496751
496783
496822
496832
496870
497045
497151
497282
497312
497445
497546
497922
497956
498021
498054
498150
498162
498352
498469
498784
498846
498851
498861
498921
499126
499373
499409
499461
499475
499508
499661
499803
499961
500012
500085
500095
500193
500228
500303
500452
500703
500738
500751
500866
500924
500977
501051
501109
501146
501177
501188
501190
501196
501259
501319
501446
501457
501558
501881
501916
502064
502145
502160
502210
502405
502486
502602
502684
502806
502832
502906
502994
503081
503162
503247
503249
503267
503283
503320
503576
503642
503704
503788
504035
504155
504234
504274
504323
504604
504761
504772
504833
504848
504863
505074
505080
505213
505378
505583
505776
506032
506049
506051
506063
506143
506174
506230
506231
506264
506329
506572
506629
506687
506703
506716
506773
506780
506990
507142
507238
507536
507555
507576
507604
507649
507929
507939
508348
508349
508423
508438
508629
508659
508913
509102
509131
509206
509241
509307
509772
509881
509950
509956
510137
510154
510200
510437
510534
510597
510732
510798
510942
510988
511057
511177
511205
511272
511294
511423
511483
511658
511662
511798
511927
512055
512169
512224
512263
512460
512725
512744
512809
512813
513053
513159
513170
513187
513409
513651
513674
513721
514061
514077
514183
514267
514291
514431
514440
514547
514598
514601
514929
514980
515146
515196
515384
515442
515605
515629
515640
515659
515675
515773
515834
516011
516059
516067
516187
516335
516360
516428
516429
516462
516464
516497
516505
517096
517347
517554
517610
517632
517850
517869
517940
518080
518112
518179
518374
518597
518604
518663
518689
518801
519229
519264
519324
519380
519396
519443
519561
519734
519760
519767
520120
520143
520249
520482
520580
520604
520830
520920
521108
521112
521316
521778
521834
522188
522255
522489
522512
522556
522729
522778
522818
523169
523197
523230
523253
523262
523329
523351
523413
523579
523626
523820
523917
524038
524137
524342
524363
524411
524710
524773
524865
524892
524903
525076
525119
525142
525197
525200
525278
525304
525500
526031
526207
526330
526349
526370
526429
526713
526787
526987
527001
527020
527088
527149
527531
527698
527772
527832
527990
528123
528139
528167
528331
528520
528540
528818
528973
529083
529113
529153
529161
529300
529505
529720
529720
529925
529945
529988
530015
530129
530149
530259
530264
530273
530425
530572
530646
530718
530723
530782
530855
531150
531245
531249
531376
531413
531455
531457
531676
531780
532295
532688
532743
532763
532796
532968
533069
533169
533265
533290
533309
533370
533542
533576
533793
533994
534204
534230
534292
534448
534511
534539
534621
534818
534971
535012
535173
535240
535293
535335
535346
535641
535789
535961
536097
536247
536251
536282
536382
536417
536458
536612
536779
536859
536901
537086
537107
537142
537147
537332
537499
537594
537604
537639
537936
538058
538107
538168
538362
538394
538495
538502
538536
538573
538603
538724
538953
538996
539418
539707
539711
539965
540016
540071
540291
540442
540456
540533
540672
540678
540868
540915
540925
540995
541043
541045
541073
541204
541214
541320
541395
541411
541479
541542
541723
541763
541777
541837
542175
542195
542215
542349
542419
542656
542681
542821
542979
543066
543324
543328
543592
543622
543652
543739
543747
543769
543820
543841
543857
543860
543889
544146
544177
544269
544344
544506
544524
544552
544710
544731
544802
544831
545207
545218
545254
545266
545346
545469
545870
545888
545907
546055
546095
546103
546187
546223
546467
546560
546569
546660
546731
546876
546919
546953
547117
547137
547160
547197
547375
547407
547415
547427
547758
547851
547880
547882
547955
548056
548185
548203
548536
548645
548686
549069
549090
549424
549479
549542
549545
549546
549621
549888
549942
550022
550141
550142
550142
550206
550375
550387
550584
550630
550716
550927
550956
551042
551050
551083
551088
551197
551407
551603
551622
551626
551676
552044
552168
552214
552295
552402
552566
552680
552734
552836
552854
552905
552957
552964
553630
553654
553914
553977
554031
554038
554268
554275
554281
554305
554370
554418
554477
554677
554695
555072
555091
555101
555115
555156
555192
555469
555495
555528
555625
555837
555883
555908
555945
555997
556006
556043
556076
556186
556213
556363
556389
556534
556674
556761
556785
557114
557142
557238
557597
557611
557649
558096
558241
558302
558532
558570
558713
558743
558876
558877
558878
559034
559186
559296
559302
559350
559476
559681
559741
559938
559971
560101
560125
560138
560157
560266
560290
560670
560696
560761
560837
560964
561175
561177
561381
561448
561477
561561
561626
561721
561737
561837
562088
562150
562216
562217
562427
562459
562464
562491
562540
562696
562714
562843
562935
563014
563116
563300
563379
563471
563472
563618
563683
563739
563791
563809
563916
563930
563965
564008
564123
564128
564314
564523
564716
564802
564996
565002
565020
565023
565078
565302
565397
565405
565526
565685
565823
565838
565882
566059
566141
566166
566781
566828
566948
566992
567215
567385
567513
567626
567647
567764
567846
567850
567856
567911
568065
568085
568172
568182
568289
568356
568399
568484
568599
568682
568690
568783
568842
569279
569286
569601
569669
569779
569797
570160
570375
570385
570533
570608
571096
571341
571351
571382
571397
571523
571600
571722
571742
571834
572062
572069
572164
572265
572309
572399
572561
572799
572832
572836
572892
572901
572914
573003
573192
573201
573238
573241
573468
573602
573610
573801
573853
573894
573904
573969
574024
574062
574088
574288
574437
574486
574649
574823
575036
575160
575200
575235
575263
575408
575506
575520
575657
575778
575791
575808
575808
575918
575934
575982
576032
576091
576128
576275
576406
576481
576771
577003
577045
577073
577231
577371
577469
577565
577835
577881
577993
578136
578200
578355
578427
578459
578489
578768
578928
579241
579278
579294
579388
579390
579407
579520
579546
579734
579903
580027
580030
580128
580340
580353
580419
580470
580594
580597
580706
581022
581034
581378
581466
581737
581886
582117
582184
582185
582369
582404
582425
582490
582522
582672
582784
582840
582918
582923
582972
582976
583064
583147
583160
583461
583492
583651
583876
583903
584165
584236
584382
584467
584566
584600
584685
585186
585221
585252
585268
585331
585343
585400
585724
585874
586020
586058
586142
586156
586311
586371
586460
586536
587182
587193
587243
587332
587370
587383
587432
587487
587490
587786
588297
588735
589165
589293
589441
589562
589628
589812
590004
590160
590264
590269
590319
590386
590712
590830
590836
590868
590960
590960
590977
590995
591095
591390
591439
591485
591557
591849
591854
591865
591908
591963
591974
592018
592062
592176
592254
592267
592288
592338
592389
592514
592610
592721
592728
592758
593091
593159
593182
593189
593324
593508
593529
593682
593691
593797
593939
593971
594111
594220
594364
594371
594449
594546
594600
594625
594678
595009
595027
595309
595383
595658
595663
595714
595723
595795
595800
595855
595865
595892
596054
596092
596155
596198
596234
596258
596276
596339
596412
596613
596706
596973
597156
597187
597191
597247
597267
597494
597654
597732
597858
597893
597938
598016
598106
598162
598235
598381
598434
598494
598529
598549
598580
598653
598698
598778
598829
599010
599039
599201
599302
599325
599513
599569
599819
599926
600104
600160
600256
600299
600665
600713
600814
600824
600841
600852
600856
601065
601070
601162
601288
601379
601454
601507
601519
601528
601559
601660
601682
601761
601842
601854
602123
602296
602422
602457
602476
602581
602628
602663
602677
602723
602744
602848
602877
602878
602936
602984
603306
603350
603423
603546
603648
603986
604343
604460
604486
604538
604618
604686
604846
604848
604880
604912
605010
605246
605300
605705
605714
606032
606065
606122
606178
606182
606212
606724
606792
606948
607004
607074
607213
607268
607457
607470
607474
607827
607836
607853
607969
608025
608034
608253
608302
608331
608380
608524
608624
608690
608889
608921
609114
609176
609322
609367
609731
609796
610006
610066
610091
610192
610398
610414
610649
610662
610732
610810
610875
611033
611171
611303
611472
611490
611628
611736
611812
611894
611975
612015
612051
612126
612147
612211
612213
612327
612572
612603
612868
612911
613138
613266
613394
613430
613451
613495
613610
613624
613712
613841
613855
613866
613896
613913
613985
614217
614253
614292
614333
614347
614544
614663
614723
614942
614962
615016
615057
615077
615216
615287
615304
615404
615433
615451
615464
615496
615773
615881
616349
616357
616481
616535
616645
616814
616819
616921
617050
617118
617411
617551
617571
617704
617752
617760
617839
617939
618086
618115
618277
618315
618354
618451
618469
618639
618647
618783
618872
618913
618966
619106
619153
619238
619321
619693
619968
620007
620031
620122
620194
620322
620412
620431
620521
620575
620740
620810
620902
621045
621065
621233
621301
621364
621508
621576
621739
621850
621851
621867
622001
622024
622047
622050
622311
622354
622416
622556
622588
622798
622992
623051
623112
623582
623780
623822
624038
624259
624362
624480
624488
624548
624680
624701
624905
625001
625040
625132
625214
625260
625282
625369
625406
625642
625716
625718
625802
625928
626083
626157
626173
626260
626293
626326
626553
626648
626727
626816
626990
627071
627106
627109
627379
627408
627437
627479
627507
627563
627623
627737
627750
627808
628128
628148
628178
628564
628574
628584
628644
629066
629234
629536
629577
629651
629914
630042
630095
630329
630344
630369
630449
630610
630617
630681
631043
631315
631403
631520
631531
631618
631645
631652
631810
632226
632405
632497
632676
632683
632715
632832
632942
632982
632995
633134
633135
633150
633264
633304
633401
633548
633608
633751
633752
633763
633988
634093
634151
634456
634546
635031
635294
635703
635737
635906
635968
636401
636524
636541
636574
636588
636618
636625
637084
637188
637223
637240
637262
637303
637376
637506
637662
637667
637920
637993
638206
638224
638299
638541
638644
638645
638704
638895
638986
639038
639048
639083
639162
639183
639212
639229
639259
639312
639322
639430
639456
639466
639583
639660
639827
640076
640102
640349
640407
640436
640450
640638
640663
640714
640968
641061
641198
641230
641402
641564
641727
641770
641819
641828
642024
642102
642363
642411
642540
642587
642653
642806
642994
643097
643299
643324
643324
643470
643544
643563
643644
643661
643728
643731
643774
643778
643832
643906
644075
644244
644279
644404
644741
644774
644783
644851
644864
644864
644964
645038
645252
645266
645272
645319
645440
645489
645494
645567
645595
645736
645882
646100
646128
646232
646346
646361
646383
646399
646420
646509
646534
646701
646767
646980
647202
647257
647263
647277
647365
647505
647703
647726
647956
648198
648267
648354
648504
648505
648592
648986
648995
649151
649166
649249
649334
649357
649369
649706
649902
649991
650250
650615
650637
650698
650741
650784
650903
651206
651345
651433
651550
651660
651661
651712
651751
651755
651884
651898
651910
652007
652017
652060
652148
652355
652367
652569
652738
652775
653027
653035
653182
653388
653638
653769
653794
653883
653896
653966
654031
654036
654126
654153
654209
654240
654271
654285
654508
654962
654965
654977
654988
654998
655051
655121
655221
655225
655281
655355
655414
655469
655547
655558
655567
655703
655856
655984
655995
656071
656124
656194
656281
656291
656302
656442
656442
656522
656537
656654
656754
656769
656782
656804
657183
657209
657232
657336
657350
657429
657498
657652
657666
657707
657893
657979
658143
658218
658233
658234
658282
658331
658386
658530
658558
658645
658695
658792
658876
658882
659179
659187
659224
659294
659426
659426
659484
659648
659908
659959
659984
659991
660016
660100
660201
660278
660297
660359
660361
660369
660397
660462
660572
660590
660605
660730
660754
660889
660957
660981
661007
661159
661193
661509
661556
661578
661638
662170
662206
662255
662431
662474
662630
662733
662844
662890
662894
662919
662928
662946
663054
663169
663272
663485
663550
663707
663773
663933
663944
664354
664423
664455
664472
664676
664717
664779
664864
665035
665072
665085
665091
665145
665236
665325
665334
665423
665493
665557
665563
665641
665709
666150
666253
666347
666469
666722
666767
666817
667050
667108
667186
667231
667327
667330
667478
667551
667622
667634
667655
667709
667737
667797
667906
667934
668179
668220
668538
668587
668746
668828
669416
669446
669472
669646
669838
669997
670101
670137
670206
670286
670294
670360
670567
670742
670759
670765
670990
671066
671151
671296
671407
671470
671551
672004
672078
672142
672180
672257
672403
672548
672586
672852
672889
673170
673421
673487
673531
673744
673805
673825
673860
673966
674193
674410
674476
674605
674687
674687
674884
675188
675206
675210
675231
675429
675484
675496
675615
675670
675687
675695
675820
675963
676137
676205
676221
676318
676428
676760
676836
676982
677080
677120
677159
677197
677342
677378
677430
677625
677626
677630
677674
677705
677837
678182
678221
678250
678315
678429
678555
678596
678629
678670
678814
678893
679076
679175
679326
679451
679889
679978
680073
680231
680268
680401
680548
680657
680775
680884
681062
681152
681204
681204
681491
681525
681685
681728
681931
682040
682045
682187
682312
682338
682350
682566
682609
682655
682772
682801
682813
682822
682948
683002
683179
683218
683522
683546
683556
683598
683832
683853
684111
684122
684161
684208
684270
684345
684364
684389
684474
684587
684935
684954
684966
684997
685017
685073
685504
685748
685762
686032
686203
686210
686447
686485
686489
686756
686847
686851
687209
687378
687571
687668
687722
687866
687880
687944
687962
687992
688056
688214
688266
688277
688282
688295
688338
688383
688670
688671
688700
688797
688919
688965
689165
689311
689542
689576
689765
690058
690222
690266
690374
690449
690628
690669
690676
690698
690701
690864
690984
691000
691169
691193
691287
691324
691356
691459
691546
691905
692044
692123
692147
692201
692275
692318
692423
692624
692651
692749
692792
692808
692983
693101
693149
693187
693474
693523
693690
693810
693849
693874
693945
693969
694013
694028
694385
694411
694490
694502
694763
694901
695084
695180
695396
695518
695564
695625
695686
695887
695896
696033
696126
696270
696313
696405
696546
696648
696732
696805
696866
696883
696900
696966
697128
697155
697173
697230
697243
697283
697554
697631
697652
697740
697794
698138
698165
698194
698432
698620
698725
698785
698870
699107
699153
699316
699479
699572
699617
699730
699784
699895
700047
700064
700111
700191
700320
700398
700468
700781
700794
700808
701009
701085
701133
701348
701391
701485
701560
701651
701709
701737
701887
702079
702193
702361
702367
702451
702511
703122
703251
703318
703342
703421
703460
703591
703725
703751
703817
703939
704047
704082
704273
704656
704661
704948
705101
705157
705180
705220
705257
705263
705727
705756
705794
706053
706115
706652
706981
706991
707393
707596
707788
707793
707834
708021
708240
708361
708472
708511
708583
708773
709072
709106
709206
709230
709270
709285
709302
709353
709360
709401
709470
709720
709764
709793
709883
709923
709931
710079
710476
710584
710645
710782
710887
711234
711313
711617
711632
711751
711843
711878
711888
711913
712023
712092
712263
712287
712302
712329
712572
712750
712782
712818
712969
713097
713106
713332
713449
713704
713753
713815
713889
714160
714328
714369
714418
714466
714570
714708
714735
714821
714860
714950
715044
715182
715260
715301
715392
715452
715510
715534
715618
715662
715816
715830
715951
716020
716044
716098
716220
716289
716410
716452
716524
716545
717051
717055
717065
717202
717257
717464
717482
717604
717614
717799
717920
718068
718092
718164
718306
718388
718744
718770
718885
718898
718917
719022
719221
719309
719350
719375
719549
719605
719617
719640
719944
720154
720310
720311
720758
720844
720920
720957
720971
721075
721140
721191
721317
721320
721506
721649
721677
722540
722719
722760
722825
722830
723327
723383
723781
723806
723827
723903
723921
724362
724530
724562
724671
724750
724787
724818
724865
725027
725048
725225
725346
725467
725493
725748
725999
726062
726235
726408
726454
726500
726661
726711
726801
726922
727101
727102
727105
727234
727237
727318
727564
727640
727642
727657
727787
727843
727969
728047
728082
728111
728117
728190
728378
728460
728666
728762
728824
728843
729259
729291
729359
729518
729519
729664
729686
729751
729875
730020
730104
730249
730449
730594
730671
730968
731024
731692
731755
731804
731831
731854
732032
732137
732216
732258
732524
732603
732760
732948
733269
733293
733339
733464
733469
733743
733776
733871
734121
734123
734156
734215
734518
734550
734760
734805
734841
734998
735029
735127
735172
735178
735213
735217
735262
735423
735466
735535
735722
735751
735828
736025
736265
736302
736302
736324
736404
736467
736574
736812
736966
737014
737161
737227
737231
737243
737245
737252
737333
737477
737487
737494
737547
737664
737766
737875
738007
738072
738155
738233
738285
738327
738372
738409
738475
738512
738527
738580
739154
739164
739192
739213
739354
739526
739636
739741
739789
740163
740191
740221
740557
740601
740629
740633
740869
741007
741140
741446
741580
741801
741817
741826
741980
742026
742124
742160
742163
742187
742286
742321
742464
742469
742492
742596
742634
742836
742888
742912
742972
743129
743161
743174
743213
743269
743434
743669
743723
743732
743773
743890
743988
744295
744328
744365
744439
744672
744725
744746
744820
744852
744950
745063
745193
745229
745250
745317
745451
745486
745498
745619
745788
745810
745829
745916
745977
746150
746183
746200
746572
746582
746703
746807
746873
747028
747175
747194
747232
747398
747544
747998
748276
748420
748451
748632
748707
748729
748824
748860
749179
749295
749498
749529
749639
749813
750075
750268
750306
750541
750872
750985
751005
751175
751217
751233
751237
751312
751690
751762
751899
751966
752078
752114
752146
752195
752248
752297
752315
752412
752850
752861
753052
753303
753400
753421
753427
753475
753562
753601
753753
753809
753919
754031
754058
754069
754282
754472
754517
754540
754789
754861
754924
755192
755333
755435
755512
755539
755649
755669
755713
755728
755838
755906
755939
755955
756065
756167
756264
756406
756451
756657
756672
756805
756934
756958
756972
757036
757078
757399
757569
757653
757727
757752
757933
758036
758045
758122
758289
758300
758306
758321
758555
758617
758663
758750
758817
758863
758904
758906
758911
759011
759101
759189
759376
759382
759492
759541
759906
759985
760035
760295
760335
760337
760463
760696
761500
761589
761620
761649
761675
761716
762002
762048
762185
762290
762351
762391
762440
762460
762484
762604
762686
763042
763216
763392
763406
763489
763581
763658
763682
763742
763882
763978
764231
764295
764299
764456
764523
764542
764888
764992
765333
765454
765470
765629
765669
765703
765732
765844
765921
765988
765988
766117
766176
766237
766406
766477
766583
766586
766663
766849
767027
767108
767409
767414
767431
767617
767690
767705
767947
767963
767979
768022
768064
768135
768439
768524
768675
768684
768773
769061
769135
769270
769364
769426
769429
769477
769557
769575
769676
769741
769829
769833
769848
769960
769999
770010
770052
770130
770293
770416
770427
770639
770677
770759
770788
770999
771142
771289
771346
771410
771454
771480
771644
771653
771702
771722
771763
771767
771791
771888
771902
771947
772126
772163
772310
772379
772391
772409
772690
772691
772694
772832
772905
773172
773197
773477
773480
773557
773713
773805
773906
773910
774111
774155
774176
774211
774291
774397
774478
774539
774544
774655
774656
775005
775041
775277
775341
775388
775548
775570
775615
775721
775868
775958
775997
776005
776163
776184
776268
776367
776471
776479
776568
776727
776850
776916
777057
777094
777111
777115
777442
777665
777841
777941
777954
778006
778051
778136
778137
778295
778368
778399
778691
778827
778944
779225
779253
779302
779360
779361
779544
779674
779738
779799
779809
779953
780190
780493
780507
780557
780738
780794
780832
780887
780932
781052
781060
781136
781274
781403
781414
781681
781691
781784
781817
781884
781929
782246
782407
782599
782883
783168
783259
783330
783424
783433
783562
783719
783784
783994
784164
784182
784335
784358
784396
784430
784628
784665
784753
784821
785009
785116
785140
785181
785679
785723
785913
786086
786090
786205
786241
786307
786602
786828
786839
786861
786871
787020
787183
787243
787259
787291
787301
787663
787695
787806
787899
788029
788133
788280
788309
788381
788588
788610
788696
788708
788762
789242
789299
789896
789927
790031
790139
790237
790387
790434
790640
790886
791049
791053
791307
791370
791554
791581
791602
792250
792260
792302
792767
792956
793040
793053
793130
793163
793286
793345
793397
793474
793632
793720
793850
793918
793980
794299
794315
794347
794388
794468
794594
794595
794610
794741
794820
794987
795150
795429
795674
795707
795733
795745
795822
795826
795839
796021
796103
796106
796243
796244
796482
796486
796588
796806
796860
796906
796979
797040
797104
797260
797375
797484
797491
797773
797972
798145
798178
798383
798422
798430
798441
798488
798492
798819
798856
799098
799373
799492
799892
799914
799940
799952
799980
800008
800033
800107
800133
800213
800280
800327
800349
800376
800773
801135
801156
801168
801232
801379
801661
801757
801796
802057
802125
802218
802271
802565
802660
802665
802899
803068
803099
803135
803154
803247
803299
803329
803375
803550
803741
803845
803930
803969
804088
804155
804192
804227
804420
804449
804485
804521
804548
804569
804572
804586
804622
804723
804807
804997
805013
805064
805094
805098
805246
805304
805343
805432
805886
805898
806006
806201
806262
806331
806345
806367
807059
807080
807133
807209
807557
807568
807576
807629
807639
807738
807833
808067
808560
808686
808707
808737
808780
808795
808841
808851
809098
809402
809487
809637
810115
810179
810422
810517
810593
810620
810661
810760
810850
810855
811062
811122
811170
811187
811320
811338
811341
811451
811719
812007
812017
812252
812321
812345
812458
812572
812623
812653
813276
813308
813374
813426
813614
813633
813701
813787
813812
813815
813824
813871
813886
813902
814015
814105
814232
814314
814337
814793
814880
814983
815051
815146
815176
815257
815491
815561
815634
815768
815875
816136
816219
816263
816342
816361
816574
816582
816610
816643
816646
816943
817078
817191
817193
817290
817341
817364
817380
817444
817516
817545
817976
818017
818294
818324
818330
818561
818580
818601
818610
818713
818725
818796
818951
818991
819008
819022
819037
819319
819352
819490
819529
819724
819856
819940
819986
820139
820160
820349
820365
820379
820402
820741
820754
820777
821221
821252
821271
821293
821441
821445
821650
821791
821929
822093
822167
822234
822365
822375
822409
822463
822616
822687
822861
822867
822910
823073
823116
823461
823468
823558
823612
823668
823690
823756
824277
824367
824414
824448
824509
824509
824554
824586
824596
824616
824747
824827
824934
824966
824972
825413
825435
825443
825466
825501
825572
825753
825899
825938
826089
826109
826183
826519
826651
826833
827014
827123
827187
827701
827782
827933
828034
828076
828106
828354
828546
828570
828599
828725
828849
828901
828943
828947
829075
829129
829154
829384
829447
829464
829501
829579
829716
829719
829823
829887
830149
830156
830163
830191
830291
830428
830637
830697
830708
830960
831044
831429
831593
831774
831829
832039
832103
832250
832420
832480
832524
832532
832548
832622
832748
832772
832828
832979
833048
833249
833304
833508
833522
833533
833776
833789
833806
833864
833916
834157
834307
834337
834395
834681
834811
835013
835068
835103
835273
835619
835841
835918
836025
836093
836150
836164
836470
836613
836665
836731
836869
836873
836992
837039
837134
837223
837392
837392
837399
837486
837704
837878
837878
837906
838096
838209
838209
838397
838423
838440
838480
838485
838590
838604
838774
838776
838997
839097
839136
839138
839175
839319
839399
839438
839604
839620
839683
839696
839865
840017
840195
840245
840408
840417
840574
840662
840685
840843
841027
841265
841304
841346
841422
841433
841721
841975
841984
842035
842340
842405
842434
842446
842956
843053
843096
843104
843107
843211
843222
843229
843285
843308
843467
843597
843602
843680
843691
844184
844189
844306
844489
844555
844636
844747
844782
844937
845019
845539
845671
845767
845809
845906
845911
846015
846407
846679
846978
847244
847342
847350
847354
847364
847647
847686
847686
847741
847770
847912
848022
848223
848276
848329
848354
848554
848601
848753
848827
849065
849122
849182
849483
849562
849584
849612
849643
849736
850080
850115
850255
850330
850352
850416
850553
850624
850924
850987
851260
851313
851431
851496
851523
851540
852001
852215
852259
852260
852523
852573
853083
853137
853441
853555
853600
853625
853698
853734
853831
854096
854165
854349
854426
854476
854573
854593
854598
854692
854696
854701
854758
854960
855054
855266
855360
855365
855401
855479
855565
856009
856138
856142
856298
856327
856385
856402
856569
856705
856773
856935
856942
857396
857473
857539
857594
857713
857819
857877
858088
858325
858439
858682
859070
859074
859493
859500
859523
859611
859797
860129
860179
860182
860340
860488
860801
861010
861102
861416
861490
861524
861545
861550
861892
861919
862024
862038
862072
862124
862142
862262
862375
862448
862464
862594
862620
862689
862693
862854
862918
862956
863193
863286
863311
863630
863921
864106
864238
864353
864449
864651
864662
864714
864810
864876
864903
865027
865230
865339
865384
865414
865534
865687
865689
865991
866135
866143
866186
866246
866414
866440
866591
866616
866684
866834
866844
866852
867085
867206
867297
867352
867398
867455
867528
867726
867817
867960
867995
868007
868011
868205
868266
868331
868416
868658
868679
868876
869030
869054
869084
869203
869396
869522
869611
869758
869819
870042
870073
870173
870209
870474
870477
870509
870529
870640
870797
870822
870982
871026
871180
871241
871340
871525
871576
871582
871598
871628
871941
871942
872123
872179
872180
872363
872368
872424
872441
872508
872839
872967
872999
873072
873512
873604
873621
873739
873765
873768
873872
873992
874252
874374
874444
874555
874628
874675
874683
874729
874896
875157
875278
875319
875477
875572
875673
875684
875833
875976
876010
876033
876059
876136
876233
876414
876419
876512
876522
876624
876652
876654
876732
876836
876939
877379
877384
877574
877584
877632
877642
877752
877885
878104
878170
878230
878265
878447
878447
878658
878662
878799
878874
878877
879004
879078
879104
879237
879359
879380
879491
879620
879633
879940
880072
880089
880280
880342
880503
880562
880579
880865
881068
881096
881116
881272
881433
881513
881577
881634
881721
881729
881867
881941
882236
882431
883081
883128
883187
883290
883298
883348
883434
883585
883595
883721
883774
883841
883935
883959
884095
884250
884264
884324
884342
884403
884409
884436
884478
884591
884639
884718
884727
884887
884922
885110
885157
885286
885321
885368
885430
885490
885535
885553
885557
885639
885748
885769
885771
886059
886072
886100
886110
886256
886894
886995
887050
887162
887204
887246
887281
887553
887565
887634
887650
887704
887791
887857
887968
888032
888134
888280
888285
888351
888427
888447
888539
888687
888730
888768
888833
889148
889370
889561
889581
889720
889852
889879
890209
890812
890894
890916
891157
891347
891433
891516
891559
891864
892196
892369
892466
892488
892532
892685
892725
892735
892774
892786
892857
892880
893186
893259
893487
893503
893572
893620
893724
893731
893774
893791
893896
894071
894246
894252
894259
894277
894279
894414
894506
894552
894629
894841
894949
894975
895045
895097
895124
895321
895379
895428
895669
895675
895715
895721
895738
895783
895871
895892
895992
896205
896214
896235
896418
896423
896510
896533
896535
896548
896549
896651
896680
896753
896787
896865
896871
897016
897182
897197
897198
897285
897314
897343
897368
897528
897545
897588
897591
897598
897670
897963
898096
898132
898275
898343
898349
898451
898530
898552
898618
898683
898839
898950
899159
899271
899327
899347
899585
899880
899906
900052
900057
900101
900196
900297
900586
900619
900763
900797
900805
900886
900980
901155
901209
901368
901646
901649
901655
901867
901874
901962
901994
902070
902071
902123
902318
902433
902454
902473
902647
902665
902978
903022
903037
903100
903121
903143
903278
903586
903596
903609
903643
903873
903950
904178
904394
904407
904419
904463
904482
904604
904626
904700
904782
904900
905071
905298
905348
905363
905472
905485
905580
905654
905753
905762
905834
906018
906040
906208
906226
906268
906534
906564
906673
906714
906724
906852
907053
907098
907169
907281
907288
907813
907940
908061
908071
908074
908125
908135
908251
908275
908374
908431
908465
908549
908661
908736
908904
909233
909336
909442
909610
909618
909780
910089
910327
910457
910495
910519
910534
910583
910635
910724
910809
910976
910985
910988
911150
911209
911232
911257
911276
911307
911487
911700
911721
911869
911978
912061
912071
912384
912519
912645
912661
912767
912789
912796
912899
912915
913023
913044
913135
913208
913313
913442
913529
913673
913887
913911
913934
913974
914077
914079
914126
914154
914199
914323
914440
914495
914546
914567
914633
914706
914778
914790
914824
914975
915006
915318
915366
915409
915598
915622
915722
915901
915982
916002
916031
916205
916254
916531
916703
916730
916748
916751
916772
916823
916880
916888
917163
917196
917262
917286
917330
917382
917573
917689
917699
917992
918088
918165
918235
918250
918399
918685
918693
918725
918795
918810
918856
918919
919120
919127
919169
919178
919248
919416
919748
919887
919926
920215
920269
920432
920633
920714
920805
920926
920941
920986
920991
921064
921079
921125
921341
921364
921452
921534
921622
921633
921640
921680
921757
921765
921979
922228
922349
922578
922630
922704
922805
922826
922848
923085
923101
923273
923490
923523
923529
923591
923694
923998
924016
924128
924201
924213
924251
924269
924314
924324
924525
924667
924699
924838
924885
925041
925308
925494
925763
925867
926001
926016
926036
926058
926084
926117
926171
926212
926224
926416
926417
926498
926550
926683
926869
926935
926970
927089
927357
927413
927458
927539
927608
927618
927642
927667
927742
927851
927871
927928
927976
928019
928061
928158
928198
928376
928404
928720
928851
929042
929067
929308
929353
929354
929431
929484
929538
929566
929595
929612
929693
929715
929955
930009
930114
930181
930352
930471
930481
930636
930638
930795
930801
930811
930962
930977
930986
931017
931410
931441
931565
931575
931584
931612
931619
931670
931795
931920
931995
932111
932239
932327
932355
932390
932440
932537
932538
932541
932833
932852
932875
933001
933033
933041
933065
933203
933381
933416
933470
933477
933541
933575
933599
933833
934024
934088
934108
934131
934200
934270
934271
934592
934729
934767
934873
935081
935217
935360
935476
935496
935516
935639
935759
936023
936184
936531
936826
936947
936957
937081
937099
937107
937203
937356
937441
937562
937570
937682
937872
937882
937916
938007
938036
938069
938088
938330
938380
938447
938532
938821
938987
939121
939126
939138
939684
939720
939773
939817
939830
939996
940090
940164
940254
940275
940313
940392
940395
940591
940593
940723
940913
941028
941473
941536
941757
941812
941846
941980
942126
942211
942217
942467
942710
942787
942843
942847
943104
943214
943435
943508
943690
943766
943892
943946
944002
944081
944102
944122
944348
944408
944765
944769
944800
944878
944898
944994
945072
945393
945566
945586
945651
945656
945713
945728
945796
945796
945893
945998
946024
946460
946567
946601
946689
946744
946984
947083
947207
947282
947435
947454
947479
947512
947523
947644
947645
947737
947740
947855
948332
948374
948591
948592
948897
948929
948937
949084
949113
949246
949388
949471
949509
949986
950154
950207
950225
950732
950749
950803
950826
950920
951209
951225
951369
951385
951544
951684
951784
951812
951824
951853
952018
952177
952233
952265
952285
952382
952452
952525
952557
952649
952684
952748
952767
952840
953319
953437
953485
953521
953546
953670
953737
953835
953864
953865
954022
954072
954299
954487
954520
954627
954842
955102
955207
955312
955383
955531
955665
955825
955841
955906
955921
956062
956247
956358
956386
956394
956448
956623
956632
956685
956765
957155
957193
957287
957291
957329
957436
957449
957483
957560
957720
958197
958309
958362
958367
958592
958622
958687
958837
958839
959063
959147
959152
959153
959202
959270
959334
959365
959380
959393
959695
959760
959826
959895
959945
959994
960017
960277
960315
960568
960598
960832
961054
961118
961159
961161
961198
961208
961310
961502
961513
961763
961821
961882
961915
961923
961952
962217
962464
962472
962492
962498
962662
962699
962877
963169
963206
963386
963402
963543
963681
963685
963708
963735
963779
963812
963920
963934
963962
964044
964094
964200
964221
964314
964486
964953
965142
965282
965367
965499
965626
965642
965647
965767
965878
965913
965978
966010
966019
966044
966198
966347
966814
967075
967100
967133
967366
967416
967432
967603
967610
967900
968016
968076
968126
968132
968211
968245
968263
968273
968311
968513
968575
968629
968711
968766
969114
969186
969213
969450
969790
969903
970146
970400
970626
970815
970875
970977
971080
971201
971313
971454
971600
971723
971787
972027
972256
972345
972362
972493
972658
972834
972913
972942
972967
973083
973172
973406
973629
973700
973795
973923
973936
973939
973953
974068
974131
974253
974339
974447
974461
974715
974731
974936
975083
975121
975246
975274
975518
975631
975643
975651
975740
975913
976261
976345
976357
976386
976437
976532
976581
976870
976970
977023
977049
977177
977225
977593
977793
978017
978119
978370
978397
978423
978565
978593
978608
978691
978741
978876
979039
979071
979200
979205
979307
979364
979370
979385
979404
979421
979720
980063
980094
980186
980228
980370
980502
980576
980613
980626
980731
980795
981137
981202
981252
981321
981379
981516
981603
981669
982061
982137
982143
982397
982466
982577
982958
982992
983002
983273
983301
983392
983487
983528
983689
983815
983864
983879
983997
984202
984414
984457
984500
984582
984686
984758
984888
984909
984971
985114
985122
985131
985455
985469
985549
985616
985682
985733
985823
985857
985907
986540
986740
986778
986851
986934
986954
987010
987258
987441
987499
987606
987706
987803
987943
988139
988471
988888
988984
989003
989034
989042
989060
989150
989387
989419
989640
989885
989893
989949
990047
990210
990308
990506
990605
990623
990683
990763
990822
991159
991169
991193
991205
991363
991369
991399
991520
991645
991728
991853
991972
991990
992016
992129
992156
992266
992344
992402
992424
992518
992625
992649
992670
992718
992862
992882
992972
992993
993082
993123
993176
993307
993397
993401
993600
993739
993767
993843
994030
994084
994121
994125
994152
994411
994596
994672
994732
994795
994837
994873
995101
995146
995257
995379
995393
995463
995492
995588
995689
995993
996111
996438
996542
996748
996928
996928
996980
996984
997010
997314
997372
997452
997524
997544
997702
997774
997936
998008
998016
998069
998230
998328
998367
998420
998423
998464
998536
998554
998596
998733
998829
999232
999283
999365
999414
999523
999581
999706
999978