82
456
463
465
538
586
596
598
670
899
962
1197
1295
1314
1354
1478
1520
1623
1742
1766
1850
1957
2051
2072
2445
2457
2472
2802
2812
3147
3195
3374
3406
3444
3484
3549
3614
3645
3848
3903
3908
4360
4394
4529
4695
4712
4755
4764
5019
5069
5163
5171
5214
5302
5307
5535
5564
5741
5764
5926
6206
6219
6246
6332
6396
6528
6732
6787
6952
7018
7156
7295
7359
7422
7562
7666
7770
7794
7799
7861
7872
7949
7955
8052
8148
8256
8405
8558
8683
8729
8898
9028
9285
9342
9464
9464
9695
9704
9963
9964
9966
10065
10293
10315
10382
10658
10790
10865
10979
11055
11069
11137
11279
11285
11303
11472
11529
11685
11775
11796
11801
11825
11827
11834
11858
12159
12306
12907
13112
13242
13253
13437
13549
13621
13636
13765
13809
13918
14026
14140
14320
14621
14665
14725
14830
15138
15424
15501
15566
15658
15701
15702
15940
15977
16180
16315
16368
16446
16474
16476
16516
16622
16771
16842
16975
17148
17281
17368
17403
17691
17721
17838
17902
18016
18019
18240
18348
18373
18486
18487
18493
18587
18632
18814
18816
18942
18982
19046
19135
19148
19155
19158
19177
19214
19244
19347
19427
19472
19614
19723
19756
19795
19805
20062
20182
20400
20534
20937
21072
21303
21365
21483
21710
22126
22432
22469
22543
22609
22725
22745
22790
22816
22845
22927
22936
23144
23342
23474
23533
23623
23755
23788
23914
24048
24124
24233
24438
24490
24567
24587
24891
24898
24936
25044
25229
25249
25442
25597
25610
25654
25744
25837
25979
26071
26073
26127
26365
26466
26472
26536
26727
26977
27159
27258
27440
27517
27589
27611
27669
27763
27766
27771
27831
27959
27967
28306
28311
28396
28450
28480
28603
28735
28889
28961
29079
29143
29282
29298
29480
29518
29543
29609
29968
30017
30258
30348
30375
30416
30426
30447
30454
30650
30721
30769
30783
31174
31259
31271
31520
31552
31624
31892
32037
32088
32100
32158
32168
32322
32397
32481
32568
32643
32654
32686
32694
32795
33111
33275
33368
33371
33535
33700
33828
33899
34001
34096
34200
34279
34347
34655
34690
34878
34955
35140
35149
35511
35564
35650
35987
36074
36559
36576
36871
36887
36919
36978
37004
37021
37075
37222
37255
37483
37586
37620
37696
37775
37861
37867
37882
37893
38114
38158
38199
38328
38349
38429
38674
38695
38806
38826
38915
38924
38927
39043
39258
39333
39364
39427
39472
39596
39682
39698
39720
39785
39790
39949
39981
40194
40244
40275
40327
40433
40495
40534
40621
40885
40994
40996
41026
41077
41215
41677
41678
42038
42204
42251
42453
42660
42703
42724
42909
42953
43168
43179
43305
43317
43330
43553
43671
43705
43931
44192
44331
44358
44713
44855
45176
45202
45243
45262
45295
45788
46188
46208
46312
46502
46512
46517
46791
46794
46840
46996
47044
47149
47299
47703
47930
47963
47968
47982
48086
48105
48182
48292
48367
48384
48398
48470
48482
48488
48520
48742
48824
48856
48895
48933
48952
49079
49083
49338
49491
49539
49604
49696
49832
49876
50026
50032
50077
50248
50251
50522
50552
50785
50913
51137
51206
51281
51465
51593
51808
51939
51947
51978
52085
52352
52359
52389
52602
52778
52783
52822
52918
53010
53217
53531
53636
53961
54083
54101
54112
54151
54436
54595
54623
54640
54675
54676
54790
54905
54955
55004
55005
55100
55165
55208
55306
55312
55357
55609
55670
55860
55984
56006
56014
56061
56076
56130
56190
56545
56586
56599
56615
56633
56712
56939
57032
57109
57146
57325
57347
57489
57572
57693
57769
57899
57964
57995
58199
58328
58332
58405
58434
58570
58818
58890
58926
59017
59019
59079
59136
59197
59220
59280
59301
59394
59445
59534
59568
59672
59787
59966
59970
60012
60054
60070
60171
60459
60475
60511
60550
60654
60761
60865
60878
61156
61230
61702
61741
61766
61899
62057
62084
62343
62509
62569
62607
62851
62898
63045
63086
63171
63288
63341
63362
63395
63438
63605
63667
63785
63872
63981
64160
64192
64239
64311
64343
64397
64403
64582
64597
64700
64826
64840
65004
65190
65261
65456
65456
65510
65528
65558
65605
65647
65810
66006
66050
66119
66129
66178
66195
66226
66277
66323
66378
66471
66600
66717
67086
67115
67284
67445
67561
67615
67658
67766
67873
67919
67943
68020
68021
68048
68226
68439
68463
68616
68663
68939
69369
69375
69452
69510
69579
69603
69639
69717
69762
69940
69996
70069
70266
70306
70374
70702
70818
70874
70948
71091
71097
71274
71312
71327
71547
71556
71684
71765
71848
72054
72125
72267
72353
72375
72600
72779
72834
72907
72946
73344
73369
73586
73794
73827
73960
74002
74077
74142
74158
74160
74227
74287
74370
74481
74483
74597
74706
74756
74783
75010
75156
75493
75617
75619
75744
75932
76296
76449
76488
76605
76715
76741
76822
76973
76976
77036
77051
77263
77474
77486
77601
77781
77793
77799
77847
77893
77974
77983
77998
78150
78172
78273
78333
78482
78592
78673
78875
78915
79046
79306
79331
79385
79485
79517
79523
79654
79723
79831
79939
79994
80048
80077
80099
80213
80536
80564
80653
80747
81015
81159
81273
81342
81470
81612
81862
82015
82119
82223
82315
82325
82380
82393
82435
82509
82533
82595
82638
82674
82953
82959
83031
83093
83330
83424
83467
83537
83732
83759
83768
83974
84118
84217
84299
84382
84387
84469
84546
84636
84964
84993
85360
85374
85389
85428
85446
85710
85934
85987
86096
86230
86295
86338
86393
86591
86777
86863
86933
87078
87094
87260
87267
87344
87370
87385
87450
87527
87585
87928
88225
88262
88545
88858
88929
88971
89056
89085
89104
89139
89223
89308
89323
89538
89621
89638
89720
89737
90001
90004
90248
90276
90335
90525
90557
90886
91119
91184
91194
91300
91329
91547
91639
91707
91906
91924
91930
91976
92282
92297
92339
92359
92408
92512
92537
92553
92616
92712
92860
92861
93038
93214
93241
93300
93391
93461
93613
93638
93689
93732
93904
93910
93922
93953
94068
94188
94245
94411
94416
94650
94792
94908
94970
95146
95441
95478
95547
95568
95583
96256
96574
96791
96813
96907
96948
97015
97018
97033
97051
97065
97170
97312
97336
97395
97469
97519
97576
97600
97770
97773
98127
98139
98196
98293
98294
98578
98723
98773
98816
98831
98846
98860
98937
98989
99367
99505
99562
99663
99691
99696
99801
99864
99912
99964
100232
100333
100378
100426
100456
100505
100593
100629
100631
100773
100955
100988
100990
101045
101155
101214
101282
101361
101397
101521
101696
101760
102016
102033
102625
102626
102663
102713
102832
103039
103068
103092
103128
103240
103382
103413
103431
103591
103846
104627
104798
104815
104825
104922
104952
105043
105166
105251
105287
105291
105295
105316
105365
105540
105610
106031
106500
106677
106824
106863
106990
107033
107164
107256
107539
107559
107663
107721
107962
108099
108145
108256
108262
108334
108400
108494
108520
108838
108858
109091
109142
109149
109241
109293
109403
109418
109601
109858
109948
110052
110244
110426
110550
110661
110708
110789
110798
110925
111131
111192
111410
111529
111696
111806
111853
111904
111918
112051
112518
112719
112725
112869
113020
113101
113202
113333
113645
113761
113818
113966
114151
114317
114386
114392
114582
114908
115076
115120
115211
115281
115289
115298
115328
115530
115536
115690
115713
115854
115904
115969
116011
116168
116235
116330
116376
116447
116489
116513
116664
116704
116785
116799
116884
116936
117146
117180
117298
117368
117459
117468
117536
117619
117675
117756
117815
117895
117983
117998
118057
118236
118239
118272
118448
118756
118849
118898
118903
119168
119209
119364
119520
119882
119997
120073
120229
120306
120312
120426
120444
120491
120551
120649
120771
120794
120825
120864
120897
121027
121029
121048
121108
121498
121525
121538
121557
121766
121792
121925
121957
121967
121972
122084
122139
122163
122272
122493
122507
122526
122546
122597
122694
122715
122821
122918
123011
123049
123501
123535
123702
123889
124073
124108
124189
124205
124212
124511
124512
124553
124578
124603
124661
124730
124880
125018
125296
125351
125358
125440
125535
125547
125655
125749
125840
125848
125961
126055
126491
126602
126849
126880
127089
127397
127461
127468
127503
127652
127826
127846
127857
128091
128405
128694
128788
128959
128969
128974
129132
129327
129439
129626
129654
129718
130061
130152
130163
130327
130423
130490
130589
130620
130703
131192
131285
131353
131449
131847
131899
131981
132076
132081
132116
132130
132218
132257
132275
132557
132562
132594
133164
133266
133301
133447
133629
133630
134089
134158
134225
134232
134338
134339
134352
134604
134652
134759
134778
134801
134828
134927
135123
135261
135497
135515
135537
135592
135760
135764
135816
135842
135964
136083
136222
136258
136281
136368
136446
136489
136514
136517
136544
136568
136613
136635
136752
136793
136876
136998
137082
137244
137284
137362
137502
137520
137623
137624
137903
138024
138283
138575
138578
138741
138841
138952
139005
139006
139084
139108
139240
139267
139309
139350
139477
139545
139656
139905
140070
140122
140159
140189
140235
140283
140293
140492
140557
140655
140912
141106
141141
141349
141595
141698
141759
141805
141956
142125
142147
142218
142404
142472
142483
142669
142695
142703
142806
142886
143073
143101
143172
143263
143293
143401
143491
143540
143613
143660
143772
143794
144237
144365
144826
144979
144984
144984
145293
145350
145603
145656
145772
145778
145817
145896
146205
146236
146285
146436
146455
146534
146559
146560
146575
146584
146715
146791
146896
147422
147592
147777
147799
147922
147927
147931
147998
148034
148217
148349
148739
148823
148973
149054
149062
149169
149493
149568
149733
149837
149860
149909
149959
150153
150236
150287
150436
150473
150863
150869
150873
150899
150959
151005
151015
151042
151145
151193
151341
151421
151434
151542
151645
152155
152177
152316
152371
152504
152608
152766
152821
152844
152919
152937
153080
153259
153327
153442
153449
153456
153525
153545
153547
153707
153748
153883
154034
154040
154093
154145
154163
154267
154386
154393
154398
154443
154530
154550
154832
154993
155048
155079
155129
155214
155224
155279
155280
155388
155450
155622
155689
155749
155770
155882
156439
156521
156523
156586
156727
156749
156784
156859
157205
157515
157591
157674
157683
157930
158005
158036
158113
158148
158552
158732
158963
159097
159251
159383
159498
159655
159676
159832
159841
159955
159984
160046
160077
160086
160092
160223
160242
160272
160395
160531
160661
160712
160781
160929
160936
160977
161055
161084
161196
161221
161259
161286
161298
161327
161376
161659
162083
162433
162448
162454
162735
162991
163041
163078
163151
163165
163340
163412
163482
163533
163539
163543
163696
163839
163950
164129
164136
164185
164201
164242
164294
164416
164550
164560
164669
164673
164732
164908
164911
164940
165025
165049
165115
165168
165253
165266
165602
165696
165815
165830
165838
165879
165883
165884
165905
165908
165971
165985
166160
166181
166214
166355
166358
166404
166437
166477
166568
166868
166868
167096
167118
167208
167253
167350
167434
167441
167441
167528
167762
167792
167801
167848
168008
168037
168040
168068
168098
168115
168300
168402
168534
168750
168804
168833
168844
168860
169152
169289
169367
169437
169537
169622
169737
169787
169854
169886
169896
169940
170041
170079
170212
170562
170659
170753
170888
170943
171049
171189
171298
171311
171345
171392
171500
171698
171887
172006
172012
172038
172187
172235
172248
172313
172442
172472
172548
172579
172614
172621
172802
172842
172930
173020
173187
173304
173381
173410
173539
173690
173693
174223
174284
174441
174870
174911
174918
175016
175249
175320
175467
175643
175715
175748
175942
176230
176310
176316
176435
176446
176479
176614
176858
176896
176927
176986
177351
177589
177628
177634
177669
178123
178135
178356
178501
178851
178885
179003
179463
179476
179513
179947
180105
180293
180300
180300
180451
180516
180595
180673
180693
180838
180974
180984
181045
181056
181086
181137
181201
181241
181248
181459
181485
181514
181596
181673
181802
181847
181988
181999
182106
182145
182211
182277
182484
182593
182601
182961
182987
183092
183113
183120
183430
183454
183709
183728
183757
183774
183826
183847
183876
183924
183973
184071
184165
184296
184406
184417
184589
184615
184706
184825
184844
184966
185075
185076
185089
185165
185253
185324
185386
185392
185443
185875
185881
185993
186012
186048
186080
186152
186322
186324
186417
186459
186463
186489
186568
186742
186866
187045
187050
187191
187299
187586
187931
188021
188557
188769
188797
188825
188851
188881
189079
189184
189360
189527
189531
189667
189824
189921
189988
190052
190068
190071
190180
190214
190242
190254
190332
190486
190538
190572
190591
190659
190751
190814
190899
190976
191208
191526
191707
191742
191860
191969
192038
192056
192181
192205
192234
192282
192364
192412
192768
192911
192916
192927
193402
193472
193632
193638
193696
193705
193783
193824
193846
193875
193880
193903
193910
193993
194100
194674
194703
195136
195150
195255
195347
195357
195479
195519
195565
195590
195960
196008
196101
196171
196210
196426
196476
196545
196595
196750
196883
197065
197082
197131
197174
197484
197492
197513
197609
197659
197675
197681
197851
197884
197966
198429
198440
198535
199016
199236
199298
199329
199370
199419
199458
199570
199801
199843
199937
200077
200120
200146
200171
200247
200303
200421
200612
200953
201190
201235
201242
201462
201558
201667
201827
201836
201901
202031
202227
202237
202282
202387
202409
202503
202561
202682
202690
202862
203109
203128
203132
203240
203277
203635
203871
203906
203936
204018
204060
204214
204362
204418
204739
204767
204781
205036
205138
205279
205377
205435
205511
205580
205600
205741
205782
205796
205871
205873
205909
205959
206086
206273
206351
206385
206580
206603
206682
206702
206991
207005
207195
207280
207396
207462
207820
207861
207961
208185
208242
208267
208551
208714
208717
209016
209373
209461
209509
209732
209743
209816
209858
210577
210739
210829
210885
210924
210961
211058
211079
211175
211178
211333
211440
211567
211647
211823
212062
212087
212103
212301
212397
212643
212745
212756
212944
213024
213056
213219
213309
213586
213621
213698
213747
213853
213941
214007
214337
214399
214626
214743
215043
215069
215113
215150
215159
215696
215729
215769
215935
215998
216029
216129
216316
216385
216446
216544
216885
217042
217083
217139
217156
217256
217301
217368
217386
217444
217485
217649
217702
217899
217942
218013
218044
218058
218062
218095
218276
218631
218677
218697
218788
218852
218887
218891
218923
219044
219101
219275
219437
219455
219481
219604
219747
219932
220124
220349
220401
220578
220651
220658
221163
221288
221292
221305
221359
221390
221661
221705
221856
221985
221987
222022
222110
222247
222457
222556
222626
222738
222759
222767
222783
222964
223002
223084
223208
223214
223221
223311
223371
223774
223933
224018
224145
224224
224338
224357
224654
224668
224670
224858
224986
225022
225051
225198
225343
225366
225413
225437
225438
225489
225564
225590
225903
226022
226070
226088
226142
226275
226344
226363
226456
226530
226563
226693
227096
227222
227262
227269
227324
227613
227781
227984
228070
228074
228114
228270
228382
228382
228387
228403
228555
228621
228648
228806
228874
228954
229057
229062
229174
229232
229232
229431
229604
229679
229692
229756
229764
229892
230359
230466
230899
230925
230931
230938
230984
231019
231281
231473
231563
231595
231639
231912
231981
232104
232136
232142
232218
232325
232501
232641
232728
232739
232828
232887
232923
232958
233001
233275
233335
233423
233471
233743
233887
233961
234127
234160
234314
234314
234385
234451
234526
234563
234677
234704
234738
234985
235041
235093
235269
235337
235397
235579
235601
235608
235709
235830
235880
235884
236085
236112
236317
236374
236390
236425
236483
236874
236984
237062
237178
237181
237243
237320
237365
237408
237534
237678
237853
238137
238157
238288
238361
238563
238854
239085
239263
239564
239670
239675
239832
239939
240055
240070
240229
240399
240550
240598
240632
240635
240667
240701
240753
240761
240819
240870
240873
240958
241019
241118
241184
241189
241247
241401
241417
241669
241695
241757
241779
241854
241981
242074
242317
242337
242466
242546
242768
243096
243185
243361
243362
243391
243566
243602
243716
243887
243889
243977
244092
244179
244217
244368
244408
244411
244488
244492
244511
244586
244763
244844
244856
245148
245161
245190
245357
245475
245754
246024
246104
246230
246282
246335
246370
246385
246401
246662
246827
246829
246909
247076
247421
247533
247742
248082
248123
248184
248224
248279
248302
248480
248504
248582
248749
248776
248817
248835
248869
249102
249148
249325
249375
249406
249495
249499
249534
249792
249904
250256
250297
250332
250334
250418
250488
250649
250667
250739
250925
250928
251118
251324
251352
251362
251511
251607
251656
251728
251970
252035
252101
252397
252436
252566
252649
252679
252710
252881
253013
253149
253270
253275
253315
253341
253610
253704
253769
253798
254220
254509
254512
254549
254567
254618
254627
254709
255213
255252
255368
255403
255475
255495
255598
255615
255666
255684
255735
255864
255899
256007
256032
256106
256118
256127
256171
256481
256513
256586
256694
256786
256812
256999
257146
257209
257259
257411
257537
257552
257640
257679
257757
257808
257832
257931
258063
258068
258138
258195
258254
258538
258680
258956
259237
259272
259352
259383
259615
259637
259641
259720
259723
259910
260251
260315
260370
260537
260585
260728
260853
260961
261059
261064
261134
261199
261230
261261
261316
261333
261370
261423
261442
261606
261725
261818
262122
262145
262169
262357
262422
262437
262494
262587
262658
262874
262895
262924
263006
263072
263185
263414
263675
263681
263776
263790
264111
264116
264532
264545
264590
264777
264794
264824
264837
264851
264912
264928
265396
265412
265474
265480
265533
266063
266135
266137
266213
266235
266256
266310
266371
266446
266454
266506
266563
266567
266611
266682
266723
266764
266869
266884
266959
266962
267074
267168
267180
267248
267420
267483
267671
267945
268089
268330
268357
268712
268832
268921
268993
269087
269185
269473
269516
269537
269553
269639
269648
269749
270077
270280
270305
270382
270679
270754
270955
270955
271036
271055
271164
271519
271532
271723
271731
271824
271868
271886
271968
271975
272097
272317
272434
272507
272530
272571
272700
272781
273135
273259
273259
273341
273358
273485
273602
273751
273944
274059
274118
274170
274196
274336
274355
274407
274410
274530
274725
274841
274998
275000
275058
275082
275240
275517
275597
275618
275648
275662
275692
275803
275804
275890
275981
276058
276069
276237
276336
276342
276631
276836
276892
277144
277158
277484
277591
277618
278231
278288
278382
278392
278603
278663
278813
278825
278854
278933
279003
279035
279132
279191
279205
279208
279245
279292
279421
279662
279738
279803
279855
279975
280052
280055
280161
280186
280203
280391
280420
280611
280913
281070
281199
281210
281302
281591
281838
281872
281936
281985
282269
282277
282306
282355
282391
282555
282581
282602
282633
282722
282797
282814
283058
283173
283284
283304
283480
283646
283649
283705
283801
283832
283878
284183
284351
284508
284549
284591
284605
284870
284876
284942
285083
285258
285352
285410
285415
285481
285489
285506
285550
285586
285852
285910
286343
286376
286410
286415
286451
286462
286499
286621
286768
286835
287030
287102
287206
287281
287302
287330
287636
287682
287691
287722
288174
288264
288324
288424
288675
288902
288918
288990
288999
289197
289223
289224
289235
289271
289311
289321
289492
289567
289638
289710
289857
289934
289936
289983
290025
290158
290217
290233
290384
290490
290599
290603
290859
291002
291288
291406
291464
291585
291636
291703
291766
291827
291857
292148
292371
292392
292503
292548
292591
292595
292636
292739
292847
292896
292955
293021
293024
293046
293076
293142
293165
293173
293497
293712
293984
294092
294137
294195
294243
294363
294366
294407
294408
294417
294464
294511
294520
294566
294710
294745
294817
294829
294924
294940
295016
295098
295129
295191
295192
295285
295484
295512
295609
295616
295689
295767
295790
295899
295988
296015
296102
296394
296433
296458
296626
296651
296669
296752
296926
297090
297172
297433
297473
297540
297550
297554
297637
297855
298170
298296
298301
298466
298706
298797
298930
299221
299313
299338
299469
299657
299839
299899
299989
300017
300187
300215
300353
300359
300435
300573
300658
300976
300988
301212
301533
301738
301771
301832
301841
301904
301968
302330
303036
303157
303468
303486
303553
303628
303786
303817
303996
304041
304096
304104
304341
304413
304414
304510
304532
304601
304662
304673
304707
304779
304855
304868
304944
305132
305161
305220
305414
306002
306250
306391
306399
306536
306553
306556
306563
306607
306816
307040
307178
307234
307350
307385
307394
307418
307833
307836
307842
308195
308242
308279
308391
308503
308525
308654
308909
308940
308941
308955
309021
309075
309125
309140
309203
309284
309785
310146
310236
310239
310318
310484
310576
310598
310860
310897
310900
310900
310925
311147
311490
311498
311562
311743
311953
312021
312049
312070
312114
312363
312558
312592
312668
312820
312832
313092
313292
313452
313618
313656
313761
313772
313841
313903
313946
314167
314290
314336
314349
314396
314431
314487
314519
314707
314784
314845
314865
315127
315151
315269
315360
315417
315465
315482
315492
315581
315622
315629
315661
315803
315943
315963
316034
316077
316143
316143
316209
316463
316554
316665
316869
317018
317037
317046
317057
317187
317301
317419
317459
317464
317466
317603
317671
317685
317713
317742
317753
317759
317789
317964
318021
318228
318235
318260
318269
318310
318375
318386
318406
318435
318442
318626
318640
318759
318773
318796
318818
318835
318838
318924
319086
319087
319200
319311
319412
319611
319612
319705
319784
319935
319953
320104
320136
320187
320254
320298
320338
320361
320389
320614
320652
320679
320804
320864
321013
321024
321104
321261
321276
321317
321421
321464
321599
321602
321739
321817
321917
322019
322179
322257
322406
322484
322490
322615
322726
322747
322848
323015
323270
323287
323414
323448
323580
323615
323632
323916
323986
324098
324100
324203
324319
324343
324567
324632
324719
324743
324751
324781
325010
325283
325340
325407
325724
325761
325944
326638
326806
326927
326945
326945
327017
327051
327086
327089
327240
327286
327341
327349
327464
327471
327540
327613
327671
327752
327786
327928
327962
328017
328033
328058
328078
328271
328322
328349
328747
328770
328804
328960
329007
329202
329280
329324
329358
329416
329795
330022
330099
330402
330581
330616
330661
330945
331121
331253
331376
331459
331481
331538
331931
331966
331977
332142
332245
332355
332360
332542
332598
332706
332887
333156
333362
333379
333495
333612
333751
333974
334001
334050
334051
334205
334208
334217
334528
334672
334689
334999
335022
335256
335266
335290
335337
335510
335540
335606
335715
335728
335807
335878
335893
335910
335973
336036
336073
336150
336176
336304
336326
336327
336346
336398
336457
336484
336529
336621
336687
336698
337043
337048
337303
337378
337528
337597
337633
337651
337785
337810
337897
338126
338285
338334
338378
338542
338736
338763
339140
339256
339465
339676
339677
339742
339827
339942
340130
340169
340300
340478
340490
340645
340647
340863
340961
341080
341159
341160
341215
341262
341465
341520
341616
341714
341723
341956
341983
342006
342462
342519
342562
342688
342695
342723
342773
342830
342882
342985
343276
343382
343436
343591
343711
343940
343979
344022
344068
344089
344165
344290
344305
344388
344666
344917
344971
345036
345216
345245
345251
345417
345514
345633
345637
345746
345790
346003
346067
346074
346148
346176
346377
346491
346665
346742
346748
346766
346767
346855
346938
346973
347225
347386
347397
347552
347692
347743
347874
348196
348209
348478
348624
348678
348753
348778
348828
349166
349211
349240
349410
349446
349505
349591
349613
349763
350091
350191
350317
350325
350396
350464
350506
350535
350606
350853
350861
350887
350917
351004
351050
351470
351470
351607
351615
351664
351856
351911
351964
352153
352172
352198
352459
352525
352541
352802
352838
353008
353041
353087
353213
353287
353368
353499
353879
353932
354017
354199
354211
354227
354270
354300
354382
354488
354557
354654
354707
354752
354977
354987
355093
355112
355299
355322
355345
355396
355669
355739
355768
355848
355868
355955
355966
355971
356093
356105
356165
356318
356362
356397
356523
356933
356935
357029
357037
357064
357091
357186
357206
357211
357268
357384
357413
357443
357498
357502
357676
357975
358077
358257
358299
358345
358405
358448
358449
358547
358770
358780
358815
358939
359040
359068
359241
359370
359398
359541
359837
359854
359919
359926
360062
360224
360339
360473
360498
360526
360562
360606
360611
360684
360738
360745
361134
361217
361573
361615
361661
361688
361765
361823
361944
362135
362426
362534
362634
362643
362648
362660
362699
362748
362764
362861
362922
362932
362935
363264
363275
363445
363467
363477
363483
363525
363585
363663
363710
363817
363917
364087
364172
364173
364197
364227
364374
364414
364445
364532
364545
364600
364736
364768
364874
365103
365396
365398
365448
365496
365766
365982
366101
366123
366149
366407
366559
366561
366567
366580
366593
366932
366942
367047
367080
367208
367209
367315
367453
367477
367513
367757
367790
367965
368047
368073
368163
368272
368330
368345
368590
368858
368916
369041
369259
369367
369575
369650
369715
369751
369949
369959
370000
370068
370441
370460
370462
370737
370755
370892
370941
371079
371113
371154
371294
371309
371517
371798
371807
371885
371897
371912
372081
372106
372159
372363
372465
372656
372773
373152
373170
373249
373419
373547
373710
374400
374417
374423
374454
374526
375015
375298
375593
375855
376096
376110
376150
376412
376836
376943
376954
376978
377156
377524
377534
377550
377560
377588
377673
377711
377804
377816
377816
377878
377892
378155
378233
378463
378729
378820
378834
378987
379004
379074
379277
379399
379482
379531
379557
379695
379719
379728
379746
379871
379972
380120
380519
380568
380619
380668
380680
380803
380892
380964
380985
381027
381159
381160
381209
381350
381391
381439
381762
381880
381990
382020
382026
382174
382329
382398
382559
382618
382726
382976
382994
383006
383081
383124
383272
383392
383574
383589
383680
383752
383791
383875
383907
383910
384050
384146
384247
384409
384435
384466
384496
384622
384733
384986
385070
385083
385090
385161
385224
385247
385342
385385
385492
385497
385866
385881
386014
386111
386134
386151
386179
386323
386356
386490
386502
386597
386883
387049
387079
387166
387222
387277
387307
387387
387435
387499
387775
387788
388227
388375
388403
388449
388461
388607
388674
388745
389023
389062
389126
389311
389328
389518
389607
389614
390022
390099
390377
390469
390514
390764
390883
390888
390926
391034
391074
391138
391180
391234
391431
391656
391670
391686
391717
391799
391970
392034
392040
392154
392215
392296
392445
392471
392568
392616
392690
392710
392809
393192
393432
393475
393498
393516
393793
393802
393900
394019
394050
394116
394134
394183
394202
394528
394567
394574
394612
394613
394810
394877
395042
395059
395063
395164
395273
395460
395536
395568
395638
395676
395726
395894
395942
396148
396406
396454
396562
396577
396795
396958
397114
397143
397241
397285
397286
397330
397342
397391
397515
397636
397707
397720
397759
397944
397978
398001
398106
398183
398245
398348
398377
398483
398490
398765
398920
398984
399054
399162
399212
399228
399727
399924
399928
400219
400294
400334
400386
400469
400560
400631
400711
400869
400917
400968
401272
401287
401304
401509
401565
401783
401872
402169
402434
402482
402909
402917
402985
403000
403063
403092
403166
403218
403331
403482
403514
403621
403639
403836
404011
404148
404285
404307
404465
404469
404504
404516
404708
404936
405088
405270
405297
405390
405570
405639
405639
405795
405998
406019
406068
406143
406171
406268
406271
406275
406311
406538
406584
406694
406729
406770
406885
406906
407093
407223
407292
407329
407595
407600
407640
407677
407689
407856
408030
408145
408201
408231
408459
408780
408802
408947
409115
409186
409246
409268
409304
409311
409341
409425
409791
409841
409913
410050
410055
410163
410281
410295
410323
410350
410351
410363
410541
410613
410800
410922
410939
411000
411026
411241
411390
411414
411443
411891
411898
411928
412113
412141
412194
412320
412501
412634
412899
413062
413257
413446
413488
413657
413865
413884
414097
414260
414456
414472
414505
414759
414797
414904
414912
415079
415091
415350
415390
415486
415489
415646
415752
415897
416029
416041
416075
416088
416152
416196
416270
416448
416518
416875
416976
417018
417022
417290
417341
417368
417397
417511
417580
417758
417779
417794
417839
417869
417895
417973
418058
418252
418294
418409
418535
418535
418561
418607
418642
418666
418680
418786
418816
418851
418879
418936
419043
419088
419112
419248
419294
419479
419545
419733
420066
420340
420380
420525
420745
420845
420867
420938
420945
420973
420977
421149
421269
421356
421475
421554
421564
421631
421915
421939
422196
422339
422346
422746
422768
422777
422853
422905
422909
423132
423139
423184
423303
423336
423557
423743
423846
423852
423859
423860
423900
424037
424083
424119
424212
424288
424327
424388
424415
424420
424490
424673
424855
424874
425082
425364
425430
425491
425784
425835
425860
425928
426235
426303
426447
426834
427121
427212
427515
427520
427711
428085
428252
428279
428346
428351
428394
428591
428672
428733
428968
429056
429191
429305
429320
429530
429541
429619
429740
429745
429762
429821
429896
430045
430126
430220
430376
430457
430460
430587
430608
430673
430705
430733
430838
431112
431179
431216
431273
431324
431335
431421
431490
431631
431686
431747
431816
431826
431844
431850
431906
431944
431948
431973
432074
432152
432167
432173
432437
432455
432690
432819
432846
432882
433066
433224
433482
433661
433768
434011
434182
434528
434536
434592
434652
434817
434974
435053
435182
435288
435319
435503
435564
435674
435746
435803
435886
435974
436051
436131
436237
436331
436335
436473
436587
436721
436813
436817
436889
436937
437052
437086
437126
437138
437252
437268
437270
437331
437392
437647
438285
438334
438550
438717
438903
439161
439174
439232
439253
439291
439301
439355
439362
439364
439368
439451
439461
439600
439617
439626
439688
439869
440102
440163
440207
440343
440346
440392
440483
440534
440630
440665
440708
440897
441158
441163
441203
441230
441655
441681
441709
441750
441772
441813
441825
442065
442105
442251
442263
442435
442439
442453
442461
442470
442492
442687
442740
442933
443093
443242
443401
443555
443578
443797
443898
443985
444022
444176
444238
444309
444351
444357
444381
444408
444505
444558
444627
444890
444933
444960
445209
445348
445383
445437
445487
445585
445881
446078
446267
446300
446314
446549
446613
446786
446831
446863
446907
447098
447131
447214
447340
447425
447618
447631
447709
447997
448004
448079
448184
448241
448264
448356
448408
448479
448585
448585
448680
448728
448880
448948
449248
449347
449374
449472
449603
449656
449976
450446
450674
450706
450722
450744
450808
450919
451067
451100
451182
451246
451269
451331
451349
451538
451669
451748
451783
451793
451914
452001
452064
452079
452205
452622
452793
452796
452881
452948
453003
453045
453050
453245
453245
453315
453399
453624
453833
453872
454071
454129
454131
454167
454266
454312
454378
454566
454602
454676
454695
455213
455605
455693
455743
455808
455854
455951
455985
456039
456444
456528
456681
456706
456803
456913
456998
457010
457124
457192
457204
457285
457360
457376
457453
457523
457603
457771
457867
457937
457941
458142
458271
458297
458397
458492
458824
459006
459037
459077
459191
459273
459289
459316
459327
459560
459605
459609
459626
459672
459846
460154
460218
460324
460364
460443
460657
460715
460870
461147
461221
461286
461407
461509
461556
461609
461781
461813
461843
461917
461987
461993
462093
462159
462361
462397
462484
462547
462587
462590
462636
462655
462802
462846
463071
463373
463450
463534
463882
463908
464009
464049
464178
464227
464331
464413
464459
464584
464602
464628
464665
464736
464782
464785
464796
464848
464854
464875
464961
465140
465164
465370
465644
465710
465820
465827
465914
466062
466124
466200
466281
466284
466330
466352
466367
466468
466478
466558
466687
466863
467053
467117
467168
467234
467589
467636
467700
467757
467807
467849
467904
467918
467944
468283
468374
468438
468693
468700
468770
468963
469051
469125
469291
469364
469594
469908
469922
470054
470283
470392
470431
470441
470630
470707
470839
470926
471215
471250
471421
471445
471476
471620
472020
472124
472210
472266
472272
472310
472432
472433
472830
472899
472934
473169
473171
473251
473290
473299
473336
473365
473563
473574
473642
473686
473724
473747
473994
474156
474361
474365
474417
474427
474641
474644
474695
474849
474901
475323
475474
475635
475816
475982
476058
476084
476246
476326
476399
476446
476538
476572
476590
476657
476786
476800
477098
477127
477312
477411
477468
477479
477791
477969
477986
478306
478336
478400
478411
478480
478570
478576
478588
478665
479072
479112
479145
479164
479232
479237
479293
479358
479418
479478
479488
479616
479620
479743
479750
479785
479824
479869
479891
479976
480173
480183
480200
480203
480229
480438
480700
480746
480921
480972
481090
481143
481384
481536
481667
481850
481924
481946
482169
482202
482204
482276
482437
482724
482726
482759
483157
483185
483204
483214
483368
483368
483562
483599
483640
483654
483676
483697
483732
483780
483868
484031
484129
484159
484227
484319
484346
484401
484731
484755
484783
484808
484837
485054
485332
485357
485537
485609
485847
485889
486065
486116
486277
486320
486527
486565
486592
486641
486664
486701
486728
486765
486784
486787
486840
486930
486959
487065
487659
487865
487987
488261
488410
488571
488756
488994
489131
489171
489500
489550
489716
489787
489854
490059
490133
490208
490274
490315
490483
490505
490577
490628
490717
490891
490891
491164
491167
491171
491224
491387
491618
491673
491848
491882
492374
492421
492425
492548
492660
492708
492713
492830
492890
492892
493030
493050
493461
493487
493543
493573
493599
493975
493995
494014
494130
494291
494524
494653
494903
494917
494942
495331
495335
495379
495485
495573
495699
495726
495836
495900
496017
496028
496030
496448
496615
496712
496901
496944
497024
497068
497079
497170
497340
497358
497394
497614
497617
497686
497706
497713
497763
497919
498016
498098
498332
498386
498520
498672
498839
498867
498960
498983
499034
499321
499359
499460
499516
499576
499686
499786
499857
499981
499993
500105
500502
500522
500630
500635
500881
500942
500980
501010
501240
501248
501300
501317
501320
501522
501544
501672
501711
502095
502156
502222
502265
502371
502375
502674
502728
502733
502783
502894
502971
503143
503320
503341
503420
503422
503486
503555
503597
503639
503641
503716
503954
504064
504079
504149
504169
504183
504291
504614
504753
504881
504963
505011
505109
505124
505224
505231
505250
505257
505438
505439
505467
505553
505832
505884
506069
506112
506229
506294
506312
506381
506437
506805
506847
506911
506915
507318
507353
507704
507907
507982
508035
508253
508306
508430
508595
508744
509025
509256
509558
509617
509661
509720
509731
509951
509977
510055
510101
510133
510173
510296
510645
510649
510652
510740
510783
511141
511159
511188
511253
511288
511318
511380
511400
511968
512025
512062
512209
512337
512349
512658
512844
512932
512969
513300
513375
513496
513627
513694
513811
513857
513915
514252
514283
514323
514711
514825
514941
515045
515139
515169
515220
515286
515471
515536
515659
515720
515936
516028
516144
516188
516320
516369
516381
516384
516581
516595
516846
517240
517294
517367
517431
517432
517492
517636
517678
517697
517750
517797
517827
517941
517984
518373
518578
518877
518879
518888
519117
519144
519211
519239
519295
519340
519862
519884
519935
519972
520089
520125
520159
520328
520392
520432
520481
520497
520885
521328
521333
521437
521538
521833
521851
522049
522081
522098
522138
522196
522308
522314
522328
522402
522434
522526
522586
522587
522615
522625
523062
523116
523148
523288
523338
523368
523491
523642
523718
523817
523929
523956
523999
524364
524378
524478
524611
524646
524804
524816
524839
524884
525293
525394
525395
525776
525802
525884
526032
526228
526275
526308
526464
526624
526720
526999
527057
527167
527232
527238
527487
527531
527618
527661
527755
527992
528027
528101
528124
528149
528195
528334
528450
528485
528513
528517
528915
528918
528940
529002
529107
529114
529303
529757
529946
529948
530089
530187
530195
530280
530316
530333
530338
530349
530439
530448
530675
530811
530878
530884
531319
531470
531490
531512
531560
531699
531732
531741
531827
531988
532068
532070
532160
532272
532355
532509
532663
532697
532701
532785
532851
532867
532969
533040
533056
533067
533081
533105
533316
533505
533677
533699
533865
534000
534222
534262
534288
534382
534431
534683
534684
534703
534753
534996
535296
535443
535515
535573
535680
535733
535836
535888
535898
535899
536052
536070
536087
536176
536301
536569
536663
536892
536969
537104
537108
537249
537372
537488
537827
537862
538205
538327
538414
538421
538746
538765
538822
538848
538907
538918
539205
539230
539264
539310
539333
539479
539542
539630
539648
539648
539691
539718
540021
540038
540064
540075
540180
540259
540261
540292
540435
540487
540536
540623
540688
540689
540738
540769
540860
541195
541199
541257
541356
541389
541399
541399
541406
541519
541645
541652
542539
542677
542694
542762
543053
543078
543167
543232
543406
543467
543509
543559
543719
543849
543928
544064
544270
544608
544719
544765
544974
545152
545264
545360
545491
545571
545679
545734
545979
545992
546001
546077
546116
546129
546224
546323
546463
546639
546671
546764
546784
546939
546991
547061
547247
547292
547296
547310
547368
547534
547910
547990
548050
548159
548162
548197
548278
548291
548428
548505
548583
548634
548696
548784
548830
548911
549031
549042
549067
549115
549122
549151
549219
549357
549365
549404
549563
549583
549961
549966
550127
550249
550576
550684
550761
551022
551027
551053
551184
551261
551328
551528
551606
551630
551669
551682
551684
551774
551847
551921
552038
552260
552273
552328
552345
552506
552587
552666
552759
552778
552795
552834
552922
553138
553194
553264
553420
553423
553694
553727
553799
553904
553946
554010
554116
554139
554185
554209
554499
554534
554585
554704
554799
554864
555076
555118
555169
555183
555243
555310
555336
555340
555352
555363
555761
555798
555802
555957
555976
556308
556440
556625
556715
556720
556778
556819
556842
556878
557053
557064
557097
557103
557118
557282
557369
557391
557429
557432
557556
557645
557911
558080
558200
558361
558430
558471
558554
558599
558770
558892
559039
559137
559152
559221
559658
559781
559791
559940
559995
560093
560122
560351
560483
560707
560779
560814
560817
560824
560852
560955
560988
561130
561257
561271
561525
561621
561622
561624
561837
562064
562290
562486
562569
562791
563012
563091
563127
563487
563523
563603
563666
563672
563828
563908
563930
563938
564079
564086
564596
564655
564697
564821
564840
564852
564926
564966
564969
565144
565164
565237
565365
565424
565433
565618
565645
565657
565696
565750
565902
565962
566030
566043
566063
566158
566201
566593
566614
566774
566866
566972
566986
567005
567233
567383
567432
567436
567611
567611
567653
567663
567667
567782
567815
568066
568072
568109
568120
568227
568295
568309
568350
568355
568377
568393
568749
568865
568885
568896
568909
569047
569208
569266
569423
569549
569640
569779
569818
569945
570024
570074
570256
570496
570629
570871
571161
571249
571352
571353
571440
571456
571621
571686
571722
572000
572045
572115
572164
572305
572440
572445
572504
572538
572938
573036
573090
573197
573252
573284
573397
573415
573494
573567
573847
574100
574103
574116
574366
574503
574657
574676
574764
574820
574909
574953
574984
575201
575342
575597
575616
575749
575774
575835
576199
576307
576318
576352
576411
576478
576625
576755
576866
576949
576980
577009
577075
577093
577222
577287
577317
577381
577392
577683
577730
577750
577865
577992
578204
578527
578640
578715
578728
578890
579205
579205
579404
579445
579481
579510
579514
579525
579566
579629
579913
580032
580122
580255
580259
580280
580425
580464
580473
580522
580698
580717
580723
580844
581096
581253
581297
581443
581483
581518
581763
581832
582009
582078
582080
582165
582167
582492
582557
582698
582757
582822
582826
582841
582856
582989
583072
583366
583470
583573
583590
583766
584168
584269
584401
584406
584458
584479
584506
584508
584759
584826
584873
584916
584984
584994
585071
585120
585161
585339
585350
585357
585389
585490
585673
585720
585815
585828
585910
586033
586156
586596
586646
586671
586697
586789
586789
586811
586826
586940
586962
587239
587365
587416
587440
587470
587546
587632
587790
588007
588273
588366
588438
588808
588870
588895
588928
588931
589040
589144
589312
589365
589395
589637
589662
589957
590199
590217
590389
590420
590485
590517
590645
590662
590710
590732
590906
590940
590959
591096
591146
591213
591382
591397
591431
591494
591942
592421
592425
592503
592724
593007
593073
593154
593271
593313
593396
593434
593475
593544
593558
593584
593742
593915
594043
594048
594064
594070
594079
594085
594176
594586
594726
594864
594869
594943
594959
594984
595162
595703
595811
595826
595828
595914
595917
596025
596199
596237
596266
596384
596456
596460
596675
596690
596731
596875
597045
597078
597255
597465
597520
597532
597599
597600
597844
598012
598083
598128
598359
598366
598437
598519
598544
598589
598620
598721
598768
598957
598988
599040
599084
599253
599332
599358
599372
599440
599547
599548
599576
599576
599791
599851
599901
599988
600088
600100
600259
600283
600437
600559
600614
600773
600851
600851
600991
601034
601069
601119
601146
601410
601538
601705
601781
601803
601812
601927
602214
602232
602468
602562
602587
602712
602911
602995
603046
603169
603441
603597
603682
603777
603872
603949
604263
604344
604843
604888
605139
605251
605433
605542
605601
605602
605836
605913
606146
606188
606338
606399
606439
606454
606592
606606
606629
606986
607141
607154
607232
607336
607351
607447
607878
608084
608108
608138
608198
608200
608544
608626
608628
608702
608730
608812
609073
609254
609454
609584
609641
610034
610034
610187
610199
610203
610669
610849
610876
610948
611238
611336
611399
611450
611477
611524
611648
611669
611830
611864
612001
612034
612101
612275
612283
612325
612356
612548
612623
612869
612904
613112
613151
613204
613271
613293
613658
614072
614307
614341
614370
614394
614578
614602
614733
614809
615182
615324
615361
615435
615622
615627
615659
615681
615726
615747
615835
615842
615918
616235
616251
616416
616422
616424
616617
616749
616778
617041
617056
617164
617195
617204
617325
617678
617712
618064
618200
618258
618296
618316
618349
618376
618639
618658
619068
619257
619290
619303
619494
619808
619916
619932
619941
620170
620698
621130
621180
621184
621310
621387
621387
621480
621874
621940
621997
622135
622253
622519
622535
622599
622705
622782
622856
622915
622991
623121
623137
623237
623269
623491
623626
623671
623707
623758
623790
623945
623963
624027
624089
624096
624249
624744
624820
624884
625104
625237
625274
625306
625459
625461
625473
625498
625542
625567
625646
625747
625844
625858
625916
625916
625948
626101
626101
626126
626486
626577
626644
626785
626928
626956
626961
626975
627018
627063
627143
627433
627562
627592
627592
627602
627735
627781
627837
628112
628147
628179
628441
628450
628532
628754
628769
629125
629239
629242
629368
629406
629800
629902
629992
630045
630102
630260
630391
630398
630482
630580
630629
630705
630786
630850
630876
630947
630966
631137
631189
631201
631260
631551
631573
631645
631665
631724
631811
631867
631877
631956
632046
632061
632221
632248
632314
632495
632544
632576
632748
632768
632799
633108
633131
633142
633152
633239
633290
633903
633982
634316
634362
634366
634446
634540
634870
634974
634975
635213
635390
635438
635844
635869
635969
636090
636105
636248
636461
636481
636500
636557
636647
636732
637331
637377
637409
637543
637613
637649
637658
637881
638064
638116
638207
638247
638253
638264
638323
638335
638401
638411
638491
638617
638769
638986
639013
639115
639139
639184
639208
639233
639307
639594
639616
639702
639727
639734
639755
639810
640295
640445
640502
640553
640966
641020
641043
641059
641184
641429
641506
641517
641551
641872
642030
642133
642271
642273
642286
642298
642341
642417
642450
642594
642608
642693
643219
643300
643454
643456
643463
643608
643701
643764
643924
643993
644200
644384
644504
644534
644590
644638
644734
644781
645032
645150
645209
645298
645397
645422
645454
645463
645548
645619
645724
645921
646161
646205
646232
646263
646305
646325
646623
646623
646760
646972
647074
647234
647241
647271
647502
647694
647832
647938
647980
648200
648264
648387
648452
648626
649034
649336
649563
649631
649729
649797
649819
649940
649958
649992
650080
650135
650164
650835
650850
650877
650954
651063
651087
651098
651128
651226
651318
651324
651433
651564
651752
651813
651865
651892
651979
651991
652053
652058
652074
652272
652273
652454
652638
652748
652976
653111
653182
653450
653581
653613
653620
653791
653866
653933
654009
654055
654229
654315
654405
654431
654537
654554
654642
654698
654770
654797
654979
655106
655138
655150
655164
655506
655582
655690
655724
655856
656271
656399
656422
656694
656794
656838
656850
657106
657172
657443
657451
657540
657605
657765
658074
658453
658484
658639
658647
658694
658695
658762
658794
658854
658905
658910
658938
659110
659161
659181
659258
659397
659511
659522
659580
659641
659947
659963
659969
660293
660473
660619
660646
660769
660781
661026
661213
661218
661236
661311
661444
661631
661693
661731
661848
661849
661918
662031
662184
662262
662527
662597
662617
662662
662702
662707
662965
663074
663367
663462
663478
663500
663525
664129
664485
664515
664883
665064
665082
665195
665350
665366
665472
665581
665753
665840
665873
665930
665939
666003
666339
666383
666427
666567
666737
666754
666758
666910
667018
667170
667192
667283
667620
667697
667916
667986
668020
668133
668188
668260
668314
668356
668392
668411
668482
668496
668503
668580
668786
668842
669000
669067
669106
669169
669423
669781
669796
669802
669869
669883
669983
670007
670040
670065
670233
670391
670494
671039
671104
671202
671452
671498
671621
671912
671976
672203
672308
672590
672799
672916
673224
673511
673597
673861
673866
673876
673890
674051
674295
674335
674362
674438
674444
674495
674504
674576
674617
674643
674809
674857
675217
675248
675257
675399
675453
675459
675804
675878
676025
676054
676076
676174
676245
676337
676595
676598
676644
676648
676892
676894
677009
677052
677069
677135
677288
677663
677748
677751
677796
677820
677830
677935
678035
678252
678282
678534
678553
678645
678979
679005
679010
679034
679152
679173
679350
679354
679618
679685
679950
680074
680159
680166
680243
680499
680625
680774
680928
681109
681194
681244
681315
681445
681686
681735
681923
681959
682027
682086
682152
682304
682455
682603
682698
682742
682750
682895
683010
683031
683066
683266
683323
683371
683378
683381
683426
683449
683671
683810
683904
683927
684106
684219
684284
684375
684377
684412
684563
684957
684971
685070
685184
685441
685493
685520
685522
685527
685649
685730
685730
685803
685821
686056
686065
686297
686379
686411
686543
686631
686717
686720
686940
687004
687103
687124
687168
687677
687834
688008
688028
688111
688374
688400
688492
688701
688741
688822
688881
688993
689041
689062
689090
689123
689209
689300
689457
689462
689538
689540
689636
689926
690012
690343
690359
690397
690562
690622
690715
690786
690803
691058
691312
691316
691516
691726
691868
691953
691954
692010
692062
692140
692141
692157
692261
692486
692490
692640
692779
692951
693194
693205
693272
693283
693338
693389
693421
693500
693508
693517
693617
693698
694183
694222
694323
694335
694336
694343
694362
694699
694739
694841
695177
695310
695451
695486
695535
695556
695678
695701
695766
695770
695963
695994
696122
696242
696257
696302
696387
696518
696717
696847
696883
696884
696950
697124
697243
697332
697367
697557
697596
697641
697649
697726
698040
698091
698199
698292
698304
698346
698525
698539
698629
698778
698821
698838
699181
699183
699280
699802
700111
700500
700651
700814
700918
700943
700992
700998
701242
701439
701444
701812
701840
701871
701899
701945
702061
702094
702205
702244
702264
702312
702618
702751
702784
703283
703481
703511
703538
703663
703682
703844
704052
704216
704357
704447
704516
704584
704674
704752
704811
704823
704843
704864
704945
704981
705227
705252
705370
705550
705639
706041
706090
706120
706127
706230
706246
706387
706417
706421
706484
706563
706572
706642
706685
706862
706995
707057
707159
707160
707522
707671
707790
707900
707908
707930
707991
707996
708052
708065
708225
708250
708369
708394
708419
708567
708596
708723
708750
708979
709029
709062
709153
709161
709261
709339
709436
709627
709767
709813
709884
709968
709968
710064
710077
710320
710528
710765
710791
710824
710969
711146
711172
711357
711426
711575
711583
711957
711974
712106
712118
712231
712340
712375
712585
712673
712686
712767
712825
712846
712890
712975
713267
713268
713298
713427
713447
713448
713602
713732
713955
714087
714245
714278
714371
714434
714458
714595
714676
714723
714740
714798
714817
714960
715056
715057
715159
715262
715268
715490
715571
715740
715746
715755
715766
715863
715896
715941
715977
716053
716206
716321
716390
716401
716472
716502
716509
716662
716718
716756
716774
716790
716821
716925
716945
717078
717175
717327
717414
718003
718010
718130
718188
718562
718591
718611
718678
718862
718923
718964
719289
719809
720298
720607
720681
720702
720718
721116
721209
721504
721726
721862
721885
721933
722030
722066
722120
722266
722373
722489
722588
722653
722667
722724
722735
722864
722957
723076
723106
723204
723228
723452
723454
723497
723620
723658
723679
723794
723936
723946
723979
724019
724021
724037
724129
724356
724739
724873
724924
725011
725038
725111
725114
725117
725197
725259
725330
725367
725497
725582
725605
725718
725847
725919
726160
726192
726290
726395
726606
726813
726830
726921
727126
727165
727233
727395
727606
727686
727705
727727
727850
727891
727987
728445
728470
728809
728910
728978
729009
729098
729241
729580
729680
729687
729718
729729
729792
729828
729896
729959
729983
729992
730021
730058
730142
730240
730298
730299
730415
730457
730584
730605
730782
730886
731084
731147
731368
731378
731414
731435
731488
731529
731551
731556
731694
731695
731805
731932
732007
732202
732266
732382
732413
732435
732489
732746
732815
732850
733152
733158
733227
733574
733590
733616
733655
733706
734075
734109
734136
734266
734318
734425
734503
734511
734710
734809
735109
735150
735156
735169
735175
735218
735234
735323
735562
735650
736184
736230
736260
736275
736419
736651
736679
736738
736858
736959
737112
737139
737273
737294
737426
737683
737836
737968
737981
738033
738157
738352
738500
738584
738628
738649
738722
738728
738746
738750
738943
739315
739423
739614
739907
740005
740072
740115
740163
740295
740307
740873
741015
741065
741076
741107
741200
741228
741388
741429
741490
741493
741603
741612
741731
741777
741796
742155
742157
742291
742414
742451
742465
742544
742648
742690
742725
742889
742908
743002
743028
743035
743100
743124
743180
743326
743444
743450
743506
743514
743516
743532
743648
743746
743846
743871
743993
744258
744271
744284
744284
744625
744768
744875
744876
744938
745124
745130
745203
745314
745503
745511
745559
745591
745598
745608
745639
745760
745783
745898
745903
746261
746265
746276
746360
746426
746515
746755
746806
746903
746955
747036
747361
747443
747447
747448
747469
747639
747736
747877
747893
747943
748028
748098
748178
748205
748293
748294
748311
748313
748506
748597
748619
748673
748811
748812
748866
748894
748916
748983
749053
749190
749362
749462
749491
749531
749603
749622
749783
749898
749900
749907
749917
749933
750014
750030
750055
750082
750150
750397
750477
750584
750616
750624
750710
750728
750739
750761
751003
751099
751163
751218
751236
751246
751297
751407
751571
751585
751617
751675
751682
751696
751740
751960
752056
752215
752234
752472
752570
752628
752701
752775
752982
753155
753724
753725
754048
754574
754576
754751
754764
755273
755354
755361
755377
755378
755412
755419
755464
755602
755989
756100
756116
756253
756253
756309
756407
756452
756784
756810
757045
757208
757386
757591
757684
757734
757842
757848
757949
758136
758219
758373
758603
758646
758653
758834
758967
759002
759083
759109
759157
759604
759691
759760
759771
759859
760114
760238
760273
760461
760512
760553
760649
760934
760962
761005
761185
761292
761441
761477
761578
761724
761949
761981
762121
762418
762465
762492
762498
762645
762748
762758
763063
763405
763704
763777
764142
764153
764473
764692
764762
764841
764865
764867
765103
765146
765299
765340
765409
765559
765895
766444
766527
766592
766647
767004
767407
767470
767557
767607
767675
768007
768043
768606
768712
768742
768761
768925
768947
769054
769105
769136
769143
769164
769174
769405
769635
769733
769752
769761
769814
769875
769910
769961
769967
770008
770008
770018
770223
770309
770334
770521
770678
770805
770805
770879
770906
770997
771333
771492
771501
771578
771726
771743
771883
771924
771999
772100
772120
772169
772461
772483
772506
772843
773019
773080
773345
773368
773543
773601
773701
773712
773719
773903
773938
774055
774279
774372
774459
774462
774497
774633
775358
775437
775555
775572
775627
775714
775765
776012
776045
776046
776322
776328
776328
776474
776510
776555
776568
776681
776699
776751
776921
776962
777275
777287
777368
777689
777770
777994
778077
778088
778206
778240
778352
778402
778504
778553
778562
778573
778626
778628
778796
778800
778818
778872
779014
779076
779140
779244
779245
779281
779668
779835
780040
780071
780364
780433
780749
780866
780927
781023
781116
781169
781332
781492
781550
781674
781806
781824
781907
781922
781933
782003
782008
782074
782107
782385
782413
782500
782519
782533
782753
782790
782830
783019
783056
783120
783224
783277
783285
783351
783351
783387
783397
783450
783525
783670
783789
783865
784144
784200
784274
784377
784467
784651
784674
784855
784892
785007
785073
785085
785130
785173
785207
785363
785377
785534
785690
785714
785740
786008
786124
786130
786231
786251
786278
786298
786373
786393
786418
786443
786710
786765
786820
786866
786914
786926
787065
787275
787352
787430
787447
787467
787555
787588
787793
787811
787847
787867
787907
787948
788008
788200
788265
788268
788476
788511
788517
788539
788887
788904
788934
789183
789221
789544
789667
789699
789726
789858
789935
790153
790168
790240
790313
790653
790707
790774
790906
790940
790946
791190
791350
791419
791469
791469
791723
791777
791832
791948
791978
792015
792135
792270
792278
792446
792660
792671
792715
792768
792843
792938
792957
793236
793273
793308
793310
793608
793799
793857
793861
793907
794022
794494
794640
794812
794816
794888
794921
794951
795076
795077
795366
795522
795686
795752
795867
795885
795895
795940
796028
796360
796455
796478
796683
796844
797067
797224
797342
797594
797616
797810
797888
798094
798107
798149
798235
798273
798828
798843
799083
799625
800013
800042
800263
800280
800286
800298
800319
800414
800458
800549
800638
800931
801104
801344
801538
801542
801568
801653
801744
801758
801979
802051
802210
802454
802588
802696
802702
802717
802840
802885
802939
802996
803054
803063
803073
803525
803539
803834
804296
804311
804407
804466
804612
804625
804952
805148
805254
805315
805319
805367
805505
805610
805667
805816
805856
806043
806282
806435
806510
806632
806914
806996
807164
807311
807380
807474
807480
807516
807530
807530
807805
807889
808057
808298
808782
808877
809055
809127
809144
809195
809397
809456
809479
809493
809592
809698
809800
809875
809984
810195
810211
810237
810252
810892
810944
811145
811211
811297
811390
811862
811881
811895
811988
812374
812460
812507
812644
812849
812882
812891
813002
813094
813267
813371
813393
813490
813506
813549
813630
813633
813646
813689
813729
813730
813932
814065
814107
814147
814209
814315
814556
814734
814797
814960
814961
815030
815089
815123
815172
815194
815456
815568
815625
815768
815855
815874
816144
816210
816231
816295
816296
816343
816358
816489
816555
816815
816934
817192
817378
817401
817458
817535
817866
817929
818197
818228
818275
818310
818347
818468
818527
818662
818848
818985
819032
819272
819333
819396
819478
819623
819701
819708
819714
819867
820180
820234
820329
820412
820443
820500
820513
820594
820615
820625
820722
820808
821326
821418
821488
821596
821615
821623
821857
821901
822278
822349
822477
822540
822585
822645
822778
822861
822989
823040
823068
823115
823282
823532
823614
823689
823733
823814
823866
823883
824000
824368
824692
824695
824712
824905
825068
825291
825351
825385
825964
826116
826182
826390
826555
826644
826680
826753
826860
826880
826891
827040
827064
827231
827390
827425
827479
827530
827795
827806
827870
827933
827946
827992
827998
828194
828331
828339
828375
828393
828615
828734
828738
828957
828959
828959
829062
829139
829239
829324
829375
829585
829631
829693
829725
829766
829787
830174
830212
830234
830454
830460
830476
830485
830521
830553
830625
830796
830892
830955
831170
831211
831265
831321
831382
831418
831598
831670
831678
831740
831938
831962
832053
832133
832163
832167
832175
832241
832273
832367
832744
832985
833008
833049
833076
833178
833238
833285
833311
833523
833639
833902
834097
834138
834293
834373
834386
834496
834590
835099
835145
835172
835216
835235
835501
835603
835625
835632
835769
835773
835845
835861
836020
836121
836291
836338
836402
836506
836785
836968
837113
837237
837284
837540
837568
837742
837835
837909
837948
838114
838144
838161
838239
838321
838648
838654
838770
838902
838979
839186
839261
839353
839371
839404
839499
839539
839586
839613
839740
839742
839870
839999
840059
840097
840459
840508
840700
840712
840775
840856
840868
840942
841324
841328
842020
842083
842222
842321
842333
842520
842575
842939
843164
843203
843236
843312
843327
843384
843491
843499
843619
843652
843666
843675
843936
843938
844001
844210
844258
844446
844522
844579
844601
844748
844776
844832
844881
844886
844949
845085
845097
845165
845225
845274
845369
845457
845528
845566
845616
845784
845798
846106
846109
846179
846180
846250
846262
846298
846303
846543
847083
847185
847290
847415
847468
847528
847548
847556
847637
847673
847733
847939
847940
847993
848151
848615
848616
848624
848657
848751
848774
848881
848884
848943
849081
849133
849148
849395
849435
849592
849814
849935
849935
849962
850006
850025
850140
850164
850200
850340
850438
850567
850600
850626
850654
850729
850892
851005
851008
851064
851360
851430
851568
851574
851583
851658
851771
852077
852117
852175
852285
852374
852433
852492
852779
852850
852918
853191
853243
853551
853581
853685
853688
853772
853834
853916
853954
853985
854023
854042
854189
854234
854359
854526
854615
854792
854800
854984
855045
855081
855152
855227
855264
855312
855366
855420
855647
855694
855717
855859
855903
856073
856181
856203
856236
856420
856491
856492
856545
856801
857024
857211
857497
857565
857718
857927
858067
858146
858183
858232
858275
858535
858590
858614
858638
858762
858967
859077
859101
859688
859760
859872
860324
860423
860446
860483
860528
860784
860865
860904
861107
861170
861288
861320
861583
861642
861745
861854
861893
861895
862030
862087
862153
862246
862264
862362
862437
862469
862699
862709
862903
863001
863313
863357
863584
863860
864007
864051
864154
864184
864213
864240
864439
864450
864540
864540
864589
864907
865060
865169
865223
865241
865323
865423
865622
865657
865797
865844
866019
866107
866361
866372
866625
866737
866803
866849
866900
867200
867221
867331
867341
867426
867444
867884
867906
867963
867965
868130
868194
868241
868380
868438
868653
868738
868788
868855
868884
868956
869184
869189
869415
869416
869418
869444
869588
869826
869953
869996
870043
870119
870133
870190
870353
870436
870458
870770
871044
871060
871084
871365
871479
871689
871777
871809
871885
871981
871995
872215
872287
872585
872812
872859
872860
872860
872918
872929
872984
873017
873057
873095
873194
873233
873249
873262
873418
873423
873732
873819
873839
873889
873977
873995
874031
874172
874177
874286
874370
874488
874681
874924
874967
874995
875183
875371
875762
875856
876042
876138
876162
876222
876440
876459
876483
876569
876615
876617
876909
876919
876944
877113
877217
877346
877571
877639
877754
877795
877808
877958
878030
878074
878089
878282
878340
878370
878453
878554
878736
878829
878854
878914
879315
879336
879391
879396
879493
879619
879665
879699
879737
879784
879841
879845
880028
880124
880149
880164
880165
880184
880238
880247
881251
881272
881408
881497
881527
881602
881660
881701
881733
881758
881833
881917
882016
882275
882390
882461
882542
882875
883185
883408
883509
883514
883959
884132
884158
884307
884477
884777
884807
884956
885240
885243
885316
885334
885369
885471
885539
885541
886101
886125
886294
886366
886387
886414
886570
886625
886632
886730
886938
887319
887347
887376
887565
887629
887702
887745
887880
887954
888030
888152
888357
888424
888506
888525
888640
888769
888844
888846
888908
889087
889126
889249
889499
889518
889531
889642
889679
889915
889926
889938
890028
890106
890136
890219
890311
890403
890711
890791
890860
891098
891113
891126
891177
891261
891504
891566
891803
891863
891945
892207
892244
892334
892335
892397
892420
892469
892521
892634
892850
892954
892970
893052
893146
893170
893193
893391
893428
893454
893520
893578
893745
894048
894125
894136
894310
894351
894354
894569
894598
894750
894777
894874
894992
895013
895538
895690
895893
896223
896512
896678
896730
896742
896909
897330
897334
897720
897758
897782
897970
898150
898220
898251
898295
898360
898391
898498
898550
898591
899018
899190
899330
899429
899456
899710
899886
899947
899994
900103
900130
900198
900204
900377
900510
900559
900699
900822
901055
901205
901235
901281
901571
901655
901697
901839
901966
902101
902340
902637
902637
902648
902782
902984
902992
903102
903424
903454
903461
903493
903562
903680
903688
903836
904020
904033
904036
904174
904328
904336
904419
904632
904768
904897
904953
904960
905136
905261
905279
905431
905506
905526
905615
905681
905709
905966
905981
906043
906208
906378
906536
906581
906776
906796
906909
906957
907122
907420
907453
907509
907509
907665
907814
907828
908015
908080
908089
908105
908168
908397
908662
908708
909051
909056
909195
909226
909253
909278
909280
909286
909308
909505
909648
909652
909686
909725
909819
909880
909974
910025
910121
910138
910181
910291
910387
910569
910687
911015
911043
911060
911230
911392
911394
911446
911470
911627
911678
911720
912227
912318
912350
912415
912590
912774
912907
912911
912926
912986
913250
913270
913311
913346
913425
913500
913649
913681
913751
913767
913872
913906
914030
914043
914275
914301
914587
914700
914840
915402
915523
915536
915752
915760
915816
915880
915960
915986
916078
916289
916304
916566
916590
916617
916663
916674
917007
917148
917372
917594
917603
917610
917640
917892
917981
918146
918234
918448
918476
918622
918677
918697
918813
918862
918906
918927
918958
919169
919175
919176
919243
919539
919681
919882
920101
920249
920254
920259
920260
920375
920464
920652
920839
920871
921056
921094
921178
921315
921483
921573
921615
921700
921772
921787
921978
922007
922141
922263
922319
922331
922487
922619
922767
922851
922924
922999
923008
923168
923241
923273
923363
923407
923491
923533
923651
923704
923708
923795
923902
924218
924447
924498
924572
924912
924919
924976
925002
925027
925253
925406
925416
925468
925642
925647
925747
925835
925850
925928
926089
926135
926346
926368
926383
926393
926395
926410
926433
926436
926453
926505
926644
926651
926837
926979
927076
927082
927126
927221
927457
927509
927551
927638
927840
927860
927938
928191
928227
928268
928365
928368
928436
928458
928471
928489
928494
928798
928875
928889
929025
929086
929203
929297
929559
929893
929927
929985
929988
930004
930039
930082
930301
930364
930446
930597
930726
930803
930816
930933
930958
931250
931265
931882
931940
932020
932094
932184
932264
932273
932287
932391
932567
932576
932635
932662
932668
932879
933105
933111
933343
933511
933600
933726
934172
934214
934284
934286
934331
934341
934489
934630
934775
934818
934869
934884
934993
935026
935229
935287
935493
935498
935505
935566
935823
935972
936022
936064
936126
936217
936353
936357
936564
936577
936776
936794
936853
936886
937018
937371
937433
937481
937561
937580
937648
937696
937777
937839
937875
937896
938110
938150
938246
938264
938288
938336
938354
938422
938467
938485
938611
938791
938996
939136
939155
939298
939352
939370
939389
939391
939502
939607
939722
939926
940003
940157
940231
940237
940433
940436
940484
940523
940650
940775
940853
940893
941182
941366
941525
941637
941967
941993
941998
942036
942059
942131
942136
942213
942257
942279
942292
942337
942592
942676
942849
942907
942985
942996
943070
943077
943258
943285
943296
943309
943951
944028
944074
944107
944179
944201
944244
944247
944656
944690
944712
944854
944864
944952
945143
945398
945518
945645
945835
945866
945902
945949
945976
945988
946010
946076
946216
946313
946533
946543
946634
946883
947255
947328
947548
947618
947624
947648
947661
947769
947806
947843
947920
948075
948183
948212
948267
948273
948394
948437
948492
948585
948622
948623
948726
948755
948799
948829
949188
949305
949380
949387
949425
949481
949499
949603
950025
950032
950046
950172
950194
950214
950235
950404
950557
950574
950587
950606
950684
950689
950815
951214
951242
951247
951253
951306
951382
951457
951842
951926
952237
952243
952277
952442
952699
952854
952945
952964
953098
953203
953401
953484
953514
953563
953636
953637
953749
953760
953815
953883
953898
953932
954147
954177
954188
954207
954222
954316
954500
954663
954742
954852
954854
954871
954883
954905
954916
955070
955356
955383
955471
955575
955797
955861
955969
955970
956068
956411
956415
956483
956484
956583
956659
956700
956787
956829
956855
956970
956980
957099
957102
957105
957142
957426
957630
957716
957940
957982
958132
958166
958269
958327
958383
958383
958682
958704
958806
958936
959029
959058
959060
959384
959477
959504
959604
959737
959889
959933
959979
960008
960076
960077
960387
960394
960713
961123
961342
961386
961470
961592
961650
961667
961944
961982
962036
962073
962202
962326
962346
962364
962376
962484
962491
962573
962785
962801
962908
962966
962970
962978
963013
963060
963186
963260
963262
963399
963418
963640
963711
963748
963785
963814
963948
964154
964359
964428
964450
964488
964776
964786
964927
965142
965254
965286
965351
965605
965637
965868
965957
966040
966238
966291
966448
966567
966587
966631
966634
966780
967017
967070
967193
967194
967305
967639
967768
968017
968120
968168
968180
968201
968309
968309
968312
968471
968536
968580
968669
968761
968860
968932
968961
968969
969070
969671
969823
969886
969959
969971
970155
970167
970174
970175
970465
970629
970717
970846
970950
970973
970977
971087
971097
971163
971245
971387
971515
971531
971640
971699
971734
971752
971834
971836
971895
972107
972247
972312
972345
972518
972530
972616
972667
972691
972821
972862
972905
973099
973138
973205
973229
973251
973407
973430
973470
973616
973739
974056
974234
974245
974351
974439
974553
974645
974985
975020
975146
975160
975163
975195
975266
975341
975470
975532
975636
975645
975669
975689
975702
975709
975715
975861
975862
975963
975971
976097
976173
976260
976365
976393
976413
976416
976494
976524
976597
976604
976692
976724
976860
976990
977002
977104
977446
977523
977569
977608
977621
977631
977639
977697
977730
977749
977831
977851
977887
978093
978139
978154
978289
978367
978447
978601
978656
978658
978806
978863
979009
979110
979244
979355
979368
979862
980221
980530
980643
980805
980862
981009
981120
981160
981217
981445
981492
981759
981808
981883
982053
982141
982202
982233
982447
982821
983111
983196
983259
983292
983413
983453
983490
983675
983711
983711
983730
983813
983971
984038
984195
984509
984678
984768
984786
984828
984834
984922
984934
985019
985044
985180
985182
985464
985617
985664
985704
985969
986229
986302
986328
986401
986405
986510
986601
986606
986628
986891
986928
987053
987176
987219
987454
987620
987858
988042
988223
988358
988388
988475
988631
988631
988642
988648
988882
989016
989053
989058
989423
989440
989634
989636
989640
989940
990179
990213
990258
990380
990391
990565
990675
990790
990857
990859
990924
990986
991209
991505
991516
991521
991539
991584
991594
991673
991751
991792
991871
991915
991939
991953
992024
992239
992353
992545
992580
992915
993040
993127
993381
993481
993491
993495
993559
993703
993710
993858
993977
994075
994088
994256
994437
994544
994618
994712
994842
994863
994904
995074
995081
995092
995205
995518
995574
995650
995730
995743
995830
996292
996613
996632
996671
996989
996993
997009
997195
997434
997448
997621
997662
997715
997896
997952
998202
998219
998269
998477
998496
998685
998906
999204
999205
999437
999636
999955