95
104
140
215
235
251
311
374
466
521
634
683
699
715
775
851
1122
1166
1341
1447
1531
1534
1566
1820
2002
2014
2281
2392
2481
2511
2526
2602
2816
2859
2926
2995
3255
3429
3468
3479
3531
3555
3632
3836
3888
4048
4159
4184
4230
4339
4531
4550
4623
4645
4689
4702
4796
5211
5244
5305
5402
5499
5541
5613
5824
5910
6057
6079
6168
6270
6277
6304
6412
6422
6431
6436
6481
6517
7076
7158
7462
7512
7575
7674
7850
7951
7966
8012
8071
8162
8226
8427
8521
8895
8913
8938
9113
9115
9184
9218
9315
9340
9463
9575
9613
9876
9953
10017
10137
10182
10255
10262
10305
10309
10450
10463
10548
10576
10639
10813
10918
11222
11240
11300
11304
11382
11486
11702
11842
11957
12098
12128
12137
12253
12398
12529
12635
12741
12901
12913
12925
12955
13137
13300
13408
13410
13446
13453
13454
13505
13728
13811
13834
13848
13877
14080
14232
14263
14526
14651
14671
14767
14771
14787
14890
14977
14980
14991
15053
15088
15090
15101
15105
15212
15301
15359
15409
15442
15607
15768
15807
15811
15853
15993
16086
16562
16671
16748
16820
17027
17364
17475
17640
17763
17799
17840
17858
17956
17956
18003
18003
18048
18672
18888
19291
19389
19465
19541
19573
19578
19654
19685
20104
20156
20241
20304
20355
20555
20679
20739
20860
20874
20933
20995
21061
21168
21199
21209
21346
21415
21426
21438
21487
21496
21499
21685
21703
21722
21797
21813
21847
21853
21860
22040
22178
22186
22513
22525
22547
22777
22848
22936
22990
23111
23289
23310
23349
23564
23716
23766
23782
23791
23822
23863
23952
24037
24184
24450
24849
24867
25197
25291
25432
25533
25953
26114
26271
26278
26289
26304
26367
26414
26436
26441
26586
26617
26629
26668
26686
26744
26815
26901
26949
27037
27043
27109
27147
27279
27342
27350
27440
27635
27710
27801
27831
27870
28090
28262
28315
28469
28496
28582
28966
29321
29753
29774
29964
30005
30010
30049
30052
30076
30306
30313
30442
30609
30647
30654
30698
30861
31190
31260
31380
31603
31606
31832
31898
32301
32431
32599
32881
33320
33502
33574
33679
33833
33839
33965
34207
34333
34501
34573
34901
35051
35167
35242
35303
35349
35373
35414
35594
35596
35759
35783
35835
35990
36015
36324
36354
36362
36411
36536
36541
36610
36656
36759
36775
36999
37142
37185
37232
37286
37461
37488
37576
37578
37580
37591
37718
37743
37784
37901
37913
38137
38166
38194
38255
38370
38457
38629
38698
38713
38759
38869
38984
39418
39449
39545
39587
39703
39926
39952
40011
40147
40391
40429
40443
40492
40530
40543
40547
40570
40730
40765
40770
40849
40883
40892
40943
41160
41171
41205
41366
41466
41478
41833
42108
42123
42252
42256
42350
42524
42819
42878
42880
43025
43079
43111
43166
43224
43297
43323
43330
43380
43463
43512
43569
43961
44042
44054
44163
44189
44247
44382
44432
44466
44499
44504
44518
44831
44843
44888
44967
45034
45110
45360
45376
45518
45561
45742
45794
45871
45960
46443
46547
46554
46622
46761
46926
46940
47177
47193
47220
47230
47249
47371
47446
47497
47586
47610
47623
47654
47716
47768
47965
48018
48112
48150
48261
48265
48273
48325
48672
48715
48899
48921
49006
49091
49251
49398
49416
49510
49577
49578
49656
49717
49779
49840
49851
49887
50004
50043
50090
50113
50136
50233
50239
50294
50510
50553
50631
50881
50920
51115
51126
51334
51394
51411
51414
51454
51652
51717
51730
51738
51843
51989
52253
52416
52423
52498
52729
52844
52989
53464
53636
53775
53835
54244
54263
54411
54431
54441
54502
54532
54597
54655
54671
54814
55222
55269
55285
55346
55886
56186
56458
56578
56798
56912
56980
57096
57144
57206
57421
57583
57608
57609
57810
57909
58085
58156
58186
58367
58414
58513
58653
58827
58896
58938
58948
59111
59311
59340
59344
59355
59651
59772
59812
59891
60085
60087
60118
60213
60359
60378
60484
60496
60539
60754
60754
60797
60997
61375
61405
61644
61849
62120
62146
62205
62443
62491
62588
62740
62787
62911
62979
63012
63159
63171
63207
63220
63276
63339
63402
63508
63536
63648
63653
63727
63798
63939
63984
63990
63998
64147
64266
64357
64491
64972
65024
65205
65210
65256
65369
65403
65438
65570
65605
65646
65794
66148
66256
66366
66407
66423
66814
67090
67092
67105
67119
67511
67555
67608
67859
68061
68104
68172
68192
68215
68245
68453
68457
68468
68546
68621
68625
68829
68862
69056
69082
69297
69320
69323
69365
69424
69451
69455
69468
69597
69655
69759
69793
69805
69925
70089
70201
70478
70493
70522
70546
70578
70591
70621
70623
70725
70809
70877
70927
71046
71228
71305
71380
71491
71493
71659
71789
71912
71965
72094
72269
72536
72630
72666
72686
72729
72999
73014
73038
73054
73202
73205
73246
73297
73298
73450
73464
73547
73654
73784
73788
73894
73954
73958
74008
74009
74100
74210
74227
74310
74337
74352
74382
74694
74795
74826
74831
74886
74919
74935
74980
75093
75114
75149
75162
75452
75604
75720
75742
75819
75906
75925
75961
75981
76141
76165
76432
76647
77074
77169
77189
77190
77274
77459
77643
77704
77708
77820
77934
77951
78041
78108
78208
78274
78307
78424
78577
78659
78689
78787
78795
78844
78848
78866
78943
79011
79159
79203
79269
79389
79430
79514
79533
79538
79553
79606
79610
79623
79726
79824
79856
79911
80059
80112
80175
80176
80201
80596
80680
81010
81176
81330
81398
81450
81608
81673
81839
82066
82103
82195
82199
82279
82367
82424
82770
82889
82909
83196
83199
83262
83324
83374
83706
83737
83783
83818
83827
83977
83994
84194
84244
84382
84445
84459
84495
84527
84586
84679
84813
84914
84974
85284
85387
85501
85614
85655
85746
86041
86120
86185
86267
86309
86669
86689
86690
86746
86808
86945
87006
87188
87227
87409
87463
87677
87761
87963
88202
88413
88541
88592
88608
88705
88761
88782
88842
88887
89308
89745
89926
90008
90080
90117
90157
90157
90197
90263
90417
90477
90566
90678
90778
90793
90878
91142
91193
91220
91372
91556
91584
91657
91701
91726
91891
91990
92110
92155
92265
92416
92428
92580
92644
92657
92740
92804
92926
93075
93082
93258
93332
93690
93912
94186
94229
94289
94315
94352
94371
94450
94471
94501
94649
94671
94825
94847
94924
94959
95084
95211
95342
95545
95567
95703
95758
95854
96266
96380
96414
96415
96576
96635
96704
96712
96806
96952
97025
97069
97440
97531
97613
97758
97799
97846
97953
98033
98038
98084
98104
98141
98171
98181
98222
98237
98308
98399
98496
98505
98514
98889
98925
98962
99258
99312
99371
99406
99411
99545
99713
100035
100046
100123
100283
100292
100435
100469
100526
100662
100775
100825
100884
100885
100912
100923
100993
101001
101018
101084
101122
101145
101166
101318
101366
101485
101540
101622
101713
101905
102037
102105
102180
102205
102487
102636
102736
102746
102806
102876
102927
102941
103315
103619
103735
103834
103850
103969
104043
104051
104076
104135
104262
104276
104343
104402
104450
104462
104490
104559
104595
104711
104884
104888
104984
105052
105321
105349
105509
105538
105551
105773
105809
105864
105915
105924
106056
106216
106752
106785
106812
106867
107135
107274
107328
107362
107511
107531
107560
107581
107745
107818
108107
108265
108500
108578
108589
108607
108841
108965
109000
109350
109473
109509
109772
109785
109839
109895
109971
110045
110066
110386
110490
110549
110555
110742
110748
110851
110878
111060
111092
111154
111280
111294
111304
111317
111429
111488
111535
111539
111653
111952
111954
111960
112078
112136
112524
112599
112746
112780
112792
112794
112834
113062
113193
113282
113321
113335
113482
113758
113788
113809
113882
113937
113940
114152
114160
114253
114294
114339
114700
114805
114847
114859
115033
115039
115051
115336
115394
115426
115525
115622
115734
115742
115756
115836
115891
115944
115971
116092
116140
116170
116208
116272
116401
116559
116672
116907
117038
117050
117139
117154
117513
117729
117783
117877
117972
118004
118197
118525
118544
118553
118557
118564
118629
118631
118804
118820
119020
119206
119231
119345
119371
119436
119779
119848
120153
120177
120226
120297
120400
120462
120473
120481
120496
120579
120603
120724
120749
120787
120869
120977
120987
120998
121014
121025
121036
121037
121169
121187
121228
121249
121318
121685
121883
122027
122068
122109
122130
122249
122295
122301
122404
122410
122463
122467
122623
122722
122828
122900
123153
123172
123267
123421
123614
123615
123740
123854
123912
123962
124109
124128
124251
124558
124567
124662
124727
124883
125136
125220
125251
125385
125422
125568
125733
125868
126228
126274
126317
126332
126419
126520
126535
126850
126978
127017
127160
127167
127199
127341
127403
127428
127739
127857
127862
127920
128079
128097
128226
128328
128390
128410
128494
128543
128612
128776
128984
129016
129309
129570
129571
129703
129822
129879
129884
130128
130201
130240
130399
130445
130555
130644
130695
130771
130802
131128
131197
131466
131572
131608
131615
131863
131891
131947
132001
132023
132069
132127
132208
132233
132297
132533
132625
132638
132645
132823
132846
132889
133008
133033
133148
133322
133341
133397
133506
133507
133620
133777
133793
133832
133949
134142
134198
134207
134291
134411
134537
134933
134981
134997
135071
135150
135178
135285
135299
135501
135534
135822
135936
136025
136077
136140
136142
136197
136497
136735
136742
136802
136833
136973
137133
137313
137421
137601
137928
137950
138001
138015
138029
138115
138211
138226
138228
138241
138394
138419
138574
138771
138873
139188
139208
139234
139252
139318
139620
139634
139645
139685
139772
139797
139829
139937
140073
140076
140141
140176
140195
140224
140318
140489
140515
140540
141080
141373
141442
141595
141604
141623
141768
141807
141865
141955
142009
142049
142546
142614
142705
142712
142735
142794
142845
142994
143075
143145
143350
143411
143485
143554
143559
143580
143599
143731
143741
143770
143854
144033
144045
144134
144314
144354
144399
144814
144842
144957
145143
145196
145457
145505
145590
145613
145697
145711
145873
145969
146013
146257
146385
146407
146586
146641
146672
146880
147176
147180
147334
147488
147549
147720
147745
148054
148213
148389
148433
148485
148517
148659
148690
148702
148870
148892
148928
149199
149342
149565
149636
149676
149730
149740
150012
150152
150188
150421
150446
150572
150693
150760
150919
151058
151083
151257
151299
151343
151436
151518
151562
151631
151640
151709
151717
151769
151990
152038
152093
152112
152380
152473
152676
152679
153188
153323
153341
153348
153486
153550
153582
153714
153720
153726
153754
153862
153968
154078
154302
154402
154612
154640
154662
154746
154831
154837
154901
155086
155090
155101
155158
155177
155227
155489
155582
155633
155653
155819
156097
156304
156323
156391
156599
156640
156640
156826
156900
157092
157221
157306
157332
157355
157464
157735
157901
157949
158008
158011
158251
158645
158690
158724
158756
159035
159065
159092
159124
159147
159164
159189
159277
159317
159334
159343
159348
159367
159386
159490
159626
159691
159729
159864
160024
160146
160153
160255
160433
160479
160582
160636
160649
160815
160851
161067
161109
161141
161312
161324
161356
161504
161531
161814
161942
162086
162164
162307
162318
162430
162445
162465
162516
162529
162624
162856
162899
162984
162998
163199
163257
163303
163522
163636
163681
163728
163734
163818
164025
164191
164250
164252
164310
164365
164381
164496
164545
164550
164654
164745
164790
164849
165101
165110
165307
165327
165381
165506
165533
165618
165865
165891
165961
166003
166089
166280
166285
166357
166359
166443
166480
166527
166641
166735
166881
167020
167103
167122
167420
167492
167506
167536
167578
167766
168039
168094
168155
168290
168353
168466
168472
168606
168815
168954
169001
169100
169173
169204
169251
169368
169391
169421
169650
169793
169835
169852
169881
169892
170056
170382
170474
170562
170835
171027
171098
171136
171149
171517
171610
171744
171763
171817
171836
171919
172159
172302
172426
172434
172437
172504
172519
172636
172915
172918
173027
173043
173048
173103
173124
173263
173292
173379
173598
173614
173630
173648
173697
174029
174269
174331
174374
174392
174471
174581
174896
175001
175396
175710
175802
175842
175871
175958
175966
176136
176148
176161
176234
176402
176447
176575
176649
176675
176757
177018
177027
177058
177109
177215
177215
177553
177686
177791
177918
177999
178615
178639
178646
178815
179024
179077
179122
179188
179268
179385
179386
179412
179492
179605
179628
179692
179693
179767
179972
179977
180061
180091
180174
180179
180436
180515
180580
180649
180765
180934
180959
181131
181282
181429
181437
181479
181551
181790
181815
181832
182068
182117
182145
182160
182254
182324
182365
182547
182650
182655
182847
182981
183019
183317
183319
183372
183511
183595
183809
183920
184023
184099
184276
184834
184871
185391
185522
185540
185592
185614
185738
185748
185779
185871
185939
186140
186152
186196
186339
186694
186879
186998
187044
187306
187339
187655
187679
187696
187717
187831
187964
188030
188128
188301
188594
188615
188690
188754
188815
188903
188910
188932
189023
189038
189063
189261
189485
189864
190053
190091
190188
190234
190258
190304
190318
190330
190382
190428
190526
190649
190894
190948
190971
191059
191117
191368
191496
191523
191657
191660
191969
192095
192102
192242
192269
192363
192391
192397
192449
192826
192894
192984
193047
193078
193216
193470
193580
193654
193691
193788
193956
194112
194452
194482
194516
194745
194824
194921
195129
195406
195483
195487
195504
195560
195614
195822
195935
196167
196348
196369
196453
196552
196750
196777
196821
196985
197275
197606
197610
197703
197724
197750
198212
198379
198717
198744
198782
198824
198881
199151
199160
199199
199340
199389
199418
199465
199524
199524
199637
199774
199833
199904
199905
199922
200145
200259
200343
200562
200574
200620
200649
200788
200899
200932
201033
201084
201228
201538
201646
201731
202053
202178
202223
202265
202428
202558
202707
202708
202727
202758
202775
202874
202940
202954
203155
203476
203878
203925
204099
204190
204564
204699
204773
204824
204963
205113
205136
205198
205248
205311
205402
205550
205726
205744
205901
205932
206134
206256
206273
206290
206327
206507
206558
207103
207161
207825
207960
208120
208184
208211
208333
208364
208473
208528
208747
208791
208990
209125
209210
209266
209323
209324
209361
209387
209505
209581
209583
209759
209776
209804
209836
209901
209926
209932
210166
210171
210235
210317
210386
210416
210453
210503
210513
210541
210722
210841
210954
210961
210986
211042
211079
211268
211281
211319
211346
211487
211560
211582
211593
211645
211650
211884
212011
212161
212213
212229
212289
212347
212369
212455
212473
212855
212884
212977
213040
213239
213289
213376
213425
213500
213546
213597
213658
213740
213821
213935
214089
214353
214393
214493
214559
214663
214671
214713
214727
214974
215054
215061
215116
215124
215338
215433
215464
215507
215800
216009
216167
216232
216263
216436
216437
216461
216505
216621
216760
216792
216876
216898
216907
217002
217137
217307
217353
217606
217697
217832
217919
218022
218160
218209
218385
218385
218525
218580
218674
218749
218823
218993
219302
219367
219478
219513
219708
219750
219905
219974
219978
220021
220328
220380
220458
220612
220615
220625
220693
220804
220821
221038
221052
221427
221467
221558
221598
221752
221806
221821
221833
222054
222337
222391
222492
222554
222596
222643
222709
222766
222869
222972
223012
223125
223158
223178
223194
223378
223379
223459
223673
223682
223690
223868
224035
224124
224134
224223
224301
224599
224616
224946
224965
225248
225353
225366
225467
225543
225824
225845
225867
226049
226363
226410
226438
226443
226904
226955
227016
227048
227101
227139
227215
227415
227419
227456
227589
227644
227743
227846
227944
227948
228326
228337
228405
228467
228486
228584
228725
228764
229046
229147
229195
229250
229282
229738
229871
229984
230103
230181
230206
230429
230452
230873
231014
231104
231134
231158
231369
231416
231458
231609
231711
232039
232056
232069
232212
232302
232432
232475
232477
232517
232522
232632
232633
232700
232821
233060
233280
233319
233365
233506
233834
233847
234131
234165
234302
234308
234467
234482
234592
234793
234894
235007
235207
235340
235408
235669
235720
235955
236144
236186
236253
236295
236502
236542
236618
236786
237143
237432
237455
237466
237469
237527
237850
237936
237958
237993
238004
238177
238369
238495
238532
238670
238897
238946
239057
239093
239115
239234
239447
239568
239637
239694
240209
240234
240299
240427
240464
240501
240682
240711
240717
240929
241468
241472
241558
241589
241742
241769
241914
242022
242109
242110
242162
242478
242719
242720
242889
243015
243327
243377
243414
243522
243793
243807
243991
244211
244320
244348
244364
244422
244450
244488
244532
244584
244635
244636
244658
244661
244719
244747
244756
244765
244917
244969
245050
245480
245500
245504
245517
245572
245672
245743
245760
245823
245944
246184
246285
246351
246766
246784
246853
246872
246966
247299
247439
247596
247625
247722
247789
247827
247838
247918
248192
248217
248298
248318
248374
248387
248528
248767
248915
249122
249387
249471
249645
249743
249807
250174
250177
250247
250703
250750
250807
250830
250942
251035
251084
251175
251420
251605
251632
251681
251809
252122
252313
252744
252879
253115
253141
253231
253271
253293
253369
253398
253784
253809
253875
254016
254086
254149
254475
254663
254730
255000
255168
255215
255362
255385
255442
255586
255929
256116
256129
256155
256188
256188
256197
256346
256360
256362
256433
256446
256449
256455
256488
256620
256626
256779
256811
256819
256829
256912
257079
257173
257265
257267
257440
257450
257713
257718
257736
258215
258284
258314
258406
258446
258551
258727
259077
259133
259191
259194
259416
259570
259587
259867
259995
260014
260108
260472
260538
260697
260702
260771
260796
260952
261034
261136
261187
261239
261396
261622
261828
261867
261907
262439
262490
262554
262641
262756
262855
262927
263087
263109
263207
263228
263287
263303
263416
263417
263540
263686
263841
263897
263904
263924
264175
264176
264317
264319
264466
264478
264550
264552
264558
264677
265045
265269
265401
265594
266070
266093
266145
266166
266231
266351
266415
266416
266766
267121
267211
267381
267605
267674
267714
267772
267846
267961
268037
268101
268132
268243
268298
268395
268749
268924
269020
269057
269197
269845
269987
270014
270053
270131
270147
270228
270290
270558
270931
271041
271129
271172
271188
271198
271267
271311
271345
271390
271463
271532
271704
271737
271768
271984
272102
272117
272222
272412
272488
272489
272761
272780
272788
272920
272946
272986
273063
273127
273443
273642
273706
273801
273850
274175
274237
274320
274338
274362
274490
274499
274609
274614
274730
274769
274954
275033
275085
275191
275288
275429
275497
275515
275522
275736
276017
276042
276149
276182
276233
276234
276495
276559
276680
276894
276976
276989
277067
277450
277478
277540
277629
277630
277647
277833
277891
277939
277966
278263
278273
278366
278426
278474
278699
278774
278783
278878
278879
279110
279131
279143
279434
279556
279591
279635
279714
280236
280285
280300
280339
280441
280471
280503
280536
280538
280617
280800
280824
280841
280997
281195
281258
281268
281749
281943
282069
282278
282392
282851
282895
282955
283097
283132
283163
283400
283478
283601
283626
283739
283989
284092
284108
284212
284531
284591
284602
284662
284750
284814
284850
284874
284892
284939
284965
285013
285029
285211
285220
285404
285688
285753
285761
286073
286380
286520
286637
287055
287151
287715
287796
287881
288118
288183
288209
288260
288362
288384
288397
288437
288509
288510
288526
288531
288550
288563
288699
288896
288963
289052
289101
289133
289135
289142
289330
289418
289503
289677
289703
289850
289868
289873
289909
290128
290142
290317
290380
290418
290432
290653
290801
291002
291039
291235
291245
291294
291302
291335
291353
291385
291417
291533
291558
291794
291797
291929
292207
292375
292487
292560
292980
293065
293144
293161
293228
293237
293418
293419
293500
293518
293658
293724
293943
294018
294106
294227
294439
294456
294506
294563
294615
294622
295143
295182
295250
295317
295414
295543
295834
295939
296021
296065
296085
296122
296148
296173
296187
296213
296256
296430
296542
296753
296836
296889
296979
297242
297247
297335
297414
297518
297538
297590
297690
297863
298011
298049
298107
298324
298327
298509
298523
298625
298630
298676
298694
298974
298998
299105
299118
299120
299124
299192
299290
299422
299467
299525
299864
299987
299988
300064
300308
300458
300465
300541
300635
300876
300942
301045
301141
301204
301492
302325
302342
302557
302775
302802
302815
302907
302967
302977
303045
303086
303090
303142
303192
303216
303854
304350
304635
304712
305110
305158
305337
305439
305658
305870
305952
306149
306219
306300
306367
306413
306469
306640
306798
307013
307018
307113
307166
307230
307268
307278
307473
307506
307589
307753
307779
307781
307917
308030
308124
308187
308239
308419
308568
308687
308875
308999
309001
309034
309293
309326
309632
309836
310066
310230
310231
310253
310288
310467
310516
310647
310800
311328
311342
311360
311416
311627
311638
311671
311776
311786
311856
311894
311972
312018
312111
312177
312197
312238
312462
312504
312516
312524
312611
312656
312776
312799
312906
313270
313283
313302
313413
313555
313568
313652
313657
313858
313960
314016
314026
314076
314086
314206
314230
314244
314295
314297
314318
314344
314507
314535
314581
314794
314819
315162
315185
315221
315382
315463
315532
315540
315610
315744
315794
315955
316158
316160
316279
316540
316599
316792
316827
316847
316851
317005
317035
317039
317127
317355
317487
317718
317721
317917
318004
318069
318087
318210
318232
318284
318444
318467
318587
318849
318876
318903
318934
319227
319303
319603
319674
319698
319800
319971
320092
320189
320235
320264
320267
320267
320495
320497
320525
320567
320930
320937
320959
321175
321208
321312
321456
321468
321706
321754
321762
321823
322055
322467
322580
322622
322839
323021
323500
323545
323643
323688
323704
323730
323955
324042
324043
324343
324514
324733
324817
324871
324933
324992
325012
325064
325208
325270
325271
325334
325421
325504
325696
325713
326212
326257
326311
326377
326424
326499
326509
326513
326632
326820
326841
326926
326945
326953
327196
327238
327428
327609
327744
328103
328180
328181
328485
328546
328603
328749
329035
329211
329229
329366
329495
329608
329828
329935
329961
330079
330297
330473
330508
330554
330660
330802
331011
331023
331024
331024
331046
331067
331180
331207
331249
331361
331375
331415
331427
331442
331494
331794
331858
331888
332229
332355
332579
332615
332645
332742
332858
332911
333026
333121
333279
333300
333302
333413
333525
333559
333769
333851
333898
333927
334056
334149
334161
334176
334246
334248
334334
334389
334488
334562
334570
334617
334673
334790
334856
334864
334938
335063
335126
335138
335165
335191
335204
335254
335320
335437
335482
335670
335817
335981
335983
335989
336025
336092
336297
336311
336642
336746
336861
337055
337129
337312
337343
337409
337433
337507
337560
337632
337648
337754
337827
337869
337871
337878
337899
337944
338474
338484
338529
338656
338880
338954
339079
339140
339142
339176
339237
339296
339385
339649
339705
339742
339864
339914
340007
340086
340195
340227
340364
340395
340495
340547
340576
340662
340790
340800
340878
340886
341168
341171
341270
341386
341791
341836
341843
342167
342171
342197
342267
342292
342298
342337
342440
342443
342528
342592
342792
342835
342867
342889
343218
343381
343384
343535
343542
343669
343698
343718
343744
343746
343987
344017
344033
344060
344228
344408
344513
344678
344719
344727
344790
344901
344933
345039
345202
345419
345640
345666
345819
345844
345856
346139
346175
346197
346224
346324
346562
346614
346633
346671
346761
346812
346832
347060
347221
347435
347464
347728
347858
348008
348026
348172
348292
348433
348601
348720
348799
349089
349145
349219
349373
349393
349409
349799
349832
349988
350045
350126
350326
350528
350697
350883
350927
351113
351172
351270
351287
351329
351744
351929
351952
352027
352355
352568
352705
352761
352816
352824
352934
352948
352974
353032
353062
353075
353156
353158
353178
353179
353191
353403
353508
353748
353749
353836
353951
353986
353988
354118
354135
354197
354314
354900
355081
355115
355222
355375
355476
355551
355551
355601
355700
355779
355833
355935
356191
356193
356398
356427
356490
356537
356558
356573
356587
356791
356799
357119
357289
357319
357413
357536
357537
357963
357997
358124
358222
358222
358341
358411
358424
358441
358505
358593
358670
358679
358935
358966
358998
359038
359064
359087
359109
359270
359289
359490
359641
359656
359670
359689
359708
359711
359713
359731
359851
359919
360088
360097
360296
360357
360821
360825
360935
360972
361028
361120
361124
361431
361505
361588
361594
361763
361990
362106
362193
362226
362335
362348
362356
362365
362436
362611
362611
362637
362715
362865
362943
363044
363141
363251
363378
363413
363416
363416
363478
363550
363572
363849
363869
364015
364132
364153
364165
364357
364608
364653
364831
364998
364999
365020
365053
365136
365246
365299
365301
365473
365478
365652
365748
365775
365815
365945
366010
366087
366130
366172
366316
366423
366431
366688
366720
366776
366831
366848
366850
366948
367245
367272
367320
367369
367399
367444
367527
367531
367651
367707
367858
367914
368032
368078
368098
368211
368281
368309
368414
368480
368546
368749
368755
368770
368779
368860
368891
368968
369204
369265
369582
369713
369824
370205
370213
370696
370755
371300
371829
372124
372287
372377
372435
372675
372704
372787
372836
372844
372873
372886
372893
373229
373287
373393
373444
373465
373467
373650
373690
373796
373802
374004
374045
374400
374582
374690
374796
374800
374832
374957
374979
375166
375184
375216
375219
375559
375564
375653
375680
375804
375978
376083
376202
376262
376333
376355
376370
376397
376461
376484
376573
376582
376614
376657
376973
377066
377211
377467
377495
377549
377769
377885
377971
378068
378160
378316
378427
378487
378528
378568
379000
379141
379161
379267
379277
379299
379439
379640
379683
379781
379808
379828
379869
379997
380029
380207
380234
380304
380334
380621
380636
380708
380867
381188
381212
381223
381240
381329
381361
381558
381631
381699
381854
381878
381888
381909
381937
382071
382221
382245
382286
382373
382452
382634
382683
382687
382700
382724
382770
382787
382803
382804
382864
382872
382890
382944
383074
383111
383178
383339
383458
383550
383591
383620
383728
383748
383788
384256
384430
384433
384510
384575
384594
384743
384774
384775
385104
385367
385490
385501
385514
385537
385556
385651
385655
385737
385761
385798
385859
385996
386135
386202
386311
386372
386432
386641
386726
386825
386885
386910
387451
387630
387758
387871
388099
388136
388198
388352
388424
388433
388675
388831
389104
389147
389226
389297
389397
389420
389434
389485
389557
389569
389728
389947
389970
390022
390078
390110
390149
390437
390477
390688
390713
390835
391077
391275
391387
391599
391634
391818
391907
391992
391998
392207
392237
392277
392278
392310
392419
392580
392621
392635
392973
392974
393081
393178
393184
393243
393272
393327
393432
393763
393813
393850
394039
394088
394125
394199
394322
394376
394583
394826
394936
395087
395156
395338
395358
395458
395646
395651
396075
396367
396374
396441
396580
396598
396645
396854
396875
396965
396988
397170
397194
397338
397420
397600
397752
397760
397837
397966
398029
398059
398128
398213
398372
398450
399151
399165
399185
399204
399315
399442
399483
399507
399605
399950
399950
399955
400348
400397
400507
400659
400770
400869
400987
401040
401504
401596
401711
401839
402109
402488
402509
402628
402678
402718
402776
402961
403085
403132
403206
403244
403257
403300
403397
403445
403454
403884
403894
403915
404019
404072
404085
404271
404274
404316
404354
404491
404704
404770
404845
404929
404972
405053
405170
405220
405257
405641
405733
405804
405854
405975
406191
406685
406736
406771
406872
406906
407080
407103
407312
407317
407437
407643
407761
407777
407780
407820
407896
408024
408034
408045
408153
408430
408672
408723
408787
408813
409115
409348
409421
409568
409579
409642
409709
409770
409888
410006
410164
410165
410203
410316
410323
410409
410451
410531
410670
410720
411113
411120
411228
411249
411255
411391
411584
411638
411766
412087
412163
412183
412201
412365
412375
412553
412587
412658
412749
412912
413171
413216
413352
413667
413786
413791
413816
414083
414109
414340
414470
414505
414520
414555
414610
414666
414972
414995
415330
415429
415774
415984
416229
416239
416297
416414
416503
416604
416694
416968
417009
417058
417170
417267
417287
417325
417390
417428
417455
417475
417693
417705
417838
417933
417952
417997
418030
418061
418104
418119
418268
418274
418306
418307
418436
418653
418710
418890
418929
418978
419000
419067
419068
419452
419497
419589
419929
420033
420271
420319
420435
420441
420683
420793
420856
420862
420879
420908
421000
421045
421099
421168
421271
421281
421305
421519
421523
421540
421833
422055
422064
422132
422436
422562
422834
422929
422973
423109
423125
423178
423208
423282
423332
423442
423604
423607
424128
424187
424430
424469
424563
424617
424640
424709
424807
424817
424882
425044
425046
425115
425279
425281
425410
425547
425650
425838
426061
426062
426109
426301
426355
426435
426467
426536
426600
426611
426775
426796
426824
427016
427204
427205
427229
427258
427388
427497
427571
427574
427647
427659
427666
427868
427960
428012
428051
428155
428335
428405
428446
428545
428585
428784
428794
428990
429194
429248
429571
429579
429661
429694
429790
429983
430265
430269
430532
430540
430718
430771
430838
430955
430995
431158
431168
431499
431502
431631
431664
431820
431927
432057
432483
432716
432716
432811
432910
432990
432993
433050
433123
433188
433344
433438
433674
433735
433773
433810
433852
434085
434165
434178
434212
434333
434446
434448
434588
434709
434866
434886
434958
435233
435264
435391
435479
435545
435556
435582
435635
435694
435752
435754
435888
435962
436000
436096
436333
436402
436427
436434
436438
436511
436602
436652
436877
436896
436948
437126
437137
437378
437633
437786
437829
437954
437968
438030
438092
438108
438122
438340
438361
438483
438573
438809
438821
438995
439005
439062
439071
439319
439454
439551
439560
439582
439642
439680
439774
439787
440265
440536
440644
440777
440876
440974
441001
441139
441330
441338
441340
441435
441614
441781
441805
441810
442243
442349
442493
442493
442571
442718
443283
443450
443509
443628
443663
443931
444007
444197
444616
444717
444729
444783
444867
444872
444881
444959
445034
445042
445065
445097
445126
445392
445396
445601
445690
445721
445740
445767
445829
445954
446217
446219
446267
446354
446419
446456
446546
447078
447209
447312
447404
447477
447499
447508
447808
447962
448157
448240
448264
448541
448667
448890
449110
449290
449474
449478
449717
449841
449859
449967
450428
450506
450829
450856
451040
451042
451158
451180
451307
451329
451361
451363
451423
451433
451483
451524
451572
451643
451699
451706
451741
451829
451853
451950
452190
452440
452567
452642
452882
452983
452998
453037
453048
453206
453241
453256
453479
453479
453521
453657
453697
453855
453924
453992
454015
454047
454124
454132
454232
454271
454357
454518
454587
454589
454611
454696
454807
454943
455214
455318
455330
455337
455422
455871
455899
455925
455986
456228
456364
456384
456941
456958
456994
457154
457387
457501
457530
457567
457571
457582
457759
457903
458064
458101
458112
458183
458289
458350
458413
458425
458488
458587
458603
458623
458824
458855
458939
459101
459173
459176
459296
459327
459423
459570
459644
459695
460062
460165
460240
460243
460344
460391
460599
460628
460811
460828
461036
461063
461182
461235
461266
461275
461427
461442
461486
461495
461653
461658
461693
461767
462009
462026
462173
462418
462505
462530
462622
462804
462907
463041
463174
463296
463318
463341
463344
463345
463370
463458
463766
464054
464110
464145
464152
464179
464192
464348
464542
464623
464661
464890
465017
465044
465097
465173
465187
465506
465508
465682
465813
465823
465846
465999
466033
466070
466128
466133
466255
466456
466570
466709
466825
466875
466909
466945
467102
467192
467504
467536
467562
467598
467693
467724
467783
468302
468327
468471
468680
468713
468885
468894
469015
469055
469287
469343
469404
469409
469611
469831
469884
470036
470042
470120
470148
470211
470286
470368
470387
470408
470445
470471
470532
470573
470582
470593
470607
470665
470668
470950
471046
471175
471197
471309
471379
471392
471467
471526
471547
471558
471580
471620
471715
471748
471790
471843
472064
472173
472231
472267
472394
472527
472640
472739
472796
472934
473220
473288
473350
473367
473371
473418
473482
473525
473557
473604
473620
473667
473923
473993
474006
474032
474126
474175
474423
474550
474557
474631
474640
474866
474889
474949
475085
475126
475224
475560
475652
475827
475992
476187
476310
476329
476334
476391
476450
476629
476678
476705
476733
476744
476752
477007
477007
477025
477158
477337
477342
477454
477464
477491
477584
477643
477787
477840
478126
478170
478199
478243
478607
478616
478631
478700
478726
478729
478742
478858
479026
479030
479112
479115
479468
479486
479567
479587
479805
479845
479850
480095
480348
480362
480401
480587
480624
480640
480733
480742
480911
480953
481202
481240
481282
481343
481397
481401
481486
481587
481621
481643
482242
482292
482329
482475
482483
482530
482778
482847
482933
482967
483263
483265
483269
483283
483429
483657
483679
483780
483942
484217
484350
484383
484489
484546
484603
484712
484790
484907
485009
485093
485245
485738
485786
485848
485910
486204
486286
486300
486381
486444
486936
487041
487390
487418
487529
487686
487761
487809
487872
488080
488189
488258
488356
488417
488617
488741
488801
488813
489006
489233
489294
489333
489386
489405
489416
489436
489468
489649
489649
489823
489845
489877
489881
490007
490047
490074
490083
490109
490211
490345
490474
490628
490841
491016
491092
491295
491412
491725
492079
492110
492115
492166
492172
492217
492271
492553
492880
492931
492935
492953
492964
493099
493146
493172
493211
493302
493553
493632
493679
493796
493804
493848
493927
493931
494312
494462
494634
494788
494956
495042
495090
495115
495122
495391
495537
495545
495594
495597
495835
495845
495848
496053
496083
496219
496252
496719
496731
496881
497015
497100
497397
497605
497605
497699
497768
498058
498119
498262
498576
498656
498719
498916
498932
499357
499527
500092
500228
500381
500395
500485
500567
500775
500830
500960
500965
501191
501217
501264
501446
501452
501584
501593
501686
501705
501912
501984
502016
502191
502353
502688
502763
502965
503094
503150
503164
503223
503262
503355
503377
503621
503890
504144
504230
504302
504654
504657
504716
504754
505094
505097
505112
505123
505322
505362
505364
505619
505992
506004
506398
506437
506478
506559
506644
506694
506730
506842
507084
507143
507259
507315
507393
507424
507453
507475
507532
507587
507622
507632
507662
507700
507757
507763
508125
508280
508719
508732
508750
508844
508851
508885
508904
508941
508998
509017
509024
509064
509244
509419
509494
509872
510016
510101
510376
510396
510434
510467
510490
510596
510610
510667
510921
511001
511155
511363
511378
511439
511556
511615
511617
511795
512031
512156
512179
512266
512398
512500
512545
512629
512662
512866
512874
512956
512965
512983
513017
513024
513070
513292
513351
513489
513687
513900
513936
513961
513973
514128
514138
514240
514373
514456
514691
515169
515350
515467
515568
515575
515595
515611
515673
515679
515710
515798
515917
515946
516082
516169
516537
516765
516771
516807
516826
517367
517385
517480
517481
517593
517838
517877
517997
518027
518064
518154
518236
518292
518327
518388
518477
518591
518734
518758
519156
519250
519263
519267
519364
519445
519500
519541
519714
519798
519822
519912
520157
520197
520199
520202
520357
520524
520570
520704
520705
520720
520740
520862
520866
520869
520886
520962
520990
521179
521215
521408
521564
521656
521850
521857
522140
522289
522310
522406
522457
522504
522541
522569
522693
522712
522722
522743
522789
522994
523056
523203
523256
523266
523494
523524
523673
523796
524053
524086
524091
524119
524352
524481
524499
524582
524658
524678
524688
524975
524997
525480
525546
525553
525637
525646
525661
525788
525912
525945
525971
526075
526230
526311
526555
526608
526699
526791
526830
526971
527162
527293
527418
527538
527568
527606
527699
527759
528007
528457
528463
528524
528720
528953
528990
529111
529131
529212
529321
529451
529579
529582
529800
529837
530197
530496
530526
530768
530860
530873
531051
531086
531117
531243
531333
531346
531360
531459
531713
531720
531911
531931
532042
532123
532327
532414
532440
532578
532730
532872
533014
533317
533453
533528
533542
533757
533779
534098
534162
534179
534283
534285
534306
534309
534318
534619
534710
534810
534844
534917
534923
535000
535113
535232
535565
535639
535667
535765
535884
536033
536129
536129
536491
536518
536542
536682
537116
537452
537568
537742
537813
537842
537882
537961
537996
538095
538222
538261
538277
538296
538316
538382
538455
538662
538699
538847
538891
539017
539058
539126
539134
539279
539393
539396
539609
539668
539715
539723
539780
539876
539889
540029
540282
540411
540568
540619
540632
540991
540997
541067
541211
541332
541341
541458
541527
541562
541773
541829
541848
542086
542499
542587
542723
542785
542811
542871
542921
542936
543008
543022
543267
543280
543359
543361
543416
543459
543638
543827
543858
543977
544046
544065
544115
544157
544184
544193
544204
544313
544439
544440
544452
544677
544722
544777
544860
544908
545023
545073
545101
545133
545597
545689
545694
545874
545883
545993
546115
546492
546576
546662
546740
546872
546893
546894
546953
547222
547348
547377
547501
547633
547638
547670
547674
547699
547799
547867
548058
548151
548168
548264
548456
548650
548913
549016
549059
549126
549167
549335
549392
549416
549730
549897
549907
550561
550714
550722
550842
550913
550973
551090
551185
551416
551462
551603
551659
551685
551726
551727
551795
551854
551964
551978
552029
552034
552097
552280
552352
552410
552679
552717
552989
553338
553378
553387
553442
553504
553822
553856
553908
554174
554235
554309
554330
554416
554498
554646
554895
555091
555257
555346
555497
555502
555742
555758
555982
556069
556220
556579
556605
556720
556751
556808
557162
557468
557526
557598
557731
557840
557970
558037
558261
558261
558269
558321
558414
558415
558465
558580
558665
558697
558743
558803
558831
559169
559172
559173
559464
559795
559904
559916
559922
560018
560065
560081
560103
560167
560221
560341
560444
560596
560658
560747
561071
561137
561186
561259
561326
561463
561466
561602
561755
561763
561881
562096
562174
562254
562272
562518
562524
562641
562692
562790
562847
562893
562977
563169
563201
563240
563277
563297
563340
563437
563459
563479
563481
563924
564011
564012
564037
564064
564105
564137
564173
564198
564277
564352
564453
564623
564696
564727
564815
564902
564904
564917
564989
565002
565049
565100
565106
565306
565348
565375
565427
565648
565699
565870
565964
565987
566078
566260
566262
566284
566512
566564
566663
566705
566708
566751
566858
566893
566952
567021
567085
567094
567625
567680
567806
568174
568253
568405
568478
568600
568742
568812
568986
569001
569137
569446
569452
569564
569698
569735
569846
569849
570301
570544
570693
570694
570746
570773
570858
571062
571096
571115
571172
571717
571741
571821
571875
572287
572455
572533
572687
572942
572950
573060
573324
573365
573444
573588
573638
573785
573787
573961
574036
574401
574546
574658
574727
574743
574858
574868
574894
575010
575099
575104
575116
575138
575198
575345
575851
575858
575863
575870
575953
576038
576590
576652
576840
576862
576880
576982
577237
577276
577400
577539
577668
577774
577777
577879
577952
578072
578126
578145
578350
578412
578426
578572
578576
578637
578735
578840
578953
579007
579008
579041
579102
579212
579434
579443
579558
579642
579781
579918
579973
579992
580045
580222
580299
580584
580628
580631
580643
580667
580727
580796
581142
581187
581277
581371
581522
581528
581556
581636
581691
581698
581751
581816
581872
581874
581907
581922
581932
582274
582434
582512
582590
582625
582707
582812
582891
582973
582992
583185
583374
583453
583618
583680
583707
583811
583838
583863
583868
584064
584239
584245
584473
584536
584635
584649
584685
584738
584901
584987
585068
585109
585359
585503
585562
585921
586076
586104
586121
586408
586568
586731
586839
586920
586940
586955
586980
587275
587369
587606
587649
587714
587996
588155
588343
588543
588673
588685
588797
588962
589190
589703
589708
590109
590242
590296
590616
590640
590661
590742
590910
591159
591196
591231
591383
591672
591918
592067
592314
592368
592521
592616
592671
592973
592975
592987
593041
593107
593148
593350
593364
593616
593929
594123
594126
594415
594421
594516
594517
594518
594529
594617
594653
594655
594663
594687
594721
594812
594864
594873
594927
595123
595161
595416
595441
595443
595549
595551
595608
595880
595962
596352
596370
596403
596560
596670
596689
596693
596958
597097
597232
597375
597414
597537
597608
597657
597758
597760
597801
597852
598028
598048
598101
598117
598184
598208
598219
598223
598232
598378
598397
598410
598414
598476
598741
598951
599083
599090
599252
599281
599379
599518
599799
599867
600039
600087
600266
600321
600340
600344
600651
600742
600787
600883
600943
600986
601041
601229
601243
601465
601529
601565
601613
601864
602016
602035
602166
602183
602198
602200
602280
602299
602381
602465
602534
602571
602752
602777
602853
602894
603062
603080
603148
603394
603419
603420
603540
603598
603681
603819
603845
603960
604052
604121
604122
604302
604477
604543
604978
605055
605122
605338
605409
605522
605595
605870
605879
605924
605944
605984
606097
606111
606113
606158
606220
606422
606462
606478
606703
606703
606752
606774
606776
607131
607133
607361
607418
607649
607743
607752
607831
607852
607979
607985
608058
608197
608362
608392
608584
608617
608817
608968
609123
609289
609344
609385
609408
609739
609746
609844
609928
610096
610166
610291
610474
610719
610823
610967
611037
611113
611191
611250
611341
611460
611473
611577
611580
611625
611751
611765
611828
611837
611894
612064
612105
612108
612241
612245
612294
612446
612522
612570
612584
612694
612778
612793
612969
613031
613052
613240
613321
613357
613370
613543
613582
613620
613625
613741
613963
614125
614297
614325
614386
614594
614631
614856
615151
615364
615370
615476
615480
615589
615685
615738
615743
615853
615865
615903
615921
615930
616018
616193
616214
616292
616377
616429
616449
616702
616728
616780
616906
616922
616934
616975
616983
617059
617242
617251
617293
617478
617566
617696
617797
618068
618236
618341
618435
618472
618806
618900
618901
618961
619019
619130
619300
619325
619478
619533
619599
619604
619623
619705
620040
620113
620155
620279
620660
620794
620861
620915
621002
621058
621114
621153
621168
621224
621352
621377
621424
621435
621596
621757
621860
621882
622034
622034
622111
622196
622476
622639
622970
623034
623207
623361
623376
623384
623405
623514
623554
623571
623599
623657
623716
623873
623962
623975
623992
624016
624018
624280
624423
624433
624497
624555
624612
624624
624641
624753
624755
624982
625064
625171
625183
625237
625262
625288
625333
625412
625566
625663
625690
625995
626280
626473
626535
626626
626714
626791
627118
627286
627360
627507
627513
627607
627703
627784
627808
627880
627997
628230
628258
628489
628490
628693
628748
628943
629042
629146
629204
629266
629275
629334
629479
629504
629881
629908
629925
629971
630049
630130
630131
630317
630400
630614
630686
630879
630908
630950
631049
631110
631326
631392
631876
632060
632065
632067
632080
632124
632220
632233
632322
632447
632620
632877
632929
632955
633077
633103
633141
633166
633179
633586
633632
633664
633802
633931
633942
634090
634164
634236
634410
634488
634661
634801
635000
635197
635306
635512
635517
635619
635621
635625
635677
635697
635828
635833
635865
635941
636194
636219
636239
636356
636360
636490
636555
636663
636665
636719
636860
637039
637261
637284
637308
637365
637590
637598
637732
637895
638162
638208
638301
638368
638447
638511
638871
638980
639004
639106
639273
639493
639908
640027
640033
640329
640373
640446
640666
640667
640935
641071
641212
641268
641316
641317
641525
641580
641765
641888
642012
642134
642325
642373
642479
642607
642628
642631
642647
642656
642735
642751
642834
642844
642851
642855
642933
643064
643423
643562
643613
643613
643699
643737
643992
644356
644418
644510
644800
644828
644874
644961
645010
645022
645087
645207
645377
645543
645563
645570
645576
645581
645680
646050
646058
646412
646532
646560
646751
646823
646893
647132
647273
647402
647409
647541
647739
647748
647830
647993
648035
648052
648336
648426
648500
648512
648849
648972
648986
649025
649052
649295
649362
649441
649470
649675
649776
649800
649820
649899
649941
649963
649968
650124
650278
650580
650794
650795
651071
651222
651343
651496
651551
651557
651596
651801
652042
652059
652074
652094
652356
652411
652880
653127
653161
653167
653468
653548
653585
653669
653778
653882
653888
653924
653938
654047
654071
654291
654482
654549
654763
654770
654898
654937
655043
655119
655231
655522
655568
655813
655893
656175
656239
656286
656704
656940
657094
657132
657292
657525
657763
657776
657860
657890
657994
658082
658125
658195
658236
658311
658575
658754
658919
659155
659273
659287
659421
659562
659567
659594
659807
659953
660041
660174
660176
660188
660252
660425
660452
660492
660500
660966
661125
661308
661422
661474
661486
661882
661952
662052
662210
662245
662286
662299
662560
662627
662724
662775
662791
662851
662956
663400
663638
663658
663661
663752
663785
663802
664182
664264
664264
664334
664480
664483
664531
664540
664641
664746
664756
664834
664894
664943
664980
665151
665210
665290
665393
665462
665642
665761
665832
665911
665971
666047
666170
666541
666583
666609
666676
666851
666924
666950
667104
667148
667269
668104
668221
668222
668277
668459
668593
668610
668685
669173
669257
669686
669773
669774
669818
669915
670056
670184
670242
670245
670384
670470
670491
670522
670615
670683
670886
671144
671187
671281
671372
671386
671624
671686
671752
671861
671878
671920
672076
672290
672363
672380
672530
672540
672575
672579
672586
672828
673013
673018
673142
673151
673151
673371
673376
673491
673501
673538
673559
673669
673673
673824
673861
673894
673937
674024
674100
674286
674345
674346
674382
674388
674529
674664
674730
674865
675174
675271
675280
675314
675329
675446
675559
675577
675735
675779
675819
675838
675852
675984
676111
676251
676360
676664
676682
676687
676819
676832
676854
676998
677136
677344
677435
677456
677521
677625
677689
678087
678225
678267
678312
678360
678455
678642
678718
678773
678857
678931
679049
679105
679381
679399
679558
679624
679657
679662
679734
679957
680109
680134
680194
680420
680631
680678
680773
680823
680899
680939
680982
681008
681055
681160
681301
681389
681397
681458
681621
681979
682062
682067
682102
682139
682196
682464
682511
682513
682623
682729
682735
683033
683041
683320
683416
683582
683596
683727
683734
683737
683983
684160
684171
684179
684514
684543
684550
684570
684629
684894
684921
684949
685067
685096
685207
685294
685324
685450
685497
685706
685831
685880
686055
686131
686322
686456
686605
686662
686850
686979
687375
687568
687648
687765
687841
687939
688031
688109
688197
688199
688232
688399
688445
688529
688805
688835
689048
689287
689438
689669
689712
689738
689979
690112
690145
690253
690387
690670
690863
690876
690925
691063
691144
691161
691364
691586
691674
691766
691798
691970
692003
692463
692471
692502
692556
692605
692645
692679
692763
692948
693120
693134
693184
693366
693442
693517
693539
693821
693886
693886
694076
694182
694184
694344
694401
694576
694577
694608
694653
694755
695030
695088
695332
695485
695509
695838
695889
695906
695988
696127
696173
696319
696333
696418
696423
696467
696471
696527
696662
696676
696800
696871
696930
697008
697092
697138
697160
697333
697522
697672
697806
697865
697909
698069
698173
698315
698423
698426
698620
698623
698842
698902
698902
699243
699300
699432
699522
699534
699581
699802
699879
700239
700341
700429
700542
700616
700697
700730
700743
700840
701075
701145
701323
701483
701487
701501
701610
701756
701789
702028
702036
702037
702111
702112
702155
702161
702654
702684
702714
702760
702906
702933
703002
703087
703302
703472
703536
703704
703852
703892
703934
703960
703962
704030
704071
704285
704701
705117
705241
705269
705538
705601
705962
706042
706067
706095
706202
706242
706255
706262
706297
706334
706388
706398
706570
706797
706797
707092
707176
707346
707374
707417
707749
707964
707985
708043
708063
708078
708250
708261
708411
708534
708621
708671
708833
708971
709000
709028
709161
709264
709266
709281
709352
709562
709719
709869
709884
709909
709943
710025
710033
710125
710379
710461
710527
710529
710653
710699
710724
710760
710809
710810
710841
710881
711028
711030
711254
711539
711584
711589
711590
711606
711946
712111
712116
712155
712296
712351
712615
712695
712701
712713
712980
713049
713068
713070
713071
713103
713123
713220
713273
713428
713468
713529
713657
713707
713730
713926
713960
714055
714378
714485
714487
714524
714847
714931
715082
715120
715179
715185
715251
715462
715475
715539
715660
715721
715728
715733
715800
715894
715906
715997
716063
716355
716369
716464
716501
716770
716838
716857
716895
716896
716914
716915
717027
717098
717196
717279
717613
717639
717672
717735
717779
718140
718237
718347
718380
718419
718428
718429
718452
718456
718513
718565
718987
719099
719134
719286
719347
719353
719416
719675
719754
719806
719854
720067
720067
720155
720168
720317
720339
720485
720557
720838
720907
720947
721171
721402
721437
721876
721900
722085
722131
722251
722314
722713
722732
722885
722983
723037
723116
723158
723168
723182
723221
723296
723344
723418
723485
723573
723771
724096
724176
724247
724418
724520
724932
725085
725168
725290
725359
725396
725461
725518
725594
725597
725781
725794
725835
725878
726337
726338
726658
726747
726798
726802
726846
726918
727251
727335
727559
727645
727983
728104
728134
728317
728346
728432
728538
728727
728770
728783
728792
729026
729083
729233
729433
729451
729472
729516
729606
729613
729635
729852
729877
729967
730064
730092
730324
730358
730547
730819
731097
731185
731189
731217
731525
731762
731783
731884
732064
732208
732213
732225
732258
732824
732865
732911
732930
733050
733252
733275
733276
733519
733573
733702
733780
733863
733874
734046
734285
734434
734592
734625
734884
735099
735332
735352
735435
735567
735786
735881
735925
735947
735982
736013
736019
736090
736107
736196
736298
736304
736361
736499
736623
736753
736776
736780
736833
737056
737108
737138
737208
737288
737338
737608
737649
737713
737804
738178
738226
738281
738314
738322
738510
738531
738535
738540
738568
738598
738668
738676
738679
738893
738986
739039
739141
739450
739558
739753
739872
740148
740304
740328
740475
740598
740630
740641
740767
740784
740933
740971
741129
741149
741212
741369
741549
741591
741759
741952
742080
742162
742432
742474
742478
742487
742762
742888
742899
742991
743040
743059
743177
743339
743375
743521
743628
743708
743855
743918
744213
744232
744558
744731
745055
745179
745251
745305
745336
745348
745359
745374
745871
745950
746015
746068
746097
746135
746596
746890
746914
747069
747108
747276
747296
747381
747439
747517
747756
747854
747862
747986
748071
748127
748422
748472
748551
748713
748739
748850
748975
749166
749194
749238
749295
749356
749456
749490
749545
749647
749831
749893
750334
750533
750545
750601
750644
750801
750869
750897
751029
751181
751269
751353
751412
751422
751774
751925
751960
752020
752122
752125
752374
752548
752633
752765
752812
752884
752962
752975
752988
752996
753083
753160
753307
753549
753633
753649
753735
753799
753878
754080
754129
754214
754403
754587
755091
755125
755127
755184
755243
755564
755564
755580
755840
755963
756128
756145
756229
756289
756353
756383
756435
756437
756622
756699
756845
756967
757073
757155
757243
757299
757434
757436
757909
758171
758225
758237
758247
758319
758335
758357
758637
758663
758871
759446
759468
759524
759555
759581
759703
759748
759775
759783
759840
759937
760234
760519
760581
760913
761056
761410
761465
761685
761789
761866
762183
762218
762295
762344
762529
762608
762618
762870
762890
762975
763061
763423
763477
763636
763800
763848
764091
764141
764210
764259
764275
764318
764377
764418
764440
764444
764464
764550
764572
764612
765014
765167
765288
765325
765344
765512
765520
765591
765667
765757
765865
766090
766167
766340
766355
766384
766460
766565
766728
766776
767029
767061
767066
767096
767202
767441
767478
767532
767860
767907
767934
767971
768024
768183
768240
768277
768281
768618
768621
768913
768984
769011
769226
769349
769466
769703
769707
769710
769850
769971
770079
770105
770160
770162
770312
770323
770418
770482
770538
770618
770666
770739
770886
771153
771239
771267
771360
771426
771468
771749
771755
771829
771882
771972
772027
772085
772105
772296
772374
772395
772419
772424
772557
772617
772628
772800
772958
772969
773216
773323
773352
773371
773436
773439
773593
773677
773685
773775
773820
773943
774175
774422
774523
774947
775155
775382
775542
775749
775762
775814
775816
775887
775941
775974
776170
776213
776434
776528
776542
776602
776643
776759
776770
777214
777243
777306
777353
777422
777423
777463
777553
777652
777696
777794
777849
777878
778020
778063
778133
778154
778283
778318
778645
778749
778827
778840
778842
778842
778843
779066
779320
779338
779854
779913
780081
780226
780250
780277
780286
780289
780340
780501
780507
780602
780793
780858
780907
781036
781047
781081
781289
781351
781490
781501
781599
781627
781629
781978
782010
782139
782198
782222
782231
782329
782379
782528
782545
782709
782899
782908
782982
783018
783033
783093
783318
783496
783545
783602
783684
784085
784234
784257
784268
784269
784459
784468
784503
784517
784638
784644
784809
784873
785058
785162
785171
785290
785326
785337
785421
785429
785525
785661
785676
785679
785761
785795
785859
785902
786027
786074
786076
786103
786240
786242
786343
786573
786613
786613
786678
786710
786778
787130
787371
787386
787392
787633
787668
787760
787762
787893
787910
788024
788143
788364
788403
788480
788483
788539
788576
788681
788685
788736
788808
788833
788876
789006
789027
789165
789521
789630
789641
789696
789775
789777
789959
789997
790000
790060
790114
790116
790299
790436
790447
790700
790776
790826
790889
790934
790943
791112
791124
791128
791190
791193
791241
791527
791563
791613
791787
791820
791826
791927
791948
792039
792094
792107
792215
792216
792252
792492
792523
792647
792862
792873
793159
793171
793231
793430
793474
793622
793636
793688
793808
794423
794462
794664
794813
794874
794971
795453
795460
795538
795616
795653
795742
795846
796079
796237
796324
796337
796377
796450
796541
796625
796704
796918
796932
796937
796984
797039
797216
797487
797655
797728
797744
797829
797899
798161
798606
798705
798988
799018
799281
799545
799579
799997
800142
800217
800299
800367
800373
800416
800459
800744
800813
800836
800994
801043
801138
801169
801377
801379
801477
801523
801527
801745
801831
801954
802069
802098
802152
802160
802179
802205
802349
802492
802610
802614
802828
802992
803061
803088
803124
803158
803200
803213
803217
803266
803320
803392
803566
803722
803781
804025
804026
804096
804223
804253
804301
804449
804632
804768
804790
804948
804956
805046
805112
805191
805215
805274
805337
805542
805555
805599
805655
805785
805953
806002
806149
806167
806476
806559
806627
806662
806676
806867
807073
807226
807286
807512
807594
807766
807910
807930
808117
808153
808205
808245
808519
808532
808542
808552
808654
808724
808798
808875
808930
808987
808992
809182
809262
809317
809733
809797
809896
809923
810008
810096
810378
810537
810560
810632
810644
810824
810830
810959
811000
811056
811277
811324
811412
811416
811442
811458
811478
811494
811537
811571
811602
811862
811945
811955
812010
812043
812089
812279
812386
812465
812471
812566
812625
812780
812923
812959
812964
813170
813344
813365
813462
813499
813567
813756
813852
813860
813935
814032
814300
814306
814307
814366
814440
814466
814590
814597
814621
814659
814822
814907
814923
814949
815042
815044
815283
815307
815321
815364
815370
815577
815648
815664
815724
815739
815885
816021
816050
816194
816213
816226
816292
816411
816424
816873
816881
816960
817006
817096
817114
817173
817220
817587
817672
817743
817780
817891
817902
818048
818085
818162
818227
818314
818471
818593
818613
818727
818906
818975
819188
819232
819232
819260
819289
819465
819577
819860
819984
820000
820028
820244
820303
820450
820459
820467
820487
820585
820644
820715
820737
820746
820839
820871
820893
821278
821345
821387
821414
821476
821607
821949
822016
822175
822202
822399
822814
823070
823085
823138
823670
823704
823891
824103
824117
824148
824319
824642
824825
824862
824895
824998
825078
825229
825230
825284
825285
825462
825701
825703
825733
826026
826295
826300
826352
826566
826629
826861
826994
827059
827148
827212
827251
827294
827789
827867
827875
828032
828143
828354
828516
828850
828879
828911
828978
828981
829011
829184
829477
829481
829588
829642
829795
829890
830152
830166
830303
830411
830502
830532
830550
830692
830802
830846
830895
830900
830924
831051
831082
831292
831410
831455
831508
831749
831808
831828
831834
831908
831914
832013
832687
832834
833072
833127
833316
833323
833378
833389
833449
833525
833576
833636
833740
833810
833844
833867
833932
833977
834066
834116
834185
834325
834498
834605
834670
835014
835199
835264
835304
835403
835466
835488
835536
835556
835645
836154
836155
836172
836417
836454
836473
836547
836554
836572
836625
836652
836656
836713
836850
836874
837259
837324
837339
837433
837789
837802
837853
837897
837897
837901
837901
837950
837990
838119
838143
838170
838216
838548
838755
838788
838795
838822
838834
838937
839000
839102
839335
839513
839726
840166
840242
840246
840342
840377
840511
840571
840586
840695
840710
840872
841024
841123
841228
841352
841448
841457
841472
841569
841616
841638
841673
841823
841968
841974
842007
842024
842171
842276
842317
842435
842470
842741
842840
842873
842917
842925
842966
843190
843308
843366
843487
843704
843890
843989
844170
844199
844286
844334
844402
844460
844612
844740
844828
844969
845111
845131
845135
845218
845258
845461
845739
845775
845781
845801
845902
845909
845943
846100
846130
846132
846245
846345
846507
846712
846882
847183
847355
847628
847641
847900
848044
848068
848173
848214
848252
848288
848539
848827
848849
848978
848995
849061
849208
849250
849278
849290
849302
849320
849332
849550
849616
849621
849639
849667
849702
849771
849953
849974
850212
850217
850248
850253
850286
850365
850393
850581
850616
850688
850697
850834
850852
851083
851205
851282
851329
851417
851496
851856
851864
851943
852030
852130
852169
852618
852875
852909
852958
853317
853430
853554
853698
853699
853826
853834
853956
854013
854144
854182
854190
854265
854801
854905
854950
855070
855113
855207
855299
855344
855405
855435
855494
855591
855616
855679
855694
855749
855772
855915
856199
856262
856265
856304
856533
856593
856597
856868
856981
857023
857038
857319
857461
857584
857585
857789
857803
857817
857841
857848
857970
857978
858023
858049
858053
858350
858945
859034
859099
859264
859311
859461
859523
859569
859658
859678
859715
859761
859858
859887
859893
860015
860176
860244
860275
860277
860322
860406
860412
860600
860663
860706
860713
860841
860984
861147
861313
861389
861455
861516
861737
861780
861783
861826
861906
862011
862014
862033
862240
862245
862294
862368
862473
862592
862598
862616
862890
862899
863032
863042
863116
863124
863138
863246
863303
863574
863699
863797
863895
863946
863952
863975
864049
864061
864112
864163
864597
864602
864706
864828
864857
865027
865091
865171
865538
865928
866003
866062
866126
866167
866291
866367
866661
866833
866847
866887
866909
866919
866925
866937
867188
867341
867409
867449
867600
867737
867744
868042
868176
868279
868436
868913
868936
868974
868986
869011
869340
869342
869963
870060
870085
870097
870234
870335
870420
870453
870494
870588
870655
870843
870899
870958
870995
871009
871145
871287
871408
871498
871582
871612
871730
871751
871808
871814
871836
871858
871951
871955
872028
872057
872074
872105
872254
872342
872371
872415
872420
872654
872684
872694
872801
872821
872866
872918
873171
873172
873248
873273
873452
873469
873567
873665
873823
873877
874070
874097
874132
874242
874408
874421
874464
874496
874502
874781
874811
874857
874927
874937
874958
874987
875049
875261
875298
875340
875473
875678
875696
875739
876009
876078
876248
876289
876455
876772
876823
876905
877163
877168
877309
877702
877739
877798
877825
877841
877964
877993
878008
878030
878068
878202
878235
878287
878475
878540
878647
878685
878728
878836
878856
878880
878929
879035
879248
879385
879489
879491
879504
879511
879521
879569
879578
879626
879711
879983
880120
880327
880462
880529
880803
881034
881105
881158
881210
881223
881392
881596
881935
881978
882032
882099
882253
882303
882362
882428
882442
882512
882838
883229
883333
883558
883798
883813
883823
884011
884270
884693
884753
884997
885006
885143
885152
885213
885295
885302
885433
885479
885571
885602
886022
886116
886278
886400
886653
886707
886808
886811
886897
886955
887287
887295
887369
887389
887598
887690
887908
887913
887923
888045
888158
888423
888516
888583
888662
888735
888900
888980
888998
889074
889075
889204
889238
889467
889605
889756
889792
889863
890016
890036
890552
890570
890598
890623
890635
890865
891064
891092
891179
891190
891277
891456
891576
891640
891812
891879
891884
891932
892085
892293
892623
892647
892954
893405
893669
893672
893922
894001
894078
894150
894268
894366
894485
894524
894717
894899
894982
895627
895690
895722
895768
896002
896061
896070
896071
896186
896274
896477
896529
896560
896569
896613
896954
896969
897112
897168
897233
897248
897248
897307
897327
897351
897411
897448
897484
897485
897571
897714
897866
897954
898186
898243
898481
898641
898642
898648
898901
898979
899007
899033
899408
899429
899440
899640
899835
899907
899970
899998
900066
900173
900198
900304
900362
900377
900805
901175
901277
901340
901529
901553
901657
901689
901759
902048
902099
902157
902202
902427
902515
902534
902701
902738
902800
902884
902906
902974
903047
903187
903196
903311
903360
903721
903845
903940
904054
904202
904274
904411
904532
904562
904681
904781
904886
904908
905025
905167
905352
905459
905552
905699
905741
905837
905849
906125
906167
906262
906325
906456
906615
906625
906785
906925
906979
906988
907070
907092
907104
907246
907263
907414
907541
907575
907592
907641
907676
907745
907763
907928
907937
907977
908083
908498
908772
909169
909324
909422
909425
909710
909774
909798
909932
909982
910044
910182
910254
910335
910343
910515
910543
910585
910709
910733
910775
910793
910859
911039
911082
911287
911327
911690
911724
911726
911734
911769
912302
912428
912452
912620
912661
912710
912761
912789
912900
913056
913175
913282
913475
913513
913528
913544
913557
913627
913874
913889
914028
914047
914116
914148
914151
914159
914383
914383
914417
914490
914561
914884
914995
915014
915199
915272
915413
915600
915638
915904
915951
916110
916149
916165
916189
916274
916357
916366
916385
916425
916522
916697
916802
916855
916889
917073
917081
917204
917414
917520
917562
917814
917833
917857
917933
918051
918095
918327
918461
918482
918532
918607
918715
918743
918787
918987
919135
919175
919200
919331
919436
919641
919756
919850
920038
920211
920306
920391
920437
920653
920654
920703
920721
920805
920881
920929
920944
920971
921191
921221
921304
921683
921696
921896
921912
921913
922320
922366
922407
922416
922419
922527
922537
922658
922697
922829
922872
922979
923607
923627
923658
923661
923667
923768
923797
923817
923827
923898
923948
924048
924067
924091
924202
924231
924596
924683
924716
924734
924755
924758
924857
924892
924925
924943
925117
925875
925975
926107
926306
926656
926680
926757
926832
927006
927113
927170
927486
927492
927576
927576
927692
927793
927854
927888
927984
928095
928105
928137
928245
928421
928537
928692
928778
929154
929268
929536
929649
929703
929717
929805
929822
929945
929965
930054
930088
930210
930556
930614
930633
930697
930948
930998
931033
931104
931194
931234
931524
931733
931810
932017
932021
932095
932148
932411
932690
932743
933065
933196
933292
933459
933610
933974
933995
934003
934064
934090
934242
934291
934317
934521
934620
934624
934719
935045
935168
935191
935192
935342
935414
935632
935640
935692
935803
935820
935882
936210
936217
936501
936571
936575
936578
936690
936745
936751
936829
936836
936953
936993
937015
937102
937117
937121
937240
937248
937268
937287
937326
937327
937353
937415
937571
937624
937693
937711
937910
937911
937960
938095
938300
938622
938708
938749
938782
938857
938867
939135
939317
939450
939556
939609
939828
939899
939949
940062
940323
940395
940442
940587
940612
940681
940701
940765
940945
940972
941465
941726
941754
941877
941879
941886
942130
942246
942329
942349
942627
943028
943073
943275
943414
943445
943596
943599
943711
943713
943802
943898
943952
943959
943960
943972
943981
944024
944182
944384
944420
944431
944487
944495
944540
944705
944714
944811
944867
944869
944886
945369
945486
945634
945676
945829
945863
945999
946451
947509
947541
947763
947901
948013
948029
948260
948313
948454
948531
948574
948981
948994
949169
949377
949409
949414
949484
949545
949603
949669
949679
949909
950088
950120
950162
950178
950349
950414
950499
950513
950535
950583
950734
950870
951405
951760
951771
951956
952018
952419
952621
952635
952755
952791
952874
952975
953026
953061
953174
953238
953258
953312
953480
953514
953522
953610
953641
953648
953684
953749
953940
954143
954221
954325
954330
954568
954619
954796
954821
954998
955007
955022
955141
955180
955191
955235
955257
955294
955420
955429
955437
955508
955782
955850
955941
955985
956271
956354
956373
956528
956677
956875
956917
956947
957075
957080
957170
957319
957368
957417
957436
957461
957478
957578
957656
957675
957814
957862
958011
958046
958127
958207
958228
958321
958333
958413
958510
958511
958520
958665
958704
958771
959190
959191
959535
959564
959689
959788
960111
960135
960202
960286
960286
960287
960408
960512
960611
960620
960846
961087
961195
961336
961608
961748
961882
961994
962040
962069
962295
962701
963173
963183
963281
963411
963464
963477
963514
963623
963742
963832
963847
963856
963895
963937
963945
964152
964319
964337
964352
964380
964580
964850
964922
965026
965110
965180
965657
965864
965904
966009
966071
966089
966200
966252
966328
966348
966414
966432
966549
966556
966585
966632
966657
966886
966919
967098
967341
967467
967566
967588
967648
967750
967788
967866
967878
967952
967998
968008
968320
968403
968426
968494
968543
968689
968862
968931
969005
969091
969132
969140
969143
969222
969517
969724
969750
969798
970020
970046
970235
970410
970412
970431
970451
970477
970529
970607
970644
970673
971077
971091
971472
971521
971646
971655
971734
971749
971927
972280
972348
972519
972635
972715
973036
973069
973072
973152
973156
973203
973208
973339
973386
973435
973455
973562
973591
973838
974062
974070
974163
974455
974495
974506
974695
974783
974804
974918
975142
975297
975309
975316
975359
975385
975444
976010
976056
976063
976085
976129
976181
976188
976255
976269
976406
976411
976699
976795
976831
976832
976857
976953
977017
977232
977297
977452
977462
977468
977690
977799
977954
977979
978011
978021
978276
978428
978643
978665
978877
978980
979012
979139
979437
979525
979548
979576
979614
979710
979727
979734
979796
979987
980087
980132
980148
980150
980273
980501
980657
981085
981090
981197
981402
981450
981473
981567
981599
981727
981752
981767
981823
981877
982045
982239
982395
982418
982591
982604
982604
982618
982628
982639
982686
982754
983073
983160
983357
983619
983622
983659
983840
984051
984165
984226
984413
984574
984635
984653
984658
984904
985192
985273
985323
985585
985594
985604
985673
985710
985976
986178
986215
986278
986280
986404
986429
986769
987283
987347
987407
987516
987537
987592
987617
987639
987732
987735
987752
988068
988144
988217
988260
988269
988327
988694
988706
988755
989035
989096
989194
989323
989400
989472
989480
989518
989702
989880
990007
990043
990358
990381
990386
990393
990543
990644
990648
990678
990857
991121
991303
991363
991594
991677
991706
991856
991885
992001
992480
992528
992529
992537
993143
993168
993219
993304
993325
993470
993524
993717
993759
993871
993878
994036
994246
994276
994350
994399
994499
994620
994653
994766
995007
995029
995099
995247
995379
995488
995505
995583
995766
995860
996132
996171
996178
996186
996614
996803
996828
997056
997067
997402
997411
997438
997590
997758
997861
997946
998021
998300
998313
998313
998391
998404
998459
998573
998717
998848
998959
999087
999188
999197
999205
999246
999252
999482
999518
999527
999532
999580
999644
999783
999918
999985