109
110
168
180
228
299
304
639
676
728
874
944
993
997
1006
1087
1088
1166
1258
1301
1346
1518
1548
1554
1554
1628
1878
1930
1934
2159
2208
2335
2366
2620
2849
3041
3051
3184
3188
3239
3558
3642
3839
3951
4052
4122
4152
4220
4302
4334
4433
4441
4575
4728
4781
4874
5002
5073
5164
5322
5393
5446
5612
5624
5656
5717
5724
5762
5794
5832
5847
5894
5992
6286
6330
6400
6491
6497
6546
6594
6681
6978
7159
7230
7333
7436
7506
7573
7802
7838
7842
7903
7906
7951
8268
8331
8341
8429
8531
8566
8674
8869
8893
8911
8955
9050
9155
9220
9370
9623
9639
9780
9793
9805
9974
10021
10056
10060
10244
10270
10670
10799
10950
10968
11005
11327
11429
11763
11818
11924
12019
12103
12325
12633
12703
12787
12893
12922
13205
13396
13412
13524
13563
13826
13834
13839
13975
14101
14419
14572
14603
14722
14887
15095
15100
15309
15493
15557
15635
15747
15868
15871
15895
15896
15982
16010
16107
16144
16249
16402
16414
16473
16621
16622
16727
16778
17041
17180
17188
17283
17300
17403
17441
17554
17587
17798
18002
18005
18076
18214
18219
18480
18525
18665
18765
18885
18906
18911
18957
19147
19151
19161
19248
19265
19387
19434
19570
19711
19719
19750
19823
19907
19994
20045
20061
20222
20478
20583
20625
20737
20915
21214
21375
21378
21383
21420
21422
21491
21634
21636
21639
21667
21736
21782
21829
21890
21961
22030
22358
22369
22625
22741
22753
22908
22915
22936
22981
22989
23098
23137
23170
23272
23327
23547
23650
23753
24386
24434
24658
24694
24835
25048
25175
25383
25640
25719
26248
26440
26726
26866
27097
27188
27228
27231
27253
27296
27382
27437
27559
27613
27750
27809
27876
27994
28045
28116
28127
28383
28435
28443
28648
28671
28962
29112
29117
29315
29697
29705
29748
30008
30172
30282
30328
30383
30585
30618
30652
30669
30814
30884
30997
31044
31142
31471
31505
31513
31527
31593
31633
31641
31647
31793
31799
31807
31830
31838
31931
31961
31973
32018
32140
32199
32677
32733
32846
32936
33037
33271
33275
33444
33499
33556
33729
33781
33805
33907
34091
34143
34364
34486
34504
34545
34669
34703
34826
34843
34845
35282
35300
35347
35386
35403
35555
35671
35673
35690
35735
35757
35827
35993
36513
36579
36627
36795
36799
36920
36989
37041
37042
37227
37243
37337
37376
37377
37389
37454
37455
37569
37729
37816
37872
37961
38014
38165
38225
38237
38335
38422
38449
38449
38575
38666
38726
38763
38957
38962
38990
39094
39165
39343
39392
39606
39626
39685
39693
39714
39880
40294
40323
40460
40467
40476
40505
40536
40700
40729
40819
40826
40929
40935
41300
41633
41664
41722
41777
41852
41860
42055
42189
42312
42315
42468
42518
42808
42895
43003
43041
43435
43687
43821
43993
43999
44131
44447
44459
44507
44648
44707
44866
44876
44928
44980
45086
45095
45095
45096
45125
45368
45478
45543
45545
45656
45735
45806
45821
45860
45920
45964
45975
46015
46069
46095
46253
46316
46339
46456
46653
46688
46758
46818
46860
46906
47018
47020
47150
47277
47317
47377
47722
47748
47999
48038
48079
48225
48375
48688
48944
49023
49047
49133
49146
49152
49589
49668
49687
49766
49804
49813
49832
49984
50010
50063
50171
50218
50320
50322
50536
50596
50642
50804
50868
50972
51027
51063
51091
51132
51167
51199
51236
51240
51337
51413
51444
51815
51834
51885
52064
52138
52144
52161
52176
52242
52864
52988
53068
53180
53388
53526
53613
53755
53808
53870
54000
54122
54317
54361
54584
54671
54704
54735
54818
54824
54938
55051
55062
55127
55228
55364
55439
55492
55516
55672
55695
55768
55793
55831
55849
55939
56021
56076
56216
56232
56293
56365
56430
56608
56713
56890
57041
57202
57210
57248
57438
57455
57499
57704
57738
57752
57858
58072
58102
58149
58187
58314
58326
58354
58665
58801
58841
58863
58969
59012
59013
59057
59112
59131
59147
59269
59279
59361
59487
59497
59561
59659
59831
59903
59989
60085
60172
60278
60319
60549
60618
60855
60879
60966
61126
61377
61446
61510
61587
61587
61596
61596
61659
61740
61790
61988
62238
62291
62463
62490
62513
62533
62547
62553
62561
62911
62913
63166
63191
63321
63378
63389
63577
63672
63808
63881
64140
64273
64295
64455
64559
64637
64660
64760
64768
64821
65224
65253
65492
66106
66189
66544
66573
66639
66656
66716
66740
67063
67095
67126
67153
67367
67479
67500
67621
67630
67858
68016
68051
68060
68125
68364
68435
68766
68815
69000
69123
69304
69738
69833
69861
69900
69912
69924
69945
70020
70108
70164
70193
70420
70467
70473
70482
70540
70542
70545
70620
70775
70778
70873
70891
71362
71605
71608
72196
72358
72406
72428
72468
72557
72687
72920
73092
73147
73176
73341
73352
73397
73400
73741
73755
73796
73933
73934
74049
74093
74104
74588
74932
74966
74990
75167
75225
75227
75271
75416
75464
75582
75678
75710
75714
75780
75843
76021
76056
76203
76210
76217
76345
76395
76510
76567
76588
76616
76670
76806
76880
76972
77376
77401
77410
77464
77521
77595
77649
77652
77711
77831
77969
78046
78185
78395
78463
78500
78533
78562
78569
78696
78758
78897
79107
79739
79794
79887
79968
80094
80401
80415
80658
80695
80714
80755
80755
80770
80798
80847
80866
80876
80978
80987
81068
81164
81229
81296
81316
81546
81555
81713
82064
82166
82196
82578
82832
82836
82965
82965
83255
83281
83513
83520
83936
84002
84007
84132
84187
84247
84869
84885
85108
85448
85528
85555
85560
85599
85720
85942
86021
86077
86393
86489
86542
86595
86636
86914
86948
87070
87102
87113
87186
87234
87426
87526
87545
87567
87747
87812
87851
87865
87892
87972
88041
88101
88108
88117
88122
88233
88278
88385
88689
88713
88773
89055
89057
89068
89181
89246
89427
89548
89782
89808
89940
90114
90125
90194
90196
90268
90442
90446
90711
90731
90760
90876
90922
90997
91048
91064
91121
91128
91149
91208
91367
91370
91370
91382
91482
91513
91534
91536
91593
91595
91834
91857
91870
91880
92130
92248
92668
92694
92826
92914
92928
92973
93091
93110
93141
93142
93242
93259
93292
93408
93460
93491
93519
93590
93800
93830
93910
93974
93981
94090
94301
94391
94415
95074
95075
95107
95119
95158
95253
95281
95295
95445
95569
95601
95878
95935
95945
96077
96193
96223
96228
96342
96364
96404
96457
96649
96772
96800
96877
96906
96967
97153
97158
97206
97290
97655
97883
97919
98067
98083
98101
98131
98382
98397
98451
98498
98520
98727
98740
98833
99148
99419
99616
99655
99744
99776
99795
99797
100026
100096
100164
100215
100289
100307
100322
100511
100559
100687
100738
100739
100745
100752
100937
100941
101000
101174
101197
101375
101426
101427
101594
101698
101768
101798
101885
101904
102001
102031
102251
102253
102351
102359
102376
102383
102425
102586
102729
102803
103115
103254
103439
103485
103544
103603
103747
103759
103768
103881
103895
103911
104031
104064
104170
104267
104312
104418
104534
104619
104829
104838
104966
105156
105163
105208
105240
105335
105399
105723
105797
105826
106165
106177
106216
106453
106462
106546
106768
106803
106930
106990
107005
107159
107339
107373
107377
107387
107919
107922
107991
108025
108061
108286
108334
108422
108531
108538
108577
108654
108714
108944
108947
109021
109105
109113
109304
109562
109779
109830
110005
110129
110304
110446
110973
110989
111336
111350
111457
111533
111541
111577
111619
111757
111782
111899
111916
112035
112042
112122
112206
112620
112654
112857
113080
113211
113232
113279
113309
113380
113703
113741
113807
113831
113972
114033
114360
114473
114508
114634
114673
114869
115090
115115
115217
115286
115404
115440
115454
115619
115630
115777
115847
115946
116142
116143
116493
116561
116668
117174
117335
117445
117489
117632
117677
117679
117782
117824
117938
118365
118462
118528
118578
118667
118674
118678
119017
119244
119287
119350
119351
119388
119393
119395
119547
119575
119721
119890
119932
120072
120077
120084
120133
120167
120262
120350
120407
120461
120492
120549
120613
120700
120731
120846
120851
120951
121165
121190
121226
121340
121471
121523
121570
121721
121748
121923
122056
122174
122181
122279
122432
122542
122730
122739
122798
122937
122999
123001
123018
123262
123334
123346
123799
123915
124008
124081
124139
124301
124315
124347
124353
124750
124758
124860
124870
124933
124979
124982
125005
125286
125332
125419
125641
125688
125703
125729
125891
125965
126042
126070
126190
126320
126374
126412
126591
126635
126637
126742
126765
126786
126980
127006
127086
127217
127266
127484
127612
127619
128016
128035
128070
128121
128191
128312
128372
128620
128843
129062
129145
129225
129235
129311
129323
129335
129381
129570
129741
129876
129966
129983
130031
130150
130233
130259
130282
130497
130663
130667
130758
130799
130882
130927
130969
130994
131115
131242
131282
131349
131493
131505
131613
131708
131749
131774
131939
131955
131968
132266
132306
132311
132546
132683
132720
132840
133039
133057
133105
133151
133321
133394
133436
133467
133602
133610
133622
133650
133668
133735
133745
133757
133951
133983
134132
134422
134580
134779
134977
135038
135140
135186
135296
135358
135388
135396
136187
136251
136290
136322
136353
136468
136496
136664
136695
136768
136800
136923
137011
137081
137187
137217
137260
137278
137585
137708
137797
137866
137963
138074
138473
138536
138556
138561
138571
138591
138620
138945
139066
139224
139262
139277
139279
139489
139554
139621
139761
139779
140007
140192
140282
140368
140990
141015
141128
141129
141139
141192
141461
141566
141681
141881
141891
141964
142042
142113
142120
142210
142384
142761
142824
142826
142892
142953
142964
142991
143232
143247
143372
143513
143661
143898
143947
143957
144058
144138
144184
144205
144592
144618
144703
144945
145166
145170
145268
145276
145318
145355
145554
145581
145616
145623
145772
145865
145884
145979
146013
146023
146039
146285
146287
146439
146454
146680
146709
146814
146921
147167
147309
147345
147458
147485
147559
147701
147821
147838
148042
148264
148286
148422
148649
148650
148660
148733
148795
148804
148818
148855
148888
148903
149052
149197
149476
149583
149897
149973
150006
150074
150168
150313
150359
150366
150840
151176
151354
151524
151565
151618
151651
151710
151739
151879
151927
151987
152003
152097
152209
152273
152383
152412
152616
152688
152739
152884
152970
153422
153426
153455
153463
153463
153565
153592
153838
153858
154110
154162
154389
154467
154500
154732
154781
154788
154867
154973
155114
155262
155330
155521
155600
155672
155808
155838
155852
155868
155938
156187
156195
156213
156218
156231
156325
156354
156363
156497
156809
156881
156976
157046
157070
157309
157333
157389
157712
157744
157912
157913
158539
158673
158701
158912
158986
159048
159050
159323
159528
159616
159671
159674
159692
159867
160173
160312
160395
160685
161066
161182
161228
161320
161342
161551
161773
161793
161966
162163
162188
162223
162249
162343
162495
162779
162955
162985
163039
163167
163300
163405
163487
163551
163861
163989
164013
164159
164570
164580
164606
164618
164670
164819
164842
164856
164988
165011
165054
165159
165185
165203
165317
165347
165393
165670
165700
165772
165998
165999
166006
166032
166087
166107
166227
166395
166465
166543
166555
166567
166720
166738
166754
166875
166938
166947
166957
167508
167606
167779
167852
168236
168397
168455
168463
168578
168753
168793
168804
168832
168937
168949
168973
169179
169308
169337
169473
169498
169528
169630
169678
169748
169848
169924
169928
169995
170102
170138
170334
170404
170438
170470
170799
170846
170891
170924
171139
171319
171338
171371
171377
171440
171700
171710
171832
171881
172009
172193
172312
172346
172505
172566
172601
172685
172819
172843
173102
173200
173373
173531
173545
173742
173884
173949
173999
174114
174217
174419
174454
174502
174661
174931
175015
175062
175090
175162
175226
175367
175484
175713
175877
175881
175946
175966
176326
176489
176654
176702
176786
176898
176901
176921
176971
177210
177435
177461
177844
178169
178201
178244
178269
178777
178852
178879
178884
178943
179362
179441
179557
179576
179735
179749
179781
179838
180439
180570
180597
180617
180672
180696
180753
180939
180966
180976
181016
181065
181170
181298
181305
181430
181434
181438
181455
181642
182114
182144
182228
182237
182446
182542
182557
182606
182745
182883
183023
183145
183169
183250
183306
183626
183726
183778
183812
183887
183891
183989
184070
184139
184421
184435
184648
184726
184740
184760
184788
185045
185056
185120
185534
185676
185750
186312
186408
186526
186701
186789
186835
186956
187025
187239
187350
187463
187855
188100
188119
188178
188202
188638
188639
188652
188674
188831
188840
188948
188981
188991
189072
189203
189408
189432
189594
189627
189644
189721
189943
189950
190097
190159
190172
190441
190447
190583
190586
190639
190690
190788
190798
190908
191171
191215
191295
191330
191426
191445
191554
191677
191761
191831
191942
192233
192284
192323
192420
192445
192448
192822
192966
192997
193100
193137
193201
193285
193343
193431
193456
193806
194228
194332
194336
194372
194566
194757
194960
195055
195359
195423
195447
195501
195627
195632
195661
195762
195828
195874
195904
195980
196706
196782
196807
196870
197102
197180
197248
197365
197417
197535
197667
197831
197831
197969
197990
198042
198110
198396
198477
198489
198652
198870
199042
199053
199240
199364
199401
199432
199585
199657
199744
199748
199837
199901
200102
200225
200287
200290
200310
200392
200398
200441
200452
200530
200779
200779
201126
201365
201371
201478
201531
201543
201793
201795
202125
202204
202264
202304
202441
202729
202763
202781
202784
202824
203197
203337
203342
203490
203571
203646
203707
203786
203804
203840
203967
203990
204037
204120
204150
204158
204177
204190
204281
204539
204569
204635
204697
204718
204727
204796
204838
204870
204884
205070
205089
205197
205324
205395
205562
205654
205656
205667
205846
206037
206091
206176
207030
207097
207363
207368
207430
207453
207471
207512
207534
207553
207621
207839
207863
207881
207904
207930
208107
208215
208344
208388
208653
208685
208707
208759
209117
209345
209390
209392
209556
209662
209670
209673
209781
209830
209957
210004
210218
210218
210224
210261
210263
210383
210487
210988
210993
211053
211061
211360
211451
211471
211525
211712
211801
211858
211921
211946
211969
212105
212308
212430
212433
212639
212641
212678
212835
212897
213089
213094
213110
213217
213356
213376
213427
213541
213931
213935
214094
214149
214185
214271
214295
214315
214602
215011
215340
215436
215511
215676
215745
215762
215774
215789
215803
216179
216185
216260
216272
216287
216353
216395
216403
216560
216580
216622
216639
216975
217148
217171
217275
217323
217437
217503
217515
217646
217686
217797
217834
218197
218275
218328
218686
218811
218881
219155
219175
219194
219360
219366
219385
219470
219626
219631
219747
219844
219894
219952
219985
220019
220043
220100
220155
220488
220668
220892
221189
221323
221393
221426
221562
221605
221658
221719
221722
221778
221867
221909
221990
222145
222208
222251
222284
222364
222439
222515
222540
222671
222720
222734
222813
222870
223034
223288
223389
223454
223498
223540
223544
223556
223635
223660
223946
224078
224158
224240
224712
224743
224905
224967
225122
225191
225200
225311
225542
225918
225964
225979
226059
226143
226191
226357
226648
226833
226859
226951
227080
227124
227190
227285
227304
227352
227374
227409
227639
227696
227720
227972
227974
228026
228251
228324
229128
229189
229277
229339
229417
229613
230231
230312
230339
230439
230442
230465
230495
230582
230629
230673
230826
230894
230915
230970
231153
231204
231283
231469
231762
231790
232353
232501
232528
232537
232803
232809
232831
232955
233270
233282
233441
233641
233698
233721
233751
233799
233816
234028
234160
234426
234772
234799
234943
235065
235116
235306
235486
235558
235598
235662
235802
235861
235937
235981
236081
236091
236128
236161
236429
236548
236559
236591
236608
236649
236771
236848
236852
237119
237186
237200
237245
237250
237298
237417
237500
237592
237650
237737
237794
237838
237941
237984
238019
238021
238130
238139
238174
238307
238310
238389
238490
238533
238552
238567
238645
238646
238650
238669
238672
238729
238737
239043
239272
239277
239489
239540
239615
239760
239817
239823
239852
239882
239983
240008
240054
240056
240109
240203
240296
240635
240672
240674
240694
240702
240830
240909
240978
240989
241191
241276
241298
241354
241366
241444
241551
241664
241785
241811
242098
242164
242356
242374
242688
242776
242870
242967
243061
243153
243158
243308
243330
243588
243604
243672
244080
244106
244134
244228
244326
244375
244569
244585
244599
244611
244646
244648
244783
244798
244937
244960
244979
245100
245222
245294
245300
245304
245336
245459
245473
245803
245851
245955
246094
246443
246752
247020
247251
247288
247441
247477
247499
247503
247915
248011
248043
248054
248114
248188
248196
248345
248563
248586
248720
248759
248772
248972
249066
249475
249607
249711
249715
249812
249930
249959
250117
250192
250198
250240
250283
250330
250338
250343
250505
250514
250557
250672
250682
250711
250843
251081
251206
251405
251448
251628
251635
251846
252018
252068
252129
252196
252231
252268
252298
252431
252567
252575
252622
252673
252776
252934
252949
253072
253176
253367
253558
253717
253756
253781
253857
253895
253937
254011
254177
254317
254339
254482
254502
254708
254728
254803
254813
254870
255314
255441
255739
255805
255833
255959
256099
256213
256301
256659
256809
256863
257055
257085
257142
257203
257225
257521
257560
257605
257663
257775
258086
258126
258353
258496
258816
258858
258861
258961
259018
259172
259310
259373
259518
259565
259868
260040
260143
260181
260347
260560
260610
260628
260713
260775
260793
260918
261032
261101
261251
261583
261592
261631
261720
261740
262146
262267
262343
262383
262534
262576
262646
262849
262863
262970
263039
263150
263263
263307
263426
263445
263458
263548
263652
263666
263750
264293
264325
264351
264456
264672
264707
264747
264793
264916
265055
265066
265363
265373
265434
265451
265531
265546
265721
265776
265984
265986
266228
266297
266323
266365
266525
266556
266714
267048
267131
267164
267222
267250
267315
267406
267523
267811
267831
267943
268110
268314
268517
268598
268672
268796
268804
268918
268967
269049
269481
269656
269871
269984
270002
270067
270244
270411
270484
270702
270768
270799
270849
270974
271228
271357
271554
271572
271591
271593
271757
271826
271845
272050
272121
272126
272182
272455
272528
272541
272587
272587
272714
272831
272936
272965
273055
273210
273243
273322
273452
273527
273634
273693
273703
273796
273818
273852
273926
274098
274106
274234
274235
274370
274412
274466
274625
274722
274856
275475
275509
275549
275652
275713
275718
275797
276063
276500
276514
276567
276610
276620
276696
276739
276764
276784
276803
276812
276871
276886
276955
277142
277288
277308
277425
277485
277574
277656
277667
277831
277843
277990
278146
278175
278177
278294
278385
278442
278512
278571
278757
278765
278812
278885
278895
279023
279134
279137
279177
279180
279375
279458
279485
279485
279517
279620
279669
279693
279826
279843
279964
279981
279984
279991
280197
280270
280327
280388
280505
280885
281445
281508
281536
281637
281954
282010
282048
282105
282244
282313
282506
282546
282638
282646
282738
282740
282875
282962
283031
283072
283127
283200
283406
283464
283526
283714
283848
283886
284208
284234
284279
284553
284652
284660
284740
284935
284969
285001
285035
285110
285232
285257
285336
285422
285531
285544
285627
285812
285821
285841
285908
286137
286295
286499
286873
287005
287040
287084
287218
287352
287452
287575
287970
288040
288111
288141
288376
288696
288773
288778
288814
288855
288916
289023
289048
289735
289764
289775
289851
289966
290457
290550
290593
290605
290622
290628
290632
290724
290725
290816
290867
290924
291192
291367
291519
291523
291585
291634
291691
291764
291903
291919
292013
292046
292643
292650
292653
292693
292706
292731
292929
293114
293124
293233
293396
293414
293706
293797
293844
294064
294078
294239
294273
294274
294293
294310
294321
294351
294516
294582
294656
294675
294679
294853
294946
294962
294988
295383
295426
295431
295448
295491
295650
295665
295973
295983
296006
296106
296143
296185
296326
296447
296710
296724
296756
296830
296867
297054
297163
297387
297397
297725
297868
297872
298094
298219
298269
298285
298504
298639
298742
298804
298905
298969
298969
298977
299145
299402
299420
299509
299636
299651
299674
299940
299972
300017
300070
300272
300341
300491
300588
300589
300876
300899
300899
301269
301428
301462
301486
301557
301665
301860
301929
302159
302367
302371
302466
302494
302564
302726
302891
302914
303057
303061
303407
303433
303745
303818
303878
303956
304023
304171
304304
304426
304547
304862
305001
305062
305110
305146
305170
305264
305330
305458
305460
305512
305688
305843
306021
306026
306204
306225
306335
306461
306655
306658
306666
306746
306763
306927
306939
306996
307031
307204
307250
307338
307511
307512
307537
307618
307671
307799
307809
307894
307997
308086
308100
308140
308144
308225
308231
308315
308361
308427
308634
308787
308960
309150
309209
309277
309329
309467
309513
310002
310050
310143
310144
310331
310465
310755
310787
310838
310902
311037
311232
311301
311403
311409
311560
311581
311802
311865
311941
312098
312163
312549
312607
312632
312677
312835
312835
312855
313010
313163
313399
313465
313494
313603
313624
313637
313776
313815
313963
314083
314132
314141
314233
314281
314369
314460
314494
314508
314702
314714
314883
314990
315040
315281
315403
315475
315582
315702
315768
315799
315940
315967
315969
315983
316038
316121
316269
316383
316448
316467
316654
316817
316879
316923
316970
317003
317033
317136
317531
317537
317584
317839
318025
318053
318215
318313
318749
318765
318826
318832
318870
319087
319110
319322
319370
319473
319518
319537
319566
319745
320166
320188
320270
320373
320634
320780
320801
320845
321042
321110
321158
321188
321189
321312
321327
321475
321545
321626
321775
321849
321911
321952
321974
322149
322154
322173
322299
322492
322576
322697
322830
322830
322997
323130
323138
323155
323202
323375
323460
323585
323589
323627
323757
323774
323837
323961
324003
324017
324100
324241
324779
324796
324870
325028
325289
325317
325480
325676
325690
325742
325791
325834
325978
326021
326061
326112
326216
326437
326490
326632
326728
326737
326909
326913
326974
327249
327253
327262
327373
327635
327692
327772
327793
327890
328010
328041
328043
328239
328428
328439
328566
328604
328641
328733
328818
328860
328975
329003
329007
329126
329146
329218
329249
329490
329583
329714
329755
329807
329984
330098
330362
330567
330774
330844
330991
331024
331062
331301
331322
331672
331724
331811
331841
331886
331941
332056
332093
332126
332249
332464
332477
332546
332652
332665
332747
332809
332866
333022
333029
333073
333100
333219
333228
333341
333588
333824
333861
333889
333902
333964
334001
334070
334159
334287
334347
334510
334511
334552
334745
334793
334815
334865
334878
334894
334908
334924
335140
335243
335877
336018
336107
336153
336290
336485
336526
336770
337114
337138
337369
337426
337438
337521
337563
337928
338212
338419
338442
338527
338584
338670
338739
338819
338932
338962
338975
338998
339027
339160
339690
339986
339987
340007
340034
340061
340380
340395
340401
340603
340746
340994
341014
341047
341140
341179
341184
341295
341342
341416
341577
341589
341718
341816
341931
342021
342102
342274
342332
342390
342391
342460
342493
342660
342749
342920
342965
343077
343183
343246
343264
343280
343377
343755
343964
344016
344095
344187
344289
344361
344463
344533
344644
344699
344715
344988
344996
345075
345223
345471
345482
346001
346052
346179
346227
346241
346316
346690
346722
346791
347130
347183
347310
347315
347387
347396
347492
347527
347758
347818
348155
348220
348321
348355
348627
348737
348750
348770
349249
349257
349873
349885
349908
349924
349997
350030
350093
350159
350241
350365
350435
350536
350583
350621
350788
351006
351093
351309
351474
351668
351715
351720
351752
351852
352045
352054
352285
352288
352395
352424
352623
352670
352846
353325
353534
353873
353975
354002
354032
354103
354499
354573
354669
354740
354871
355286
355454
355631
355652
355683
355692
356006
356117
356214
356300
356383
356709
356751
356930
357053
357222
357400
357403
357423
357427
357428
357484
357612
357640
357802
357877
357989
358030
358048
358055
358260
358264
358406
358530
358532
358552
358641
358679
358780
358807
358809
359144
359198
359364
359470
359509
359575
359635
359835
359845
359972
360180
360410
360412
360439
360571
360835
360852
361014
361052
361059
361121
361388
361442
361533
361738
362298
362302
362471
362502
362704
362991
363051
363064
363096
363189
363351
363618
363889
363979
363996
364035
364369
364438
364554
364854
364894
364977
365043
365128
365222
365373
365519
365655
365718
365802
365919
366030
366289
366350
366476
366529
366654
366655
366789
366870
366960
366963
367094
367196
367223
367228
367264
367497
367620
367622
367625
367746
368337
368539
368554
368615
368703
368705
368887
369051
369101
369107
369199
369202
369328
369356
369474
369653
369833
369899
369902
369943
370078
370131
370298
370541
370577
370607
370710
370852
371185
371224
371273
371521
371536
371682
371869
371909
371970
372215
372235
372261
372404
372534
372724
372956
373018
373031
373091
373668
373870
373872
373889
373894
373896
374063
374088
374178
374202
374472
374662
374683
374765
374798
374814
374889
374924
374936
375166
375240
375265
375268
375332
375468
375575
375581
375717
375789
375817
375936
375953
376138
376144
376196
376277
376352
376593
376805
377119
377261
377280
377413
377540
377559
377732
377754
378255
378583
378624
378714
378794
378942
379055
379160
379174
379177
379214
379433
379547
379558
379850
379911
380111
380341
380412
380536
380636
380727
380741
380822
380839
380850
380906
380995
381024
381164
381174
381762
381995
382170
382199
382321
382404
382481
382512
382516
382582
382816
382854
382889
382917
382945
382983
383068
383107
383124
383202
383325
383566
383666
383710
383767
383800
383937
383947
383966
384249
384420
384554
384584
384593
384720
384729
384954
384996
385137
385177
385404
385611
385996
386011
386012
386030
386114
386132
386183
386220
386319
386565
386624
386629
386758
386817
386898
386966
386967
386993
387616
387696
387716
387727
387803
387810
387812
387961
387977
388044
388074
388347
388358
388382
388565
388801
388829
388912
389180
389299
389334
389341
389569
389612
389636
389687
390109
390168
390238
390265
390293
390344
390350
390363
390569
390584
390591
390641
390726
390763
390823
390849
391170
391434
391449
391643
391983
392070
392085
392105
392137
392295
392306
392477
392500
392506
392555
392597
392703
392729
392796
392876
393006
393048
393157
393244
393285
393298
393399
393584
393740
393784
393971
394014
394271
394337
394381
394702
394774
395001
395059
395116
395122
395171
395176
395383
395444
395475
395484
395504
395628
395814
396000
396422
396563
396622
396647
396773
396820
396943
396983
397021
397079
397267
397292
397358
397472
397617
397657
397719
397741
397752
397831
397974
398083
398201
398230
398371
398452
398608
398797
398896
398993
398998
399084
399163
399206
399302
399303
399367
399376
399418
399449
399499
399611
399693
399759
399841
399926
400143
400183
400236
400249
400269
400312
400377
400528
400619
400704
400747
400766
400830
400877
400912
401045
401074
401211
401464
401551
401644
401649
401753
401884
401972
401997
402020
402308
402342
402725
402864
402979
403164
403340
403579
403825
404342
404428
404568
404787
404796
404879
405093
405109
405293
405314
405362
405379
405416
405463
405476
405497
405513
405755
405879
405979
406012
406058
406074
406084
406429
406833
406950
407001
407046
407101
407158
407164
407316
407477
407603
407627
407774
407844
408112
408268
408340
408366
408699
408722
409108
409140
409157
409176
409220
409231
409668
409929
410155
410833
410837
411032
411053
411074
411083
411361
411369
411434
411581
411809
411815
411931
412090
412113
412225
412685
412753
412763
412847
412852
412980
413139
413159
413237
413249
413259
413272
413365
413371
413516
413624
413774
413863
413972
413984
414035
414253
414361
414498
414607
415244
415387
415529
415606
415712
415860
415875
415912
415962
415999
416014
416016
416098
416164
416549
416780
416848
417045
417291
417315
417322
417337
417428
417689
417725
417820
418026
418077
418273
418323
418497
418555
418605
418846
418923
419131
419228
419302
419340
419365
419413
419545
419708
419744
419866
419936
419988
420114
420170
420196
420201
420316
420364
420721
420722
420752
420847
420902
421183
421189
421193
421256
421649
421668
421767
421818
421904
421965
422031
422240
422347
422382
422402
422571
422656
422742
422829
422900
423007
423107
423110
423171
423387
423616
423876
424099
424101
424109
424125
424130
424140
424484
424576
424705
424718
424747
424760
425082
425101
425107
425365
425495
425615
425758
425892
425897
425898
426000
426006
426118
426151
426175
426184
426203
426252
426254
426338
426731
426760
426791
426993
427072
427141
427408
427556
427573
427771
427822
427851
427862
427977
427986
428021
428114
428144
428195
428388
428449
428489
428824
428942
429066
429068
429133
429175
429327
429337
429396
429500
429540
429743
429743
430111
430141
430299
430595
430598
430736
430737
430790
430859
431009
431053
431107
431112
431176
431198
431216
431218
431250
431317
431471
431503
431548
431582
431642
431656
431913
432121
432259
432264
432342
432353
432494
432572
432585
432654
432739
432769
432787
432875
432879
433180
433417
433489
433673
433700
433725
433786
433788
434024
434148
434212
434278
434307
434495
434507
434562
434626
434643
434940
435007
435190
435311
435504
435617
435621
435815
435875
435965
435988
436057
436238
436318
436421
436464
436573
436716
436820
436886
436915
437097
437116
437197
437218
437257
437365
437504
437606
437661
437698
437712
437825
437908
437982
438061
438106
438172
438287
438304
438320
438388
438400
438454
438456
438479
438508
438555
438809
438983
439133
439145
439436
439743
440176
440246
440282
440384
440554
440584
440605
440836
440979
441044
441106
441226
441341
441402
441573
441647
441810
442065
442327
442339
442477
442507
442802
442871
442914
443025
443042
443237
443325
443367
443391
443464
443713
443751
443812
443834
443902
443963
444043
444208
444252
444298
444435
444455
444552
444605
444918
444984
445005
445048
445104
445189
445270
445303
445632
445660
446070
446336
446493
446529
446626
446831
446932
446964
447156
447194
447444
447551
447678
447777
447840
447931
447961
448023
448185
448242
448410
448455
449015
449051
449080
449083
449395
449431
449490
449531
449537
449909
450127
450256
450541
450624
450657
450702
450722
450878
450977
451079
451083
451379
451396
451451
451610
451616
451956
452073
452083
452183
452302
452309
452399
452483
452884
452963
453168
453249
453295
453389
453446
453517
453608
453804
453885
454576
454755
454888
454976
455046
455190
455290
455333
455395
455434
455495
455500
455631
455688
455949
456180
456215
456467
456546
456614
456822
457071
457089
457104
457124
457159
457203
457217
457428
457489
457586
457729
457818
457883
457924
458061
458160
458242
458294
458418
458483
458573
458735
458843
458871
458983
459014
459094
459095
459490
459499
459620
459762
459867
459948
459979
460051
460096
460374
460456
460506
460616
460619
460655
460740
460745
460842
460969
461016
461117
461136
461211
461399
461421
461520
461882
461994
462005
462193
462310
462460
462628
462691
462838
462889
462890
462905
462928
463061
463065
463130
463276
463390
463484
463621
463660
463793
463949
463980
464121
464130
464216
464219
464303
464335
464467
464585
464698
464822
465011
465342
465661
465694
465767
465863
466434
466484
466487
466529
466540
466609
466645
466675
466742
467104
467304
467312
467328
467370
467636
467702
467759
467805
467838
467841
468535
468648
468918
469041
469264
469450
469512
469582
469726
469752
469824
469883
470030
470046
470241
470247
470575
470637
470653
470725
470733
470807
470854
470889
471095
471111
471142
471168
471491
471589
471670
471807
472065
472369
472463
472472
472534
472540
472553
472554
472567
472567
472593
472688
472713
472901
472925
472962
473108
473111
473310
473360
473373
473614
473710
473788
473878
473908
473925
473955
474065
474088
474163
474209
474248
474502
474507
474546
474550
474556
474557
474561
474574
474586
474639
474666
474681
474722
474759
474765
474788
475146
475215
475216
475299
475499
475803
475853
475902
475983
476023
476083
476138
476212
476321
476441
476866
476909
477051
477174
477206
477357
477639
477654
477740
477903
477942
477984
478092
478619
478648
478701
478721
478724
478859
478999
479009
479031
479042
479086
479099
479117
479233
479407
479460
479579
479653
479747
479793
480325
480458
480525
480559
480759
480774
480845
480867
480908
481011
481305
481373
481518
481586
481919
481958
482025
482030
482057
482097
482141
482153
482171
482238
482273
482297
482316
482340
482346
482400
482474
482498
482716
483105
483248
483468
483539
483599
483795
483994
484080
484200
484310
484347
484521
484598
484603
484670
484687
484768
484781
484982
485234
485241
485443
485473
485562
485753
485866
486045
486431
486573
486616
486641
486684
486758
486784
486825
487017
487090
487108
487222
487444
487521
487525
487536
487552
487564
487804
487814
488236
488278
488315
488435
488490
488524
488668
488756
488920
489036
489139
489237
489266
489474
489546
489640
489657
489664
489789
489822
489947
489992
490067
490120
490162
490214
490361
490441
490589
490740
490748
490953
490983
490991
490995
491711
491748
491905
492048
492058
492241
492283
492361
492501
492604
492773
492777
492826
492843
492960
493038
493198
493269
493302
493319
493394
493453
493510
493659
493907
494116
494168
494340
494356
494361
494427
494612
494678
494727
494867
494919
495584
495656
495688
495938
495992
496008
496041
496216
496231
496305
496335
496357
496446
496498
496639
496673
496750
496893
496942
496974
497051
497083
497215
497388
497582
497610
497904
497905
497982
498059
498292
498332
498427
498544
498563
498564
498580
498611
498641
498743
499054
499068
499487
499511
499724
499900
500110
500287
500559
500607
500641
500694
500702
500813
500913
500972
501157
501166
501331
501373
501462
501472
501579
501598
501666
501720
501897
502087
502207
502357
502371
502398
502545
502967
502976
503124
503284
503345
503365
503412
503723
503882
503883
503895
503984
504135
504139
504190
504206
504240
504338
504344
504470
504480
504488
505011
505034
505069
505105
505143
505330
505533
505859
505948
506042
506048
506091
506108
506249
506568
506593
506604
506634
506699
506882
506912
507030
507082
507216
507267
507276
507302
507451
507561
507647
507763
507835
507854
507921
507995
508198
508228
508485
508540
508836
508846
508884
508988
509022
509054
509116
509183
509319
509504
509576
509592
509632
509695
509911
509971
510011
510159
510314
510402
510560
510669
510700
510721
510772
510793
510934
510945
510958
510992
511107
511141
511148
511183
511219
511236
511515
511620
511689
511715
511918
512140
512338
512476
512518
512596
512696
512701
512748
512754
512898
513016
513109
513126
513200
513236
513356
513377
513584
513624
513800
513936
513945
513996
514023
514199
514322
514483
514490
514687
515127
515170
515229
515278
515573
515577
515605
515685
515784
515968
516061
516231
516462
516529
516583
516704
516755
516816
516902
517246
517336
517340
517471
517523
517687
517754
517915
518028
518111
518329
518350
518430
518496
518675
518680
518714
518967
518973
519196
519342
519346
519370
519380
519394
519407
519455
519507
519520
519664
519752
519830
519884
520014
520099
520221
520229
520293
520834
521008
521041
521101
521129
521137
521241
521412
521465
521483
521515
521516
521532
521658
521688
521823
521889
522017
522067
522104
522229
522337
522355
522561
522644
522654
522691
522844
522870
522924
523058
523179
523330
523408
523543
523635
523795
523917
523949
524067
524070
524091
524508
524629
524752
524774
524953
525087
525105
525419
525525
525659
525661
525678
525694
525727
525793
525826
525833
525839
525909
525978
526236
526529
526550
526566
526705
526742
526866
527279
527464
527516
527573
527617
527619
527695
527872
528011
528040
528093
528414
528504
528547
528658
528725
528740
528803
529090
529112
529130
529293
529336
529578
529613
529624
529799
529903
529968
529986
530058
530139
530290
530405
530662
530691
530759
530837
531016
531197
531397
531426
531429
531561
531755
531921
531994
532012
532219
532290
532317
532348
532444
532448
532493
532501
532625
532677
532808
532913
532951
533139
533283
533334
533352
533603
533706
533756
533993
534076
534687
534842
534893
534928
534928
535045
535144
535466
535727
535828
535899
536001
536007
536098
536460
536505
536564
536590
536815
536858
536902
537027
537247
537379
537610
537644
537733
537878
537886
538034
538087
538120
538121
538262
538408
538572
538602
538682
538917
538935
538948
539000
539047
539099
539107
539150
539291
539427
539531
539541
539591
539613
539629
539909
540047
540126
540421
540557
540578
540592
540646
540665
540668
540820
540841
540885
541070
541122
541366
541530
541540
541648
541701
541832
542154
542248
542359
542385
542419
542515
542598
542687
542691
542694
542728
542966
543117
543145
543232
543365
543484
543505
543531
543667
543670
543735
543751
543795
543876
543903
544114
544161
544216
544261
544261
544270
544581
544951
545035
545057
545073
545115
545229
545323
545424
545460
545676
545709
545787
545807
545979
545986
546207
546367
546648
546727
546783
546842
546967
546992
547019
547038
547250
547379
547527
547668
547757
547770
547775
547820
547887
548247
548349
548438
548606
548661
548702
548785
549081
549291
549573
549602
549643
549795
550066
550161
550258
550387
550507
550531
550750
550771
550894
551144
551156
551157
551169
551336
552327
552331
552337
552349
552414
552446
552476
552650
552708
553158
553284
553312
553343
553356
553422
553560
553783
553980
553995
553996
554186
554225
554416
554796
554821
554855
554922
554982
555149
555234
555621
555651
555807
556070
556072
556540
556776
556808
556862
556983
556999
557130
557136
557221
557318
557374
557694
557767
557838
557942
557952
558101
558381
558588
558614
558668
558842
558864
558955
559085
559387
559452
559557
559581
559629
559688
559755
559839
560229
560302
560369
560554
560751
560859
560884
560971
561028
561051
561131
561200
561345
561432
561578
561732
562083
562092
562102
562216
562242
562397
562405
562655
562868
563022
563027
563034
563186
563397
563430
563458
563548
563752
563760
563780
563884
564347
564651
564764
565027
565087
565126
565305
565422
565488
565541
565611
565982
566065
566248
566266
566628
566634
566979
567115
567229
567243
567425
567523
567559
567717
567934
568034
568171
568511
568539
568670
568706
568832
568908
569051
569201
569236
569399
569441
569441
569569
569580
569611
569615
569657
569767
569774
569788
569843
569882
570041
570115
570270
570296
570309
570423
570541
570754
570951
570952
570983
571122
571158
571339
571446
571503
571692
571730
571764
571895
572019
572155
572288
572396
572793
573043
573125
573207
573280
573330
573461
573471
573600
573661
573681
573689
573716
573801
574120
574150
574157
574173
574200
574601
574673
574688
574743
574933
574976
575089
575153
575286
575307
575390
575599
575709
575730
575788
575809
575847
575909
575921
576048
576225
576549
576692
576873
576873
576897
577039
577048
577070
577085
577164
577173
577288
577489
577686
577744
577848
577985
578455
578536
578575
578593
578636
578990
579183
579185
579208
579212
579257
579665
579875
579894
580012
580113
580137
580278
580432
580522
580639
580704
580737
580754
580866
580894
581029
581118
581165
581282
581361
581456
581532
581724
581802
581813
581921
581944
582142
582147
582149
582235
582333
582498
582548
582554
582566
582700
582788
582791
582858
582859
582942
583004
583367
583805
583816
583880
583931
584013
584204
584257
584271
584385
584398
584580
584655
584657
584672
584684
584850
584936
585149
585157
585199
585507
585695
585723
585757
585782
585897
586293
586403
586555
586569
586650
586779
586787
586806
586995
587021
587062
587080
587129
587219
587455
587538
587599
587620
587713
587741
587746
587812
587961
588172
588192
588298
588425
588442
588522
588599
588654
588825
588974
589023
589099
589413
589444
589446
589479
589692
589957
589990
590060
590069
590401
590479
590591
590592
590662
590691
590763
591049
591115
591370
591390
591571
591697
591799
591824
592418
592541
592620
592735
592809
592924
592926
593047
593105
593349
593576
593596
593918
593965
594086
594184
594248
594355
594366
594431
594456
594472
594475
594508
594808
594818
594890
594971
595259
595278
595453
595464
595489
595644
595868
596016
596325
596378
596397
596438
596495
596601
596639
596670
596794
596803
596812
596853
596917
596995
597125
597500
597635
597985
598050
598144
598216
598370
598394
598447
598554
598587
598696
598722
598759
598840
598906
598958
598961
598973
599182
599207
599222
599301
599465
599491
599538
599754
600103
600118
600120
600371
600385
600450
600479
600488
600600
600659
600798
600823
600938
600947
601179
601467
601512
601617
601630
601692
601779
601855
602028
602076
602354
602355
602376
602401
602570
602975
603055
603396
603464
603555
603662
603747
603752
603872
603935
604001
604014
604027
604040
604192
604229
604260
604345
604402
604455
604674
604878
604939
605050
605288
605348
605355
605418
605465
605583
605649
605658
605743
605784
605860
605928
605969
606065
606263
606301
606435
606468
606646
607026
607111
607204
607298
607317
607327
607387
607466
607548
607896
607989
608004
608123
608221
608378
608457
608619
608630
608633
608667
608775
608806
608816
608936
609029
609141
609265
609445
609447
609501
609601
609647
609697
609740
609750
609776
609896
610172
610182
610709
610727
610988
611251
611251
611683
611768
611801
611852
611856
612036
612492
612516
612773
612846
612908
613162
613205
613218
613313
613355
613407
613418
613436
613560
613846
613907
614021
614068
614093
614192
614227
614555
614608
614664
614807
614961
615021
615064
615073
615227
615247
615290
615483
615616
615639
615676
615757
615772
615807
615809
615915
616034
616180
616509
616578
616641
616732
616766
617098
617157
617160
617199
617210
617219
617536
617665
617741
617749
617800
617856
617900
617965
617993
618050
618106
618225
618248
618332
618334
618383
618481
618612
618637
618870
618966
619058
619096
619138
619173
619363
619422
619529
619596
619867
619867
620157
620271
620347
620418
620591
620753
620861
620919
620949
621256
621342
621364
621415
621431
621479
621576
621596
621631
621737
621751
621788
621799
621882
622015
622318
622338
622530
622553
622666
622970
623177
623246
623372
623455
623478
623729
623881
623922
624117
624156
624225
624323
624413
624612
624655
624710
624778
624864
624904
625006
625153
625344
625551
625555
625613
625671
626071
626255
626385
626412
626420
626569
626604
626615
626829
626915
626962
627060
627124
627139
627561
627630
627857
628022
628040
628096
628173
628350
628451
628457
628476
628485
628560
628610
628623
628650
628919
628969
628974
629043
629134
629177
629366
629366
629435
629622
629639
629729
629758
629850
629922
629937
630016
630050
630207
630292
630650
630716
630739
630876
631163
631186
631267
631279
631351
631451
631502
631636
631823
631859
631967
632180
632224
632257
632307
632315
632367
632426
632465
632510
632637
632758
632783
632974
633307
633496
633540
633694
633810
634082
634269
634308
634329
634375
634383
634414
634448
634551
634636
634646
634857
634908
634988
635108
635125
635172
635375
635467
635499
635538
635570
635855
635905
635914
635933
636138
636142
636263
636297
636344
636518
636598
636702
636709
636863
637164
637177
637237
637272
637318
637373
637614
637624
637640
637806
637809
637813
638012
638068
638092
638137
638226
638251
638274
638380
638577
638745
638955
639037
639093
639204
639255
639277
639522
639529
639549
639562
639721
639954
640222
640596
640927
641425
641507
641561
641834
642333
642383
642537
642569
642691
642694
642797
642840
643008
643059
643060
643072
643371
643380
643691
643743
643783
643787
643800
643982
644141
644169
644308
644366
644503
644576
644793
644806
644827
644863
644883
644935
645230
645343
645505
645673
645736
645809
645871
646055
646076
646157
646373
646680
646744
646830
646918
647008
647022
647047
647064
647127
647184
647191
647198
647203
647256
647272
647371
647387
647407
647433
647458
647504
647521
647536
647559
647620
647640
648314
648338
648366
648589
648689
648698
648789
648807
648818
648834
648964
648974
649224
649244
649295
649418
649555
649650
649899
649931
650063
650175
650411
650473
650536
650596
650833
650854
651004
651017
651106
651163
651237
651320
651470
651515
651921
652045
652061
652212
652229
652244
652546
652549
652557
652693
652745
653275
653411
653702
653714
653782
653910
654071
654074
654163
654302
654418
654632
654933
654951
655010
655053
655100
655172
655205
655230
655288
655347
655349
655357
655412
655477
655608
655711
655716
655814
655878
655878
655959
655968
656134
656138
656422
656475
656476
656527
656663
656771
656807
656819
656903
657073
657073
657177
657275
657449
657714
657823
657839
657873
657930
658048
658071
658199
658251
658429
658456
658550
658559
658573
658670
658707
658721
658733
658749
658899
658914
658963
659076
659118
659315
659563
659600
659798
659923
660028
660050
660254
660750
660875
660883
660996
661186
661191
661196
661196
661217
661305
661404
661432
661590
661630
661694
661818
661875
661893
661935
661992
662121
662171
662228
662283
662521
662663
662699
662719
662739
662819
662838
662919
663015
663172
663269
663272
663342
663517
663565
663743
663820
663855
663875
664025
664110
664129
664154
664181
664187
664297
664480
664513
664849
664935
664974
664994
665208
665216
665219
665223
665278
665298
665313
665416
665469
665508
665645
666083
666100
666191
666333
666723
666740
666799
666937
667073
667298
667301
667476
667481
667545
667567
667636
667652
668040
668056
668093
668171
668196
668274
668277
668321
668442
668509
668545
668547
668869
668935
669040
669102
669103
669113
669160
669246
669700
669821
669829
670248
670337
670483
670529
670652
670706
670851
670921
671151
671309
671374
671414
671418
671552
671559
671574
671639
671765
671781
671906
672009
672061
672089
672155
672194
672349
672777
672784
672998
673065
673113
673243
673454
673482
673656
673935
674002
674006
674083
674571
674668
674715
674969
674989
675187
675422
675598
675608
675621
675635
675811
675836
675893
676172
676554
676624
676648
676770
676934
676978
677013
677034
677064
677177
677177
677197
677271
677353
677539
677550
677559
677616
677787
677942
678128
678156
678206
678283
678291
678300
678300
678438
678540
678567
678593
678594
678633
678813
678904
679110
679211
679214
679239
679486
679513
679714
679750
680292
680578
680597
680654
680696
680705
680855
680870
680891
680957
680966
681057
681108
681216
681227
681357
681429
681497
681593
681639
681644
681716
682031
682061
682070
682095
682143
682162
682264
682284
682375
682492
682655
682705
682773
682792
682888
683008
683142
683252
683532
683583
683604
683684
683785
683870
683918
684021
684382
684428
684572
684753
684759
684800
684934
685261
685512
685734
685886
685930
685963
686097
686199
686204
686248
686284
686337
686526
686682
686699
687184
687205
687320
687494
687509
687809
687817
687947
687966
688030
688097
688250
688483
688563
688617
688708
689012
689064
689233
689440
689456
689614
689672
689734
689777
689827
689987
690136
690333
690466
690492
690563
690581
690599
690612
690953
691033
691100
691162
691307
691440
691496
691572
691580
691646
691776
691807
691890
691907
691987
692048
692097
692377
692432
692442
692447
692458
692729
692731
692809
692967
692968
693093
693097
693201
693240
693270
693324
693324
693394
693557
693691
693816
693861
693993
694009
694015
694153
694159
694364
694708
694715
694865
694907
694961
695006
695102
695177
695204
695209
695420
695574
695607
695610
695859
695891
695957
696145
696161
696192
696244
696314
696320
696358
696423
696520
696587
696615
696651
696767
696816
696844
697033
697048
697048
697053
697129
697201
697284
697338
697792
697931
697969
698005
698051
698113
698116
698263
698318
698323
698469
698478
698709
698738
698900
699033
699124
699137
699523
699906
700000
700049
700330
700372
700396
700428
700787
700812
700998
701049
701209
701217
701309
701321
701410
701429
701516
701806
701835
701884
702012
702077
702391
702608
702624
702767
702974
702992
703029
703386
703499
703621
703695
703731
703875
703914
704041
704048
704252
704340
704632
704774
704830
704871
704994
705011
705013
705175
705238
705285
705330
705347
705624
705780
705792
705837
706050
706071
706197
706265
706353
706380
706416
706420
706585
706675
706732
706865
706879
706992
707106
707242
707358
707647
707699
707858
708013
708085
708259
708270
708319
708378
708561
708657
708693
708708
709115
709155
709211
709295
709414
709436
709516
709642
710417
710611
710785
710805
710838
710848
710988
711024
711168
711219
711313
711323
711353
711428
711429
711450
711534
711612
711808
711812
711816
711825
712002
712063
712152
712207
712253
712378
712405
712466
712706
712819
713408
713483
713494
713538
713606
713612
713673
713764
713789
713804
713935
714154
714348
714428
714557
714570
714646
714659
714771
714835
714858
714923
714927
714937
715015
715020
715082
715114
715339
715351
715451
715574
715639
715773
715845
715904
716056
716164
716607
716610
717011
717107
717225
717270
717284
717346
717422
717484
717534
717699
717790
717873
717883
717939
717951
718050
718124
718154
718346
718366
718397
718620
718687
718712
719076
719439
719466
719574
719682
719807
719846
720034
720157
720217
720337
720412
720822
720864
721152
721286
721293
721297
721357
721416
721428
721669
721725
721744
721749
721822
722078
722185
722502
722583
722598
722706
722809
722953
723125
723260
723260
723285
723442
723468
723737
723759
723985
724170
724182
724320
724422
724518
724569
724649
724836
724949
725514
725518
725538
725588
725592
725666
725777
725785
725797
725882
725904
726015
726032
726077
726145
726147
726157
726240
726259
726310
726500
726534
726550
726778
726820
726834
726848
726880
726906
726922
727058
727224
727280
727295
727323
727473
727582
727671
727839
728077
728100
728218
728229
728281
728328
728594
728679
728733
728813
728816
728838
728860
728917
728936
728978
728997
729007
729020
729084
729112
729235
729367
729540
729559
729592
729615
730161
730234
730256
730347
730364
730391
730655
730867
730908
731044
731136
731218
731265
731301
731313
731383
731429
731447
731520
731621
731682
731779
731866
731887
731969
732164
732370
732427
732479
732702
732855
732871
733130
733235
733242
733327
733354
733401
733469
733531
733540
733613
733760
733779
734252
734594
734604
734604
734675
734825
734879
734974
734985
735515
735655
735884
736073
736224
736380
736569
736651
736702
736875
737225
737275
737279
737301
737346
737488
737579
737596
737598
737621
737677
737713
737716
737749
737807
738164
738220
738251
738494
738604
738775
738814
738958
739050
739204
739282
739419
739613
739731
739980
740119
740147
740211
740446
740849
740876
740915
740985
740994
741225
741254
741314
741654
741840
741912
741980
742125
742159
742228
742242
742352
742486
742525
742575
742649
742756
742937
743230
743252
743290
743400
743573
743705
743813
743857
744022
744111
744492
744547
744711
744777
745017
745340
745468
745470
745623
745626
745636
745863
745897
745960
746014
746241
746373
746444
746508
746615
746732
746775
747055
747103
747220
747243
747245
747486
747538
747658
747809
747876
747986
748029
748163
748185
748232
748644
748703
748767
748879
748935
748936
749010
749175
749191
749244
749490
749535
749599
749628
749642
749704
749716
749805
750046
750109
750147
750262
750371
750393
750512
750630
750797
750924
751100
751149
751151
751200
751460
751610
751612
751720
751793
751801
752008
752030
752067
752120
752138
752158
752526
752576
752655
752660
752831
752912
753057
753066
753085
753104
753222
753263
753334
753388
753449
753772
753790
753859
753908
753972
754081
754236
754237
754417
754501
754563
754737
754751
754845
754937
755045
755158
755376
755562
755603
755716
755783
755848
755940
755970
756012
756040
756056
756086
756090
756091
756157
756215
756236
756302
756361
756377
756462
756559
756760
756823
756943
757078
757187
757237
757248
757496
757539
757587
757613
757647
757813
757871
757888
757938
757994
758288
758444
758688
758803
758920
759199
759200
759371
759437
759510
759533
759555
759768
759949
760047
760172
760210
760284
760387
760562
760567
760623
760679
760712
760767
760791
760920
761165
761419
761448
761583
761657
761661
761710
761977
762224
762230
762281
762292
762493
762508
762653
762681
762721
762743
762846
762853
762898
762911
763041
763051
763076
763139
763278
763454
763550
763688
763865
763934
764054
764121
764152
764240
764430
764565
764643
764660
764680
764809
764818
764917
764941
765036
765339
765478
765507
765508
765567
765717
765735
765755
765852
766037
766090
766288
766385
766397
766535
767045
767089
767139
767580
767691
767813
767936
767972
768009
768046
768079
768237
768366
768382
768492
768735
768866
769028
769037
769175
769181
769199
769323
769372
769498
769676
769694
769708
769712
769813
769843
769858
770076
770139
770797
770831
770937
771052
771184
771186
771221
771234
771331
771342
771346
771442
771528
771586
771695
771746
771766
771899
772029
772096
772304
772419
772426
772474
772478
772494
772526
772542
772802
772882
773035
773100
773219
773258
773264
773294
773363
773439
773475
773477
773563
773685
773722
773786
773843
773857
774150
774315
774332
774425
774697
774726
774738
774958
774989
775027
775130
775196
775258
775263
775292
775443
775680
775776
775927
775972
776338
776563
776629
776686
776830
776865
776877
776918
776940
776943
777034
777044
777121
777176
777331
777352
777385
777701
777742
777863
777939
777972
778028
778160
778216
778329
778331
778418
778613
778780
778790
778921
779253
779295
779328
779328
779375
779445
779521
779528
779600
779701
779718
779731
779737
779807
779812
779839
779898
779912
780138
780312
780457
780640
780671
780798
780817
781039
781117
781122
781182
781220
781264
781374
781662
781664
782046
782168
782185
782326
782386
782435
782453
782473
782687
782765
782892
782917
782991
783102
783186
783189
783205
783313
783370
783410
783482
783576
783602
783642
783649
783701
783747
783770
783925
784051
784229
784279
784434
784608
784620
784768
784930
785264
785480
785575
785581
785634
785642
785947
785963
786080
786366
786454
786582
786705
786759
786776
786871
787028
787106
787128
787204
787446
787509
787556
787600
787792
787811
787977
788278
788521
788561
788621
788654
788667
788678
788690
788721
788853
788958
788986
789041
789058
789167
789253
789261
789332
789423
789520
789677
789696
790004
790065
790235
790591
790611
790680
790684
790686
790724
790940
791164
791280
791371
791383
791421
791614
791702
791903
791926
791937
792114
792352
792446
792447
792497
792501
792555
792579
792655
792668
792786
793010
793110
793436
793586
793643
793662
793665
793677
793762
793803
794106
794275
794721
794819
794863
794947
794988
795120
795310
795367
795663
795672
795707
795787
795903
795914
795929
796194
796397
796458
796471
796574
796702
796705
796921
797149
797196
797304
797361
797420
797445
797556
797726
797737
797924
798060
798287
798321
798361
798652
798657
798759
798765
798770
798802
798819
798876
798965
799022
799074
799115
799171
799229
799472
799543
799553
799603
799775
799838
800115
800143
800235
800324
800372
800418
800567
800635
800711
800870
800910
801057
801077
801177
801520
801551
801573
801683
801877
802271
802384
802429
802474
802537
802686
802724
802960
803124
803149
803185
803312
803508
803521
803651
803897
804007
804220
804315
804319
805165
805180
805216
805253
805330
805459
805463
805564
805649
805728
805806
805877
806470
806584
806592
806601
806796
806849
806924
807014
807048
807246
807502
807709
807720
807745
807764
807768
807844
807873
807919
807922
807929
807949
807955
807957
808040
808219
808245
808280
808473
808496
808756
808826
808883
808944
809117
809209
809246
809378
809539
809608
809639
809732
809825
810060
810137
810183
810236
810317
810346
810490
810668
810750
810803
810967
811062
811097
811183
811292
811331
811565
811654
811696
811697
811768
811862
812073
812086
812166
812225
812418
812501
812590
812697
812772
812789
812828
812898
812927
813046
813188
813247
813257
813287
813374
813493
813699
813837
813852
813902
813933
814023
814035
814096
814166
814322
814499
814568
814748
814794
814834
814881
815128
815169
815205
815225
815327
815466
815850
815895
815965
815993
816037
816053
816060
816242
816256
816310
816408
816567
816644
816665
816760
816892
816949
817144
817171
817179
817320
817380
817450
817551
817773
818083
818105
818303
818323
818325
818380
818415
818472
818623
818672
818689
818724
818862
818929
819156
819367
819408
819585
819698
819832
819955
820093
820153
820332
820350
820380
820436
820438
820439
820511
820558
820634
821216
821406
821527
821581
821817
821959
822284
822499
822505
822671
822676
822746
823154
823171
823223
823440
823485
823576
823590
823661
823730
823839
823868
823899
824074
824203
824234
824333
824497
824539
824622
824638
824663
824682
824719
824874
825045
825075
825100
825149
825232
825236
825262
825372
825482
825499
825623
825650
825759
826063
826220
826277
826323
826359
826507
826620
826723
826833
826842
826931
826972
827040
827140
827148
827385
827460
827744
827861
827881
827911
827987
828000
828036
828319
828388
828397
828476
828661
828716
828759
828860
828899
828919
828923
829126
829499
829536
829919
830451
830462
830686
830846
830948
830967
831085
831100
831186
831321
831499
831549
831607
831684
831702
831840
831854
832039
832060
832179
832243
832357
832381
832455
832457
832461
833112
833282
833627
833952
833959
833999
834116
834299
834489
834625
834737
834960
834973
835159
835205
835217
835255
835272
835647
835648
835854
835932
835970
835993
835999
836068
836146
836168
836168
836306
836331
836333
836362
836410
836544
836574
836589
836593
836608
836653
836664
836801
836880
836909
836977
836998
837014
837033
837230
837411
837485
837571
837944
838050
838117
838199
838245
838314
838547
838610
838969
839075
839120
839331
839338
839400
839688
839762
839961
840033
840035
840054
840238
840278
840385
840540
840846
840869
840932
841226
841252
841319
841446
841521
841529
841551
841589
841641
841782
841848
841907
842105
842246
842309
842364
842724
842749
843004
843084
843164
843180
843184
843213
843301
843362
843455
843525
843631
843839
843947
843989
843997
844013
844435
844482
844561
844623
844764
844785
844833
845037
845051
845067
845141
845145
845500
845738
845837
845898
845926
845961
846040
846220
846446
846495
846570
846574
846624
846658
846710
846748
846753
846986
847040
847077
847156
847175
847196
847232
847440
847554
847773
847824
847841
847967
848110
848332
848373
848442
848474
848623
848649
848720
848803
848966
849005
849164
849168
849280
849291
849395
849487
849661
849899
849986
850097
850109
850150
850279
850357
850402
850405
850446
850461
850539
850597
850707
850732
850825
851035
851169
851294
851369
851542
852028
852044
852191
852198
852279
852336
852352
852654
852928
852958
853072
853075
853163
853204
853207
853456
853498
853553
853686
853827
854034
854236
854457
854493
854557
854581
854718
854768
854785
855237
855415
855482
855626
855802
855995
856055
856086
856121
856303
856586
856727
856771
856821
856905
856920
856939
857171
857199
857478
857572
857587
857606
857686
857698
857982
858056
858297
858430
858483
858591
858707
858824
858891
858906
859647
859692
859738
859779
859835
859876
859888
859936
860147
860164
860225
860307
860678
860683
860707
860767
860830
861189
861191
861276
861308
861463
861575
861836
861980
862044
862249
862270
862343
862400
862559
862613
862631
862660
862675
862846
862847
862854
862855
862878
862914
863043
863115
863134
863136
863153
863275
863288
863300
863344
863350
863490
863534
863783
863917
863933
863945
864004
864032
864160
864275
864353
864434
864494
864586
864803
865007
865135
865145
865555
865668
865760
866005
866071
866204
866353
866356
866446
866459
866519
866554
866595
866661
866745
866771
866829
867108
867136
867247
867387
867544
867560
867642
867649
867693
867705
868368
868394
868416
868430
868469
868477
868528
868577
868612
868641
868643
868755
868942
868959
869067
869397
869598
869648
869670
869740
870333
870429
870493
870638
870693
871025
871062
871112
871190
871497
871703
871768
871908
872044
872178
872233
872263
872325
872329
872440
872524
872667
872691
873096
873148
873278
873312
873550
873727
873758
874229
874233
874265
874327
874737
874908
875009
875091
875142
875217
875262
875392
875413
875756
875781
876058
876085
876107
876293
876328
876520
876564
876568
876688
876814
876826
876876
877042
877124
877143
877164
877173
877308
877551
877584
877636
877713
877782
877790
877861
878036
878037
878063
878284
878308
878505
878576
878623
878636
878849
878931
878959
879265
879299
879391
879573
879678
879820
879897
880085
880347
880439
880487
880602
880801
880913
880921
881127
881256
881278
881809
881954
882038
882158
882521
882665
882728
882732
882888
883321
883527
883826
883853
883864
883957
884101
884141
884322
884340
884787
884818
884826
884836
884986
885122
885144
885185
885465
885554
885556
885646
885693
885730
885766
885778
885817
885853
885917
886098
886115
886215
886249
886276
886301
886305
886400
886493
886675
886764
886821
887277
887379
887470
887529
887825
888095
888097
888165
888225
888265
888403
888449
888626
888662
888668
888708
888783
888783
888791
888809
889044
889134
889212
889219
889222
889470
889481
889494
889541
889591
889627
889661
889732
889769
889826
889893
889937
889959
890113
890295
890395
890563
890616
890636
890702
890795
890895
890902
891026
891073
891089
891094
891151
891224
891254
891266
891286
891299
891452
891722
891805
891828
891842
891844
891968
892344
892403
892486
892624
892772
892975
893044
893127
893210
893355
893398
893550
893564
893769
894099
894257
894492
894714
894840
894890
894925
894947
895240
895244
895409
895501
895562
895647
895710
895776
895817
895949
896024
896074
896195
896530
896634
896866
897035
897324
897425
897495
897515
897533
897677
897705
897824
897881
897890
898042
898185
898218
898292
898305
898352
898435
898869
899066
899142
899169
899494
899615
899785
899878
899963
900104
900370
900455
900458
900586
900816
900829
900948
900965
901027
901202
901584
901929
902197
902460
902496
902546
902600
902747
902759
902794
902814
902948
902973
903090
903120
903156
903311
903330
903332
903515
903697
903771
903823
903885
904145
904408
904425
904459
904505
904524
904645
904746
905000
905053
905279
905347
905486
905589
905610
905679
905744
905746
905801
905843
905887
905984
906043
906179
906195
906345
906600
906628
906699
906909
906936
907068
907098
907139
907195
907315
907350
907369
907498
907525
907741
907874
907886
907988
908109
908149
908195
908200
908237
908259
908340
908343
908363
908456
908634
908636
908679
908757
908984
909026
909113
909231
909412
909574
909604
909924
910022
910037
910038
910050
910052
910094
910094
910137
910233
910272
910503
910581
910639
910993
911074
911267
911284
911311
911354
911358
911367
911395
911505
911508
911509
911657
911674
911809
911877
911887
912043
912043
912188
912234
912321
912418
912418
912599
913049
913165
913233
913241
913614
913619
913895
913909
913946
913971
913986
914093
914205
914211
914260
914278
914432
914462
914550
914609
914617
914627
914775
914940
914953
914955
914973
915381
915382
915523
915711
915844
915916
915951
916015
916024
916108
916163
916185
916359
916534
916873
916947
916975
916975
917061
917122
917139
917202
917330
917364
917486
917555
917854
917856
918002
918041
918149
918175
918355
918411
918432
918445
918716
918742
918784
918814
918922
919027
919101
919186
919244
919256
919256
919271
919390
919501
919557
919636
919762
919765
919824
919827
919883
919898
919949
920016
920068
920097
920383
920407
920470
920590
920761
920853
921010
921016
921175
921260
921315
921351
921619
921712
921883
921982
922092
922117
922174
922175
922268
922490
922538
922933
923006
923230
923317
923352
923484
923491
923506
923637
923654
923989
924136
924275
924440
924619
924663
924730
924867
924958
925018
925055
925139
925140
925141
925313
925563
925569
925663
925716
925730
925777
925837
925843
925956
926056
926093
926236
926255
926259
926309
926474
926508
926576
926807
927176
927251
927399
927494
928204
928238
928302
928317
928421
928428
928446
928450
928517
928581
928605
928651
928710
928911
929026
929280
929388
929455
929480
929667
929705
929744
930036
930234
930520
930652
930853
930947
931089
931118
931196
931248
931287
931392
931404
931434
931441
931448
931473
931483
931546
931601
931611
931626
931874
931876
931894
931911
931970
931990
932051
932296
932297
932573
932585
932685
932775
932797
933083
933284
933329
933365
933642
934117
934212
934226
934313
934395
934611
934803
934890
934974
935000
935194
935369
935721
935828
935895
935901
936269
936369
936380
936493
936518
936602
936605
936612
936699
936736
936748
937066
937236
937309
937349
937430
937459
937526
937554
937640
937753
937783
937813
938028
938147
938320
938442
938553
938610
938694
938713
938730
938731
938778
938779
938785
938834
938961
939167
939218
939224
939368
939384
939457
939694
939756
939892
940034
940144
940312
940561
940741
940872
941064
941112
941159
941212
941220
941333
941561
941594
941708
941722
941918
942172
942437
942477
942528
942575
942645
942703
942821
942939
943151
943227
943274
943356
943399
943522
943621
943624
943995
944009
944053
944061
944404
944613
944717
944820
944864
944865
944995
944999
945064
945102
945140
945142
945272
945343
945347
945401
945411
945440
945560
945715
945742
945779
945835
946120
946144
946400
946617
946634
946642
946687
946798
946970
947303
947423
947516
947875
947951
948391
948453
948519
948527
948600
948635
948706
948821
948912
949154
949183
949406
949459
949494
949517
949585
949624
949646
949738
949746
949862
949867
949973
950083
950190
950214
950331
950381
950441
950638
950859
951015
951275
951299
951344
951385
951575
951625
951651
951706
951716
951807
951820
952020
952164
952177
952255
952258
952313
952476
952580
952661
952670
952702
953168
953222
953255
953462
953548
953690
953747
953960
954068
954104
954153
954171
954198
954286
954303
954461
954488
954647
954650
954894
955132
955391
955516
955540
955730
955773
955798
955814
955911
955968
956109
956216
956325
956461
956533
956589
956616
956727
956850
956883
956899
957002
957527
957533
957582
957588
957653
957743
957761
957771
958375
958407
958430
958438
958647
958663
958905
959087
959106
959178
959332
959375
959434
959488
959642
959687
959691
959950
960005
960108
960255
960290
960375
960498
960588
960590
960590
960745
960751
960756
961106
961512
961566
961731
961874
962057
962181
962187
962201
962277
962314
962534
962640
962661
962667
962695
962723
962838
963023
963056
963396
963449
963482
963590
963611
963635
963758
963774
963839
964002
964089
964337
964676
964813
964969
965203
965299
965378
965411
965560
965586
965605
965622
965646
965937
966020
966055
966279
966342
966432
966755
966777
966859
966950
967183
967345
967356
967543
967774
967874
967987
968127
968158
968193
968309
968318
968494
968505
968559
968599
968790
968795
969032
969041
969175
969222
969254
969323
969541
969866
970086
970095
970120
970221
970288
970476
970548
970601
970939
970974
970998
971023
971096
971136
971265
971343
971753
971904
972029
972315
972509
972565
972608
972988
973029
973143
973305
973439
973487
973594
973653
973981
974036
974188
974206
974369
974579
974591
974610
974765
974902
975376
975475
975599
975602
975658
975688
975827
975935
975963
976079
976181
976313
976404
976530
976546
976549
976558
976885
976920
976927
977060
977247
977279
977299
977340
977390
977430
977551
978034
978049
978078
978132
978137
978193
978196
978346
978400
978401
978470
978521
978701
978847
978927
978970
979033
979114
979310
979386
979589
979837
979847
979930
979989
980047
980084
980123
980126
980158
980253
980633
980807
980819
980919
981128
981150
981165
981169
981490
981601
981739
981823
982107
982201
982415
982421
982432
982466
982468
982674
982678
982738
982760
982858
982959
983118
983321
983365
983473
983519
983907
983971
984276
984287
984324
984412
984514
984590
984602
984996
985254
985421
985453
985531
985551
985723
985785
985963
985966
986027
986405
986531
986558
986578
986611
986706
986781
986865
986869
986914
987082
987221
987258
987495
987541
987635
987638
988075
988076
988249
988281
988355
988388
988530
988681
988731
988754
988755
988868
989098
989122
989154
989180
989301
989315
989955
990016
990036
990057
990188
990227
990399
990428
990774
990928
991237
991709
991900
992073
992191
992193
992410
992450
992529
992640
992736
992799
992867
992981
993106
993401
993403
993610
993738
993781
993786
993876
993934
993962
994220
994238
994246
994295
994492
994509
994669
994825
994882
994927
994967
994968
994991
995078
995105
995132
995154
995239
995284
995380
995687
995688
996110
996127
996152
996171
996225
996280
996319
996526
996710
996949
997367
997529
998024
998159
998335
998406
998459
998480
998714
998736
998838
998876
998918
998932
999120
999125
999149
999235
999243
999564
999732
999753
999800
999860
999926
999982