21
41
239
309
328
546
626
632
684
759
770
791
1088
1229
1233
1335
1422
1745
1804
1955
2015
2051
2163
2173
2220
2246
2338
2511
2752
3201
3446
3474
3478
3489
3555
3657
3715
3747
3879
4173
4190
4191
4237
4272
4520
4568
4614
4624
4665
4715
4795
4856
4952
5142
5148
5512
5588
5592
5718
5810
6146
6308
6363
6564
6634
6723
6756
6850
7075
7124
7157
7248
7568
7707
7760
7778
7801
7881
7901
7967
7971
8026
8051
8171
8216
8413
8433
8474
8510
8520
8523
8941
9139
9361
9426
9432
9502
9754
9959
9997
10245
10344
10369
10455
10492
10571
10859
10862
11004
11008
11024
11055
11190
11230
11344
11530
11579
11602
11628
11655
11666
11789
11963
11987
12312
12324
12354
12394
12499
12741
12742
12905
13179
13220
13239
13253
13353
13594
13665
14044
14390
14397
14402
14565
14573
14770
14792
15006
15007
15170
15403
15415
15523
15571
15653
15710
16063
16330
16347
16450
16499
16518
16623
16650
16661
16670
16752
16875
17016
17018
17136
17559
17714
17912
17985
18001
18191
18286
18390
18490
18572
18924
19074
19089
19325
19349
19385
19589
19648
19670
19730
19835
19925
19928
19981
19984
20001
20073
20165
20202
20263
20303
20386
20493
20540
20635
20822
21034
21058
21281
21297
21501
21533
21712
21916
22043
22074
22150
22292
22363
22374
22404
22453
22484
22538
23065
23311
23360
23551
23666
23690
23898
23916
23991
24240
24295
24525
24678
24737
24922
25103
25138
25454
25773
25810
25858
25921
25997
26010
26016
26077
26131
26324
26331
26434
26464
26497
26712
26752
26797
26820
27016
27024
27065
27073
27219
27230
27298
27323
27374
27431
27452
27470
27523
27524
27526
27600
27798
27857
27897
27965
28003
28036
28079
28349
28383
28457
28624
29013
29061
29071
29241
29386
29423
29819
29950
29965
29976
30045
30126
30208
30302
30395
30540
30546
30565
30653
30756
30797
30839
31039
31079
31096
31131
31170
31183
31354
31490
31549
31586
31617
32016
32059
32162
32235
32249
32290
32292
32680
32942
33157
33168
33273
33294
33347
33355
33358
33408
33471
33562
33622
33663
33818
33994
34075
34560
34567
34617
34634
34657
34727
34917
34991
35022
35049
35157
35232
35549
35748
35795
35991
36093
36203
36305
36315
36397
36424
36522
36638
36652
36723
36969
37054
37102
37212
37259
37373
37557
37622
37662
37781
37825
37900
37986
38039
38217
38257
38436
38695
38719
38737
38760
38791
38840
38975
39361
39451
39549
39630
39786
40377
40415
40473
40691
40697
41133
41185
41276
41296
41297
41463
41496
41687
41881
41978
42241
42376
42615
42637
42682
42713
42797
42877
42889
43065
43107
43292
43309
43672
43707
43908
43947
43953
44008
44343
44378
44633
44729
44889
44902
45115
45162
45184
45358
45390
45414
45479
45507
45628
45807
45940
46128
46130
46185
46266
46416
46516
46579
46651
46841
46920
46989
47013
47062
47159
47166
47478
47493
47550
47657
47685
47740
48031
48250
48282
48353
48527
48887
48890
48931
49054
49200
49236
49424
49474
49779
49939
50111
50556
50734
50770
50804
51010
51209
51231
51381
51390
51446
51489
51633
51699
51740
51970
51970
52064
52075
52181
52190
52253
52426
52561
52616
52859
53181
53311
53319
53371
53565
53621
53740
53757
53838
53870
53948
53955
54086
54133
54334
54795
54865
54991
55071
55183
55300
55303
55341
55420
55465
55482
55600
55612
55621
55706
56156
56343
56455
56469
56474
56506
56640
56753
56772
56774
56780
56814
56874
57124
57312
57397
57483
57615
57690
57774
57972
58085
58266
58527
58695
58729
58969
59210
59258
59274
59389
59407
59420
59470
59613
59691
59692
59739
59801
60128
60151
60221
60357
60480
60811
61113
61141
61208
61360
61687
61707
61732
61734
61798
61827
61836
61851
61949
61971
62295
62325
62394
62602
62639
62690
62883
62896
63017
63025
63050
63176
63230
63245
63326
63350
63505
63507
63546
63572
63589
63634
63658
63740
63952
64240
64396
64530
64543
64583
64605
64789
64847
64875
64934
64936
64966
64976
65096
65154
65255
65304
65537
65804
65843
65932
66029
66072
66373
66501
66627
66746
66765
66932
67345
67377
67593
67605
67701
67712
67935
67973
68017
68204
68337
68365
68655
68696
68711
69338
69391
69425
69572
69588
69692
69828
70065
70104
70136
70330
70401
70443
70592
70638
70776
70791
70803
70856
70864
71104
71115
71573
71691
71786
71809
71851
71905
72051
72215
72223
72351
72406
72412
72471
72520
72536
72697
72872
72920
72983
72993
73058
73127
73212
73258
73307
73417
73503
73866
73897
73928
73944
74031
74211
74344
74482
74509
74684
74748
74759
74863
74867
75022
75204
75244
75349
75463
75570
75598
75644
75655
75720
75722
75724
75980
76025
76175
76199
76220
76292
76341
76423
76795
77002
77010
77344
77360
77835
78037
78064
78093
78299
78331
78539
78718
78751
78764
78773
78803
78831
78867
79013
79129
79257
79557
79628
79878
80015
80132
80188
80206
80495
80557
80609
80648
80673
80689
80700
81012
81061
81079
81211
81382
81481
81520
81525
81713
81727
81863
81887
82053
82059
82152
82179
82190
82272
82352
82387
82669
82876
82889
82925
83012
83236
83254
83410
83575
83792
83956
84005
84092
84117
84161
84327
84405
84558
84647
84774
84939
84992
85066
85202
85503
85662
85712
85889
86495
86631
86705
86755
86795
86882
86963
87029
87175
87241
87266
87398
87418
87520
87717
87779
88371
88388
88472
88659
88708
88784
88827
88889
89043
89319
89521
89700
89705
89755
89820
89872
89882
90042
90064
90089
90117
90228
90247
90258
90261
90418
90569
90581
90583
90699
90793
90800
90812
90982
91012
91039
91237
91542
91586
91626
91705
91861
91957
91974
92052
92100
92101
92316
92389
92412
92665
92679
92697
92719
92813
92923
93021
93057
93211
93299
93479
93755
93819
93924
94114
94138
94189
94194
94240
94245
94251
94338
94394
94775
95097
95163
95264
95321
95372
95616
95771
95779
95781
96054
96100
96212
96477
96533
96630
96806
96881
96893
96956
97068
97083
97150
97184
97185
97409
97786
97851
97881
97892
97926
97975
98066
98096
98117
98253
98279
98286
98428
98571
98619
98810
98815
98968
98992
99048
99230
99370
99499
99576
99889
99913
99935
99940
99968
100317
100355
100455
100477
100543
100592
100679
100931
101018
101097
101273
101330
101341
101364
101386
101395
101471
101642
101785
101817
101848
102031
102033
102043
102071
102152
102341
102377
102470
102586
102741
102784
102847
103009
103154
103201
103246
103342
103345
103350
103359
103419
103471
103665
103668
103693
103729
103831
103865
103904
103945
103947
104013
104181
104381
104429
104517
104557
104736
104854
104955
104977
105066
105072
105095
105384
105468
105577
105597
105768
106026
106149
106327
106333
106437
106459
106535
106711
106890
106901
106920
106960
107027
107076
107152
107219
107339
107585
107756
107986
108140
108363
108506
108585
108648
108737
108745
108754
108754
108779
108780
108933
108970
109219
109296
109393
109548
109612
110233
110244
110280
110388
110420
110857
110978
111019
111038
111473
111653
111672
111675
111994
112020
112079
112214
112450
112723
112803
112831
112967
113366
113506
113990
114440
114502
114511
114627
114739
114836
114951
115013
115054
115081
115105
115229
115374
115536
115584
115901
116010
116139
116277
116301
116320
116405
116451
116486
116495
116721
116792
116811
116845
116911
116958
117256
117305
117367
117374
117383
117442
117468
117645
118061
118164
118218
118758
118894
119157
119205
119425
119441
119786
119788
119864
120127
120180
120279
120419
120450
120690
120716
120944
121011
121054
121143
121224
121328
121419
121482
121523
121841
121958
121992
122055
122089
122267
122273
122377
122438
122444
122455
122481
122493
122502
122516
122691
122750
122931
122945
123167
123247
123277
123641
123646
123745
123846
124107
124157
124200
124491
124711
124836
124873
124877
124945
124988
125153
125255
125285
125336
125366
125519
125611
125640
125646
125660
125721
125847
125980
126306
126580
126643
126661
126661
126670
126699
126872
127038
127069
127129
127178
127275
127399
127425
127771
127799
127951
128028
128035
128109
128171
128254
128306
128528
128652
128728
128862
128978
129023
129095
129243
129321
129362
129406
129408
129429
129502
129541
129546
129637
129644
129879
129896
130037
130157
130395
130410
130471
130510
130537
130746
130764
130803
130910
130960
131106
131238
131295
131325
131368
131415
131628
131631
131648
131691
131714
131717
131793
131850
131875
131951
132057
132252
132320
132470
132698
132707
132730
133196
133360
133413
133459
133474
133489
133498
133611
133794
133954
133967
134341
134369
134473
134537
134545
134736
134756
134873
135166
135444
135531
135819
135853
136018
136019
136054
136163
136200
136495
136532
136819
136887
137086
137122
137232
137261
137340
137341
137417
137558
137559
137588
137796
137872
137913
137955
138021
138041
138135
138204
138731
138765
138820
138844
138849
139072
139706
139743
139856
139908
139962
140123
140212
140228
140253
140275
140276
140339
140353
140387
140438
140481
140559
140623
141243
141357
141501
141504
141565
141588
141779
141811
141841
141920
141938
142085
142164
142176
142284
142293
142394
142580
142605
142627
142720
142765
142778
142826
143069
143198
143334
143540
143620
143640
143754
143926
143966
144041
144155
144249
144257
144365
144431
144513
144599
144757
144759
144797
144936
145000
145045
145135
145148
145211
145292
145557
145709
145757
145798
145860
145981
146210
146243
146258
146348
146370
146487
146498
146579
146605
146780
146785
146985
147008
147065
147230
147297
147339
147725
147737
147912
147975
148000
148228
148316
148750
148800
148850
149012
149080
149160
149251
149807
149821
149935
150130
150145
150164
150355
150918
150938
151004
151111
151219
151598
151679
151734
151780
152179
152298
152411
152463
152532
152889
152933
153282
153520
153618
153722
153814
153900
153977
154042
154085
154226
154233
154566
154605
154742
154788
154934
154942
155075
155214
155444
155519
155634
155805
155867
155888
156001
156050
156139
156215
156414
156509
156587
156712
156972
156996
157197
157256
157294
157328
157825
157912
158023
158101
158161
158181
158242
158630
158666
158703
158821
158981
159001
159026
159093
159137
159297
159301
159321
159413
159465
159502
159598
159628
159823
159839
159866
159973
160213
160290
160496
160557
160739
161043
161069
161102
161161
161165
161253
161457
161611
161778
161786
161796
162040
162120
162389
162795
162868
162891
162928
162956
163010
163283
163333
163389
163464
163737
163765
163938
164007
164026
164047
164247
164280
164318
164616
164642
164692
164705
164778
164808
164822
164841
164937
164964
165035
165046
165059
165215
165320
165540
165558
165746
165763
165763
165963
166038
166066
166081
166164
166165
166233
166235
166654
166701
166728
166878
166894
167015
167082
167329
167524
167723
167881
167941
168012
168024
168076
168087
168126
168130
168133
168142
168149
168394
168679
168679
168711
168738
168794
168855
168863
169091
169163
169197
169235
169302
169499
169685
169855
170068
170215
170513
170581
170674
171334
171523
171591
171623
171663
171709
171761
171948
172217
172282
172358
172476
172510
172517
172628
172642
172869
172961
172997
173060
173106
173138
173330
173345
173351
173503
173576
173580
173610
173710
173788
174197
174214
174266
174586
174723
174820
174871
174892
174893
174983
175063
175066
175175
175346
175448
175649
175654
175939
176027
176401
176447
176511
176619
176721
176788
176857
176940
177102
177125
177131
177185
177273
177341
177347
177393
177429
177605
177620
177809
177852
177918
178065
178174
178215
178281
178320
178334
178356
178481
178902
178930
178996
179063
179083
179147
179284
179316
179362
179904
179952
179991
180068
180085
180125
180342
180423
180460
180505
180732
180795
181074
181076
181219
181278
181518
181642
181822
181957
182007
182297
182463
182484
182573
182595
182743
183021
183029
183052
183190
183283
183509
183544
183687
183700
183786
183905
183965
184282
184400
184487
184541
184578
184596
185094
185135
185282
185343
185471
185556
185650
185906
185995
186009
186041
186063
186068
186203
186271
186350
186449
186575
186577
186676
186851
187030
187116
187290
187324
187758
187828
188143
188191
188296
188429
188717
188794
189065
189093
189157
189167
189171
189440
189475
189724
189853
190182
190539
190650
190680
190721
190727
190818
190913
191079
191148
191292
191499
191508
191532
191959
192154
192397
192557
192569
192657
192721
192727
192788
192792
192849
192928
193197
193233
193277
193304
193315
193332
193530
193554
193807
193850
193923
193927
194070
194072
194093
194097
194101
194174
194181
194234
194306
194330
194400
194605
194644
194654
194809
194849
194869
195200
195226
195256
195394
195404
195555
195562
195734
195796
196076
196101
196319
196325
196447
196966
197006
197226
197271
197281
197288
197413
197573
197765
198245
198541
198545
198633
198708
198816
198859
199417
199524
199592
199742
199753
200019
200056
200074
200134
200335
200584
200632
200824
200910
200927
201020
201076
201162
201170
201182
201324
201449
201469
201483
201562
201562
201579
201591
201664
201716
201742
201794
201841
201943
202166
202287
202343
202631
202661
202720
202836
202954
202995
203009
203020
203064
203118
203272
203305
203479
203576
203592
203597
203722
203752
204121
204239
204338
204539
204755
204776
204902
205093
205121
205143
205269
205632
205640
205710
205729
205784
205818
205884
205984
206004
206065
206087
206132
206135
206182
206223
206277
206312
206325
206625
206667
206689
206802
206835
206878
206903
206977
207057
207088
207169
207408
207637
207692
207740
207921
208036
208236
208266
208305
208349
208388
208626
208660
208681
208751
208952
208977
209164
209174
209199
209233
209300
209340
209535
209749
210048
210251
210285
210289
210292
210377
210620
210637
210707
210747
210753
210872
210942
211061
211290
211365
211397
211428
211836
212014
212041
212199
212709
212983
213037
213073
213079
213217
213409
213457
213496
213538
213607
213738
213764
213772
213807
213858
213905
214077
214119
214162
214169
214171
214230
214238
214328
214459
214484
214532
214610
214704
214782
214947
214968
215003
215005
215011
215058
215184
215311
215322
215381
215563
215670
215694
215745
215838
216017
216304
216370
216373
216377
216456
216458
216689
217027
217171
217604
217657
217733
217812
217917
217989
218075
218149
218565
218742
218746
218847
218913
218961
219103
219140
219382
219862
219922
220180
220251
220331
220473
220600
220631
220635
220726
220821
220907
220952
221080
221225
221337
221446
221469
221508
221646
221734
221739
221969
222012
222307
222599
222612
222679
222752
222755
222769
222835
222909
223005
223006
223073
223101
223163
223172
223200
223205
223256
223377
223460
223556
223566
223684
223783
223830
223925
224016
224173
224650
224687
224887
225092
225296
225380
225538
225654
225964
225984
226018
226058
226308
226383
227034
227038
227219
227272
227331
227343
227401
227433
227619
227621
227725
227837
227981
227994
228042
228064
228068
228074
228222
228447
228453
228647
228667
228693
228849
228924
229055
229168
229241
229364
229379
229432
229505
229551
229607
229712
229810
229858
229975
230120
230250
230430
230489
230675
230708
230738
230775
230805
230911
231197
231380
231391
231397
231494
231614
231686
231756
231822
231840
231856
231877
232015
232076
232324
232382
232438
232481
232587
232724
233019
233067
233139
233195
233196
233197
233293
233363
233403
233453
233726
233749
233901
234075
234467
234487
234690
234886
234898
235082
235202
235420
235489
235644
235673
235680
235714
235750
235793
235947
236007
236010
236021
236123
236170
236207
236385
236439
236525
236604
236623
236649
236684
236738
236752
236954
236968
236985
237089
237160
237314
237342
237401
237771
237880
237933
237962
238190
238205
238205
238499
238574
238702
238985
239038
239132
239224
239444
239449
239624
239730
239767
239806
239855
239970
239985
240010
240231
240278
240405
240553
240621
240659
240666
240875
241056
241099
241505
241578
241584
241673
241808
241980
242058
242065
242086
242232
242265
242516
242607
242664
243174
243188
243453
243580
243596
243665
243697
243720
243885
243923
243953
244019
244043
244044
244249
244283
244285
244314
244318
244340
244396
244413
244655
244918
244955
244964
245232
245372
245388
245398
245423
245430
245588
245663
246282
246356
246375
246552
246581
246621
246752
246849
246888
247045
247061
247173
247409
247533
247810
248043
248145
248359
248841
248901
248987
248991
249214
249459
249552
249555
250099
250254
250292
250349
250385
250469
250554
250690
250691
250741
250762
250772
251376
251430
251644
251894
252105
252181
252280
252505
252518
252521
252666
252932
252938
252946
252953
252996
253040
253128
253283
253292
253298
253386
254008
254027
254030
254099
254226
254510
254592
254601
254609
254898
254923
254935
254955
255087
255219
255225
255397
255601
255819
255844
255859
255866
255961
255999
256341
256367
256403
256506
256559
256727
256729
256745
256899
256921
256921
256969
257004
257098
257115
257237
257440
257634
257641
257755
257763
257767
257772
257889
257962
258035
258166
258215
258394
258403
258427
258533
258780
258856
258864
258876
258941
258993
259015
259257
259317
259474
259481
259606
259606
259621
259687
259705
260089
260111
260349
260590
260630
260649
260715
260814
260936
261069
261153
261158
261209
261262
261342
261416
261478
261513
261580
261653
261748
261871
261889
261891
261901
261902
262350
262418
262533
262797
262870
262909
262952
262990
263025
263047
263067
263142
263188
263203
263216
263244
263266
263325
263326
263356
263388
263583
263607
263795
263920
264215
264233
264307
264425
264457
264540
264799
264916
264989
265012
265063
265135
265410
265417
265427
265561
265596
266023
266206
266296
266303
266390
266454
266550
266628
266681
266705
266714
266889
267024
267031
267076
267471
267539
267608
267764
267848
268072
268204
268290
268361
268479
268552
268644
268741
268764
268860
268951
269053
269099
269221
269503
269755
269849
269895
269980
270020
270163
270173
270185
270368
270529
270667
270823
271105
271148
271319
271564
271569
271662
271750
271848
271893
271920
271939
272249
272407
272660
272707
272714
272730
272765
272802
272894
272953
273052
273126
273149
273313
273327
273367
273617
273634
273684
273688
273778
274028
274114
274167
274406
274439
274442
274485
274488
274496
274557
274604
274851
274990
275061
275181
275237
275249
275285
275319
275391
275509
275670
275728
275786
275920
276131
276248
276307
276347
276477
276539
276565
276670
276709
276713
276795
276890
276913
277027
277210
277285
277329
277634
277664
277736
277809
277836
277836
277844
277845
278072
278081
278260
278308
278404
278442
278512
278538
278580
278879
278919
279006
279027
279046
279096
279263
279312
279388
279400
279480
279508
279824
279824
279898
279926
280016
280086
280095
280210
280227
280242
280243
280320
280397
280494
280545
280577
280617
280629
280767
280772
280927
280949
281067
281101
281172
281181
281210
281211
281211
281425
281449
281491
281844
282055
282082
282158
282171
282214
282306
282328
282336
282505
282618
282739
283063
283072
283077
283118
283191
283368
283384
283431
283435
283820
283964
284014
284035
284099
284189
284268
284442
284492
284507
284690
284787
284853
284939
285088
285103
285187
285191
285348
285523
285786
285838
285902
285933
286001
286189
286247
286292
286327
286343
286407
286606
286828
286859
286909
287301
287307
287412
287439
287730
287740
287753
287811
287880
288050
288070
288203
288397
288635
288646
288647
288754
288766
288783
288872
288876
288940
288992
289007
289277
289303
289345
289367
289553
289563
289586
289610
289644
289700
289737
289737
289758
289948
290041
290064
290371
290424
290483
290564
290930
290972
291060
291133
291230
291259
291350
291476
291515
291692
291818
291863
291866
291890
291916
292053
292172
292191
292245
292258
292332
292402
292570
292638
292774
292849
292852
292863
292872
292994
293040
293134
293147
293220
293233
293467
293531
293540
293684
293745
293921
293927
293983
294168
294319
294332
294474
294497
294515
294645
294697
294761
294773
295241
295364
295436
295485
295646
295724
295948
296095
296229
296252
296352
296603
296613
296618
296642
296657
296758
296831
296885
296901
296914
296931
296966
297225
297294
297451
297457
297477
297762
297790
297801
297810
298019
298219
298319
298525
298549
298624
298800
298840
298844
298849
298885
298993
299244
299285
299394
299429
299604
299637
299815
299851
299995
300000
300339
300365
300433
300444
300532
300704
300740
300865
300874
300883
300921
300933
301089
301098
301122
301334
301846
301905
302000
302346
302360
302489
302714
302717
302850
303096
303169
303312
303362
303368
303415
303963
304107
304152
304194
304268
304421
304446
304468
304596
304602
304606
304632
304729
304915
304948
305014
305105
305112
305267
305424
305723
305861
305865
306044
306168
306227
306251
306279
306460
306592
306944
306982
306995
307002
307110
307130
307258
307399
307581
307656
308010
308047
308055
308156
308221
308779
308799
308855
308968
309255
309283
309330
309408
309792
309815
309885
310016
310117
310317
310355
310626
310679
310814
311075
311136
311222
311234
311277
311347
311501
311589
311622
311661
311754
311756
311882
311999
312194
312261
312502
312587
312700
312807
312937
313005
313023
313067
313437
313578
313680
313757
313806
314070
314175
314270
314329
314361
314698
314872
314971
315057
315304
315439
315480
315697
315739
315782
315788
316166
316167
316250
316268
316279
316579
316706
316874
316888
316945
317110
317224
317302
317450
317532
317587
317625
317900
317933
318062
318243
318470
318586
318625
318633
318779
319099
319291
319372
319414
319416
319450
319521
319774
319800
319812
319870
319887
319893
320074
320311
320331
320421
320487
320656
320709
320903
321026
321031
321346
321583
321650
321751
321824
321859
321873
321981
321994
322022
322107
322137
322174
322210
322304
322470
322494
322637
322644
322714
322922
323019
323617
323661
323668
323996
324334
324380
324780
324860
325063
325362
325492
325578
325777
325998
326043
326102
326157
326239
326324
326373
326516
326674
326776
326804
327334
327371
327403
327488
327579
327627
327715
327754
327773
327795
327825
327980
328009
328171
328198
328226
328330
328517
328591
328610
328694
328972
329098
329122
329283
329453
329455
329480
329661
329992
330106
330356
330619
330693
330705
330790
330924
331298
331307
331424
331528
331561
331623
331676
332007
332052
332294
332342
332373
332543
332591
332886
332908
332911
332964
333010
333202
333236
333372
333462
333604
333661
333731
334135
334209
334334
334425
334442
334512
334628
334690
334758
334764
334895
335131
335230
335360
335506
335776
335811
335879
335924
336046
336172
336278
336372
336386
336392
336490
336547
336571
336877
337053
337079
337139
337470
337520
337528
337622
337770
337848
338029
338173
338692
338700
339262
339284
339342
339451
339562
339645
339695
339848
339934
340050
340289
340420
340471
340653
340697
340717
340823
340985
341119
341138
341159
341194
341420
341470
341496
341738
341980
342151
342189
342221
342283
342342
342386
342545
342619
342737
342850
342981
342998
343089
343457
343744
343801
343854
343854
344030
344063
344092
344097
344112
344197
344199
344407
344557
344831
344838
344844
345118
345246
345375
345407
345625
345688
345689
345859
345986
346325
346381
346768
346902
346904
347008
347103
347135
347233
347301
347574
347588
347800
347904
347948
348017
348086
348123
348394
348469
348473
348574
348699
348765
348805
348805
348809
348819
349113
349138
349330
349342
349523
349680
349740
349812
350205
350228
350287
350660
350710
350769
350773
350832
351009
351078
351368
351375
351429
351593
351691
351719
351736
351921
351923
351976
352001
352004
352099
352361
352373
352421
352617
352625
352659
352680
352692
352751
352876
352886
352902
352937
353159
353215
353273
353429
353434
353521
353560
353887
353894
353909
353956
354000
354003
354010
354019
354183
354188
354205
354226
354275
354565
354583
354674
354675
354707
354767
354810
354869
354941
355033
355033
355035
355038
355139
355431
355447
355573
355574
355854
355869
356038
356115
356136
356229
356238
356289
356327
356404
356654
356729
356796
356813
356870
356946
357184
357296
357549
357810
357827
357899
357981
358006
358080
358161
358312
358458
358485
358512
358518
358684
358696
358844
358870
358927
359194
359358
359400
359499
359560
359643
359710
360067
360086
360174
360190
360209
360416
360501
360666
360799
360870
360923
360992
361156
361233
361250
361370
361598
361600
361682
361943
361956
361958
361972
362106
362154
362228
362247
362343
362462
362704
362820
362855
362888
362939
363039
363314
363360
363475
363509
363639
363724
363849
363915
363954
363980
363995
364143
364174
364290
364457
364510
364592
364777
364843
364961
365127
365178
365469
365504
365647
365735
365781
365815
365906
365927
366114
366178
366188
366250
366290
366373
366435
366448
366817
366984
367044
367192
367294
367407
367739
368019
368086
368204
368253
368310
368339
368356
368396
368474
368528
368650
368801
368904
369143
369163
369235
369537
369606
369664
369724
369729
369819
369858
369967
370164
370409
370454
370558
370574
370599
370812
370850
370873
371011
371052
371304
371360
371567
371580
371586
371709
371888
371963
372031
372056
372195
372212
372335
372454
372464
372494
372505
372518
372757
372784
372860
372865
372968
373036
373144
373193
373193
373225
373230
373302
373552
373630
373702
373806
373839
373910
374162
374678
374747
374794
374797
374838
375028
375087
375199
375235
375298
375307
375323
375369
375390
375436
375512
375604
375720
375787
375797
375870
376003
376043
376304
376355
376383
376444
376607
376634
376876
377063
377283
377285
377358
377447
377522
377585
377822
377965
378202
378383
378717
378746
378798
378916
379070
379075
379097
379231
379284
379345
379837
380300
380473
380506
380553
380938
381005
381124
381207
381224
381236
381295
381320
381439
381490
381663
381720
381800
381801
381969
382015
382201
382250
382482
382587
382825
382851
382856
382902
383140
383145
383178
383373
383402
383711
383819
383829
383886
383993
384064
384250
384331
384358
384389
384444
384546
384556
384632
384659
384676
384789
384789
385110
385157
385179
385205
385218
385324
385622
385660
385726
385771
385941
385948
386023
386133
386154
386186
386287
386301
386426
386428
386436
386501
386787
386791
386835
386904
387036
387060
387165
387232
387447
387482
387810
388135
388141
388141
388215
388269
388368
388463
388485
388863
388885
388982
389000
389001
389069
389073
389090
389232
389285
389320
389358
389428
389550
389741
389751
389898
389920
390036
390286
390293
390401
390528
390748
390751
390788
390868
390954
391043
391049
391072
391149
391339
391379
391405
391543
391638
391650
391763
391827
391829
391986
392091
392233
392270
392305
392387
392406
392447
392500
392518
392606
392637
392806
392950
392970
393053
393087
393158
393180
393411
393461
393697
393714
393722
393790
393845
393912
394291
394310
394353
394388
394442
394759
394844
395053
395073
395125
395278
395334
395360
395691
395719
395723
395927
396014
396345
396416
396446
396447
396476
396601
396648
396659
397058
397101
397117
397212
397267
397321
397739
397757
397760
397799
397871
397969
398032
398073
398083
398426
398545
398584
398766
398865
399009
399058
399084
399122
399131
399145
399206
399260
399407
399593
399692
399694
399844
399896
400055
400133
400156
400315
400372
400427
400718
400835
400874
400915
401052
401088
401319
401355
401356
401415
401426
401598
401738
401800
401817
401856
401866
401877
401969
401971
402090
402315
402467
402522
402676
402701
402719
402777
402805
402919
403329
403528
403546
403655
403960
404176
404231
404362
404424
404505
404653
404721
404896
405121
405374
405386
405693
405771
405827
405884
406032
406163
406213
406285
406388
406408
406490
406509
406577
406713
406719
406848
406978
407004
407185
407250
407343
407417
407452
407456
407479
407503
407615
407636
407831
407992
408032
408085
408117
408166
408168
408222
408249
408271
408303
408303
408375
408424
408466
408487
408487
408583
408651
408781
408997
409055
409166
409208
409215
409455
409677
409759
409808
409849
409923
410013
410056
410143
410145
410240
410251
410477
410486
410492
410551
410995
411045
411077
411211
411231
411292
411445
411466
411567
411581
411583
411635
411751
411788
411869
411971
411978
412047
412125
412152
412256
412275
412326
412581
412589
412746
413163
413306
413581
413872
413957
414088
414538
414643
414661
415072
415129
415448
415522
415584
415902
415906
416361
416390
416442
416540
416572
416651
416740
416996
417059
417105
417302
417366
417367
417428
417505
417659
417689
417734
417877
417907
417947
418041
418187
418303
418346
418702
418723
418884
419025
419055
419249
419279
419288
419312
419403
419500
419858
419873
419918
419990
420153
420246
420382
420561
420703
420709
420807
420907
420981
421157
421276
421314
421319
421325
421537
421593
421683
421706
421742
421857
421861
421922
421994
422052
422196
422267
422427
422447
422503
422509
422539
422583
422584
422844
423051
423070
423088
423209
423242
423456
423537
423553
423862
423969
424070
424169
424239
424254
424258
424320
424521
424607
424751
424865
424896
424945
425203
425413
425571
425656
425893
425977
426167
426269
426398
426445
426446
426478
426577
426796
426800
426834
426884
426965
427031
427034
427185
427255
427268
427476
427602
427659
427830
427890
428002
428098
428147
428445
428623
428762
428905
429096
429112
429196
429286
429422
429493
429688
429867
430370
430402
430505
430576
430614
430772
430902
431089
431098
431282
431411
431414
431463
431493
431528
431544
431579
431633
431633
431672
431682
431914
431921
432054
432080
432123
432161
432307
432578
432621
432699
432757
432809
432859
433223
433403
433521
433525
433622
433658
433682
433743
433931
434072
434075
434105
434127
434136
434184
434257
434312
434341
434532
434642
434669
434704
434782
435009
435033
435061
435097
435251
435318
435615
435740
435750
435787
435862
436022
436039
436209
436337
436352
436469
436601
436706
436752
436779
436905
436978
436997
437066
437535
437624
437718
437828
437847
437900
438039
438091
438132
438171
438248
438255
438262
438278
438321
438511
439144
439239
439252
439311
439376
439441
439461
439462
439493
439686
439696
439755
440164
440246
440320
440326
440346
440364
440381
440387
440408
440468
440479
440509
440713
440804
440820
440825
441028
441053
441071
441135
441262
441380
441414
441451
441636
441641
441828
441851
441911
442238
442302
442338
442388
442502
442559
442657
442697
442857
442928
443035
443400
443455
443473
443634
443797
443864
443899
443913
443936
443981
444084
444118
444137
444386
444491
444553
444793
444865
444905
444910
444915
444995
445254
445265
445282
445333
445435
445472
445474
445541
445547
445788
445882
445958
446036
446062
446093
446126
446275
446325
446486
446599
446645
446669
446736
446799
446922
446939
447025
447193
447251
447314
448259
448593
448715
448793
449105
449192
449241
449384
449442
449662
449760
449828
449891
449921
450015
450048
450060
450064
450493
450569
450620
450649
450777
450788
450973
451041
451070
451102
451144
451391
451543
451568
451678
451747
451850
452132
452180
452325
452407
452430
452738
452744
452776
452779
452833
452857
452887
452900
452904
453158
453340
453418
453712
453774
453821
454379
454563
454792
454873
454980
455018
455056
455108
455168
455216
455244
455361
455478
455514
455558
455569
455595
455680
455742
455841
455926
455967
456062
456181
456282
456346
456396
456486
456558
456723
456781
456880
457030
457107
457109
457264
457270
457333
457515
457534
457653
457734
458025
458045
458157
458506
458517
458531
458577
458591
458612
458691
458767
458770
458849
459306
459478
459723
459729
459759
459790
459795
459849
459885
459895
459898
460004
460142
460216
460491
460612
460737
460824
460935
461140
461261
461349
461519
461676
461707
461735
461783
461806
461871
462330
462417
462689
462865
462939
463041
463053
463066
463086
463323
463373
463404
463439
463584
463595
463623
463661
463760
463955
464682
464791
464858
465003
465030
465245
465313
465384
465465
465739
465834
465977
466054
466054
466084
466290
466294
466324
466336
466364
466386
466411
466481
466537
466663
466684
466758
466802
466834
466900
466902
467191
467324
467457
467470
467599
467675
468006
468067
468110
468319
468343
468497
468538
468651
468793
468988
469129
469204
469362
469363
469460
469531
469566
469660
469819
469840
469941
470006
470030
470139
470143
470189
470439
470443
470830
470864
470885
470914
470989
471084
471328
471362
471717
471789
471823
471847
471886
472242
472307
472420
472430
472460
472565
472635
472681
472957
473067
473085
473254
473337
473423
473454
473607
473674
473714
473744
473878
473894
473995
474010
474041
474126
474235
474333
474460
474529
474705
474816
474917
474955
475237
475259
475474
475572
475583
475600
475776
475779
475817
475914
476039
476098
476111
476328
476560
476844
476859
476896
477018
477035
477179
477314
477372
477450
477532
477534
477601
477805
478267
478372
478579
478596
478609
478664
478740
478952
479167
479242
479276
479327
479544
479880
480225
480299
480363
480571
480593
480873
481032
481077
481120
481298
481312
481324
481498
481656
481953
481956
482081
482097
482189
482329
482484
482548
482662
483073
483138
483257
483335
483373
483656
483953
484191
484640
484685
484726
484868
485062
485092
485106
485146
485211
485250
485257
485485
485538
485539
485615
485789
485818
485837
486151
486176
486186
486408
486438
486452
486480
486772
487000
487128
487311
487632
487637
487638
487653
487754
487778
487864
487968
487998
488082
488091
488173
488653
488673
488880
488882
488970
489200
489224
489521
489531
489574
489589
489594
489595
489664
489736
489869
489971
490469
490493
490576
490659
490677
490701
490852
490869
490960
490982
491076
491276
491281
491378
491425
491435
491767
491799
491823
492018
492185
492325
492523
493133
493171
493242
493306
493414
493769
493857
493927
494032
494055
494196
494257
494298
494314
494396
494431
494513
494547
494562
494576
494787
495049
495123
495398
495769
495815
495823
495946
495951
495965
496170
496431
496482
496567
496596
496613
496783
496829
496883
496930
497045
497218
497254
497321
497493
497770
498019
498027
498035
498122
498132
498385
498404
498526
498531
498613
498687
498844
498884
498933
499165
499297
499300
499370
499515
499575
499669
499732
499828
499914
499976
499999
500019
500107
500479
500518
500538
500758
500920
500924
501204
501226
501266
501291
501345
501470
501691
501722
501894
501922
502004
502107
502171
502225
502439
502457
502536
502641
502855
502906
503073
503139
503291
503306
503324
503326
503776
503960
504246
504297
504416
504687
504894
504940
504972
505107
505173
505174
505208
505330
505351
505428
505439
505608
505698
505761
505897
506100
506110
506486
507003
507070
507172
507176
507382
507493
507546
507754
508017
508057
508117
508133
508735
508757
508932
508988
509056
509156
509162
509164
509631
509765
509979
510043
510241
510252
510392
510437
510530
510613
510666
510673
510848
510932
511053
511151
511673
511855
511985
512121
512198
512287
512501
512673
512778
513027
513038
513219
513340
513389
513478
513650
513683
513717
513806
514024
514106
514251
514349
514414
514439
514533
514571
514615
514645
514656
514696
514720
514746
514822
515270
515445
515693
515709
515821
515833
515873
516128
516266
516274
516274
516566
516578
516593
516691
516936
517047
517185
517235
517390
517508
517584
517648
518211
518300
518418
518621
518654
518672
518854
518865
518962
518968
519003
519008
519456
519490
519494
519518
519536
519579
519836
519846
519851
520049
520074
520260
520321
520378
520457
520624
520663
520671
520679
520734
520940
520965
521200
521269
521722
521964
522182
522339
522412
522419
522727
522936
522959
522997
523082
523150
523348
523383
523450
523653
523678
523720
523892
524020
524100
524282
524390
524476
524488
524862
524927
524959
525133
525441
525516
525537
525572
525666
525774
525811
525867
525880
525976
525979
525989
526110
526135
526202
526215
526247
526370
526395
526411
526503
526704
526953
526992
527037
527113
527231
527262
527302
527377
527484
527558
527682
527692
528274
528314
528563
528728
528927
528934
529006
529084
529166
529252
529507
529811
529898
529930
530014
530086
530187
530187
530351
530587
530622
531035
531634
531643
531650
531661
532289
532295
532346
532405
532438
532592
532691
532876
533041
533061
533294
533429
533453
533464
533651
533701
533762
533931
534026
534039
534155
534304
534344
534632
534635
534665
534704
534740
534783
534859
534865
535013
535175
535212
535334
535357
535434
535467
535564
535682
535760
535762
535906
535937
536210
536301
536308
536360
536401
536514
536609
536757
536763
537043
537240
537267
537270
537305
537333
537369
537376
537514
537549
537607
537617
538374
538488
538508
538689
538895
539248
539322
539377
539603
539661
539698
539720
539741
539742
539809
540025
540216
540286
540389
540477
540522
540540
540642
540768
540811
540871
541144
541158
541201
541234
541271
541364
541518
541522
541579
541651
541751
541757
541788
541805
541835
541845
541858
542018
542237
542246
542326
542336
542532
542923
542953
542974
543118
543194
543214
543312
543446
543479
543583
543631
543665
543745
543769
544027
544088
544110
544134
544162
544298
544306
544314
544327
544336
544390
544472
544660
544663
544702
544845
544898
544909
544934
545002
545034
545298
545314
545323
545387
545413
545588
545702
545759
545760
545836
545897
546005
546052
546330
546432
546609
546775
546920
547054
547057
547164
547174
547257
547338
547497
547614
547754
547821
547889
548012
548034
548085
548360
548384
548412
548452
548635
548816
548875
548928
548943
549298
549486
549518
549538
549552
549620
549634
549671
549805
549944
550001
550233
550269
550269
550530
550662
550783
550854
550860
550897
550945
551170
551262
551316
551384
551562
551595
551618
551731
551760
551939
552020
552042
552097
552126
552332
552388
552563
552582
552808
552856
552866
552947
553051
553079
553089
553181
553242
553273
553381
553394
553426
553434
553491
553528
553662
553781
553912
553934
554032
554121
554156
554187
554366
554375
554382
554392
554543
554548
554783
554886
554945
554976
555012
555054
555275
555476
555755
555769
555830
555845
555951
556012
556362
556383
556405
556536
556738
556741
556796
557049
557076
557087
557104
557275
557349
557354
557379
557395
557478
557511
557577
557604
557724
557734
557736
557806
557871
558070
558078
558191
558225
558493
558495
558609
558662
558838
559164
559247
559438
559711
559768
559943
560166
560372
560390
560429
560543
560607
560841
560886
560932
561101
561235
561281
561378
561483
561667
561826
561884
561966
562385
562482
562575
562786
562818
562853
562927
562938
563108
563199
563217
563247
563281
563401
563534
563624
563709
563736
563822
563886
564184
564237
564249
564531
564563
564600
564654
564791
564824
564893
564903
565030
565145
565187
565196
565242
565264
565426
565679
565813
566027
566028
566047
566106
566369
566424
566499
566526
566631
566632
566661
566797
566807
566951
566954
566986
567158
567179
567221
567249
567302
567343
567361
567433
567474
567841
567891
567913
567967
568044
568111
568143
568186
568250
568318
568346
568405
568455
568480
568491
568494
568582
568632
568731
568779
568891
568905
569119
569174
569182
569217
569371
569416
569461
569468
569529
569571
569868
569918
570124
570316
570357
570399
570487
570588
570604
570619
570822
570839
570920
570987
571112
571139
571204
571235
571285
571447
571678
571732
572054
572130
572151
572320
572373
572466
572550
572629
572648
572889
572903
572904
573104
573290
573327
573382
573568
573634
573728
573933
573945
574170
574220
574478
574483
574584
574646
574656
574728
574783
574923
575205
575299
575307
575474
575698
575940
575990
576053
576191
576197
576354
576414
576467
576480
576540
576565
576621
576701
576707
576714
576760
576807
576855
576864
577110
577198
577223
577241
577967
578210
578246
578337
578357
578499
578735
578744
578795
578818
578892
578954
578959
578995
579026
579088
579168
579264
579317
579493
579542
579615
579617
579683
579798
579844
579893
579922
580040
580061
580149
580196
580243
580510
580674
580794
580802
580829
580864
580977
581013
581090
581117
581156
581362
581557
581632
581680
581729
581769
582062
582172
582233
582502
582704
583034
583056
583247
583480
584035
584373
584411
584583
584599
584604
584760
584838
584845
584850
584916
584935
585005
585110
585129
585430
585439
585717
585740
585748
585776
586147
586149
586318
586371
586469
586537
586574
586824
586939
586972
587180
587335
587475
587584
587643
587752
587924
587992
588039
588044
588254
588256
588439
588472
588592
588656
588663
588691
588715
588730
588890
588915
588997
589138
589295
589405
589536
589761
589937
589954
590059
590219
590295
590389
590403
590411
590423
590449
590630
590726
590807
591059
591093
591136
591145
591229
591232
591338
591399
591474
591556
591573
591573
591748
591789
591802
591821
591846
591863
592014
592104
592192
592247
592279
592469
593008
593196
593246
593344
593407
593479
593492
593509
593577
593611
593678
593712
593756
593817
593973
594086
594088
594096
594198
594399
594472
594555
594592
594884
595165
595361
595539
595664
595888
596032
596153
596174
596223
596253
596462
596655
596887
596936
596968
597004
597065
597080
597207
597256
597270
597431
597480
597530
597610
597612
597716
597781
597907
598017
598087
598176
598183
598270
598300
598406
598451
598460
598515
598639
598722
598899
598908
598928
598932
598932
598968
598976
598985
599176
599222
599243
599351
599355
599443
599632
599658
599809
599848
599990
600057
600200
600224
600229
600352
600360
600378
600489
600554
600597
600605
600624
600675
600782
600799
600858
600904
601087
601162
601230
601324
601553
601624
601669
601752
601832
601852
601885
601934
602064
602331
602430
602479
602570
602723
602808
602874
603459
603626
603783
603920
603950
604227
604311
604339
604388
604450
604632
604673
604929
605153
605163
605197
605221
605275
605428
605545
605561
605797
606228
606325
606483
606511
606602
606636
606673
606705
607029
607277
607285
607419
607481
607482
607580
607590
607593
607650
607740
607854
607943
608029
608108
608111
608117
608137
608159
608251
608270
608277
608281
608366
608647
608679
608847
609174
609245
609495
609530
609549
609623
609783
609934
610007
610056
610118
610121
610381
610581
611203
611486
611504
612017
612106
612227
612256
612301
612367
612373
612458
612583
612744
612772
612862
612901
612928
613055
613123
613151
614329
614395
614484
614534
614801
614806
615012
615036
615056
615085
615145
615147
615157
615216
615453
615483
615568
615618
615768
615918
615969
615982
616208
616266
616389
616448
616576
616610
616870
617079
617080
617138
617178
617267
617327
617368
617550
617733
617792
617969
618003
618119
618198
618409
618513
618598
618819
618843
618865
618987
619003
619128
619311
619376
619490
619539
619580
619584
619614
619647
619661
619895
619923
619992
620559
620840
620867
620885
620966
621030
621052
621468
621546
621549
621642
621688
621702
621719
621759
622014
622020
622586
622614
622615
622767
622863
622877
622880
623018
623651
623687
623837
623861
623946
624041
624132
624270
624330
624436
624484
624498
624557
624588
624681
624693
624704
624863
624882
624922
624937
624941
625171
625191
625278
625326
625457
625587
625588
625717
625939
626009
626107
626495
626522
626620
626642
626749
626777
626796
627025
627111
627122
627139
627208
627271
627442
627566
627582
627740
627775
627911
628015
628089
628093
628156
628223
628245
628317
628388
628458
628466
628589
628708
629033
629034
629052
629321
629368
629686
629729
629831
629838
629881
629959
630063
630079
630238
630520
630620
630931
630991
631288
631529
631641
631821
631826
631903
631978
632011
632042
632195
632308
632378
632404
632451
632503
632519
632536
632547
632558
632560
632673
632813
632822
632859
633005
633021
633033
633162
633182
633301
633470
633671
634099
634154
634414
634426
634483
634485
634610
634674
634790
635530
635654
635733
635778
635780
635806
636066
636141
636185
636569
636659
636870
636875
636877
636953
637007
637082
637145
637378
637632
637732
637869
637909
637947
638346
638382
638626
638632
638711
638773
638892
638933
639056
639157
639202
639367
639384
639433
639519
639618
639851
639856
639881
639996
640205
640286
640301
640530
640655
640837
640908
641104
641200
641473
641485
641491
641610
641651
641814
641835
642326
642370
642385
642496
642532
642973
643072
643114
643128
643240
643244
643260
643293
643399
643847
644068
644136
644223
644252
644300
644406
644487
644665
644796
644821
644930
644940
644978
645031
645096
645208
645432
645538
645652
645719
645816
645825
645835
645959
646169
646236
646417
646514
646680
646748
646960
647133
647215
647424
647508
647561
647720
647784
647878
647880
647917
648033
648149
648161
648226
648283
648354
648418
648610
648692
648815
648817
649006
649049
649160
649177
649198
649365
649430
649588
649651
649994
650186
650384
650465
650477
650498
650642
650675
650796
650838
650925
651017
651071
651278
651331
651397
651463
651527
651837
652058
652077
652320
652329
652357
652479
652605
652606
652827
652886
653105
653217
653237
653313
653363
653400
653916
653999
654037
654161
654333
654460
654496
654783
654891
654970
654984
655144
655149
655208
655246
655369
655656
655865
655867
656120
656173
656219
656228
656238
656547
656590
656598
656782
656859
656882
656889
656914
657124
657161
657429
657462
657493
657518
657865
657946
658080
658103
658218
658246
658279
658290
658434
658437
659169
659186
659186
659279
659361
659668
659705
659838
659935
660149
660172
660403
660539
660733
661026
661095
661099
661099
661518
661536
661750
661770
661805
661910
662299
662378
662422
662511
662602
662665
662821
662969
663108
663141
663199
663426
663687
663733
663736
663912
663949
664172
664254
664501
664537
664980
664991
665056
665199
665300
665339
665681
665723
666104
666171
666244
666359
666371
666616
666708
666773
666881
667219
667264
667369
667378
667663
667791
667909
667928
668059
668067
668083
668244
668534
668539
668695
668711
668806
669230
669264
669269
669450
669654
669776
669821
669853
669951
669966
670241
670244
670322
670471
670564
670627
670751
670980
671014
671153
671456
671605
671798
671808
671853
671870
672045
672283
672307
672465
672659
672744
672773
672888
672987
673131
673156
673338
673393
673608
673841
674035
674236
674301
674368
674992
675055
675060
675137
675172
675241
675481
675605
675804
675906
675955
675972
675975
676085
676100
676123
676147
676160
676535
676603
676868
676988
677395
677432
677611
677697
677723
677790
677817
677834
677879
678324
678325
678351
678428
678477
678512
678626
678629
678689
678699
678709
678728
679005
679064
679067
679238
679278
679300
679331
679353
679450
679459
679511
679621
679748
679853
679991
680064
680235
680330
680409
680482
680598
680731
680957
680964
681158
681179
681293
681396
681399
681929
682112
682151
682255
682298
682323
682468
682550
682714
682721
682735
682815
682904
682929
683053
683425
683442
683456
683482
683569
683598
683611
683986
684205
684245
684255
684272
684286
684368
684430
684535
684650
684651
684772
684778
685022
685082
685326
685343
685663
685809
685812
685902
686036
686104
686147
686205
686262
686392
686415
686480
686485
686492
686524
686567
686626
686676
686999
687034
687067
687176
687302
687450
687561
687583
687619
687626
687715
687955
688085
688227
688296
688383
688623
688624
688730
688848
689009
689072
689084
689132
689184
689196
689196
689343
689517
689607
689674
689793
689867
689947
689962
689990
690073
690173
690229
690349
690371
690548
690748
690826
690840
690848
690941
691147
691344
691447
691659
691665
691677
692103
692154
692182
692214
692239
692328
692598
692608
692689
692713
692719
692725
692818
692822
692896
693141
693231
693286
693389
693568
693753
693813
693875
694166
694294
694305
694369
694485
694763
694866
694913
694921
695050
695240
695319
695330
695495
695533
695749
695767
695787
695798
695918
695995
696241
696350
696454
696572
696579
696610
696774
696779
696849
696854
697013
697310
697355
697401
697525
697573
697573
697594
697700
697813
697902
697973
698075
698302
698469
698580
698734
698856
698890
699054
699090
699115
699154
699268
699272
699292
699316
699514
699858
699879
699961
700055
700125
700150
700163
700670
700748
700897
700900
700907
700960
701048
701123
701236
701273
701374
701424
701612
701805
701874
702142
702177
702244
702505
702540
702585
702602
702716
702724
702726
702815
702938
702968
702999
703101
703154
703189
703233
703284
703343
703360
703387
703542
703548
703786
703924
703971
704018
704064
704271
704333
704500
704603
704616
704717
704792
704949
704958
705176
705226
705395
705455
705586
705680
705732
705794
705842
705956
705961
705972
706047
706075
706221
706341
706352
706393
706502
706524
706873
707408
707411
707627
707668
707718
707795
707806
708011
708031
708103
708262
708266
708280
708528
708744
708751
708767
708836
708847
708985
709390
709396
709416
709436
709440
709459
709471
709472
709526
709572
709658
710032
710058
710123
710130
710319
710324
710354
710441
710455
710575
710696
710719
710763
710803
710830
710858
711409
711549
711630
711707
711847
711915
711972
712031
712039
712070
712133
712452
712456
712494
712505
712627
712951
713020
713104
713138
713163
713322
713619
713883
713907
713922
714016
714052
714184
714203
714256
714400
714580
714665
714816
714837
714855
715140
715288
715708
716009
716032
716058
716265
716295
716311
716549
716635
716731
716747
716772
716882
716885
716924
717052
717183
717286
717550
717557
717720
717851
717869
717892
718335
718337
718384
718436
718461
719063
719110
719152
719243
719286
719507
719516
719567
719591
719626
720055
720212
720282
720306
720307
720349
720405
720434
720516
720607
720624
720716
720742
721010
721053
721263
721310
721529
721664
721704
721733
721836
722016
722082
722108
722227
722800
722809
722833
722842
722976
723248
723332
723350
723592
723662
723705
724173
724333
724368
724409
724466
724553
724587
724693
724694
724716
724729
724812
724866
724879
724897
724901
725120
725134
725139
725168
725231
725246
725365
725407
725442
725444
725623
725685
725759
726017
726036
726037
726155
726196
726278
726353
726403
726461
726624
726644
726955
726987
727092
727093
727117
727275
727289
727418
727560
727792
727896
727905
727984
728077
728278
728280
728700
728803
729205
729222
729264
729298
729317
729391
729478
729537
729808
729849
730006
730058
730059
730064
730079
730104
730188
730260
730300
730417
730458
730661
730948
730981
731053
731166
731226
731249
731363
731493
731608
731730
731885
732149
732165
732182
732239
732266
732394
732431
732688
732915
732936
733034
733108
733241
733467
733751
733753
733915
733962
733974
733979
734096
734279
734404
734407
734509
734575
734687
734768
734792
734813
734833
735040
735275
735377
735406
735462
735537
735553
735592
735704
735916
735968
736229
736261
736500
736504
736564
736620
736688
736889
736919
736949
736983
737128
737163
737276
737308
737320
737507
737605
737634
737829
737864
738001
738070
738127
738197
738321
738351
738424
738430
738580
738588
738689
738711
738820
738978
739109
739138
739153
739154
739235
739334
739444
739660
739712
739742
739818
739877
739953
740020
740040
740147
740342
740410
740474
740543
740830
740845
740856
741100
741163
741251
741471
741541
741652
741673
741841
741850
741938
741975
741983
741987
742030
742032
742053
742114
742366
742485
742486
742574
742612
742776
742882
742883
743156
743198
743227
743233
743288
743319
743418
743556
743604
743814
743871
743884
743910
744046
744114
744166
744352
744590
744644
744714
744805
744875
744890
744957
745094
745234
745251
745485
745577
745684
745714
745826
745885
745905
745908
746004
746025
746131
746319
746481
746568
746568
746667
746772
746781
746872
746921
747026
747079
747083
747373
747472
747540
747550
747569
747667
747702
747927
747977
747986
747986
748104
748105
748524
748581
748653
748931
749006
749076
749109
749237
749282
749309
749458
749459
749568
749643
749932
750365
750421
750510
750718
750893
750963
751002
751069
751253
751290
751425
751520
751818
751847
751982
752179
752353
752525
752622
752922
752978
752978
753030
753032
753332
753345
754034
754220
754227
754262
754288
754323
754337
754371
754458
754554
754705
754755
754852
755446
755700
755713
755719
755850
755906
756075
756202
756279
756328
756400
756428
756437
756449
756519
756577
756644
756654
756987
757051
757062
757071
757080
757122
757123
757486
757514
757573
757663
757733
757766
757819
757948
758132
758157
758199
758311
758565
758596
758653
758858
758877
758901
759033
759143
759230
759375
759520
759526
759575
759598
759630
759728
759939
760019
760114
760215
760274
760322
760381
760415
760475
760533
760689
760785
760827
760875
760922
760968
761105
761183
761220
761275
761373
761479
761581
761799
761917
761971
761998
762076
762080
762130
762158
762214
762748
762810
762856
762877
762926
762948
763121
763213
763218
763561
763844
763963
763997
764068
764073
764177
764248
764287
764331
764347
764487
764640
764695
764726
764896
764995
765049
765151
765723
765781
765925
766002
766138
766228
766257
766261
766288
766327
766384
766394
766430
766503
766674
766875
766914
767059
767088
767096
767118
767446
767453
767660
767675
767706
767727
767744
767758
767925
767978
768012
768047
768121
768174
768253
768325
768417
768565
768694
768790
768874
769033
769279
769319
769367
769604
769703
769719
769737
769792
769982
770058
770187
770189
770364
770474
770516
770626
770657
770696
770726
770803
771081
771153
771505
771711
771884
772268
772304
772316
772326
772492
772505
772575
772577
772994
773053
773141
773154
773296
773324
773459
773698
773804
773812
773838
773896
774106
774204
774245
774251
774442
774480
774525
774762
774904
774937
775308
775357
775377
775633
775768
775946
776203
776336
776345
776349
776388
776621
776632
776773
776776
776821
777089
777178
777488
777530
777539
777745
777820
778077
778317
778417
778626
778661
778816
779012
779114
779176
779418
779453
779634
779643
779684
779719
779742
780037
780041
780058
780109
780112
780411
780430
780534
780612
780746
780851
780961
780998
781007
781075
781289
781525
781657
781699
781907
781953
781979
782137
782520
782663
782689
782921
783244
783406
783484
783485
783523
783559
783585
783601
783681
783690
783741
783744
783818
784458
784526
784544
784787
784961
785124
785321
785425
785473
785591
785629
785694
785732
785741
785842
785969
785981
785998
786072
786245
786280
786352
786596
786596
786708
786874
787053
787205
787256
787413
787491
787646
787737
787770
787843
787932
788087
788098
788103
788131
788310
788634
788718
788795
788803
788857
788894
788974
789127
789326
789660
789701
789713
789754
789798
789945
789980
789992
790035
790039
790109
790130
790147
790150
790275
790315
790507
790608
790845
791088
791094
791121
791151
791399
791401
791496
791881
791966
791985
792017
792104
792142
792181
792275
792365
792447
792511
792612
792653
792709
792724
792835
793095
793130
793481
793671
793757
793779
793806
793846
793924
794211
794359
794404
794415
794415
795171
795321
795331
795414
795466
795657
795989
796052
796057
796125
796202
796224
796234
796287
796398
796454
796462
796572
796620
796767
796842
796862
796862
796863
796882
796984
797243
797357
797444
797456
797481
797494
797522
797568
797589
797610
797656
797667
797733
797880
797883
797949
798166
798337
798464
798486
798564
798796
798852
798897
799041
799160
799316
799410
799536
799546
799787
799828
799850
799889
800011
800491
800711
800713
800750
800801
800898
800904
801079
801202
801203
801234
801308
801576
801669
801670
801686
801805
801848
801858
801993
802046
802049
802566
802608
802710
802725
802753
802828
802932
802951
803064
803073
803167
803524
803681
803825
803841
803855
803931
804057
804347
804375
804437
804525
804551
804591
804600
804795
804873
804885
804954
805168
805768
805809
805892
806189
806226
806349
806450
806457
806570
806626
806746
806764
806769
806785
806892
807006
807087
807196
807211
807274
807359
807793
807921
808264
808434
808496
808549
808696
808701
808878
808943
809068
809075
809098
809108
809175
809294
809472
809576
809673
809730
809838
809889
810116
810177
810243
810248
810400
810511
810523
810568
810616
810657
810792
810795
810895
811101
811144
811162
811305
811593
811620
811704
812017
812078
812112
812145
812173
812188
812329
812392
812395
812626
812643
812668
812882
813058
813158
813275
813340
813376
813678
813831
813923
813982
813992
814266
814271
814330
814396
814417
814676
814752
814970
815064
815144
815173
815460
815553
815587
815645
815750
816250
816322
816337
816343
816369
816386
816791
816908
816935
817169
817219
817301
817394
817519
817538
817699
817724
818309
818361
818652
818921
819007
819059
819090
819109
819289
819318
819404
819522
819707
819847
819959
820078
820170
820186
820215
820291
820494
821087
821207
822105
822113
822161
822215
822396
822502
822512
822555
822685
822698
822791
822811
822833
823001
823028
823082
823092
823308
823436
823648
823920
823988
824063
824071
824091
824134
824162
824171
824190
824397
824604
824942
825035
825188
825276
825531
825759
825759
825799
825921
825942
825965
826067
826093
826153
826193
826335
826473
826563
826564
826653
827183
827646
827797
827915
827941
828207
828224
828272
828287
828297
828350
828374
828478
828497
828516
828545
828646
828670
828679
828713
828938
828962
829005
829500
829598
829661
829686
829696
829740
829916
830000
830006
830342
830388
830485
830658
830713
830938
830943
831146
831230
831285
831311
831396
831469
831652
831655
831989
832077
832097
832127
832200
832218
832267
832327
832345
832433
832494
832594
832668
832787
832981
833005
833109
833303
833424
833438
833476
833833
833909
834258
834386
834398
834398
834424
834435
834554
834580
834686
834786
834845
834870
834909
834910
834913
834999
835059
835063
835135
835142
835175
835351
835354
835369
835391
835494
835530
835533
835543
835546
835597
835747
835872
835890
835927
835994
836012
836119
836270
836395
836479
836670
837138
837191
837362
837674
837702
837722
837741
837759
837932
837938
838004
838021
838199
838470
838754
838860
839006
839013
839204
839251
839294
839302
839527
839713
839814
840102
840201
840264
840267
840396
840676
840792
840871
840980
841375
841420
841512
841724
841787
841919
841920
842051
842109
842423
842425
842441
842492
842538
842828
842935
843001
843012
843051
843170
843199
843289
843393
843557
843888
843900
843951
844068
844086
844217
844265
844281
844363
844446
844494
844530
844555
844559
844748
844757
844769
844891
844997
845114
845157
845164
845319
845742
845795
845890
845941
846013
846053
846251
846451
846533
846590
846659
846746
846987
847108
847150
847312
847450
847472
847610
847638
847646
847759
847931
848127
848141
848154
848222
848499
848536
848602
848943
848972
849079
849133
849150
849170
849281
849372
849495
849530
849554
849617
849633
849743
850048
850065
850111
850189
850239
850376
850553
850640
850750
850760
850787
850848
850852
850861
850930
850990
851177
851397
851524
851626
851627
851755
851975
852018
852117
852155
852175
852322
852421
852561
852860
852862
853092
853186
853218
853331
853337
853410
853452
853660
853688
853737
854040
854042
854232
854243
854321
854445
854482
854526
854803
854819
854877
854983
855071
855086
855149
855436
855644
855730
855736
855785
855808
855815
856026
856075
856085
856381
856477
856566
856590
856623
856663
856701
856878
856929
856979
857102
857381
857420
857555
857571
857609
857791
857796
857842
857845
857947
858061
858072
858304
858437
858493
858787
858831
858871
858941
858992
859263
859285
859412
859611
859691
860113
860158
860200
860424
860519
860548
860916
861043
861079
861119
861431
861455
861480
861536
861571
861665
861775
862012
862141
862225
862339
862379
862510
862827
862912
862971
863017
863127
863228
863349
863350
863423
863442
863483
863562
863577
863732
863916
864235
864453
864465
864607
864614
864704
864768
864876
864902
865013
865162
865264
865431
865443
865533
865569
865669
865743
865809
865950
866013
866018
866094
866125
866275
866399
866476
866488
866698
866710
866766
866775
866800
866885
866952
866990
867017
867130
867217
867451
867705
867804
867873
867884
867964
867988
868087
868170
868192
868231
868431
868754
868839
868934
868976
869006
869055
869118
869165
869467
869654
869822
870105
870259
870260
870345
870440
870621
870676
870709
870857
870929
870959
871132
871263
871308
871388
871664
871718
871783
872056
872069
872093
872113
872211
872272
872332
872368
872412
872476
872650
872744
872777
872847
872955
873046
873338
873426
873634
873647
873699
873732
873766
873842
873969
874015
874024
874088
874214
874304
874424
874459
874514
874547
874709
874712
874854
874903
874903
874934
875041
875077
875154
875209
875210
875305
875444
875529
875601
875643
875728
875821
875879
876052
876097
876107
876338
876602
876712
876765
876846
876923
877184
877285
877297
877485
877506
877516
877581
877664
877803
877808
877922
878101
878102
878299
878329
878417
878482
878548
878694
879061
879104
879165
879270
879346
879446
879796
879797
879814
879932
880065
880266
880370
880442
880510
880683
880714
880778
880806
880868
880883
880905
880939
881068
881248
881248
881285
881337
881371
881580
881647
881816
881952
881957
882103
882229
882307
882324
882410
882455
882466
882678
882685
882733
883026
883035
883083
883142
883219
883355
883402
883437
883478
883546
883581
883731
883807
883914
883930
884169
884441
884472
884508
884617
884863
885021
885029
885284
885337
885404
885440
885640
885677
885900
885951
886230
886299
886339
886564
886592
886641
886687
886794
886898
886916
886921
886963
887080
887147
887174
887194
887199
887314
887500
887658
887698
887752
887935
887957
888111
888152
888297
888348
888424
888560
888618
888649
888840
888888
888931
889022
889086
889257
889444
889717
889963
890239
890262
890444
890714
891005
891079
891212
891698
891841
891862
891932
892026
892101
892215
892226
892698
892851
892905
893008
893225
893381
893530
893720
893732
893811
893961
894344
894367
894471
894535
894537
894615
894637
894694
894695
894976
895077
895131
895192
895196
895197
895313
895450
895604
895648
895855
895927
896088
896375
896391
896410
896524
896628
896685
896692
896709
896785
897007
897296
897350
897377
897432
897490
897863
897888
898054
898322
898421
898467
898554
898560
898630
898648
898687
898744
898745
899192
899243
899274
899328
899343
899366
899501
899501
899569
899742
899802
899805
899973
900025
900116
900260
900388
900429
900469
900469
900528
900599
900662
900739
900910
900958
901340
901490
901491
901707
901826
901880
901889
901979
901995
902002
902055
902080
902094
902218
902224
902254
902266
902314
902495
902535
902634
902835
902929
902934
903023
903300
903398
903437
903474
903492
903676
903735
903760
904179
904284
904325
904329
904367
904444
904711
904899
905117
905241
905627
905633
905649
905799
905803
905908
906024
906100
906182
906287
906338
906430
906482
906501
906603
906623
906747
906750
906864
906997
907033
907092
907550
907552
907599
907656
907659
907673
907761
907763
907811
908054
908057
908348
908375
908530
908667
908737
908872
908903
908931
909015
909124
909147
909295
909386
909421
909468
909496
909556
909558
909669
909813
910260
910347
910484
910551
910552
910654
911170
911243
911396
911523
911594
911808
911812
911938
911952
911989
912072
912104
912201
912481
912712
912907
912987
913084
913347
913371
913385
913533
913547
913602
913671
913784
913851
913869
913971
914066
914244
914253
914353
914382
914406
914426
914709
914855
914895
915122
915325
915345
915420
915478
915567
915738
915800
915883
915896
915904
916006
916124
916249
916256
916258
916368
916661
916905
917076
917157
917351
917489
917558
917564
917568
917722
917835
917857
918365
918445
918507
918863
919225
919329
919372
919377
919438
919467
919491
919580
919642
919778
919977
920012
920039
920205
920233
920258
920297
920418
920535
920546
920576
920827
920840
920885
921007
921324
921403
921517
921580
921750
921846
921922
921977
922133
922257
922333
922520
922561
922796
923012
923089
923111
923124
923127
923230
923502
923569
923863
923974
924043
924079
924212
924358
924462
924520
924666
924772
924829
924925
925053
925100
925258
925266
925287
925392
925454
925659
925743
925749
925890
926045
926097
926125
926248
926249
926329
926360
926458
926490
926575
926612
926685
926746
927115
927239
927246
927263
927293
927398
927842
927929
927976
928013
928469
928642
928700
928779
928857
929012
929221
929367
929412
929438
929509
929629
929774
929841
929908
929974
930348
930414
930490
930777
930844
930953
930965
930973
931123
931239
931408
931647
931665
931670
931680
931810
931875
931917
931935
931956
932003
932045
932052
932270
932462
932657
932739
932919
933196
933376
933437
933613
933670
933874
933886
933968
933971
933979
934141
934354
934441
934518
934565
934587
934952
935081
935117
935162
935213
935388
935476
935482
935622
935683
935687
935703
935810
935938
935965
936405
936461
936480
936817
936854
936858
936915
936934
936938
937256
937444
937452
937470
937549
937565
937886
938041
938225
938249
938399
938500
938523
938529
938597
938665
938900
938905
939157
939337
939452
939714
939823
939895
939935
939978
940060
940399
940556
940604
940624
940683
940986
941103
941217
941283
941425
941849
941944
942010
942293
942325
942514
942560
942648
942711
942791
942842
942999
943025
943056
943213
943246
943309
943315
943366
943375
943523
943537
943549
943729
943744
943750
943795
943988
944051
944133
944253
944303
944503
944505
944514
944730
944774
944785
944805
944878
944911
945004
945060
945071
945116
945254
945462
945630
945645
945962
945974
946020
946136
946143
946286
946293
946313
946358
946417
946520
946548
946555
946604
946625
946657
946710
946721
946727
946765
946899
947179
947187
947284
947286
947331
947427
947583
947627
947646
947716
947744
947773
947855
947913
947987
948035
948187
948321
948324
948543
948561
948670
948702
948810
948840
948954
949192
949291
949320
949516
949695
949709
949852
949899
949901
949951
950119
950205
950207
950256
950318
950398
950645
950806
951016
951152
951202
951288
951407
951491
951653
951738
952312
952316
952532
952651
952672
952723
952846
952881
952943
953084
953102
953258
953311
953359
953497
953615
953919
953936
953979
954008
954077
954159
954247
954257
954420
954427
954450
954553
954557
954609
954629
954719
954809
955198
955719
955733
955802
955970
955979
956038
956062
956151
956199
956208
956222
956335
956431
956676
956721
956723
956768
956774
956798
956940
957152
957229
957395
957530
957668
957820
957913
958130
958131
958237
958628
958726
958797
958992
959062
959173
959414
959601
959654
959735
959755
959950
959985
959990
960065
960108
960134
960226
960303
960379
960491
960724
960745
960791
960805
960844
961144
961221
961485
961536
961772
962067
962313
962431
962538
962675
962738
962762
962790
962801
962830
963279
963411
963412
963471
963606
963628
963635
963668
963823
963932
964042
964060
964231
964263
964398
964426
964591
964605
964712
964751
964961
965077
965210
965219
965230
965288
965425
965687
965745
965982
966335
966385
966393
966399
966458
966500
966694
966844
966906
966942
967157
967287
967319
967447
967597
967601
967601
967995
968032
968130
968187
968238
968263
968326
968523
968529
968644
968702
969032
969332
969343
969452
969483
969484
969618
969737
969767
969815
969817
969844
969879
969910
969916
969918
969978
970025
970053
970165
970289
970369
970381
970555
970663
970711
970815
970828
971012
971163
971166
971508
971526
971648
971741
971924
971957
972044
972059
972078
972135
972293
972585
972632
972801
972847
973052
973215
973291
973405
973431
973617
973820
973851
973870
973917
973940
973968
974203
974220
974312
974326
974329
974356
974493
974547
974652
974688
974808
974834
974934
975038
975081
975270
975338
975403
975474
975516
975546
975582
975588
975620
975701
975730
975775
975818
975951
976070
976087
976110
976134
976172
976482
976486
976577
976658
976838
976996
977101
977148
977295
977383
977468
977665
977696
977821
977937
977957
978143
978223
978290
978606
978653
978659
978783
978839
978860
978891
978977
978985
979030
979125
979198
979236
979340
979448
979466
979642
979747
979812
979836
979945
980360
980364
980608
980629
980752
981020
981035
981103
981114
981198
981266
981300
981319
981334
981387
981414
981617
981663
981839
981845
981983
982016
982078
982099
982292
982354
982433
982483
982579
982653
982926
982957
983013
983092
983203
983334
983423
983423
983432
983527
983531
983533
983763
983945
984094
984308
984382
984461
984526
984548
984590
984771
984780
984887
984899
984922
984930
984971
985085
985159
985175
985218
985453
985585
985674
985695
985801
986006
986019
986056
986255
986413
986427
986533
986606
986724
987035
987088
987285
987311
987475
987669
987686
987970
988030
988043
988052
988077
988165
988256
988259
988262
988292
988328
988758
989086
989143
989236
989243
989250
989543
989832
989872
989930
990367
990370
990467
990564
990663
990664
990749
990766
990894
991035
991079
991104
991310
991349
991412
991434
991447
991589
991715
991743
991771
991955
991968
991976
992063
992204
992286
992349
992531
992589
992668
992815
992864
992894
992925
993147
993161
993178
993287
993419
993487
993614
993647
993737
993830
993897
993952
994053
994089
994770
994837
994889
994890
994919
995028
995090
995152
995367
995439
995466
995633
995673
995740
995910
995915
996155
996231
996308
996398
996415
996567
996618
996805
996900
996957
997344
997380
997487
997521
997982
998169
998305
998305
998369
998381
998534
998552
998711
998822
998866
999153
999293
999539
999597
999721
999724
999732
999818