77
80
136
234
252
311
313
382
418
445
641
751
848
1006
1123
1342
1485
1574
1705
1735
1779
1896
1966
2075
2096
2111
2145
2278
2379
2459
3007
3011
3014
3131
3194
3210
3311
3327
3519
3598
3756
3852
3993
4217
4464
4508
4528
4540
4568
4600
4604
4705
5033
5038
5283
5316
5330
5370
5380
5425
5509
5656
5801
6052
6087
6269
6283
6332
6383
6614
6814
7039
7136
7145
7150
7256
7278
7349
7425
7463
7470
7474
7617
7774
7874
7977
7980
8056
8145
8164
8204
8225
8280
8368
8473
8686
8718
8750
8787
9082
9153
9167
9527
9624
9853
10070
10075
10227
10322
10424
10638
10670
10705
10774
10924
11338
11379
11418
11473
11530
11758
11886
11908
11950
12156
12426
12821
12988
13048
13138
13401
13429
13492
13510
13524
13558
13565
13588
13590
13648
13685
13693
14024
14032
14059
14089
14128
14150
14166
14249
14294
14433
14582
14605
14615
14637
14850
14932
15102
15159
15189
15323
15663
15664
15682
15707
15748
15807
16060
16288
16320
16342
16352
16398
16476
16511
16668
16685
16753
16775
17032
17129
17162
17178
17306
17531
17699
17767
17900
17995
18097
18211
18483
18612
18714
18756
18774
18943
19040
19116
19308
19369
19449
19602
19663
19926
19947
20042
20109
20439
20465
20819
20844
20935
20935
21013
21056
21103
21139
21176
21471
21535
21759
21820
21959
21968
22004
22049
22284
22403
22540
22631
22655
22723
22804
22807
22982
23019
23177
23214
23304
23463
23505
23510
23559
23596
23697
23820
23964
23997
24133
24286
24344
24674
24778
24781
24904
24905
25054
25123
25402
25407
25419
25660
25849
25963
25963
26055
26143
26470
26543
26632
26696
26737
26810
27066
27117
27166
27193
27213
27215
27245
27278
27345
27412
27427
27474
27510
27618
27708
27726
27745
27749
27867
27898
28087
28158
28213
28246
28341
28473
28659
28694
28874
29090
29126
29148
29379
29381
29466
29496
29553
29585
29624
29943
30011
30098
30103
30108
30331
30382
30513
30660
30668
30762
30769
31020
31044
31297
31542
31658
31718
31808
31817
31867
31987
32268
32331
32425
32514
32736
33023
33029
33083
33088
33104
33204
33232
33397
33427
33644
33645
33679
33817
33844
33947
34007
34079
34168
34220
34272
34279
34351
34519
34526
34555
34639
34729
34802
35080
35327
35342
35445
35450
35580
36122
36271
36372
36484
36497
36797
36865
36991
37137
37148
37289
37464
37465
37482
37559
37567
37640
37678
37789
37809
37860
37879
37988
38014
38022
38166
38220
38262
38277
38297
38418
38691
39251
39286
39520
39533
39575
39634
39779
39841
40532
40883
40973
41121
41527
41558
41601
41661
41719
41793
41877
41940
42151
42158
42306
42357
42702
42783
42901
42970
43037
43055
43063
43111
43136
43177
43198
43227
43257
43781
43848
43960
44095
44223
44228
44437
44509
44677
45121
45227
45281
45317
45384
45443
45461
45491
45523
45620
45652
45936
46140
46208
46233
46278
46457
46487
46834
46999
47456
47540
47786
47832
47903
47996
48001
48029
48043
48356
48499
48502
48508
48583
48583
48866
48912
49014
49073
49085
49142
49218
49280
49340
49598
49627
49877
49952
50000
50159
50166
50202
50411
50513
50593
50788
50879
51008
51072
51156
51171
51186
51560
51770
51928
52023
52075
52085
52377
52590
52649
52665
52740
52770
52813
52983
53161
53200
53220
53413
53544
53588
53749
53810
53840
53882
54020
54177
54245
54275
54335
54360
54378
54516
54518
54603
54605
54608
54618
54706
54751
54791
54800
55364
55478
55622
55631
55916
56244
56246
56258
56594
56724
56780
56869
57047
57147
57184
57206
57478
57509
57687
57838
58095
58268
58354
58386
58894
58983
58998
59171
59404
59511
60072
60085
60163
60175
60289
60345
60391
60457
60481
60495
60783
60921
61160
61175
61211
61216
61276
61563
61634
61739
62122
62166
62257
62291
62346
62644
62770
62851
62939
62965
63119
63207
63424
63425
63595
63656
63734
63745
63767
63829
63835
63867
63913
63914
63937
64029
64338
64347
64370
64373
64591
64631
64661
64706
64777
64806
64826
64830
64858
64870
65480
65557
65570
65763
65815
65822
65872
65900
66192
66382
66402
66449
66533
66541
66612
66623
66727
66751
66889
67159
67184
67300
67339
67370
67566
67859
67956
67990
68151
68162
68293
68328
68346
68372
68523
68705
68732
68759
68819
69192
69192
69195
69210
69481
69566
69572
69679
69733
69774
70109
70270
70568
70672
70840
70905
71303
71305
71323
71334
71394
71644
72040
72115
72134
72191
72364
72819
72890
72953
72966
73094
73158
73227
73332
73458
73518
73526
73589
74002
74402
74586
74696
74726
74808
74877
75071
75230
75257
75275
75647
75845
75847
75849
75854
75894
75953
76025
76253
76324
76402
76463
76673
76807
76813
77068
77080
77109
77150
77291
77503
77570
77588
77619
77779
77783
77926
77952
77991
78074
78257
78265
78386
78439
78446
78462
78471
78539
78594
78690
78736
78799
78857
78893
78916
78924
78939
78978
79036
79229
79259
79284
79361
79450
79511
79540
79607
79854
79880
79907
79943
80152
80209
80248
80421
80432
80965
81043
81407
81446
81489
81521
81548
81560
81588
81637
81697
81705
81743
81757
81887
81907
81951
82075
82090
82103
82197
82210
82409
82442
82625
82836
82959
83111
83202
83267
83386
83495
83578
83663
83773
83836
84137
84273
84389
84513
84725
84949
85018
85303
85306
85400
85424
85542
85562
85594
85635
85660
85715
85861
86001
86021
86050
86105
86115
86249
86330
86379
86467
86492
86604
86629
86668
86704
86886
87006
87166
87190
87544
87640
87695
87815
87878
87902
87951
87969
87975
88157
88242
88249
88332
88355
88601
88639
88774
88795
88910
88950
88974
89061
89098
89122
89263
89494
89516
89652
89710
89747
89749
90030
90295
90412
90417
90685
90965
91133
91237
91267
91371
91417
91677
92331
92371
92477
92496
92647
92679
93080
93263
93354
93383
93388
93430
93604
93649
93708
93750
93937
93992
94010
94032
94097
94121
94127
94155
94212
94245
94287
94490
94607
94816
94957
95053
95205
95269
95286
95484
96086
96151
96305
96382
96384
96392
96399
96525
96678
96678
96704
96704
96712
96791
96863
96884
97110
97200
97237
97270
97481
97536
97547
97550
97748
97864
97967
98047
98094
98214
98283
98346
98399
98402
98462
98547
98580
98948
99042
99074
99105
99285
99518
99796
100006
100064
100176
100508
100551
100575
100626
100630
100801
100984
101149
101363
101492
101574
101641
101789
101791
101821
101862
102010
102219
102222
102280
102540
102541
102557
102655
102697
102945
102980
103011
103024
103066
103161
103576
103651
103669
103959
103968
104051
104123
104180
104229
104240
104326
104380
104395
104404
104457
104551
104664
104708
104721
105012
105030
105043
105250
105296
105388
105519
105543
105559
105583
105671
105755
105809
105888
105893
105914
105929
105964
105976
106296
106378
106466
106501
106571
106665
106666
106724
106733
106810
106831
106858
107009
107027
107229
107315
107354
107354
107416
107426
107453
107470
107589
107657
107752
107809
107833
107860
108036
108193
108194
108319
108467
108539
108625
108681
108693
108752
108840
108890
108942
109121
109444
109535
109628
109727
109770
109827
109938
110011
110093
110255
110271
110351
110786
110808
110830
110850
110991
110999
111021
111185
111263
111265
111315
111319
111448
111501
111615
111626
111889
111986
112009
112053
112180
112193
112228
112283
112284
112310
112390
112499
112503
112549
112692
112770
112910
113013
113503
113513
113868
113937
114106
114278
114340
114345
114354
114500
114605
114623
114851
114942
114952
115049
115063
115283
115328
115390
115463
115538
115580
115713
115716
115922
115933
115997
116083
116181
116234
116305
116321
116435
116525
116619
116774
116800
116841
117236
117247
117266
117284
117340
117538
117671
117678
117683
117772
117810
117932
118031
118055
118062
118310
118485
118485
118612
118631
118682
118688
118722
118725
118919
118923
119256
119269
119313
119638
119772
120227
120335
120345
120391
120425
120509
120515
120764
120868
121186
121251
121309
121478
121533
121545
121576
121652
121761
121765
121771
121812
121885
121905
121921
122099
122230
122284
122316
122365
122444
122447
122546
122574
122623
122645
122933
123046
123098
123108
123180
123398
123447
123458
123538
123595
123738
123799
124249
124318
124542
124624
124657
124810
124884
125053
125064
125483
125551
125560
125573
125693
125758
125883
125921
126038
126046
126074
126143
126183
126270
126288
126305
126355
126363
126422
126500
126512
126544
126558
126630
126690
126830
126952
126953
127056
127159
127172
127225
127260
127452
127658
127690
127757
127785
127816
127977
128031
128183
128347
128377
128476
128502
128586
128854
128884
128974
128980
128992
129157
129264
129314
129437
129495
129764
129814
129970
130044
130241
130314
130389
130408
130491
130504
130505
130606
130665
130688
130789
130824
130868
130882
131071
131145
131203
131221
131238
131419
131424
131439
131557
131623
131679
131701
131774
131797
131834
131901
131937
132109
132123
132230
132316
132522
132529
132531
132561
132636
132775
132920
132932
132981
133127
133131
133208
133429
133550
133585
133702
133718
133889
134063
134075
134432
134442
134483
134597
134651
134695
134695
134829
134836
135082
135096
135164
135194
135231
135342
135456
135639
135658
135709
135750
136029
136183
136559
136580
136715
136863
136950
136992
137038
137065
137175
137249
137519
137796
137885
137904
138076
138079
138112
138185
138300
138499
138610
138625
138637
138649
138726
138767
138809
139019
139055
139229
139278
139288
139433
139502
139544
139586
139600
139737
139903
140134
140305
140355
140378
140396
140415
140517
140539
140579
140686
140789
140802
140844
140945
140967
141081
141141
141269
141375
141420
141463
141517
141586
141720
141831
141912
141968
141974
142022
142040
142130
142254
142368
142416
142458
142588
143049
143252
143806
143877
144188
144258
144376
144378
144482
144529
144547
144622
144801
144911
144942
145386
145769
146165
146403
146454
146479
146578
146939
147110
147115
147118
147172
147242
147263
147444
147475
147506
147528
147556
147673
147710
147752
147831
147883
147996
147998
148153
148325
148520
148681
148809
149001
149047
149071
149078
149105
149111
149253
149387
149438
149445
149489
149512
149701
149738
149907
150263
150300
150363
150414
150619
150762
150768
150789
150865
150918
151174
151207
151377
151500
151553
151558
151768
151851
152008
152024
152112
152181
152515
152549
152687
152822
152842
153100
153197
153298
153546
153690
153862
153883
153896
153912
153919
154050
154059
154216
154284
154431
154434
154456
154460
154616
154632
154834
154868
155060
155249
155698
155715
155821
155821
155897
156076
156176
156212
156539
156624
156630
156684
156727
156789
156882
156904
156970
157032
157075
157142
157288
157496
157661
157696
157728
157779
158015
158089
158135
158483
158548
158809
158970
159118
159167
159216
159313
159315
159533
159884
160005
160101
160245
160278
160466
160470
160861
160909
160954
161083
161285
161293
161374
161413
161474
161528
161651
161756
161879
161933
161943
162017
162019
162120
162181
162220
162248
162369
162704
162823
162937
162989
163016
163142
163164
163297
163498
163541
163558
163566
163608
163800
164093
164188
164221
164245
164381
164405
164408
164717
164732
164762
164863
164887
164975
165066
165168
165221
165372
165422
165438
165655
165688
165717
165744
165940
166363
166384
166395
166409
166712
166786
166789
166795
166849
166879
167085
167153
167617
167700
167872
167977
168006
168012
168016
168094
168234
168316
168420
168588
168623
168635
168834
168953
168969
169128
169170
169386
169396
169399
169410
169419
169461
169676
169681
169794
169880
170015
170077
170195
170211
170340
170557
170637
170736
170835
170878
171028
171134
171251
171273
171339
171478
171643
171678
171691
171771
171805
171810
171859
171880
172264
172394
172398
172436
172540
172552
172633
172842
172900
172979
173162
173186
173212
173464
173643
173650
173701
173777
174021
174048
174092
174180
174226
174310
174447
174504
174576
174828
174851
175276
175298
175418
175421
175427
175618
176018
176039
176142
176272
176355
176407
176442
176517
176722
176810
176911
176911
176967
177231
177409
177532
177632
177647
177674
177746
177782
177790
177885
178103
178131
178146
178236
178299
178376
178385
178558
178618
178690
178778
178794
178874
179050
179205
179252
179269
179431
179505
179657
179975
180153
180176
180238
180258
180329
180556
180578
180816
181048
181193
181252
181272
181422
181500
181524
181838
182071
182272
182516
182553
182631
182667
182789
182845
182948
183161
183215
183300
183318
183385
183656
183691
183701
184008
184138
184294
184296
184364
184364
184616
184619
184804
184937
185071
185084
185163
185408
185448
185486
185701
185751
185847
186111
186255
186344
186396
186481
186504
186543
186654
186841
186865
186926
186936
187295
187611
187778
187780
188226
188288
188345
188680
188794
188926
188988
189007
189035
189348
189371
189488
189598
189607
189712
189742
189756
189764
189828
190092
190335
190387
190529
190827
190877
190901
191011
191049
191067
191230
191292
191317
191428
191432
191443
191474
191519
191533
191792
191829
192032
192035
192134
192193
192222
192295
192377
192378
192475
192514
192656
192961
193096
193168
193188
193197
193213
193267
193279
193403
193444
193523
193615
193686
193768
193775
194141
194178
194387
194391
194401
194458
194466
194539
194565
194567
194614
194684
194792
194908
194963
195027
195050
195278
195409
195686
195738
195800
195923
195974
195989
196107
196479
196606
196779
196796
196815
197018
197209
197219
197258
197321
197599
197655
197805
198205
198331
198354
198486
198562
198660
198661
198675
198679
198713
198737
198832
198926
198932
199064
199147
199237
199599
199650
199771
199868
200020
200065
200071
200116
200273
200468
200530
200701
200750
200807
200858
200877
200910
201008
201066
201190
201203
201209
201338
201588
201889
201915
202184
202447
202714
202721
202739
202884
202898
202906
202915
203021
203037
203122
203157
203187
203195
203202
203211
203228
203244
203321
203374
203393
203720
203942
204017
204231
204303
204349
204371
204395
204430
204481
204523
204533
204586
204592
204729
204780
204847
204894
205104
205293
205326
205403
205487
205526
205529
205533
205539
205757
205894
205912
205948
206058
206062
206101
206173
206206
206354
206372
206544
206610
206809
207132
207260
207565
207625
207656
207890
208154
208176
208176
208206
208210
208371
208373
208420
208468
208473
208479
208621
208702
208753
208875
208941
208975
209070
209182
209215
209374
209479
209591
209757
209767
209918
210002
210077
210162
210431
210447
210483
210486
210616
210721
210831
210972
211037
211339
211362
211642
211647
211665
211681
211698
211713
211722
211773
211787
211807
211917
212163
212166
212258
212328
212333
212471
212529
212531
212627
212757
212801
212889
212980
212985
213032
213079
213097
213159
213267
213268
213311
213397
213401
213663
214248
214485
214518
214600
214700
214810
214843
214847
215027
215164
215298
215315
215404
215447
215447
215498
215574
215685
215804
215900
215920
215974
216185
216321
216618
216633
217051
217330
217520
217626
217732
217799
217942
218110
218190
218224
218311
218432
218488
218492
218695
218783
218909
219096
219281
219336
219345
219360
219391
219605
219675
219714
219795
219945
220045
220051
220129
220162
220342
220355
220426
220481
220565
220730
220738
220747
220809
220846
220971
221043
221109
221111
221303
221311
221380
221590
221629
221644
221719
221762
221823
221926
222068
222083
222148
222150
222181
222269
222298
222303
222432
222522
222819
222837
222847
222932
223017
223282
223370
223448
223548
223574
223809
223839
224612
224708
224760
224808
224813
225055
225079
225121
225305
225474
225662
225686
225748
225875
225913
225964
226077
226091
226151
226347
226527
226664
226992
227119
227153
227154
227213
227238
227328
227383
227406
227440
227573
227884
228009
228124
228547
228566
228631
228713
228763
228827
229742
229770
229775
229835
229850
229903
229995
230019
230035
230054
230075
230436
230519
230575
230589
230603
230847
230921
230995
231150
231191
231466
231488
231621
231624
231713
231773
231946
232079
232322
232497
232628
232694
232758
232794
232863
232931
232935
233114
233223
233374
233430
233518
233527
233721
233773
233825
233935
233953
233968
234044
234187
234223
234433
234453
234470
234704
234776
235025
235246
235558
235738
235833
235855
235967
236031
236134
236333
236382
236439
236463
236499
236610
236773
237112
237148
237179
237262
237286
237301
237353
237620
237745
237758
238319
238570
238598
238644
238753
238782
238894
239159
239182
239196
239203
239456
239588
239644
239717
239783
239857
239923
240117
240196
240345
240791
240836
240877
241103
241130
241138
241279
241346
241555
241668
241761
241827
241849
241850
241867
241900
241950
242117
242159
242190
242328
242516
242756
242790
242876
243249
243410
243432
243449
243554
243602
243897
243952
243959
243994
244026
244089
244195
244247
244586
244605
244741
244785
244876
244927
245228
245600
245734
246015
246044
246136
246233
246288
246318
246358
246398
246420
246625
246665
246672
246915
247203
247244
247247
247392
247395
247532
247714
247784
247802
248221
248241
248248
248407
248669
248690
248698
248787
248834
248852
249001
249081
249182
249292
249485
249513
249520
249612
249810
249894
250087
250375
250406
250435
250468
250537
250560
250917
251012
251024
251024
251026
251096
251111
251155
251188
251398
251779
251880
251898
251902
251931
252078
252162
252318
252461
252489
252628
252784
252797
252927
252932
252938
253026
253265
253315
253423
253701
253782
253930
253968
254019
254125
254206
254306
254355
254467
254614
254670
254703
254713
254747
254771
255193
255238
255299
255419
255606
255711
255869
255995
256227
256237
256283
256367
256480
256523
256538
256923
256940
257285
257503
257655
257656
257720
257955
258099
258367
258382
258431
258476
258559
258783
258862
259102
259436
259562
259766
259905
260249
260339
260545
260589
260655
260736
261043
261124
261166
261314
261439
261556
261627
261727
261737
261805
261859
261929
262025
262084
262270
262308
262317
262346
262498
262625
262823
262833
263022
263100
263385
263408
263463
263510
263553
263786
263968
264044
264077
264208
264361
264458
264501
264531
264602
264604
264694
264771
264843
264852
265135
265147
265266
265383
265389
265666
265687
265937
265950
266074
266107
266222
266262
266414
266454
266492
266497
266578
266686
266784
266919
267095
267209
267223
267454
267495
267523
267619
267772
267938
268011
268079
268159
268708
268747
268816
268817
268831
268841
268921
268961
269032
269039
269091
269165
269251
269323
269426
269433
269598
269791
269946
270063
270307
270329
270366
270387
270557
270709
270996
271160
271186
271333
271419
271454
271583
271631
271693
271711
271849
271937
271992
272023
272133
272147
272262
272288
272562
272791
272866
272993
272995
273075
273285
273359
273558
273727
273828
273889
274004
274106
274188
274265
274460
274727
274867
274875
274878
274900
274978
275004
275213
275318
275514
275649
275701
275819
275929
276014
276240
276392
276406
276802
276853
276883
277067
277078
277091
277149
277553
277707
277812
278002
278114
278132
278349
278711
278793
279093
279114
279209
279218
279238
279249
279874
279878
279964
280138
280142
280190
280532
280641
280975
280985
281027
281039
281261
281272
281343
281378
281467
281593
281832
281842
281866
282040
282327
282777
282973
283120
283150
283184
283279
283375
283497
283522
283679
283797
283833
283885
284017
284038
284217
284264
284280
284379
284425
284491
284658
284908
285004
285034
285237
285395
285460
285529
285616
285665
285696
285944
286115
286132
286308
286369
286369
286594
286653
286673
286792
286801
286837
286886
286906
287032
287089
287097
287098
287130
287188
287283
287325
287330
287570
287630
287737
287869
288139
288391
288784
288978
289384
289558
289600
289692
289747
289930
289942
289944
289952
290039
290148
290358
290372
290457
290644
290748
290775
290882
290899
291134
291245
291284
291328
291363
291364
291382
291423
291453
291483
291487
291655
291668
291705
291725
291806
291914
291962
292007
292065
292096
292151
292313
292393
292402
292500
292566
292620
292660
292661
292874
293038
293062
293367
293488
293560
293607
293618
293763
293948
294071
294086
294178
294265
294551
294606
294773
294808
294893
294960
295044
295238
295567
295900
295939
296068
296127
296216
296281
296331
296527
296599
296702
296820
297512
297519
297529
297631
297725
297784
297893
297917
298130
298520
298583
298648
298700
298786
299059
299099
299239
299277
299391
299433
299471
299817
299973
300112
300307
300336
300393
300466
300467
300563
300570
300647
300818
300970
301044
301120
301192
301229
301300
301311
301348
301353
301399
301436
301497
301781
301796
301843
301922
301945
301969
302063
302172
302180
302213
302455
302482
302685
302722
302788
302802
302829
302852
302934
302983
303198
303299
303336
303414
303452
303458
303611
303911
304020
304135
304189
304284
304436
304449
304459
304550
304599
304601
304639
304664
304669
305000
305050
305197
305214
305217
305238
305944
306276
306358
306496
306497
306569
306593
306664
306703
306860
306870
306884
306978
306995
307032
307039
307078
307108
307122
307219
307238
307429
307570
307572
307882
308023
308046
308221
308431
308527
308763
308888
308928
309561
309706
310177
310237
310277
310399
310569
310580
310607
310619
310640
310655
310863
310882
310920
311199
311496
311540
311586
311646
311785
311950
312042
312691
312813
312843
312860
312959
312986
313031
313082
313090
313367
313379
313402
313415
313617
313618
313860
313897
313902
313913
313931
313942
313958
313988
314049
314101
314345
314620
314629
314676
314733
314762
314863
314873
314947
314994
315116
315167
315501
315584
315681
315685
315815
316112
316173
316273
316449
316559
316681
316761
316789
316813
316907
317032
317269
317433
317472
317754
317843
317888
318035
318208
318313
318321
318476
318499
318626
318669
318678
318815
318867
318908
318980
319121
319130
319135
319157
319235
319427
319486
319516
319621
319631
319712
319782
319900
319941
320045
320067
320249
320250
320318
320385
320412
320452
320470
320674
320766
320793
320848
320851
321181
321191
321265
321340
321360
321451
321454
321525
321625
321751
322026
322063
322085
322145
322158
322170
322263
322543
322614
322724
322792
322852
322929
323060
323097
323115
323247
323296
323307
323454
323502
323504
323541
323581
323863
324081
324083
324123
324132
324199
324238
324241
324273
324362
324363
324377
324421
324471
324637
324714
324717
324771
324861
324884
324949
325016
325047
325096
325126
325202
325278
325376
325406
325442
325526
325678
325894
325925
325957
326038
326369
326396
326449
326487
326527
326554
326660
326661
326759
326776
326879
327059
327111
327375
327444
327488
327575
327696
327791
327924
327962
328052
328181
328203
328288
328437
328536
328581
328618
328710
328776
328791
328800
329211
329231
329286
329325
329407
329437
329500
329536
329608
329734
330388
330473
330514
330519
330584
330675
330847
330889
330945
331234
331322
331327
331627
331835
331859
332295
332303
332359
332379
332407
332426
332459
332495
332497
332575
332630
332738
332836
333084
333100
333139
333227
333417
333466
333503
333566
333647
333702
333963
333986
334007
334018
334025
334153
334209
334268
334298
334312
334385
334604
334617
334738
334828
334830
334958
335077
335128
335143
335296
335370
335485
335838
335839
335987
336011
336131
336380
336451
336617
336885
337015
337089
337191
337278
337342
337357
337361
337536
337557
337698
337897
338228
338278
338366
338376
338380
338382
338416
338541
338631
338759
338833
338847
339010
339020
339160
339240
339355
339384
339388
339646
339716
339828
339922
339923
340061
340065
340084
340124
340127
340170
340460
340480
340580
340659
340920
340979
341233
341241
341791
341796
342029
342240
342454
342487
342493
342637
342893
343136
343221
343334
343555
343628
343896
343903
344054
344173
344296
344346
344429
344614
344657
344711
344751
344928
345002
345050
345114
345300
345311
345334
345376
345423
345479
345776
345856
345860
345922
345935
345977
346031
346062
346169
346207
346261
346344
346369
346440
346534
346537
346648
346778
346813
346929
346968
347061
347077
347105
347112
347218
347222
347260
347300
347453
347537
347650
347793
347945
347978
348300
348311
348496
348585
348603
348764
348769
348917
348940
349146
349197
349204
349286
349340
349428
349756
349997
350137
350348
350386
350412
350580
350636
350719
350934
350976
351270
351421
351445
351534
351625
351760
351966
352153
352199
352344
352356
352462
352576
352632
352739
352817
352916
352989
353047
353074
353138
353354
353355
353432
353529
353591
353777
353855
353882
354026
354074
354203
354280
354406
354547
354573
354673
354855
354899
355106
355283
355905
355943
355953
356249
356267
356393
356425
356503
356610
357040
357094
357172
357202
357452
357530
357785
357806
358054
358124
358206
358342
358664
358685
358851
358897
358981
359151
359189
359260
359316
359410
359468
359540
359925
359960
359966
360017
360023
360076
360261
360293
360305
360511
360650
360718
361080
361260
361309
361434
361513
361513
361801
361957
361977
361980
362023
362046
362177
362178
362275
362567
362673
362739
362824
362945
363002
363050
363440
363532
363657
363755
363790
363853
364086
364194
364287
364473
364521
364682
364735
364785
364966
365167
365243
365301
365319
365351
365381
365629
365657
365740
365752
365897
366008
366173
366260
366429
366655
366669
366750
367022
367258
367276
367337
367639
367660
367836
367868
367909
367921
368076
368101
368122
368250
368294
368432
368485
368510
368694
368728
368761
368806
369004
369014
369232
369260
369358
369438
369752
369772
369778
369806
369864
369899
369911
370004
370042
370122
370418
370539
370765
370808
370845
370878
370891
370930
370935
370973
371123
371227
371267
371291
371310
371512
371520
371535
371804
371826
372002
372019
372076
372098
372134
372197
372253
372280
372517
372621
372696
372699
372876
373064
373123
373183
373188
373189
373276
373381
373461
373595
373680
373869
374112
374187
374293
374479
374566
374704
374706
374781
374836
374867
374893
374930
374970
375250
375337
375393
375613
375619
375861
375932
376404
376534
376725
376841
376864
376918
376995
377088
377148
377373
377415
377681
377700
377712
377724
377992
378071
378101
378110
378262
378367
378516
378540
378703
378807
378936
379044
379047
379218
379451
379533
379540
379837
379942
380027
380044
380141
380265
380330
380683
380806
380933
380942
380966
380970
381034
381139
381601
381840
382229
382237
382336
382346
382353
382436
382437
382522
382555
382596
382686
382763
383152
383249
383289
383343
383398
383594
383668
383686
383976
384036
384231
384341
384432
384638
384737
384746
384806
384991
385187
385247
385470
385786
386045
386174
386285
386296
386297
386319
386400
386584
386706
386752
386764
386795
386971
386973
387152
387156
387167
387179
387272
387287
387308
387484
387532
387546
387824
387889
387965
387968
387975
388042
388053
388064
388089
388163
388198
388337
388340
388390
388403
388531
388541
388556
388593
388800
388824
389047
389053
389155
389360
389541
389908
389962
389965
390068
390125
390144
390179
390392
390823
390884
391019
391166
391259
391431
391487
391615
391662
391704
391928
391983
392018
392066
392098
392191
392387
392563
392581
392663
392822
392847
392901
392918
392979
392985
392987
393035
393042
393248
393334
393346
393442
393468
393574
393656
393690
393699
393739
394061
394263
394284
394323
394353
394370
394430
394470
394615
394742
394851
394907
394998
395012
395062
395196
395211
395460
395469
395495
395741
395777
395903
395979
396147
396265
396328
396373
396527
396549
396566
396701
397023
397039
397098
397111
397277
397284
397376
397391
397617
397708
397738
398004
398027
398154
398167
398265
398284
398455
398500
398744
398952
398988
399006
399164
399242
399303
399314
399386
399569
399634
399669
399697
399759
399890
400093
400170
400209
400321
400377
400421
400720
400838
401123
401149
401151
401188
401244
401258
401376
401398
401435
401480
401549
401580
401610
401713
401848
401857
401899
401902
401973
402003
402027
402030
402101
402218
402489
402497
402566
402630
402713
402776
402940
402978
402999
403179
403251
403294
403476
403659
403792
403801
403947
403991
404130
404268
404286
404308
404377
404390
404467
404471
404535
404630
404643
404933
404970
405040
405168
405378
405477
405501
405517
405757
405821
405906
405949
406261
406435
406461
406471
406481
406708
406823
406838
406908
406918
406991
407141
407226
407295
407491
407538
407669
407965
408121
408180
408315
408556
408597
408722
408749
408768
408801
408973
409011
409170
409513
409941
410006
410081
410216
410265
410285
410310
410322
410373
410455
410579
410623
410685
410780
410904
410993
411042
411192
411192
411208
411216
411458
411488
411642
411777
411943
411975
412068
412268
412303
412348
412513
412592
412633
412763
412876
412943
413023
413077
413244
413297
413324
413491
413511
413651
413761
413779
414104
414164
414291
414374
414397
414780
414830
414867
414982
415047
415084
415204
415275
415434
415444
415460
415565
415590
415722
415906
416112
416317
416341
416507
416536
416593
416597
416609
416644
416801
417106
417170
417258
417404
417550
417763
418033
418536
418690
418773
418904
419014
419024
419119
419154
419255
419512
419601
419678
419992
420060
420244
420269
420291
420332
420572
420619
420651
420748
420840
420900
421011
421187
421372
421398
421610
421770
421793
421938
422021
422219
422334
422416
422499
422611
422867
422892
423039
423063
423084
423098
423222
423280
423281
423323
423351
423571
423646
423699
423713
423730
423785
423831
423949
423979
424045
424134
424267
424399
424416
424748
425082
425096
425204
425222
425225
425408
425472
425485
425631
425745
425866
426058
426139
426792
426814
426844
426935
427225
427236
427263
427277
427331
427472
427681
427687
427819
427969
428023
428241
428311
428853
428867
428897
428973
429063
429156
429340
429373
429548
429584
429620
429620
429679
429697
430087
430098
430136
430385
430630
430691
430891
431014
431015
431308
431365
431384
431385
431477
431865
431890
431897
432014
432058
432171
432355
432419
432428
432438
432483
433177
433267
433316
433357
433526
433569
433571
433630
433632
433641
433644
433679
433697
433746
434203
434278
434308
434439
434472
434545
434879
434894
435032
435172
435206
435270
435353
435371
435387
435419
435464
435548
435560
435622
435716
435900
435930
436013
436096
436397
436473
436524
436818
437237
437471
437569
437609
437624
437835
437936
437938
438027
438074
438156
438160
438193
438360
438562
438704
438759
438868
439235
439236
439357
439395
439481
439519
439592
439938
440086
440123
440309
440382
440497
440575
440637
440657
440721
440825
441071
441207
441383
441451
441500
441619
441688
441761
441766
441784
441861
442272
442294
442333
442566
442604
442652
442668
442751
442761
442937
442939
442954
442989
443130
443140
443207
443220
443335
443337
443415
443478
443693
443802
443855
443983
444079
444152
444192
444341
444380
444443
444444
444484
444511
444557
444770
444884
444892
444949
444967
445062
445174
445262
445409
445618
445686
445739
445747
445932
446095
446107
446276
446376
446391
446485
446637
446670
446890
446891
446935
446991
447049
447078
447154
447227
447272
447374
447498
447547
447566
447702
447874
447997
448103
448115
448537
448656
448951
449026
449094
449324
449344
449406
449419
449448
449483
449574
449593
449678
449788
449832
449966
450036
450061
450207
450875
451020
451107
451150
451190
451633
451764
451859
451982
451988
452137
452173
452229
452360
452505
452559
452636
452687
452860
452902
452942
453029
453074
453199
453272
453306
453499
453563
453616
453675
454167
454300
454329
454438
454454
454544
454625
454705
454734
454747
454797
454952
455022
455056
455567
455685
455706
455718
455740
455757
455794
455867
456006
456027
456280
456303
456352
456396
456559
456684
456693
456787
456848
456877
456910
456916
456962
457245
457389
457417
457430
457434
457483
457497
457852
457957
458027
458128
458296
458361
458425
458731
458773
458832
458971
459123
459139
459207
459253
459319
459447
459490
459521
459714
460119
460162
460206
460256
460294
460299
460338
460565
460850
461115
461243
461341
461606
461612
461621
461754
461846
461968
461992
462004
462084
462149
462151
462201
462364
462607
462953
463357
463405
463445
463534
463576
463576
463830
464191
464219
464328
464703
464809
464970
465117
465172
465296
465362
465552
465554
465790
466013
466124
466142
466187
466238
466253
466351
466449
466514
466581
466587
466598
466599
467016
467052
467135
467198
467329
467374
467413
467431
467568
467803
467909
467913
467950
467998
468033
468121
468144
468191
468253
468279
468283
468284
468673
468727
468775
468964
468973
469149
469242
469423
469428
469590
469639
469651
469698
469725
469754
469876
469939
470041
470122
470127
470163
470351
470406
470409
470603
470794
471029
471253
471284
471495
471569
471637
471752
471788
472049
472080
472107
472223
472374
472464
472701
472845
472984
472985
473054
473078
473260
473365
473367
473464
473547
473599
473680
473689
473776
473939
474039
474088
474136
474154
474185
474209
474288
474484
474516
474669
474877
474939
475065
475136
475180
475206
475251
475256
475276
475356
475571
475899
476137
476437
477011
477041
477056
477087
477126
477158
477271
477301
477337
477379
477424
477553
477701
477712
477884
477954
478033
478255
478261
478285
478652
478808
478853
478901
478911
478943
479362
479370
479377
479402
479442
479589
479593
480017
480159
480170
480173
480211
480508
480630
480635
480719
480836
480902
481103
481150
481193
481196
481235
481274
481342
481491
481782
481828
481854
481888
482039
482388
482459
482644
482744
482878
483025
483124
483138
483147
483175
483321
483530
483619
483891
483952
483953
484021
484186
484324
484330
484355
484468
484532
484658
484673
484932
485479
485682
485713
486086
486184
486191
486295
486295
486332
486356
486628
486703
486772
486821
486905
487031
487249
487440
487496
487669
487743
487765
487916
487961
488121
488135
488155
488379
488492
488501
488520
488583
488669
488724
488894
488919
489094
489135
489450
489583
489666
489681
489744
489753
489775
489870
490029
490151
490284
490296
490463
490466
490521
490744
490769
490878
490966
491075
491077
491081
491109
491147
491173
491191
491613
491704
491780
491936
491978
491992
491993
492013
492041
492079
492233
492333
492478
492552
492558
492624
492686
492696
492872
492921
493231
493242
493249
493525
493695
493701
493808
493930
493987
494020
494071
494076
494421
494514
494628
495050
495088
495136
495609
495671
495697
495730
495764
495867
495881
495933
495941
495991
496076
496079
496162
496281
496331
496437
496822
496889
496947
497175
497584
497605
497700
497767
498015
498128
498171
498179
498491
498546
498646
498742
498908
499116
499204
499237
499625
499821
499947
500183
500234
500444
500493
500586
500640
500668
500720
500899
501018
501029
501215
501325
501651
501802
501966
501986
502105
502157
502169
502247
502254
502432
502823
502882
502920
502957
503038
503163
503176
503308
503437
503491
503494
503496
503587
503632
503678
503762
503828
503947
504049
504126
504236
504238
504352
504366
504512
504549
504640
504642
504657
504666
504734
504771
504854
504937
504959
505275
505372
505398
505467
505559
505577
505659
505921
505971
506055
506185
506216
506646
506714
507221
507294
507361
507470
507578
507620
507984
508028
508161
508163
508280
508320
508349
508393
508456
508549
508693
508940
508956
509029
509047
509213
509290
509469
509494
509526
509553
509558
509786
509790
509804
509982
509991
510029
510188
510194
510200
510630
510647
510849
510880
510959
510975
510985
511001
511002
511034
511043
511095
511280
511315
511464
511479
511480
511592
511845
511930
512108
512139
512481
512606
512675
512755
512842
512943
512974
513179
513621
513624
513684
513973
514022
514233
514246
514275
514292
514293
514556
514574
514706
514733
514840
514847
515076
515137
515169
515217
515283
515342
515360
515748
515796
515797
515806
516183
516217
516327
516392
516395
516453
516483
516497
516578
516863
516964
517024
517193
517204
517341
517502
517594
517678
517774
517874
517918
517947
517981
517992
518002
518029
518084
518151
518171
518385
518416
518462
518763
518964
519018
519157
519171
519225
519279
519295
519486
519517
519562
519668
519723
519955
520012
520053
520315
520384
520426
520745
520769
520851
520968
521022
521137
521223
521233
521381
521415
521436
521532
521614
521781
521861
521875
521940
521941
522344
522479
522582
522708
522723
522724
522732
522737
522803
522813
522971
522995
523009
523068
523085
523159
523163
523237
523421
523467
523579
523595
523638
523666
523998
524017
524025
524104
524167
524527
524621
524683
525049
525063
525136
525137
525308
525344
525350
525445
525577
526029
526151
526187
526258
526548
526724
526767
527041
527077
527085
527094
527245
527343
527588
527592
527652
527771
527956
528164
528277
528283
528287
528329
528368
528431
528435
528586
528600
528727
528744
528748
528905
528922
529173
529187
529190
529218
529283
529473
529517
529615
529622
529637
529742
529940
530043
530584
530629
530671
530697
530746
530778
530899
530908
530936
531071
531136
531164
531460
531531
531582
531721
531759
531859
531912
531927
531933
532026
532077
532305
532413
532430
532501
532757
532864
532937
532957
533056
533112
533167
533208
533279
533444
533470
533539
533666
533713
533810
533952
534193
534222
534503
534516
534589
534664
534683
534692
534902
534911
534934
535213
535233
535283
535318
535346
535446
535465
535564
535661
535799
535813
535826
535835
536104
536296
536344
536409
536463
536638
536653
536813
536834
536903
536983
537023
537041
537048
537060
537129
537373
537424
537453
537768
537854
538074
538200
538320
538578
538625
538691
538948
538958
539068
539081
539236
539313
539480
539559
539668
539719
539743
539822
539948
540069
540162
540175
540248
540492
540789
540966
541007
541089
541125
541133
541324
541366
541429
541445
541567
541649
541681
541771
541797
541890
542046
542072
542111
542117
542195
542204
542298
542743
542770
542889
542942
542988
543068
543103
543111
543244
543318
543346
543455
543572
543608
543704
543720
543808
543810
543874
544008
544015
544140
544195
544261
544431
544916
545019
545140
545269
545432
545950
545989
546004
546204
546321
546331
546394
546511
546529
546537
546591
546682
547283
547316
547374
547416
547418
547461
547513
547533
547551
547603
547676
547880
547951
548243
548249
548349
548617
548910
549029
549055
549109
549232
549238
549368
549376
549474
549510
549884
550063
550178
550604
550619
550699
550786
550884
551009
551015
551036
551070
551098
551253
551370
551706
551823
551972
552224
552330
552565
552709
552743
552763
552802
552827
552946
553014
553027
553062
553570
553573
553587
553596
553754
553988
554035
554061
554226
554327
554340
554490
554492
555043
555196
555265
555314
555443
555798
555829
556243
556411
556468
556517
556613
556904
556916
556960
557098
557175
557212
557337
557383
557399
557469
557954
557963
557970
558030
558065
558073
558149
558156
558332
558336
558435
558512
558554
558709
558774
558819
558988
559081
559092
559150
559359
559635
559695
559846
559901
559970
560028
560029
560088
560222
560292
560354
560444
560450
560480
560514
560515
560600
560846
560884
560906
561002
561041
561098
561159
561272
561394
561488
561500
561519
561528
561613
561805
561812
561813
561825
561843
561983
562020
562032
562090
562152
562225
562231
562302
562455
562594
562663
562746
562866
562872
562891
562923
563241
563796
563817
563826
563985
564030
564091
564264
564353
564393
564741
564802
564895
564932
565118
565135
565224
565286
565399
565582
565724
565874
565943
566264
566534
566567
566593
566595
566763
566850
566867
567023
567051
567066
567143
567201
567210
567218
567286
567305
567547
567747
567947
568071
568130
568201
568339
568635
568639
568661
568734
568780
568912
569205
569392
569511
569708
569826
570098
570565
570636
570753
570842
570901
570931
570965
571000
571756
571801
571939
571961
572039
572061
572271
572319
572325
572492
572593
572602
572756
572790
572909
572988
573086
573225
573259
573279
573351
573486
573732
573739
573826
574017
574114
574348
574387
574454
574939
575423
575510
575640
575694
575708
575810
575906
576042
576216
576246
576291
576383
576450
576545
576627
576738
576778
576837
576905
576920
577012
577086
577312
577377
577408
577503
577545
577573
577619
577720
578145
578286
578400
578596
578727
578828
578929
578967
579190
579232
579267
579272
579273
579348
579382
579511
579547
579585
579678
579807
579886
579901
580059
580247
580422
580493
580545
580659
580659
580900
580981
581255
581402
581447
581568
581787
581925
582030
582135
582165
582175
582266
582270
582473
582555
582557
582656
582659
582692
582887
583091
583157
583260
583437
583460
583700
583713
583891
583910
584184
584217
584226
584226
584250
584256
584359
584492
584558
584780
584963
585025
585151
585276
585333
585446
585508
585642
585708
585733
585743
585760
586538
586679
586746
587152
587219
587244
587273
587462
587676
587827
587864
588128
588158
588300
588337
588400
588478
588565
588595
588623
588725
588737
588796
588853
588907
588937
588963
588997
589005
589162
589372
589423
589539
589699
589861
589938
590014
590039
590081
590097
590118
590363
590367
590465
590478
590517
590610
590889
590948
590968
590999
591054
591078
591090
591354
591486
591577
591649
591732
591882
592124
592268
592382
592474
592500
592619
592649
592919
592955
593272
593287
593398
593554
593656
593730
593757
593777
593851
593868
593987
594022
594042
594100
594116
594316
594453
594591
594723
594816
594877
594940
594951
595124
595142
595180
595441
595575
595863
595942
596059
596087
596208
596329
596396
596490
596675
596741
596784
596939
597036
597049
597066
597133
597210
597263
597528
597597
597963
598125
598144
598146
598174
598441
598586
598587
598600
598788
598908
598910
598968
599083
599098
599318
599455
599613
599780
599808
599905
600000
600120
600208
600243
600258
600265
600468
600471
600549
600939
600978
601056
601077
601134
601275
601405
601670
601850
601945
602165
602362
602368
602524
602529
602584
602679
602806
602830
602949
603000
603017
603035
603279
603295
603344
603461
603481
603612
603728
603731
603999
604067
604089
604103
604129
604152
604194
604204
604228
604312
604326
604525
604649
604688
604734
604816
604896
604906
604955
605004
605031
605159
605259
605276
605330
605458
605812
605819
606237
606320
606479
606491
606603
606789
606811
607218
607270
607390
607681
607760
607981
607989
608189
608359
608498
608540
608626
608639
608688
608692
608845
608893
608961
608965
608996
609008
609017
609446
609483
609532
609576
609615
609632
609723
609773
609845
609882
610101
610159
610365
610697
611508
611525
611574
611781
611930
611946
611948
611951
612032
612126
612192
612200
612324
612364
612427
612623
612748
612870
612929
613008
613101
613180
613202
613241
613387
613397
613410
613519
613523
613634
614049
614055
614241
614385
614474
614580
614601
614739
614832
614903
614969
615226
615310
615345
615545
615627
615658
615862
615894
615957
616169
616698
616716
616800
616852
616926
617508
617523
617590
617680
617738
617845
618072
618241
618460
618535
618554
618835
618977
619011
619045
619242
619358
619368
619381
619598
619610
619650
619722
619773
619817
619857
620263
620314
620442
620454
620475
620527
620690
620710
620749
620753
621013
621068
621110
621132
621169
621258
621446
621487
621595
621683
621728
621735
621753
621921
622130
622308
622502
623068
623240
623300
623417
623462
623518
623577
623668
623741
623995
624144
624234
624259
624392
624432
624628
624657
624800
624849
624914
624920
624925
625003
625042
625061
625096
625205
625239
625291
625408
625430
625446
625465
625551
625770
625793
625849
625918
626100
626116
626226
626297
626526
626531
626541
626572
626709
626948
627069
627249
627290
627501
627511
627684
627858
627883
628048
628185
628365
628471
628591
628652
628666
628686
628708
628714
628756
628955
629003
629158
629258
629259
629486
629561
629641
629788
629827
629922
630257
630391
630450
630664
630671
631252
631378
631383
631430
631451
631662
631809
631856
631934
632011
632146
632435
632443
632545
632620
632755
632947
632962
633234
633281
633392
633604
633626
633768
633937
634023
634110
634255
634349
634367
634371
634440
634497
634754
634968
634977
635018
635506
635528
635562
635586
635769
635957
636007
636066
636120
636471
636495
636618
636698
636753
636874
637106
637150
637191
637673
638158
638201
638211
638458
638479
638662
638797
638962
639206
639295
639309
639633
639650
639857
639982
640184
640305
640390
640546
640870
641010
641074
641283
641565
641628
641921
641929
641979
642103
642318
642453
642462
642652
642754
642826
643041
643194
643379
643497
643509
643728
644017
644170
644207
644384
644588
644595
644964
645036
645069
645121
645145
645376
645594
645820
645832
645891
645962
646060
646149
646254
646342
646804
647063
647213
647469
647711
647956
647970
648460
648470
648642
648741
648784
648801
648867
649034
649076
649139
649496
649515
649680
649681
649752
649757
649821
649886
649954
650089
650148
650277
650509
650541
650630
650706
650972
651097
651104
651198
651268
651289
651316
651386
651452
651496
651499
651592
652017
652068
652090
652202
652239
652320
652402
652409
652589
652715
652760
652809
652880
652961
653066
653098
653345
653449
653520
653625
653772
653824
653881
654058
654084
654124
654127
654162
654250
654288
654289
654303
654412
654430
654552
654592
654836
654838
654842
654943
655099
655137
655258
655293
655375
655405
655567
655730
655735
655788
655808
655851
655994
656036
656127
656297
656426
656447
656451
656518
656598
656669
656820
656856
657001
657070
657084
657526
657611
657725
657804
658123
658142
658203
658271
658296
658369
658547
658574
658588
658659
658665
658918
659152
659239
659345
659417
659417
659432
659570
659618
659652
659786
659792
659865
659866
659878
660013
660210
660305
660478
660543
660545
660957
661009
661070
661332
661624
661650
661674
661710
661839
661847
661861
661871
661884
661903
661926
661974
661990
662016
662033
662038
662150
662471
662481
662505
662591
662667
662718
662808
662874
663131
663441
663449
663555
663648
663650
663705
663856
663944
663995
664039
664043
664073
664082
664087
664215
664257
664336
664371
664397
664444
664519
664564
664780
665170
665313
665437
665485
665541
665549
665649
665673
665883
665991
666074
666095
666099
666101
666228
666371
666556
666610
666669
666772
666803
666995
667014
667043
667319
667376
667432
667459
667641
667672
667684
667696
667881
667886
668003
668038
668090
668263
668282
668405
668424
668529
668535
668799
668813
668815
668838
668849
668849
668859
668894
668968
669170
669277
669576
669774
670066
670165
670462
670604
670826
670850
670852
670873
670992
671079
671082
671111
671238
671334
671420
671436
671502
671586
671878
671882
671896
671988
672016
672265
672452
672904
673066
673348
673410
673473
673543
673582
673595
673642
673684
674009
674066
674362
674392
674486
674646
674882
675338
675376
675381
675405
675455
675594
675620
675682
675885
675887
675976
676157
676166
676168
676170
676273
676288
676347
676538
676563
676696
676713
676778
676895
676963
676973
677023
677097
677136
677297
677316
677530
677807
677814
677944
678028
678258
678302
678446
678454
678642
678746
678758
678857
678961
678962
679204
679217
679303
679539
679679
679784
679832
680203
680278
680476
680493
680518
680679
680684
681000
681004
681103
681121
681134
681290
681297
681325
681386
681426
681434
681448
681448
681773
681830
681917
682006
682157
682265
682326
682328
682460
682534
682545
682677
682791
682921
682951
683255
683318
683371
683653
683755
683881
683970
684003
684031
684032
684132
684140
684294
684330
684331
684545
684627
684634
684644
684646
684746
684769
684852
684916
684974
685070
685083
685135
685140
685199
685259
685323
685555
685604
685733
685831
685914
685986
686022
686086
686090
686163
686183
686555
686626
686798
686971
687101
687727
687815
687839
687845
687870
688006
688067
688139
688236
688275
688428
688438
688606
688677
688937
688982
689145
689357
689381
689592
689623
689726
689736
689856
689877
689968
690026
690222
690224
690272
690294
690533
690552
690594
690625
690638
690658
691215
691241
691557
691628
691674
691796
692018
692030
692227
692398
692421
692545
692854
692980
693234
693301
693303
693316
693432
693448
693520
693545
693549
693694
693698
693787
693829
693841
693845
693859
693929
694083
694085
694243
694526
694529
694587
694626
694739
694801
694840
694877
694880
694939
694953
695106
695133
695196
695366
695380
695388
695686
695842
695914
695942
696033
696102
696139
696238
696523
696554
696627
696643
696701
696849
696850
696877
696936
696961
697064
697151
697272
697313
697344
697351
697367
697373
697675
697807
697959
698017
698121
698148
698305
698420
698443
698540
698558
698561
698630
698660
698663
698676
698807
698882
698902
698910
698921
698957
699030
699355
699458
699481
699507
699641
699889
699960
700207
700272
700410
700534
700539
700729
700801
700839
700840
701083
701199
701391
701440
701441
701508
701537
701599
701756
701765
701909
702075
702076
702267
702521
702575
702727
702783
702866
702974
702993
703062
703067
703094
703637
703715
703772
703776
703812
703945
703981
704213
704220
704322
704484
704780
704802
704821
704825
704836
704849
704965
705133
705138
705187
705336
705571
705669
705892
705927
706026
706040
706123
706178
706291
706314
706521
706618
706809
706968
707027
707152
707161
707248
707299
707372
707505
707537
707623
707678
707725
707815
707930
707932
708049
708445
708460
708477
708768
708865
708956
709109
709145
709544
709572
709576
709610
709707
709751
709904
710070
710214
710268
710340
710385
710492
710578
710645
710659
710899
710953
711134
711220
711343
711486
711711
711859
711958
712132
712468
712555
712600
712649
712713
713013
713096
713166
713177
713262
713806
713816
713901
713924
713946
714027
714208
714279
714781
714823
714854
714911
715015
715053
715095
715321
715587
715611
715764
715789
715831
715904
716164
716169
716277
716312
716345
716361
716610
716725
716967
717166
717240
717354
717436
717470
717506
717652
717659
717663
717883
717988
717990
718194
718203
718561
718660
718684
718794
718915
719125
719250
719282
719285
719331
719457
719487
719505
719542
719590
719606
719688
719707
720376
720393
720445
720545
720579
720588
720842
720892
720912
720965
720980
721105
721161
721534
721795
721796
721952
722068
722205
722343
722371
722441
722450
722497
722558
722573
722595
722670
722688
722756
722905
722943
722976
723079
723192
723400
723598
723682
723847
723903
724015
724095
724412
724942
725063
725133
725156
725216
725461
725494
725756
725762
725764
725771
725791
725839
726025
726157
726293
726329
726391
726444
726469
726850
726891
727034
727237
727424
727458
727622
727824
727834
727960
728073
728148
728185
728239
728503
728551
728570
728659
728668
728905
729271
729302
729314
729518
729619
729724
729768
729823
729851
729983
730132
730168
730299
730383
730582
730677
730701
730711
730737
730987
731176
731191
731256
731278
731672
731835
732056
732208
732269
732431
732433
732433
732438
732577
732644
732745
732772
732802
732805
733201
733359
733365
733389
733412
733672
733702
733795
733865
733965
734153
734153
734181
734218
734400
734505
734541
734655
734733
734751
734816
734931
734980
735121
735123
735188
735302
735584
735597
735760
735909
735970
735979
735997
736223
736378
736452
736737
736739
736783
736987
737110
737182
737206
737237
737316
737348
737397
737416
737577
737662
737851
737917
738255
738262
738284
738316
738343
738394
738458
738855
738868
738893
738924
739035
739064
739066
739272
739445
739462
739475
739479
739561
739617
739746
739755
739869
739924
739952
740240
740298
740417
740495
740700
740709
740745
740898
741061
741116
741257
741261
741331
741341
741483
741496
741539
741859
741988
742089
742279
742425
742641
742702
742824
743251
743425
743528
743591
743688
743746
743845
743991
744047
744138
744218
744307
744387
744636
744636
744842
744910
745065
745171
745244
745272
745312
745781
745845
745921
746151
746161
746269
746357
746558
746605
746622
746653
746846
746910
746923
747054
747176
747245
747269
747300
747448
747524
747554
747588
747694
747738
747925
747941
747964
747998
748010
748112
748162
748195
748221
748369
748409
748492
748537
748627
748657
748678
748693
749099
749114
749626
749691
749741
750115
750148
750154
750154
750237
750311
750535
750643
750670
750677
750931
751054
751170
751246
751279
751299
751554
751563
751588
751614
751680
751697
751757
751873
751963
752203
752209
752259
752387
752436
752610
752669
752691
753031
753061
753184
753515
753596
753627
753664
754016
754119
754227
754349
754420
754757
754758
755065
755148
755171
755259
755262
755320
755380
755400
755584
755706
755737
755758
755886
755926
756344
756348
756443
756453
756749
757000
757063
757313
757427
757523
757775
757790
757916
757929
758034
758330
758407
758623
758658
758906
758924
758927
758929
758940
758998
759113
759215
759229
759263
759263
759382
759409
759789
759898
759949
760000
760052
760096
760169
760422
760668
760678
760701
760767
761100
761195
761203
761390
761673
761772
762056
762097
762134
762601
762867
763016
763066
763180
763366
763531
763586
763644
763678
763801
763832
763843
764138
764305
764314
764541
764564
764663
764783
764857
764885
765127
765154
765282
765319
765497
765569
765590
765652
765718
765807
766061
766132
766290
766384
766416
766471
766473
766572
766846
766894
767182
767254
767272
767319
767399
767500
767542
767570
767601
767609
767634
767780
767785
767918
767951
768120
768145
768191
768224
768278
768329
768348
768628
768666
768677
768788
769077
769089
769442
769467
769767
769933
770117
770197
770496
770572
770616
770649
770764
770808
770836
770849
771047
771054
771214
771267
771276
771293
771326
771418
771673
771756
771855
772001
772025
772049
772138
772170
772206
772268
772482
772603
772637
772795
773004
773008
773080
773084
773137
773185
773251
773664
774224
774259
774264
774305
774449
774482
774560
774587
774806
775034
775061
775434
775559
775611
775884
775904
775924
776021
776044
776104
776193
776260
776568
776697
776825
776966
776981
777047
777167
777173
777211
777241
777398
777558
777569
777610
777630
777677
777720
777776
777823
777835
777897
778098
778165
778177
778232
778296
778353
778382
778427
778530
778590
778693
778783
778813
778998
779000
779196
779221
779257
779258
779265
779387
779401
779534
779565
779633
779965
780025
780036
780268
780405
780461
780470
780564
780691
780790
780790
780865
780877
780936
780981
781048
781055
781075
781161
781291
781400
781546
781607
781950
782078
782579
782595
782639
782730
782811
782957
783211
783214
783228
783330
783381
783629
783635
783682
783746
783827
783831
783897
783932
784080
784216
784413
784437
784448
784547
784601
784629
784686
784807
784928
785039
785046
785057
785074
785273
785348
785414
785480
785555
785614
785660
785785
785859
785950
786008
786065
786641
786646
786736
786745
786996
787017
787171
787441
787547
787642
787669
787690
787737
787786
787959
788241
788281
788317
788372
788414
788507
788601
788602
788669
788712
788892
788954
788990
789003
789193
789673
789689
790030
790070
790089
790089
790375
790579
790597
790657
790725
790751
790911
790918
791153
791206
791232
791365
791397
791468
791488
791506
791509
791722
791810
791829
791932
791954
791956
791989
792012
792098
792147
792156
792350
792569
792597
792607
792673
792796
792822
792875
793005
793051
793055
793139
793236
793245
793286
793310
793559
793678
793941
794050
794078
794089
794186
794240
794308
794439
794767
794775
794824
794946
795032
795082
795133
795290
795290
795342
795427
795611
795922
795950
795961
795970
796272
796520
796614
796631
796646
796662
796791
796880
796946
796993
797035
797132
797291
797392
797423
797462
797595
797601
797695
797736
797739
797742
797779
797827
798067
798145
798217
798477
798518
798605
798774
798792
798918
799095
799201
799379
799785
799835
799957
799972
799991
800150
800381
800403
800523
800667
800740
800894
801089
801302
801600
802220
802300
802304
802440
802608
802650
802660
802686
802808
803001
803158
803400
803412
803595
804018
804182
804222
804326
804477
804673
804686
804718
804788
804789
804926
805060
805183
805260
805426
805451
805553
805621
805792
805809
806038
806077
806162
806296
806377
806568
806858
806890
806934
806977
807019
807092
807147
807224
807255
807351
807481
807572
807690
807709
807743
807794
807824
807923
807952
808209
808273
808316
808523
808601
808656
808666
808774
808870
808993
809051
809202
809215
809294
809313
809419
809545
809697
809747
810115
810124
810145
810147
810155
810268
810278
810391
810536
810541
810550
810583
810639
810641
810765
810778
810900
810977
811215
811291
811301
811305
811328
811646
811670
811734
812091
812292
812308
812345
812467
812493
812537
812636
812702
812706
812772
812848
812951
813076
813077
813168
813238
813287
813394
813431
813696
813737
813790
813799
813819
813981
814184
814190
814225
814452
814650
814789
814911
814995
815446
815538
815624
815696
815807
816048
816135
816146
816330
816378
816640
816758
816789
816804
817060
817078
817141
817266
817335
817459
817545
817662
817699
817856
817864
817885
817904
818019
818042
818224
818317
818338
818373
818397
818560
818716
818789
818869
818965
819201
819255
819294
819515
819524
819700
819786
820033
820061
820064
820240
820277
820341
820420
820503
820515
820554
820601
820608
820863
820866
820914
821074
821181
821245
821261
821703
821877
821942
821959
822015
822051
822051
822108
822453
822555
822617
822711
822860
822952
823241
823262
823555
823729
823759
823784
823785
823787
823860
823917
823972
824000
824268
824314
824322
824352
824363
824417
824434
824463
824505
824511
824529
824552
824596
824612
824677
825077
825590
825601
825729
825730
825831
825847
826053
826065
826066
826273
826401
826675
826686
826766
826776
826785
826836
826988
827046
827055
827066
827264
827293
827453
827620
827712
827874
827888
827949
827952
828063
828139
828431
828462
828469
828471
828506
828999
829132
829203
829254
829907
829979
830089
830146
830304
830370
830377
830397
830508
830652
830730
830767
830846
830851
830912
831087
831144
831319
831362
831410
831525
831661
831833
831925
832050
832153
832204
832218
832345
832397
832399
832410
832446
832454
832642
832704
833120
833235
833285
833367
833417
833481
833485
833552
833564
833723
833760
833830
833939
833981
834100
834126
834295
834306
834307
834322
834330
834349
834399
834534
834606
834643
834779
834827
834887
834954
835059
835139
835164
835173
835181
835332
835499
835546
835628
835656
835718
835931
835965
836052
836115
836314
836387
836405
836678
836700
836729
836806
836866
836902
837022
837057
837067
837177
837547
837908
837971
838257
838474
838542
838594
838668
838915
838966
839003
839162
839187
839294
839297
839354
839792
839816
839879
840058
840390
840420
840525
840866
840991
841022
841118
841218
841550
841556
841629
841670
841862
842074
842083
842199
842238
842640
842691
843000
843009
843112
843279
843366
843415
843450
843621
844472
844643
844697
844865
845120
845148
845422
845463
845492
845552
845633
845800
845840
845872
845917
846005
846065
846076
846135
846139
846139
846266
846279
846334
846347
846350
846733
846958
847149
847493
847495
847628
847712
847737
847958
848111
848135
848146
848148
848250
848320
848439
848709
848819
848911
848987
848990
849020
849040
849142
849163
849204
849295
849582
849905
849926
850030
850258
850347
850445
850468
850488
850506
850558
850652
850697
851251
851266
851289
851390
851403
851616
851689
851767
851971
852085
852145
852369
852739
852808
852918
853038
853041
853243
853310
853377
853477
853501
853560
853576
853598
853689
853918
854119
854191
854227
854353
854375
854427
854440
854492
854494
854561
854567
854677
854769
854876
854931
854993
855031
855051
855315
855424
855444
855461
855582
855620
855692
855800
855856
855866
856072
856090
856267
856273
856276
856396
856525
856566
856614
856637
856754
856876
856876
857256
857325
857326
857516
857522
857571
857688
857823
857875
857944
858001
858037
858157
858230
858364
858406
858504
858543
858700
858742
858800
859006
859012
859119
859255
859344
859447
859464
859502
859550
859701
859746
859790
859941
859981
860015
860125
860392
860550
860624
860646
860722
860726
860740
860803
860809
861492
861592
861789
861935
862106
862179
862243
862716
862736
862814
862974
862999
863320
863325
863380
863541
863581
863762
863879
863908
863990
863997
864003
864255
864320
864411
864412
864522
864544
864661
864682
864936
865367
865392
865425
865530
865638
865787
865805
865822
866020
866095
866134
866164
866212
866223
866493
866538
866575
866727
866802
866803
866846
866883
866978
867011
867055
867192
867234
867433
868014
868177
868183
868328
868348
868377
868489
868532
868879
868928
868982
869117
869130
869204
869580
869666
869679
869828
869851
869929
870135
870174
870181
870403
870457
870465
870590
870836
870873
870902
870986
871180
871379
871501
871568
871581
871955
871965
872003
872305
872672
872713
872780
872790
872826
872838
872957
872984
873026
873082
873226
873912
874024
874065
874079
874105
874211
874220
874319
874352
874428
874562
874636
874698
874711
874727
874796
874942
874959
875073
875115
875325
875546
875617
875660
875828
875856
876081
876123
876421
876538
876627
876671
876727
876835
876924
877589
877650
877702
877713
877713
877746
877941
878109
878255
878272
878385
878466
878809
878966
879057
879113
879122
879127
879178
879236
879261
879542
879626
879647
879661
879663
879769
879798
879827
879897
879941
879990
880085
880127
880354
880708
880724
880802
880851
880955
881050
881085
881251
881316
881326
881396
881452
881453
881493
881537
881699
881889
882009
882023
882064
882194
882266
882440
882525
882697
882985
883013
883019
883193
883209
883423
883459
883514
883514
883543
883566
883717
883830
883851
883933
884073
884116
884293
884446
884525
884868
885177
885478
885715
885754
885811
885851
885924
885947
886121
886218
886301
886432
886453
886495
886644
886655
886715
886926
887151
887364
887648
887779
887831
887886
887951
887982
888124
888241
888371
888565
889024
889121
889205
889248
889411
889790
889973
890047
890066
890157
890157
890196
890377
890716
890766
890876
890884
890890
890924
890963
890987
891246
891254
891396
891425
891646
891719
891829
892270
892387
892662
892796
893297
893396
893492
893495
893678
894021
894332
894559
894939
894957
895060
895076
895081
895318
895371
895474
895592
895991
895993
896015
896274
896448
896649
896940
896949
897087
897139
897227
897263
897350
897510
897554
897569
897666
897713
897812
897933
898121
898168
898321
898407
898427
898642
898842
898941
899053
899073
899091
899145
899248
899272
899311
899336
899655
899770
899902
899918
899969
899984
900191
900257
900491
900524
900528
900592
900596
900661
900695
900781
900822
900889
901059
901256
901279
901430
901448
901697
901701
901708
901726
901814
901983
902032
902115
902144
902189
902262
902348
902354
902467
902549
902698
902848
903029
903035
903367
903436
903700
903716
903855
903874
904489
904559
904675
904686
904858
904895
904996
905107
905143
905192
905217
905273
905286
905299
905366
905480
905515
905527
905577
905719
906020
906106
906200
906354
906412
906545
906644
906655
906666
906685
906718
906823
906927
907007
907035
907225
907253
907269
907286
907402
907402
907464
907552
907763
907790
907870
907903
907927
907942
907956
908041
908077
908332
908660
908788
908863
908910
908915
908976
909204
909667
909737
909858
910032
910098
910159
910345
910356
910458
910655
910743
910745
910865
910876
910933
910982
911002
911124
911155
911669
911687
911691
911847
911908
911963
912191
912192
912381
912418
912441
912450
912556
912874
913110
913123
913170
913219
913337
913615
913739
913889
914016
914491
914532
914576
914838
914963
915044
915376
915410
915471
915533
915691
915918
916013
916072
916093
916148
916176
916257
916413
916473
916575
916673
916730
916768
916957
917019
917036
917126
917127
917260
917324
917805
917861
917882
917968
918032
918049
918150
918151
918336
918443
918823
918851
918892
918993
919179
919230
919280
919663
919730
919773
919868
919870
919929
920056
920096
920311
920557
920692
920711
920716
920949
920974
921241
921635
921973
922114
922228
922311
922571
922646
922697
922756
922773
922912
923226
923415
923518
923530
923603
923684
923743
923861
923914
924105
924140
924265
924290
924351
924467
924489
924614
924651
924675
924794
925021
925173
925186
925497
925571
925619
925662
925666
925825
925851
925869
925873
925933
926054
926086
926637
926669
926672
926712
926766
927149
927310
927392
927536
927559
927616
927671
927820
928056
928194
928241
928373
928542
928554
928651
928679
928865
928920
928923
929164
929238
929377
929571
929698
929776
929832
929907
930201
930368
930900
931045
931081
931094
931116
931120
931141
931239
931321
931334
931373
931494
931519
931689
931714
931725
931795
932022
932051
932098
932228
932268
932434
932482
932674
932700
932769
932772
932859
933123
933186
933321
933411
933474
933512
933583
933854
933969
934321
934409
934465
934545
934773
934780
934784
934812
934908
934924
934970
934998
935019
935051
935080
935127
935150
935229
935362
935418
935434
935452
935637
935697
935808
935866
935893
935991
936199
936261
936433
936542
936726
936760
936944
937053
937457
937477
937535
937553
937650
937772
937964
938035
938114
938232
938373
938376
938453
938931
939040
939450
939516
939517
939588
939687
939784
939810
939849
939863
939901
940241
940317
940486
940520
940649
940703
940769
940827
940912
941071
941158
941413
941504
941676
941680
941841
941841
942029
942194
942457
942469
942554
942555
942810
942875
942969
942983
943276
943416
943436
943438
943504
943611
943617
943636
943666
943701
943948
944184
944256
944256
944625
944647
944656
944820
944947
944996
945100
945186
945244
945318
945404
945474
945529
945544
945570
945651
945741
945804
945887
945920
946043
946075
946250
946309
946504
946536
946561
946679
946727
946909
946909
946968
947116
947231
947263
947266
947364
947376
947621
947814
948053
948514
948519
948528
948843
948938
948955
948966
949079
949192
949270
949444
949446
949729
949730
949730
949797
949895
950017
950142
950322
950331
950351
950436
950649
950685
950712
951052
951093
951146
951155
951399
951556
951787
951917
952252
952317
952321
952413
952467
952488
952581
952702
952874
952938
952993
953102
953263
953603
953688
953764
953798
953808
953929
953960
953964
954024
954142
954194
954256
954281
954429
954631
954953
954991
955012
955108
955150
955278
955459
955492
955521
955582
955754
955767
955883
955965
956109
956117
956117
956172
956225
956289
956706
956724
957068
957248
957325
957338
957563
957588
957843
957880
958103
958152
958200
958366
958418
958525
958586
958754
959021
959092
959157
959272
959361
959384
959409
959412
959496
959529
959571
959651
959861
959974
960008
960062
960332
960406
960462
960694
960804
960829
961031
961054
961159
961350
961449
961501
961509
961606
961644
961656
961712
961775
961981
962215
962354
962383
962639
962642
962795
962802
962846
962940
962942
963099
963342
963794
963832
963856
964166
964174
964231
964426
964559
964766
964880
965050
965068
965074
965112
965206
965402
965783
965799
965809
965946
966028
966271
966349
966365
966381
966483
966618
966687
966754
966833
966955
967004
967052
967092
967184
967268
967359
967443
967469
967888
967896
968082
968237
968325
968453
968555
968568
968584
968695
968728
968894
968911
968946
969069
969160
969272
969473
969560
969646
969690
969755
969809
969924
970053
970113
970133
970247
970352
970455
970527
970540
970827
970937
970970
970980
970998
971134
971231
971331
971358
971362
971394
971623
971785
971841
971862
972570
972640
972878
973213
973319
973444
973582
973907
973926
973977
974162
974219
974291
974350
974600
974744
974785
974809
974829
974846
974858
974917
975004
975077
975358
975463
975483
975498
975549
975581
975622
975760
975857
975906
976153
976206
976511
976533
976793
976938
976954
977223
977497
977508
977536
977666
977702
977873
978089
978138
978384
978440
978583
978605
978978
979004
979216
979510
979761
979864
979948
980085
980090
980193
980241
980301
980373
980762
980769
980824
981062
981481
981539
981626
981682
981685
981716
981749
981753
981846
981887
981892
981930
982002
982029
982130
982233
982361
982372
982474
982474
982530
982578
982706
982738
982772
982860
982886
982910
983078
983175
983211
983256
983388
983392
983446
983482
983555
983759
983979
983982
983999
984083
984159
984284
984648
984764
985052
985104
985135
985229
985300
985586
985603
985665
985682
985792
985813
986062
986070
986136
986147
986150
986184
986190
986216
986362
986532
986649
986665
986680
986877
987229
987247
987292
987338
987344
987356
987644
987802
988036
988046
988158
988372
988382
988409
988692
988710
988821
989090
989150
989221
989385
989470
989521
989595
989634
989699
989760
989947
990042
990131
990166
990246
990477
990478
990629
990635
990658
990695
990723
990803
990885
990909
990981
991046
991198
991240
991357
991480
991497
991526
991558
991597
991611
991636
991646
991766
991824
991939
992165
992273
992325
992358
992501
992699
992739
992798
992880
993069
993076
993225
993554
993586
993592
993696
993789
993859
993993
994075
994163
994258
994346
994419
994452
994518
994690
994755
994785
995035
995157
995168
995169
995383
995477
995685
995741
995775
995814
996104
996110
996172
996380
996503
996596
996732
996766
996795
996841
997044
997246
997497
997670
997727
997934
998350
998376
998546
998592
998740
998770
998949
999026
999034
999092
999208
999254
999275
999445
999475
999690