570721
197952
62767
417360
354660
692706
295477
265934
562333
383562
485380
648196
741369
411983
559611
17941
231014
977525
114268
200813
540036
777616
3132
632085
107045
976007
967342
340868
427389
630773
979671
43352
815991
229423
20761
377105
989263
119825
662682
675226
939574
710209
785555
338819
532993
118303
855072
206514
633644
38671
992704
957611
788942
703841
417337
158681
630131
397780
935475
724802
198647
695372
650719
792449
758433
113904
102944
107100
764438
740007
918935
190271
505496
555119
446892
218362
446462
520954
857178
51745
472555
964777
938987
191651
511517
49707
897806
696601
187802
229045
927382
391057
332017
708921
962617
907202
687025
419491
484077
623866
126736
995863
834642
601558
587153
989385
792476
555715
32606
783504
118842
85684
235497
199436
689441
996700
584211
260106
164822
950507
211504
990376
694592
675118
425953
938569
620522
856141
584245
27354
185183
55516
758592
891101
543995
488238
244220
937633
471962
976240
351613
735027
430009
178241
460007
753459
878705
179724
376334
929452
882979
774360
848214
16570
566064
532157
693822
137777
32371
708517
203713
825740
142050
96434
640613
269133
946038
132529
564474
208582
348166
205538
550935
435527
238711
266906
52637
490725
441956
180159
716871
189192
607514
634489
41925
108955
167138
207676
98941
763381
197173
805000
409506
912965
829589
904174
989324
167600
715129
543733
147244
114805
299003
935086
936014
659084
773035
702298
999625
400417
437761
203078
1730
174728
596640
283970
667005
174546
699950
618963
115326
88748
717223
193814
75686
933884
9293
397640
241207
522459
985020
785932
166123
775811
458536
499728
200392
974085
68901
452849
300560
885324
484220
1920
804422
45906
114826
571899
102101
989397
579444
418559
885134
347143
257351
152708
282932
340246
950358
631222
438589
199773
382309
995883
965069
195751
546678
49895
947647
816210
740646
30238
388069
106395
454636
150529
725025
495649
21903
172977
47051
692072
142170
358823
155564
214371
370001
10813
891489
301657
513666
339339
544110
382177
165926
681655
303600
259950
302488
49389
109485
259703
168759
678517
124487
164718
489773
878075
263729
925825
878348
357022
64316
662602
449474
29332
555572
505706
645236
98991
263090
939384
769056
860120
97668
247140
939456
692584
39060
297086
226997
807512
484622
824823
294763
798753
202768
861166
165455
145189
580948
145556
498139
724691
53445
680231
596714
601325
900408
701886
193339
345683
134247
500802
691017
915430
445181
193931
409274
56580
62364
607070
118911
998848
168662
682154
188758
365833
232625
624979
383555
668981
19957
49063
450036
625523
47920
475729
130980
27975
506074
667721
693794
394751
465291
687220
530340
319157
687260
304589
510227
403265
818031
643594
973851
168500
771258
485353
807629
326563
886013
868444
117228
885299
661126
548290
449871
335139
914040
462570
334511
457346
275558
125814
629252
208380
284953
797759
944721
922040
885855
35283
688433
571242
820764
561137
31656
930103
517701
770324
566310
53970
735645
392378
636907
253785
509598
700170
931272
263803
234127
828936
618869
210758
845805
271129
549195
734575
417271
245134
814287
922518
283723
977310
441810
628070
377288
368243
667143
233280
818017
936366
252922
774155
355342
636149
280658
480942
46461
459
757918
510601
254842
436100
268163
889595
774539
708109
975410
354935
401971
704139
368825
143523
798171
422877
480149
456679
13068
398920
999649
451300
112444
527340
643642
479133
420882
333477
79667
113190
674751
393529
489549
712682
106779
557304
929509
424612
385917
913530
233428
18846
226203
46772
292895
100768
550805
497229
281482
458125
651583
493397
362315
802609
18722
7196
126600
364965
765907
938912
153896
164266
246769
448818
608551
448725
422466
756808
630309
670630
474884
710380
28965
619319
887733
191743
696130
364623
172107
237512
150944
956106
308151
13827
283204
258762
164186
386936
357842
715311
513761
49148
525087
816896
492446
25571
591688
213602
524151
749156
291713
748366
238800
386136
692627
802957
172097
417518
928790
550641
180510
384153
78668
19844
377348
623293
418839
222263
883593
488782
394563
404254
857443
760314
100390
464048
74598
506962
180776
385163
478678
693800
304995
470279
791297
852066
239046
867285
4503
33342
821857
374428
662561
341294
243621
906998
315927
549293
701567
764447
804549
835025
131289
649067
50640
309921
681050
980363
849780
249192
26291
866912
222065
617036
950605
602307
323236
353723
128004
359600
88480
731214
816129
361659
114856
350180
721791
614920
296194
304112
12051
268646
372026
651771
780936
487985
169934
875886
992225
230125
226954
825748
758230
61344
760698
41615
543921
728015
87186
649018
934170
520973
171096
882336
960235
797592
450471
687438
647111
360669
49442
578246
632160
321734
218620
264042
586120
385288
952349
90516
529142
340500
630731
230775
954026
502091
976162
36797
831701
383496
707552
807277
104549
571171
588931
26298
123378
939722
59286
896913
90447
419976
790682
30584
502379
7429
904304
149308
327890
731980
229285
756807
939533
519458
369998
413390
654455
238231
129826
686883
68356
503209
474650
467650
553113
727938
28799
757702
210249
754099
667254
642370
192840
940335
457135
571467
951111
334205
595938
289410
474700
443451
469494
23724
745780
310683
966269
383511
736769
512403
648418
775431
934844
624126
145711
702232
282389
733492
231
804316
779565
563830
142507
507489
101177
937734
920844
69624
950913
657713
257005
986269
907429
848194
218145
919750
9853
22125
982217
200086
894490
395867
65084
767550
882386
99900
708939
436284
348974
846218
86761
363619
98351
278699
191606
128281
907091
336804
569351
593082
596094
727257
249644
969265
243293
158737
478295
795034
518371
6178
434253
310928
964857
337578
980267
580767
218504
767571
668485
744559
761479
505765
539543
189362
359193
801318
310902
829461
591007
491508
595515
715295
183044
539984
291831
781337
881937
116318
818747
105465
303294
728439
268051
158023
660237
984632
372775
244800
159714
283106
750455
885684
971444
843898
717879
675670
869057
30375
340541
600046
863099
174393
285465
225832
289089
808750
670533
765024
900387
171492
112923
829141
992867
830088
709911
354932
949405
813818
770015
507838
81901
763545
303608
189867
623128
865783
797822
726570
894860
267894
967190
596857
226430
213485
880869
545367
660852
919902
353394
113738
509950
325985
629890
958558
340740
717055
482339
916013
580904
668962
746532
584242
390434
58325
942001
777002
327704
483438
777070
180994
505970
925163
727172
959185
461470
701667
179356
958064
209416
49919
4993
26743
432683
229909
9223
98951
533024
120363
534268
740233
520358
274329
431319
388112
585179
310005
644027
55076
744827
13914
306941
333246
27844
347360
25504
103908
657021
143144
838498
368751
201449
622792
649688
531063
419638
451776
960158
227536
766614
779381
827727
245053
545171
699491
996217
61720
489794
9005
76094
843899
561830
267617
438402
850801
269413
366664
181114
358753
819465
502628
980727
787183
970770
981270
508524
319175
637867
542130
199069
59037
491748
211358
192612
639403
916249
431566
983919
496742
215815
467376
110904
631571
174445
876091
839499
462494
417851
436574
807523
735687
284343
48443
28649
26349
783354
646271
665241
904289
759285
967709
254184
203972
860331
481942
549862
979259
794935
747419
468780
594751
769154
844912
664401
832101
765526
216554
287496
797345
22754
220545
120362
896371
686126
616662
736979
3210
485364
274568
396029
375634
391940
631758
643423
917723
965580
773398
496948
490375
568807
876705
858989
370301
171675
433394
359632
287299
938378
663012
463068
858371
879895
120445
393290
157446
54084
990398
92686
723466
72461
270069
117072
156816
367738
101199
954024
860631
803580
896796
16833
120935
608543
454522
749447
74179
497458
489435
455472
259600
440955
674212
918233
701184
58651
479357
455294
440731
508802
903096
139779
985363
104228
974740
70724
334023
313524
24376
257583
48811
165171
545039
841581
767858
536396
477706
66018
456267
447033
334955
186000
933381
984785
732466
556046
428609
944024
275258
607373
449123
673991
84600
403742
793536
22494
171059
927579
223819
38556
774578
242717
431327
443976
77518
870264
259034
666326
49190
439121
139970
114088
587751
615282
696519
952866
73072
949302
484609
742112
704272
788818
847602
215762
827695
406752
716378
436744
716435
525150
147835
594885
947639
596307
584910
152132
782241
773500
113074
731615
110719
863870
425140
538125
970429
212156
654437
441433
43869
750928
728203
442100
101523
770010
92034
412550
583645
800633
518931
988981
866006
513830
534143
733781
762980
921665
259172
744382
995301
180959
920602
481763
343880
834532
413611
481428
796100
623077
984344
196297
949165
831208
91752
343856
966164
62302
28964
934450
657751
604000
299924
10584
428353
255980
998913
20100
564724
230
86523
793164
959595
524733
197769
652046
338016
369682
104840
54307
333814
421067
259445
400937
302363
672369
59865
487743
736918
669127
449402
866009
486988
550967
652457
671790
402411
642309
834738
665341
96804
104646
945594
440168
847163
824262
212546
53035
635568
324085
890729
409705
775128
585335
17438
983726
810554
795297
226654
732023
409933
735595
134084
506821
100353
731976
292538
100950
558973
235347
513204
449803
999065
410502
876532
840442
58414
684023
592252
207122
48899
128078
843395
752292
834322
475523
921746
714747
748603
513786
416099
564455
444246
763955
562308
806973
654623
7855
395350
189474
160087
599460
620358
241082
203455
246774
492064
247558
45819
295179
328012
72890
539345
389492
43809
774367
553816
280788
769424
27362
677305
898290
110032
652155
422135
891383
130019
734703
947480
661549
72578
921363
107839
492814
276925
56030
937427
868190
125036
440392
905744
756852
971084
909456
164044
73351
336213
26838
265064
459705
104372
769168
33755
480820
728524
298084
877346
584112
557766
810515
589266
928524
308920
145091
311067
732785
576853
484458
210635
684314
505896
39727
425855
290535
789869
50755
855187
174116
761050
307090
336063
388211
281205
786533
826586
85335
941328
886063
264788
726798
644070
24948
622956
696692
636982
665319
903831
264817
420263
2819
740791
365117
385741
345492
232148
150778
970145
264880
875358
981156
662121
181501
730558
423159
273929
532765
595104
408376
41957
716216
461214
143844
448263
236353
377775
951477
898775
426478
190489
69378
822808
607033
357005
725483
697984
785934
347722
844362
491392
514189
511569
755824
643672
377665
971050
371320
413243
443286
604771
549356
17909
746688
343564
977833
339024
191057
425868
536484
500302
355839
152511
734588
879414
790643
425151
588394
587111
714572
482883
733600
946260
234446
751490
52873
372416
860880
18460
67430
694689
502034
318627
539879
513235
369110
465100
101556
169126
954203
980988
900999
153174
423942
388962
772701
471216
382653
131536
509354
149702
286052
714512
278786
361695
595327
396287
319580
470602
261453
609089
836139
702546
355334
871352
611337
296933
703816
953416
325803
686402
224888
156703
709380
467832
174397
97814
140842
893364
222334
777171
650205
381041
704950
482228
276278
440111
367357
288174
442488
212985
587813
540045
464229
546198
319856
603083
236345
279376
721199
706757
579434
218066
247089
674194
552474
902613
544285
820758
301851
345551
113257
627630
269990
508506
6227
406529
846255
916275
757308
770027
716178
932384
964341
43574
878717
799343
124241
35076
600812
129779
670045
920095
925916
198014
677478
95942
703976
482564
188746
953450
966606
149845
28061
272671
607335
491318
518630
484802
904020
484814
119955
815578
968435
309145
376290
408778
544407
661355
337737
445357
152766
386011
20077
238927
331417
800598
679116
19756
125202
533002
142583
483148
382672
832285
771769
601719
358531
104449
607093
430524
631593
309394
103979
223749
214782
465642
158774
606746
6076
277648
250958
742882
308901
277557
528726
801482
804727
684189
320427
369501
473712
358745
290655
516971
433342
873473
939426
104193
668717
630088
850172
449005
435930
614526
832837
552831
916650
258849
666097
157271
441507
177805
705266
323921
664355
845054
854927
305806
744956
638917
229595
102680
425996
782894
474664
824121
285545
247940
892136
210067
711901
605618
127907
144514
882577
214528
283274
55258
209813
852656
862471
2945
318050
971731
631101
984232
400560
261101
782795
44860
301057
728233
427833
161011
987733
286551
331488
270411
8931
940627
85847
130797
15057
860977
48747
975655
99498
367075
175193
685517
159947
881846
132440
251352
299146
121622
498059
422119
610921
377448
757496
702348
407256
734945
154973
20757
128236
289420
426199
803077
485881
457511
537433
412289
765740
360729
713442
832656
623634
941016
783983
242127
850382
56244
408017
815677
173578
425890
811766
438361
777839
57490
24968
344571
473575
784470
988988
885769
677439
985978
975455
292286
963753
69396
465945
978465
662218
276718
838070
507830
926295
179045
557121
187839
291409
547000
885938
121005
819991
771314
706472
263781
79391
433071
254085
785569
299244
772667
956376
113859
980269
621330
437290
198286
310598
174349
385995
88925
550674
385508
192939
293223
7005
881331
469421
356392
315435
4786
469995
224308
375150
868733
376832
318690
753533
887387
733990
328066
958313
872706
627682
965834
95556
251077
734601
468463
549334
142508
923477
33944
664509
855317
507730
238030
724373
45963
160532
589565
637830
188644
470399
472380
83009
148072
560404
451350
160243
879384
320282
557900
921400
290890
513481
359332
905181
97402
589771
696547
159028
151062
398149
21598
785931
636021
289802
649817
575140
374162
746866
204525
842055
585173
732001
192810
131825
978967
637316
754801
595689
833303
983986
492030
487624
207589
698344
649318
964515
638133
249729
58372
455486
897108
552426
767387
370532
696552
665461
878523
378563
188077
516634
396038
104439
969811
447937
733437
801509
793935
991016
335986
712081
556103
195433
426694
576836
159612
49365
64169
273275
639070
432760
593132
858873
728955
741537
619280
771297
73635
725109
631740
280411
317953
535068
678350
951999
944573
589206
346896
499600
279468
226188
368810
298755
751378
585734
5900
447870
394804
537515
612761
920486
293363
132294
712731
109019
811571
735650
526590
356599
282193
559756
568401
671722
444199
84674
207504
857123
452802
390931
683134
414531
66895
712650
883314
107191
842386
555932
612220
416524
387477
348146
797491
228527
643018
342849
892902
980105
141904
709077
788429
452359
903334
612067
907872
245544
169108
171264
221162
520337
597411
867618
461783
103470
4770
165017
362523
845435
298999
258237
507453
497677
11146
329429
811861
476638
663415
221723
107594
313960
654827
632872
727093
167784
646856
805409
988831
607477
401082
907192
698536
465094
759798
909659
956783
454638
206223
783211
120487
922955
800039
120412
303596
946300
263584
262581
472883
18734
239306
665381
675065
326458
823354
704194
895466
727185
213586
661715
224236
892856
864669
353460
551920
207236
890417
684080
366858
602394
727752
455718
440176
450113
824107
578563
81450
427110
311076
249686
414020
346686
483259
136159
913891
938735
342842
253489
661983
661470
503760
92923
571314
947940
596685
922182
633310
779158
347740
231762
144994
626909
105207
906869
56545
933557
709169
551499
107794
387442
132604
562404
155270
158380
31005
837404
919432
276983
34633
325535
330174
202807
368033
924719
530840
351283
741179
344594
725296
264313
941330
675531
39953
584342
563336
753314
970586
912045
658137
320793
404668
379923
721772
634709
318775
737732
225356
834458
976833
135703
547926
503558
602962
964162
116774
299618
248571
261466
199791
469946
531696
243615
602321
282782
361771
593033
467298
673934
194558
600341
221991
26699
623358
929084
293996
446113
998226
547807
86196
206744
209715
75023
418729
38216
670962
42060
995709
616762
834377
35076
510267
605207
308155
552705
685219
969824
498440
31132
327029
455096
103128
714947
337985
36176
368012
614273
368873
148319
139525
693180
876819
359352
569710
662288
819944
996375
124481
725949
166564
601906
620836
710867
486998
694890
805855
705855
36903
681224
983319
473527
876810
89877
821448
335078
175008
114127
569086
420596
35681
490250
100348
477762
605804
150302
704653
811299
804032
859910
320053
952155
115226
554155
758885
674606
510122
693296
700620
408928
673288
717684
166433
146650
1705
610453
886485
575867
945803
135676
777229
146447
256365
662215
534067
872463
627776
29914
796161
664464
813233
227774
285160
795255
463873
969063
668530
640711
740175
691439
366836
879601
97127
52406
845993
133244
998073
925
746764
419901
774657
35335
914245
932473
698497
154993
553702
681746
861201
819357
164341
206744
987046
986409
366661
762517
720433
527011
722757
557620
319513
234046
624977
988268
30922
790378
806303
188119
401777
144373
679397
920185
382211
56049
625659
977849
35961
380
845769
399193
357436
450484
293131
325155
739493
308064
403296
181338
427700
380616
963471
789929
553673
462898
92624
36431
495775
677580
432839
714180
639723
461176
711233
801973
884151
776366
609193
525276
430764
852835
672236
838963
505816
941900
143004
460773
371699
189178
82970
722879
460711
874389
480709
460899
82515
250017
254996
773261
204361
347533
482507
175678
857850
479183
381829
407388
242680
730470
414287
732961
176159
354603
983236
136869
956607
583638
373982
17052
776949
280105
362586
974909
988086
309681
849742
185858
275193
621700
683432
709384
301400
905408
233690
484275
430822
486478
527175
577726
598732
807954
795206
369730
159413
132505
480348
944143
946743
85343
370776
273227
251906
908605
909090
206221
912134
785529
836236
851119
915696
261505
61642
143939
45352
292857
401211
387539
239542
690095
297991
621163
660751
743863
562872
814577
521417
179078
894382
295884
449180
750852
439345
587282
744055
219338
414961
39114
658172
360391
87609
707832
585736
487490
421453
166084
171620
690689
154200
833623
876570
659597
175527
630975
776442
230080
52159
988548
506099
313561
414516
88212
996204
527391
223398
788036
188430
879545
174708
435781
520495
568755
504067
814544
585761
530794
981595
429589
813951
870717
213783
406145
172942
523258
9458
35540
380363
928081
235718
889677
884992
289000
607431
516806
837061
963187
161023
286557
216081
237022
179472
103115
240365
813842
423355
595521
93866
791990
662017
959912
980351
342971
329446
428237
971081
269892
438573
740267
976976
762018
796000
180769
366867
575596
884982
542215
265055
272009
705552
199489
229692
249328
643401
752168
631864
169576
893063
974347
967017
642808
857818
765943
274524
621196
906764
43648
170534
410901
820856
550859
911408
992923
435467
520424
175896
619788
42231
861636
992362
784449
497317
595745
239734
581322
649565
21476
627758
626466
404632
738854
110600
380786
920445
691785
651515
653220
273501
389434
919138
289289
796212
757883
31794
723409
168717
555706
515969
317083
356673
153959
821501
399491
475071
610885
860676
230823
257542
34578
559655
648694
772165
798744
974045
531040
408710
841699
621937
46898
721049
404783
75405
991116
177676
278088
592066
563571
480059
269208
126736
49342
129523
877104
528490
475246
514586
757864
350947
638811
167
809783
787705
912645
853607
310784
115384
464020
289837
320596
937940
998133
123977
519036
388820
150598
543027
765000
30039
467521
637903
280425
403483
579704
105771
566510
793332
767328
899210
529756
849817
104049
472268
940569
467662
658094
119770
320160
356309
952200
760929
439097
954005
342683
520071
38316
314060
58790
510189
43094
526936
480565
517577
70318
971324
13132
586620
964406
500970
753399
86270
63946
535315
333710
747568
722533
962081
221016
706424
69024
773860
931731
500194
494455
571456
76466
15217
810907
304849
133614
478562
412547
838580
228715
620114
415843
114389
43568
976932
597971
147006
781597
229824
61109
545776
29686
682201
661033
62788
243344
85609
399918
131230
211553
535092
811632
363764
481179
744939
323333
971240
147039
412703
637582
428736
310768
39148
824266
849014
667848
599475
865197
159890
781030
239144
339416
929042
491705
491356
511836
925055
767550
790317
403167
120990
756968
625428
356359
976446
797983
347096
113545
55639
444493
371363
965118
418783
61698
250588
533138
138587
656675
380142
149104
906727
836129
398594
219460
833058
557805
93663
460436
255385
157748
401737
889657
864860
604024
339325
534196
857874
773008
357306
204962
640400
943075
778778
918260
37839
375016
870328
277481
210503
535126
356960
208941
718995
394832
129793
248855
282503
484846
326715
692751
433304
107084
350446
744668
708019
651579
876025
457447
327704
385532
877125
352853
549417
346245
592453
805284
290260
278946
275192
449811
45993
430696
524320
956940
22388
736670
381978
157535
834052
640032
883356
829598
330917
764792
443258
651888
188890
756953
436096
323984
836300
987549
251139
615898
588699
167486
271994
708477
117546
110739
159613
771549
703475
374010
638159
904101
525019
862214
886113
68816
156322
986206
275793
230268
820018
135118
907806
91776
567089
110875
383084
521522
85704
464587
758005
580350
840248
503
129213
391085
800387
632284
233630
261944
671668
702907
118317
861801
414350
355741
867610
453732
174465
773065
58559
93984
115249
15528
708527
277587
311910
116345
805451
303784
292128
860069
548121
725833
691328
522587
925337
138185
413757
801738
533065
551661
431784
555650
128329
596302
300314
168226
507615
421777
656853
329200
901843
294150
671384
759609
406828
973911
226239
64184
255871
585364
98654
340229
219794
770487
859748
292271
825132
887114
439978
199487
408938
62651
527979
817
519847
82037
136219
97965
307120
89
92096
122082
404413
316157
376981
938671
722068
295968
904822
128689
852721
665839
319770
307014
643956
835650
542642
516609
794285
121378
633607
880830
659411
698345
589585
320262
558919
608324
754344
444536
949669
709563
449405
655463
325528
718133
539808
574516
918343
596732
449821
397578
983364
472774
519331
16833
352415
50198
716851
402841
324193
742593
149011
855914
624814
396629
793107
971592
660761
652891
995209
920305
764519
548922
105450
918607
635494
408018
275539
992403
698776
538557
789950
231231
194731
108583
324280
682967
529310
519425
524663
938207
721419
714290
193146
64660
239645
829918
82486
230123
227654
36851
662441
920054
9397
990931
126052
700841
616321
32460
609288
103739
505234
909939
346792
834933
929168
66176
570978
394843
680507
432919
173790
648645
54259
401497
513137
682558
918021
170040
967856
111063
967559
441797
334777
931259
197934
654788
646690
604272
593094
471635
832317
188035
215967
754013
275311
57654
685606
897413
665110
817342
383862
521304
872644
23942
18828
671570
443046
438408
159248
575851
766395
692528
731950
116345
957069
845167
521752
245687
868911
985612
724146
693604
628810
916872
978391
497161
79915
99810
267977
739186
30062
962445
480915
360667
865822
892670
521395
941542
212589
973276
995282
905813
732958
296625
117171
724704
593032
405142
547788
803899
135579
555073
193274
472625
621985
849443
961277
66529
986900
229513
415034
892597
309444
775559
812584
762242
189843
358583
278050
401126
648858
808515
733262
850735
359342
75567
43888
791757
784637
185631
957258
357177
335537
109525
893332
351123
347178
464287
363087
370562
235180
989368
754310
516239
11291
159671
989110
402597
358730
6468
414419
637018
355540
198285
818766
473207
79233
115192
3119
21896
596846
198039
462159
963234
463102
432353
913594
199625
9989
388268
601624
897011
57640
72697
304646
936812
141431
657812
622565
209998
350680
841743
141782
719699
326400
394094
276651
123671
179710
406499
270080
577413
370322
696858
751845
2
627194
310858
157712
782601
762784
434415
685267
475032
150117
303552
264668
452862
234260
521626
170623
478054
238050
921859
282816
671361
4106
985814
384628
777134
14188
839063
116475
571970
9207
75097
718439
247422
679887
410469
520379
667197
212716
692778
715949
19987
627541
596846
997712
341656
572007
403277
478427
543286
513241
335088
135707
956007
5848
518761
698457
408948
201399
264661
773575
549584
540716
843148
545770
423431
519931
642998
833226
606580
666573
686963
359467
209812
27903
403753
322229
761070
42011
665639
694063
363030
119985
324844
47494
54403
658096
213693
834553
804917
457330
662695
851866
632301
364157
947495
520391
422366
468317
860034
986837
255850
244390
496100
854274
687273
457306
487185
741136
977970
591459
740875
605145
137681
142099
737048
996559
217810
674777
213763
400176
246497
201681
712042
326209
686699
13602
528651
778048
947178
963534
150064
500132
370937
240833
725681
377062
756649
941336
782067
621164
423236
960885
826826
651107
434348
24761
315728
594770
202660
734987
12951
605085
660575
660458
135545
71355
24754
993885
188579
303789
671340
6213
322573
868748
309138
667685
544916
605640
160854
444330
856525
735538
585341
671317
81277
668859
226311
842767
27671
83598
654606
313614
309357
932925
253905
297779
337814
855868
658363
675365
640831
247793
538041
648975
684617
722728
849675
284283
336955
876005
776122
173289
195840
977367
659676
251519
695539
502966
96370
284396
38604
579630
691306
838161
73811
949576
415249
155977
428717
237409
412976
218548
165117
357062
590650
8152
606053
30497
373492
421495
124115
467349
988374
689067
442813
257781
340970
383885
47684
382902
332767
603788
361654
114759
477972
249029
633690
810126
436650
872117
207631
325651
434164
546687
555501
985286
852749
558357
132193
665726
272451
563939
22851
121917
313686
659973
640731
502942
705068
446
493631
612782
974753
953440
955803
834711
801895
23594
787070
117592
976864
121057
213031
870186
496409
670951
576148
970007
540565
883485
417687
934319
16370
365851
640580
796231
612845
393337
821751
14409
515394
294924
523759
378770
513894
733716
583299
831323
716201
808400
998794
64117
449298
521043
511745
154085
866452
818186
824783
992702
584314
362139
891139
975551
213201
824731
201291
240994
339212
185617
721759
350639
258968
195211
983889
800991
716521
801157
723671
779747
522381
428533
30892
85751
407860
76547
172870
742022
40317
206084
607019
609462
777562
233477
447197
933064
989675
786156
96868
857493
483117
133111
598066
24723
984774
281119
545273
565835
222962
887904
293234
775528
967840
537401
200124
327471
833057
516742
396089
515160
928405
612327
33951
879199
774354
508095
726680
88262
693659
52306
278513
791580
384745
625782
892593
580191
651414
320095
478278
677027
105233
199609
493113
363246
141860
490087
874493
305597
706842
200209
522122
602769
447702
750558
183411
944205
498784
693554
495673
688796
878807
101470
257404
843293
577642
80994
81630
202218
597588
318331
466225
130614
10437
999539
302173
933262
360099
943580
764045
157294
820337
965269
167901
508894
413310
208440
127745
551481
748812
988511
209529
232627
898286
929396
118753
145382
470919
393360
619468
891451
410442
994118
622454
83279
50299
645316
494707
551185
573789
373104
395715
286994
823717
347635
812483
489091
16200
796230
971651
3656
204949
696927
896335
175231
699253
650556
692707
361857
69040
180911
213854
158877
992838
530686
278807
125339
382074
81069
145209
679776
715086
754866
985010
126753
19686
162217
689766
431101
658935
823390
21400
451201
653394
148648
354818
460121
625346
73055
161308
653009
255699
866978
384919
221344
234587
775777
400219
349196
278749
12086
563421
446398
209214
456208
234734
890579
166953
752418
302334
699385
536248
413687
376706
595362
320028
135250
419049
479507
517262
59352
846787
471414
337454
458272
777406
211311
285445
716499
509720
747964
330648
599827
646734
484461
368219
445198
30669
604735
785693
324048
236427
946377
745253
569311
501062
272976
90774
674183
396191
378411
668518
460526
111323
735130
914090
242640
440379
144114
588633
589918
527577
197147
830762
890315
766654
381526
806989
993510
742427
806944
348400
793180
659474
603225
204343
852390
538583
531357
864488
382023
808133
335127
759074
224982
222343
2435
700980
141600
83798
718722
54176
839178
299667
581856
617891
132045
425759
711690
340063
238946
289723
607241
491305
344508
685679
29763
576150
763661
84165
125576
23302
534115
192688
973171
716939
992302
422276
141545
909406
822730
712907
421097
521852
509267
447767
20530
150561
961621
48921
661176
843162
747093
872249
532910
293347
739640
764565
745467
115650
755937
514915
986567
221968
144871
819329
21992
585841
51832
927208
296229
537953
691857
37558
121309
393536
741404
807945
59590
627094
721760
941591
594071
534913
395795
704150
21944
252962
358594
61475
700774
865045
346517
425735
305045
916496
954201
170720
933653
201591
794571
681396
990077
452304
90639
826110
948244
909147
171202
966655
940108
928514
355204
537099
594480
310699
26597
810808
556918
893894
587972
409221
746385
401397
378871
48521
179768
375430
900217
731246
171497
616983
591502
258497
7744
452900
501539
441101
711482
469553
565821
815726
391135
817938
213658
269222
875621
340341
35435
324520
638840
736404
531452
466419
46730
937717
654506
737260
405111
660173
28070
546903
736561
67002
84572
453994
244116
400498
809322
274816
227097
174560
636685
334087
642840
249842
1796
42126
979763
57522
933527
585650
333620
196717
279483
680885
604333
638439
11141
512371
884321
226113
772057
384615
215768
146529
288125
141169
36577
747880
274467
371429
202274
232485
364559
72852
212841
680428
704871
753255
325004
793629
609787
849783
467164
670568
487769
569593
814071
133813
973432
491929
900284
543401
853128
767523
544760
632434
96377
116693
514880
604553
366822
570906
226804
719822
67557
19018
743718
339632
314212
430716
674429
638498
406201
507006
79063
584462
992988
519101
374925
751679
639948
7493
572139
70967
745128
119848
688563
784479
851790
232481
417812
422480
89688
237005
907933
158509
781320
423758
318890
432669
849230
476999
383394
517244
978600
12346
498436
894293
53697
85293
988647
448017
595639
581900
301173
243744
952943
456339
541287
790387
808591
540227
861097
215161
871858
291601
78275
302951
902447
832937
325164
937655
854259
34256
558937
553280
50257
82421
150747
422468
892175
2474
703196
816545
984597
702184
643570
135173
554915
95744
520432
620293
992698
349605
213820
852378
785382
240915
699871
134155
262039
374480
282140
126953
944902
64971
869552
7855
701775
959746
996190
731964
119460
902661
413992
471026
195585
329630
944637
670805
829077
443632
696190
811914
989838
510815
761121
16718
703270
743829
391764
274612
192241
181404
318661
189732
172354
128620
949827
113816
292974
675236
968002
824649
21951
396291
649305
818725
277996
228082
923081
751761
333835
302092
761729
643767
301452
4217
484719
309911
472319
552222
240099
957582
832332
103037
725889
979341
556753
261283
788435
375752
805155
352556
34486
591208
130727
676997
463967
922970
91661
328742
723820
25578
45669
425901
769781
917311
520495
491491
769897
541157
999370
66628
715685
920159
886560
98995
153978
799278
977835
51860
393501
301010
878325
112343
471587
839813
342880
984820
564893
196064
452511
773418
267366
944195
269489
118212
144844
596540
982616
198433
35364
467954
17974
491764
750669
862794
771824
58020
445486
544803
262850
154070
83743
963923
181379
884578
890912
456648
174983
281874
30722
176996
298098
473885
527670
332049
129162
207294
254951
761183
232087
614830
543426
229389
18760
209168
179713
911844
437178
134624
406535
600897
359451
299784
559867
774681
756455
100623
832476
670446
653938
113061
95232
933549
728187
21215
210324
23158
234273
792474
174685
227495
538125
575127
674876
437486
694683
936796
948524
253196
109027
309274
357356
123347
511943
752477
231222
841589
519632
300520
893972
86017
196652
247789
840474
173895
375307
724962
879881
436655
246036
596143
682023
204412
507542
990257
479875
589943
311349
826608
898496
44718
716312
919522
896433
178577
116350
740859
953579
971195
990020
598030
797925
315905
927735
142978
513493
145991
851261
892393
428174
604428
474222
682233
825554
296221
227792
910181
691619
788291
377691
604395
859064
511851
520491
281556
181411
733961
775165
533075
700236
569896
974039
746985
883053
962367
661658
276957
542142
76965
670381
585073
191552
442538
227602
692992
143730
171425
225510
778595
424719
463368
884389
251936
57050
703449
676198
508136
666547
217659
227665
530878
864276
743395
778736
904501
82755
135056
59528
345993
971658
561810
54598
492779
569746
343262
158213
878018
822679
153632
863517
528388
397673
907578
797908
572581
652520
149777
137101
76097
975281
873006
456408
146076
820369
294960
44626
218117
57018
177861
584947
348468
408655
250692
259077
159616
219468
387247
799318
864082
634313
81792
875512
919958
401400
951338
7338
319500
399751
998818
434676
858754
373639
475395
255002
756491
634643
988760
563544
265392
996175
573624
481743
631014
210464
147660
549396
666173
547516
349107
230123
251960
874375
490304
426570
20366
994227
564959
757626
190670
409205
38960
647557
972099
250855
804439
315055
369965
615425
733712
369280
555969
455247
290113
326856
33705
867339
938180
128403
969898
387443
164075
323890
967579
784635
925276
311810
171875
724033
376920
918680
896980
45127
371953
582836
166249
494990
644331
212362
233577
569968
772494
476808
988656
866235
539576
560649
923173
100676
219537
160823
324598
981617
148319
86006
763758
300631
765203
833080
423055
926642
810448
748535
288637
820999
179047
408087
912312
428109
678583
229865
327336
45901
818536
133263
64289
436745
130630
218129
208596
540198
741717
211058
435677
732231
476145
610219
719086
771396
876837
689436
301630
173500
400819
167003
923896
463236
177094
817513
413017
779215
687212
897655
563595
538901
770503
474725
429531
817273
885067
736692
168457
837032
508802
37542
792876
763684
222144
90827
705589
251513
255166
851079
715700
932063
932297
844140
50923
670734
581260
793758
931346
137848
134635
754956
199976
904447
102289
943982
97590
568156
657315
642609
116146
569972
115609
234046
659206
533711
171219
732527
207184
210140
489991
576810
722143
568505
122212
280053
859926
996977
719401
656182
371343
217286
531291
255272
270426
869886
449642
432645
930145
309532
792219
508632
1296
793478
70955
144538
570443
605249
185696
631177
596223
842510
285693
949466
253191
798163
659447
411732
363995
152699
565136
436161
709155
433040
193623
169775
144995
845741
627766
257568
621114
16391
915819
808860
408792
406803
404520
283813
182797
547704
511123
508023
27031
990051
623405
980643
519197
23099
359477
103315
134826
328747
990381
187406
184141
724194
511837
815720
925879
711305
125039
109380
705610
547340
879001
930434
609859
663840
52313
33716
63329
608567
805437
405260
42071
338295
92553
716317
508128
301018
611902
948737
255077
493489
484473
917361
842047
291344
317290
186598
39116
959673
276055
964207
199156
494938
824927
842415
103967
471847
276964
821156
838215
571816
847770
354449
954381
620392
711151
769571
13222
372835
785103
613028
866961
580301
391155
354535
941305
675152
164142
507238
661613
812358
180381
242674
410143
298147
348187
985713
400188
226527
528682
974572
398585
992630
971677
378010
194548
729130
674786
838311
96433
774976
584766
631252
354854
686058
700205
939356
947389
677138
532552
655547
351686
239114
127235
797090
439293
955581
58628
244247
712197
737944
987931
230764
169501
305448
70026
978224
636156
45085
190769
982942
470343
931812
446497
809624
194867
178307
117541
533575
348325
266288
795855
361875
985913
299754
506072
392064
485210
381264
528103
393411
695212
504709
669645
986113
644010
674268
335904
101076
860022
203986
75849
599607
218881
2107
495963
193489
192865
691207
569069
900789
303533
485402
521815
811983
389949
130637
389030
831003
229706
273027
834893
502186
679786
173736
58769
641031
775140
292611
752788
959504
458334
460614
133682
603583
72004
713413
368219
66879
829556
582132
662521
151308
388340
754695
956483
970833
763556
983155
408785
178410
933122
795964
664769
852098
2431
951752
292329
103056
285306
860357
855196
196130
81721
80676
591802
422785
410178
786252
909183
559394
283080
68161
85422
261306
246527
996845
333480
856004
171390
864129
864006
24752
262346
711108
754550
120512
831558
547839
935218
801543
293761
565913
942999
803706
601591
148077
841586
586805
295037
692783
800437
205353
229910
29109
742961
784781
69995
167296
826362
651097
122991
63631
836639
272222
442353
130513
479888
917761
961170
330673
144734
544057
643263
728613
364110
693437
793725
767663
969004
245566
821147
34171
207016
516361
84831
787224
214956
812246
985915
882017
251170
914642
777375
590600
818948
508869
693179
94516
83250
845061
499605
245652
175054
270462
771691
491163
821529
922972
233873
761454
21500
829993
894290
333447
12928
482527
30422
542419
571533
390758
585323
663904
162047
635155
501178
569755
755946
318703
868969
289114
464033
717112
751943
554145
232048
447458
691130
530392
922409
531702
449971
227529
630771
154687
153295
998579
400168
185728
245429
380498
346747
381283
239872
167814
98586
662164
712764
856906
984618
443882
528518
868914
980402
980747
428399
873912
485959
63001
995731
168918
670293
196637
300350
448382
31087
101987
809489
197607
344820
538788
931165
284710
803322
137180
62433
895766
563577
646499
683805
559584
453393
138319
46873
913387
528696
353184
915899
132064
973030
793868
616993
961431
354250
256111
878748
879274
393414
136265
391738
495868
293518
439504
459424
555156
114259
446294
346465
394068
540814
952984
573311
618307
581232
178317
651525
958710
656958
19649
128592
499274
434968
479971
229941
268425
346050
95216
815110
958763
627338
181338
970801
618917
537040
381925
275288
247510
377406
912776
478413
985637
60369
260926
902181
479105
576662
879748
608321
387031
731392
415524
950786
892979
714766
518682
799150
269370
137434
230713
204734
504991
535869
224257
185170
986643
63640
660596
626704
62120
807885
812932
482577
839846
425131
81639
860520
185535
57153
80080
780042
324924
732282
133755
542731
832516
819264
79331
624370
103212
661162
161605
860266
44766
781175
998137
316555
100217
265902
731302
955525
954279
441308
285151
515521
430626
189538
378737
270926
488179
931107
144421
751181
88342
622460
524367
576783
451280
818369
120605
903840
622997
58569
610633
880271
683196
465514
220164
126571
745805
849464
834013
849539
709849
341673
62009
486945
702816
830817
738446
979646
617143
3909
835622
57309
628177
483256
711595
320406
148843
348463
107629
516835
841000
29191
176486
276278
987158
623355
521942
298927
261696
369969
736396
983702
226738
51474
234569
321228
387612
813948
260643
856696
630028
64460
82607
663688
681120
178457
67749
694064
217650
492125
848676
1050
90582
281003
115839
6446
255463
538933
580265
50489
367926
220921
872299
85863
957871
844922
433466
10892
459502
850787
965697
806253
574281
350847
656623
69619
849977
824727
259254
828864
199025
53341
752817
69543
23980
2470
188412
272719
684839
669590
944785
549656
742283
476564
555384
785193
866409
802840
869851
30553
434304
340515
290876
256595
531727
745382
75754
303952
665260
473728
413822
638540
991318
194427
816042
878137
338275
298556
673745
291546
2022
737962
762782
905380
854680
365303
731850
805589
515786
908786
526516
162644
183726
379928
116009
369361
538206
40879
609003
323525
278740
516858
833404
729332
779308
956004
732559
248635
822384
898761
559059
268098
960646
263824
85223
319912
144062
285634
146409
704842
195068
33236
344946
851232
200407
722036
782360
495635
655500
762841
730731
940570
214916
616530
839115
951197
158540
810135
982636
920166
733316
323839
921862
33728
295500
484267
673376
553058
323687
281900
679550
507123
134541
963615
867108
152382
816506
146285
167916
451909
442464
681543
746247
54556
441529
715250
224902
311887
385364
945771
695061
147633
335074
580884
834623
167920
983380
533024
853154
249581
141032
648231
449208
975571
548912
788483
962831
240547
937392
433562
82731
91788
787743
100379
438291
692597
386631
621735
534591
946187
593606
590099
185806
315267
990361
380079
54018
199707
156851
408461
474789
972833
455681
46072
959126
307163
396639
944598
9765
841074
844385
857644
883303
713392
854293
800867
583661
976848
395090
841762
11769
354313
540101
507953
551830
546392
102815
495313
35710
761268
57813
184318
405855
596439
915069
273066
123176
758852
564869
982881
141104
607642
975913
739438
682193
352242
259784
925187
11815
704178
787808
74147
857775
962650
432996
117813
886025
545219
737792
376515
422241
982340
53877
429977
417576
826020
933589
698414
589366
157188
246731
733442
4031
928849
769540
58503
38821
376666
251951
439189
40340
700677
73897
402666
330454
971033
941625
453346
357775
342399
649617
800382
637592
520511
434910
408074
202509
672770
757369
963896
933740
964406
489455
881986
468487
518789
344404
660021
638442
551833
700332
322872
713909
492213
923803
111854
878641
803556
341866
931307
376114
42641
923832
976662
812080
503607
676623
524222
159319
376421
620365
882905
462553
832621
340030
152127
381143
683779
458731
27867
164515
899508
106594
659423
845580
782886
653616
640049
599391
448653
954393
885468
149922
28806
619837
928592
690795
458965
66193
410967
526794
204221
762392
544092
169140
680789
631480
764594
572661
698092
463357
274633
69321
899920
654374
584528
16542
705111
180566
676660
532779
527030
396213
949932
922343
687003
719319
102631
480412
451039
527225
299076
293176
776117
750647
938823
465373
891640
855955
644358
274939
351288
796739
568423
167956
589405
683429
400437
849122
659545
500092
45837
329939
9023
307555
624692
182533
528672
515626
275382
108062
207059
72702
935814
371491
55882
761750
410886
713426
644960
744916
920021
492475
166466
906317
537981
784007
40535
132515
724648
197085
520354
72591
758229
481092
199514
799512
353714
548681
665031
524496
392070
86074
83847
827360
375876
75366
857345
337354
25039
729001
923136
115071
639893
235623
992606
836552
764858
347649
462491
297563
810182
745511
223780
802395
294121
929469
736337
616876
691071
237567
334110
678111
941072
219942
289284
463760
37196
726001
183666
997968
138325
459661
489270
86524
193776
241697
781672
876768
940585
845656
207504
864113
335140
316215
819229
337697
231856
653068
750580
574123
783941
281405
270888
773126
907854
420932
800771
174916
160097
295176
148536
106679
695494
923165
288923
711235
139019
925402
52023
459067
296484
116864
550804
7740
283519
988399
358691
442054
269954
950333
356097
16487
548049
898937
99030
513198
278545
718248
560013
415590
529873
287685
807628
121938
469272
257130
530605
154657
514462
315600
709189
338404
427542
271712
916925
815551
997855
783732
983453
640127
984164
430574
640889
791204
802212
679570
944569
718409
114405
334762
713093
496288
680280
251944
766165
95175
775379
67828
797735
925501
211877
188421
800741
365048
410798
748419
761893
938772
949846
39436
906931
995996
877345
879158
162906
660698
654662
459055
69648
305193
797137
996865
393932
715217
240182
661980
403426
513527
58945
372266
384868
126364
91298
546982
865042
510615
621771
653509
556365
949712
71911
347761
193237
349001
866024
42993
422215
175653
138474
108329
927580
775093
754290
693540
235721
249037
634872
126343
98371
67851
961120
504727
50408
618676
462877
508883
666797
194395
125391
803008
215695
36786
666992
331366
483902
990686
770141
354190
833656
308189
391831
727220
641179
626726
136545
988567
73949
897217
863580
248928
80548
12936
933747
814363
813628
213640
214440
75118
863822
167480
479099
557287
454416
424019
476449
896467
360019
695752
74161
835841
310001
633666
981707
688621
782472
143155
461334
396825
266570
852915
503260
484119
951240
665231
316009
724400
252155
729953
864142
779585
260438
811564
480345
891979
735373
828332
708769
233222
673670
850340
382155
673034
629274
418699
318558
142495
973804
783454
248192
223064
148352
564538
482774
765333
165877
368204
598698
112433
445410
107901
777156
512942
133075
22825
648634
640121
143748
744325
153079
679833
835961
587011
876781
775128
8769
485522
750927
527436
473724
374144
937418
397349
329648
593647
378616
761909
637559
54363
360653
849948
272926
219323
80632
230577
867288
104995
703691
769735
430180
76489
468455
208737
727274
862952
611912
357521
255962
357999
2212
367564
96105
846272
794466
561497
546269
823075
758615
418163
329807
511396
206033
380332
893677
69427
117268
550130
735743
294587
595403
318343
727771
222537
477510
98476
917836
773783
861442
992463
48297
94689
907998
869014
945550
882565
183720
832796
871603
69679
155954
371186
59972
249565
496383
965613
241314
75484
480778
578758
229513
257750
867480
102802
187676
254372
207529
519468
499480
711342
808089
769050
118998
682030
558541
728869
560360
430463
111882
745369
124387
225060
351492
102426
688864
47908
37376
822363
677040
297969
356208
83964
27212
521194
284716
704994
464221
407596
723096
145038
394815
31342
913504
504156
932199
22135
163819
579126
653642
118941
25939
91469
779948
148617
970403
900916
901232
379658
250075
582678
858937
187337
274120
125954
485846
135774
6626
988493
530104
131599
946602
496955
797285
310945
943732
160563
408727
566438
782997
989677
756070
510528
128202
739021
470790
800707
122776
283482
988539
181454
655660
712185
230393
69043
269829
536799
750981
494564
661599
405648
90130
215616
516593
561675
354494
796213
271472
191113
875237
611732
571203
234142
45321
665100
571480
133750
999076
25771
921555
886073
425104
60740
877602
245943
597200
462410
822937
955045
145151
584543
758559
323273
563021
433318
121333
998328
740016
763704
446358
327345
700718
66297
331776
421920
431467
221991
718040
244173
561118
151235
195364
996547
756447
641463
899243
501625
749491
456072
38906
369285
853264
626001
733237
103346
465048
887315
933584
105708
642284
991142
529753
491212
481406
756696
478693
376403
147355
204595
933644
24216
641590
234239
117525
294228
463419
578323
158378
170767
132224
419858
543355
941784
48352
476418
950002
930919
144310
770765
283547
972703
444954
231623
544519
622553
355976
310697
660248
685895
321520
70979
668092
132111
36921
353261
818751
954483
709749
396327
382031
656853
18889
204916
152588
275685
1401
225638
329325
518287
23598
760283
902715
731369
492062
696180
587487
922690
350626
700212
112529
509074
873374
571589
339077
7750
728168
720917
569097
165676
822347
135894
976859
551106
363409
631791
86845
364204
337122
112094
963668
219660
452511
950312
308721
287224
524337
829537
537916
82197
586415
117608
977082
9358
535496
66750
879119
980536
772136
669199
993450
911803
905977
179698
270301
398625
959832
742824
640742
941856
774136
574003
122433
400265
803602
223581
338031
731562
44623
816223
675345
405493
383617
430408
704875
234845
545755
465752
145440
816527
870425
673014
965963
245178
689536
5778
826843
827834
618106
887239
632557
861329
412611
688726
469970
995843
900983
408778
139043
411771
20253
229938
507299
75859
862929
95803
427996
532917
37559
595242
33374
648170
356129
273072
384346
290591
741710
709712
693754
652761
156897
851549
706323
966591
91487
131662
939364
197763
681756
637081
12287
616940
783726
605603
964404
818120
636626
725546
950395
25657
821090
627379
778045
485315
311701
446583
981858
626431
537186
52646
632165
278
693981
984527
855002
107592
252222
192926
601154
158163
774615
513740
977039
325612
506076
219607
293063
440360
564549
980624
790071
976350
865784
3370
503002
937552
90749
997101
868647
50240
415372
810029
822461
469703
791221
699739
947705
561902
432495
763271
435486
521242
175794
429195
122741
81291
422097
101237
705572
194741
913531
490509
142232
55660
281643
792125
988693
800494
592269
506752
859998
67280
200846
833318
264841
520896
823967
513423
950985
632798
491969
185400
361337
468556
935620
715245
587433
346514
607914
918219
595000
179882
179196
398571
70992
179950
324003
728306
797751
361929
180398
852827
910452
976912
946952
287277
822957
706133
677997
777044
980636
641089
66525
982968
456653
77902
826353
811229
558871
453904
92882
310268
639315
285084
614517
640807
187210
856081
165260
166331
809273
338357
254187
534498
948122
677376
436137
777483
206158
948497
841064
42684
167886
306211
794322
802763
922386
885984
402356
936673
636863
975509
542079
226143
210452
322043
60660
503490
799067
907575
624201
967856
134655
229020
65926
128856
409492
403670
318293
611461
579825
94472
773136
840306
207052
187229
276182
585684
448328
901258
426299
238667
408146
784867
6339
203801
604724
76340
325446
839859
120131
415832
381093
991365
612226
683558
417884
561280
589453
994151
531231
722252
803238
413536
604901
969103
168662
5621
384402
118365
278673
357229
714328
104997
989895
297638
145852
471202
323242
141069
228224
666015
172240
444853
901693
626809
26456
334988
513787
449925
47000
297259
757274
890986
507600
184407
872098
454183
470751
284836
873603
30706
590646
462117
109515
704811
740093
917766
570918
914596
101196
681384
656283
389237
969004
362158
139152
2363
29270
602316
760128
290342
652413
694403
46313
685852
765367
301028
512414
944308
250471
878989
303076
109836
802677
636649
901953
725388
42661
68344
18231
68772
464427
727552
640635
511979
274132
758295
359220
120954
548372
939194
191423
713184
913415
144578
827586
611613
986814
835528
125
508607
956482
820836
727229
595717
219072
178576
406812
86476
261935
388306
817873
115381
491788
173200
436790
568854
227605
138168
667998
611028
665970
895094
419730
872449
833680
332438
342827
320904
824844
909275
159833
32090
231717
226533
469025
201430
526884
260981
566573
912677
81776
624369
916172
562633
53061
173808
986280
883899
915900
981310
831821
349357
716078
623428
930920
537
27894
634792
685280
161985
460453
359172
323966
218393
421329
827329
48279
394902
579450
884463
856015
803648
797014
412276
441878
760437
994679
238539
69077
484241
930072
212316
399100
968375
217887
268029
77868
705238
981024
557401
392585
431182
292281
102707
845372
948462
496487
288002
310557
703332
492021
795152
722572
638176
243297
570530
19921
358865
152780
475212
680760
81661
180581
969825
912604
362029
893553
48025
910931
37155
706632
197643
948853
802706
488054
550199
27932
271570
59955
553370
757268
423032
951191
67947
305416
302531
397458
43902
248031
892737
607809
433661
152196
780875
109254
652811
279034
42333
256905
577798
715850
784612
633295
298639
20007
634441
949036
388367
215524
914829
776824
790849
571857
633120
380518
537514
819677
835681
826161
298404
552022
776085
882033
965853
44974
432313
922443
144269
151908
458397
577031
480897
528924
63336
234087
360282
903247
408968
954523
588254
491191
640082
301218
396266
286478
409593
193956
819460
227426
845100
477688
632337
86359
590612
383388
915014
650159
763381
751721
702562
993838
25700
548165
919169
899628
568255
868360
93022
824976
770631
63498
835746
350862
824748
510933
296692
659196
913012
791241
153105
902774
425241
213372
484291
513528
162957
893642
736957
54647
78930
734636
844397
440395
558421
465982
70497
662159
244396
807788
938925
108032
377268
953780
158840
955390
926401
891047
500365
723890
29807
713240
291225
832690
39795
917055
181611
446703
813508
897890
781792
423943
155550
630156
324067
515403
116818
929923
389025
268141
520358
475766
277078
464049
524491
930182
755973
283404
303118
743446
860012
544702
254116
920161
65101
948125
638742
501542
501174
329690
139232
149086
101232
444631
931270
394519
66830
643171
110691
19061
466760
944716
547919
856374
876937
756636
347260
400160
971273
454792
711555
666155
217902
930379
850927
61322
248855
173554
256861
391338
294228
342782
819773
951271
873173
873190
744880
831673
475172
50368
390359
251068
521821
138855
208210
734788
740545
428548
709005
703555
649095
818797
840338
287707
830248
56839
128202
788921
865082
319618
507655
135801
753526
127833
528424
363275
999075
463293
77976
686630
165689
658794
121164
258445
501617
244431
417206
512433
622517
602797
301069
245985
681307
289050
518463
815422
840075
530476
150975
365709
778050
571974
103372
200869
434890
605986
997295
350605
126913
502732
126648
263979
913392
312689
167871
836525
832687
366937
960043
89980
584933
64131
768837
683734
602574
721831
795585
145975
758287
529296
179181
211098
801355
293973
76869
621493
194291
302218
121574
59304
225066
847213
955928
718226
307298
503729
386528
48167
265802
588580
7732
359742
146264
779632
227097
356587
121500
36477
563568
537345
595957
729713
930478
398636
802421
755487
205376
26153
688386
722614
649384
235582
872252
585576
451891
878702
262055
875926
478370
221393
667947
568293
670835
498520
276386
244988
723793
699844
207169
28436
597329
265369
193074
141135
737624
41293
140970
438646
177588
688450
462913
228691
244249
357273
120439
415987
924129
283161
585021
162811
566379
830666
380714
507665
478780
529633
686728
676108
154068
844041
129505
587287
192154
907354
156307
48422
923691
299827
942392
990983
569592
260537
229510
421594
105364
839436
901682
979799
565794
671640
753266
477216
423540
520885
240974
903912
278816
329343
966471
984344
588593
12244
413124
687992
277360
869745
575187
628975
731075
968708
100079
356805
666078
910964
787328
979224
309176
329247
743570
972459
202718
36704
663423
105266
227985
914858
8645
7403
683461
809896
654137
487847
569302
636752
159758
682133
380202
288886
542256
434449
277960
878272
740274
111909
968902
486736
333671
132988
624519
524057
391281
937354
134858
644233
433109
33761
289482
816763
747780
27556
206740
533979
525512
759430
509442
172434
994278
681832
54529
809310
849753
973169
249375
857218
47254
363559
126975
935753
930605
187452
677314
661352
710406
993596
4291
803845
877976
476550
681427
45848
993325
479835
239351
915505
914818
966074
462493
14794
165746
125729
201246
22005
606175
142558
281856
293642
932337
690462
913706
618069
490406
398189
692729
518927
293323
665442
655793
602977
965197
34020
861121
173176
78254
971895
225014
318779
694592
867698
63546
480758
865761
862070
237562
380285
446473
654538
232513
917605
776593
883590
132041
558355
523224
713414
57371
472092
470268
812880
386366
162114
700805
120536
890962
800445
910395
25968
753350
293154
749663
156094
674518
840258
569453
51221
52564
4223
977832
694216
592074
395916
651652
65797
248820
902821
967087
361234
89643
326591
359809
573619
321955
6544
323561
648200
457605
436263
600262
496416
194804
183341
493971
646428
757350
136702
269751
240880
680466
912541
327674
700480
523351
817084
499392
381677
230058
58252
409729
661161
248457
652197
753528
84950
599703
161766
726066
791625
984057
475647
398144
817546
263967
637272
482037
27069
183079
511241
29280
830281
115248
402634
103951
231917
686936
886084
855707
301418
815651
248993
134817
676215
942493
975431
682426
330824
844739
590664
921127
975190
924863
480963
51029
901356
292628
212513
648537
251947
201986
769301
278032
232291
191439
879257
699180
382133
269882
318148
612751
907682
959129
11308
22233
925020
26656
683478
51068
609550
19505
993875
617028
313842
391690
577006
384959
644938
645943
964765
896317
451949
636246
354017
541177
914427
9120
827472
132884
428445
959577
649392
77848
839223
913525
279598
282646
904559
848430
306855
935224
214326
172542
923470
321617
654606
95098
581195
576582
985836
594447
283102
93077
55148
576418
627035
679920
125029
126342
10802
194944
419316
238844
300049
744750
476205
797934
569239
192314
197703
996934
530318
830551
915705
812372
592654
853043
622864
434123
743242
339500
155087
384628
263004
626972
292862
509957
773130
442282
875587
727318
658376
308781
278914
889388
230397
919674
250156
997150
268070
50588
19729
803726
901646
448182
739530
685018
473169
852422
167374
279915
93161
570045
781879
409981
155127
372390
212348
564291
100671
188713
715461
128544
143715
240023
109867
492299
920734
241261
264915
91457
154633
257212
354745
631943
476391
707573
52925
828396
695929
670286
205515
574352
230250
994869
340524
89256
271747
972615
665835
67250
491436
89282
494796
968471
712070
580573
573454
162767
306694
763248
333874
116651
510815
427608
857985
66216
833438
211947
35029
821409
882560
622304
912832
223466
120106
769699
622724
695821
306442
965604
61623
170010
817241
224124
671620
956924
252190
210645
874484
825497
375521
275610
593634
654254
803075
854110
795402
235381
71106
537747
419945
554945
915052
759838
396723
105335
636168
182840
930150
153860
346171
80185
684901
848102
549429
652461
640052
708021
495217
718232
19880
112772
199989
294609
839034
60616
844118
970315
825379
290667
459522
704004
848534
557884
83687
836550
197296
831576
127362
549349
78847
941926
266416
811526
244465
390390
267758
693520
543480
555078
311905
916312
681784
851855
210521
380983
63685
595642
604985
451035
961864
553987
493969
996859
256830
710460
597637
570941
485605
400229
486606
786047
784249
953216
719956
89550
372313
490318
342075
207824
704351
910272
850524
954006
271571
587286
858154
270318
490844
793737
99453
458814
556399
488883
199634
221783
199430
459253
547280
10440
330685
883383
876700
559939
765728
143995
266298
381006
64938
442149
52650
738138
66651
749740
824084
361596
989493
918322
900692
410914
678749
881816
663182
49773
179262
334575
781334
486729
353558
318118
865584
185777
983962
547957
366492
893096
109448
285358
954242
755418
776742
984822
659799
876261
251615
691775
518411
837063
673635
545665
399952
573480
35166
625531
995623
567030
348107
122224
528196
917659
354801
499231
121875
985352
445806
508720
497816
212098
872738
272134
530495
372919
659638
129450
282827
640507
559284
66834
692126
176536
172478
226386
643389
607186
593159
843002
875026
503107
924783
325731
427153
227514
936810
51915
116621
268742
13307
663822
656262
916245
55244
224895
443234
414044
737813
459622
249602
17443
63235
419925
592075
938773
298363
137903
374766
343154
410316
736091
959817
500104
786822
146752
196953
610020
23127
494274
957211
495919
655902
974789
262540
16180
761898
922240
760478
190465
346689
304581
811449
861280
737253
783019
847986
105972
152929
424772
575649
327782
804485
463392
142979
825825
415767
844021
644343
96082
279651
69643
113297
3975
659470
539620
819688
819494
641782
175492
983732
856543
352554
668792
416879
349194
30441
377911
518781
445786
431283
7037
254423
802083
308447
919068
131996
31605
408081
691092
704633
405047
339839
546081
769079
309905
593221
538295
529838
493549
167102
710856
639830
874011
887362
698409
74770
58872
601525
980120
859598
230192
896918
883778
499409
790837
426007
268822
832168
778445
529537
888178
558032
378435
168239
125245
559107
648320
141135
778478
800720
148083
592575
769518
2932
865266
150660
544928
968612
919075
567080
635894
629482
53002
941167
68740
818879
900846
929302
34364
16782
34150
941175
678863
449520
646283
512475
915653
129060
24619
44883
841025
556516
199309
853327
576892
752368
545591
904046
967361
623159
878872
819789
397077
364934
422102
135541
716861
801879
364610
48009
72699
240104
94891
459846
855496
623138
630120
501427
326584
856722
832350
630309
123695
270655
109559
182447
207353
552267
744929
24524
24581
755560
658408
664894
78073
232040
540531
639457
709734
52166
997827
995405
306852
136441
351966
586462
542080
69347
98096
558061
803057
117583
153084
802775
519643
536667
24034
895626
746718
175659
861637
795700
716054
277473
79555
629945
309699
561257
316369
666443
217158
963580
60261
743738
567976
128246
811137
679010
848691
369192
916236
810135
995371
699389
23414
839066
846331
278696
514387
760904
628887
514153
38809
786248
63512
323866
621731
862371
786731
995820
137202
428601
364343
669460
665809
237063
570126
695292
622317
691050
302751
439209
482793
349086
109592
403306
743578
420349
397869
141085
32610
590901
159527
126935
429927
506092
902352
266515
394286
44884
69810
748039
271584
467417
617812
274001
544165
690809
240650
338627
125675
133654
21507
718327
922045
981418
595324
865428
861799
626923
431077
905707
696934
815970
667374
646377
755681
538425
571410
107225
112120
60584
140450
564871
712589
898735
510312
919281
635562
273653
595245
762706
116652
326685
790430
904685
826330
558167
39431
862953
397383
140845
674386
516802
552490
996623
366850
588999
364776
336139
561728
445319
32364
727346
863244
334393
160718
905873
254503
659157
166320
151364
410171
385356
403992
782325
599701
104087
57766
60503
981356
664706
799772
289130
46985
431075
857533
66222
870235
439189
397686
276059
573694
598298
138405
496758
181071
70750
791146
127576
844313
777709
480345
471792
939659
684507
648214
451134
271797
72901
22857
202546
784778
368302
557087
491145
671870
852864
917091
416215
528183
826433
649428
821277
803582
107503
704950
954309
404203
181480
240169
554011
846886
481510
509721
996748
292845
652584
394809
851613
608418
667367
523937
463767
23085
840546
843024
20754
615790
447357
721292
514398
904728
724936
451403
350878
835542
854310
425375
950468
400545
106339
785636
381002
500590
301696
157130
787840
860214
817538
151693
996438
587115
982108
546889
892257
905560
902400
863789
69017
653504
494491
931539
801104
193300
676621
676141
416422
20248
279711
718416
301947
957118
688101
761609
664109
40913
733461
344834
647477
740212
336103
413563
761202
900575
618989
776297
145632
906565
67335
226878
118403
256064
165873
219609
429771
350656
314507
764904
314519
969580
447719
729486
678680
421252
103650
74023
541930
113768
625298
243060
900457
347610
927675
942830
109473
119792
320235
966154
512863
333917
164403
215370
566624
664532
127040
25763
138016
59963
178458
473915
791680
492520
873634
444634
15063
162664
400990
285314
676060
731090
301302
19966
192322
405957
742517
883140
317955
346269
846692
166457
164438
117239
490948
533944
174528
558283
149489
286269
555908
352847
123484
648822
123392
849148
12593
169077
926691
50116
854994
534043
321252
797048
824452
804514
741881
178710
433540
788319
923200
305632
514494
163146
820198
724635
47944
623556
594657
167795
44443
100523
193458
313564
335119
666870
354561
209134
609404
544875
145091
166145
480131
24858
847485
962022
873954
552370
432767
708466
715077
343698
916108
771121
704454
196123
428602
226221
149841
848809
132206
332652
213948
956768
75371
532767
572491
673584
580744
257521
351663
683830
950872
487646
917708
238330
943901
682700
274134
36290
551369
775907
357007
229575
747749
460341
655131
369420
845631
441607
659753
610355
805264
545658
944812
822278
170069
58729
621115
953092
306414
289387
677432
500750
51059
376698
361499
599425
456549
345310
215291
702366
894368
994215
433895
965380
63041
121987
485352
210509
659075
746830
631927
836919
884139
279790
772302
82222
387174
139524
222377
264541
631824
921699
183354
609241
92131
485535
556585
572199
251860
854959
161951
559677
245666
61840
634193
246089
126967
477424
847967
674609
112058
864982
689314
153233
461696
775155
506681
876664
441581
410750
838566
825338
119102
542177
198992
13337
998010
822455
487216
588469
323951
305012
286322
212051
286168
919405
299899
854552
444763
136724
891506
147140
221708
242864
834519
997988
225209
605792
236659
382346
995454
231926
462694
896503
778273
162987
261964
211543
603079
455648
591439
914036
959822
553473
969069
84774
395218
279807
895862
574619
873173
412341
411811
435202
641683
745154
948602
432604
999869
802214
65123
695713
190088
514690
420355
112074
123720
872240
187733
947405
496027
234600
241525
544810
69733
699140
657922
780698
117953
272601
660200
756168
948707
672821
952707
729721
422441
361056
173765
104831
685489
457053
155177
26202
562108
848536
792822
5842
545733
817536
607833
223946
812937
535185
720615
281852
145825
206961
427259
703354
505918
254786
461556
853699
663630
542485
934856
25064
641424
807100
953422
316401
620773
68433
211342
374837
715710
420020
939295
959726
548016
328983
399960
870596
184486
423685
900449
465998
938324
575346
226819
969714
799788
144853
397304
525192
917331
381961
693282
548828
709611
982080
539232
345679
828427
499961
607188
280706
342048
967569
300936
386315
598761
373634
829196
890269
583755
546181
544329
641547
189303
191210
765263
120559
649139
671753
952446
25556
970214
181436
965521
804324
181945
209419
956272
416071
135644
223841
953
568278
806570
74088
5160
511738
356331
890022
754838
841435
454465
785460
222426
294687
434043
236841
530131
745243
499867
60441
43903
788432
770
261718
541912
282361
665575
157068
872957
352965
685412
923722
323717
175967
133656
857268
434648
294678
43693
729630
365255
469501
270040
508206
46778
243792
472789
99883
464013
681044
726333
971775
888376
898698
734983
462343
351887
468140
611806
69878
975549
690959
209910
838424
532979
634647
720032
928398
488555
991580
495622
836695
727332
980632
373089
931983
478892
403258
110524
6519
887851
41899
613192
935456
613684
224113
240507
735187
825357
926025
260972
75307
387429
497175
860789
356422
905627
58785
748498
774130
609291
193385
201229
913787
976705
833746
658311
32428
253853
311027
632788
55314
970290
460010
139676
360467
789199
267414
222242
496611
434607
381925
653996
132777
110791
619688
745368
419503
204014
797174
577941
381855
670496
653945
293624
564042
293914
458510
520235
589401
733014
166712
750791
481383
315262
241068
442745
557610
258759
554975
596481
123260
554940
96053
80169
263248
527576
467711
140675
822320
141611
818613
808610
277850
750210
35240
527354
532368
632117
638450
842338
961711
939359
760132
122367
200580
587303
297599
715463
217576
857640
8162
310553
541371
962774
761983
181796
651531
744125
193848
533901
540797
382787
477784
330506
550053
609604
516748
112576
472046
692039
944440
104152
531167
224468
460112
310945
867810
794809
127360
370415
189824
607447
563682
54849
953314
925292
557472
492134
435308
515221
214030
316812
880981
701723
437518
528616
428731
813034
221111
775800
906293
423390
474836
517849
19733
545057
126892
56664
628056
264494
103411
179168
728659
959590
614952
607680
206627
75789
226190
17309
24215
365452
153152
229711
453774
385699
160178
974410
233804
376039
905345
395977
353781
528853
853461
176308
579653
253896
907820
829636
255324
112369
638065
898470
898582
346999
392328
788442
542578
712250
672320
414750
583128
783916
45167
595190
71732
677697
242737
491350
400879
788860
205806
28037
477645
416377
297619
414382
350645
453582
342521
547212
969443
589930
938003
749470
854625
216944
35806
81017
61290
932663
354959
909168
887688
435120
694435
932062
873290
695804
442273
427405
263049
598349
292516
128794
818947
930603
739506
225352
376197
866142
458769
237570
209673
541721
391298
485369
623330
614570
625228
211879
319570
556314
708460
39323
392454
323572
629695
931747
288740
50736
56268
525720
978849
93839
29679
794235
405230
174057
275080
77043
258392
793333
224803
314308
819162
669613
184639
873460
227263
161958
405531
840819
353244
712207
363702
592233
122104
799594
682692
956934
545009
782060
452343
313464
691613
969136
355737
955196
663214
7849
733295
241894
31965
5166
370642
768604
216288
613849
421758
975806
627160
147453
552991
475152
756897
261504
119641
859642
997608
95132
759158
842111
184289
195686
245159
427443
167597
135073
650761
704236
613970
829508
344014
838872
358159
929266
359068
867218
828690
101201
88953
445658
478564
168948
629386
727435
160354
582676
947779
406039
144667
8160
11427
192964
425480
76494
860494
856966
314558
855148
390608
110573
464820
653554
779134
451861
661668
585532
812781
555369
512828
401498
870120
449327
350425
902341
24205
423443
765913
802943
344601
775745
353415
318799
543576
526654
71262
439362
247771
368765
306887
771269
705230
28767
626427
822182
820975
560333
817586
448458
787692
351498
343014
49542
568377
406240
157073
477741
120981
623497
416929
28286
828236
244874
217963
175119
631147
546363
995336
600698
225712
806881
517709
267649
260914
242192
871030
811603
587227
103643
452150
874679
779004
638506
158216
315671
851451
33646
298787
590282
842333
155789
508029
390805
905444
635401
784285
777800
554375
660463
962070
383607
24884
635153
919786
900821
83321
788173
530121
446510
438718
473548
436504
920929
330088
32711
633209
399274
122714
480142
734239
926307
210803
714567
270934
219344
256811
172078
322480
466227
948204
879702
521742
809650
533630
298546
615985
557088
936393
557314
915719
496323
618157
868593
289508
327098
199553
28541
168294
867220
531720
148900
244466
340276
720493
417079
370677
677871
58095
58023
476470
802514
518136
562218
913627
568379
605906
776985
586980
832364
353238
902912
831873
67040
455769
108438
565162
589310
706528
792079
173630
206915
403949
263436
639064
946327
437413
225343
962031
100907
895022
217779
907406
971190
481049
935335
812526
425436
351077
885224
555209
257256
906372
914688
521693
114942
347851
775181
573472
869475
130632
254850
358823
935003
965019
75661
959668
788566
803066
50034
623463
377935
642175
644069
452126
387852
594956
88452
507358
775926
309699
382250
820656
707202
594197
215129
753342
423476
707548
999080
447150
466151
586146
578466
442319
935148
633461
626134
26548
580972
658446
970605
411400
298434
996318
674323
72286
643437
147389
981685
815284
184474
272065
208206
428892
537776
509767
105202
113015
278820
680779
420929
839261
13659
66982
165472
632144
609747
390111
230509
230833
406463
247437
763450
223681
895382
565543
410435
350147
456861
566909
326267
6003
435629
760132
434283
166823
216739
44215
15901
88402
110491
470833
555996
531595
477759
172440
478422
972657
114371
769560
379994
33381
998089
982474
18147
529479
375352
311339
890572
835711
468930
618193
656919
792750
431023
475970
702889
679653
898104
43194
730336
390019
377759
874418
159569
849366
847507
542258
672092
42847
491904
161931
804609
952701
74431
940273
389010
406284
651132
770831
495842
580193
432095
971149
702249
572225
2180
314776
722672
772058
764564
732539
5497
378653
95000
298425
145075
139823
827336
713533
186306
950572
771770
535071
13646
222291
32814
372150
575037
377066
435408
760574
624474
927049
748117
472631
53831
424375
267819
958364
271099
209582