89
208
273
325
437
459
580
697
723
741
832
1082
1150
1409
1789
2025
2055
2321
2347
2347
2460
2491
2571
2582
2613
2639
2692
2716
2818
2847
2962
3017
3304
3447
3483
3535
3591
3606
3749
3761
3900
3916
3918
4002
4155
4222
4283
4549
4645
4710
4741
4817
4867
4885
4940
4980
4994
5047
5054
5131
5168
5276
5393
5430
5431
5809
5926
5949
6049
6075
6150
6291
6302
6588
6673
7009
7026
7165
7398
7535
7645
7808
7865
7911
7918
7926
7942
8000
8138
8192
8228
8291
8398
8421
8488
8689
8742
8750
8815
8895
8909
8948
9046
9118
9131
9335
9400
9423
9565
9600
9692
9816
9908
10292
10320
10633
10706
10748
10804
10829
11054
11106
11277
11287
11339
11554
11604
11674
11760
11992
12001
12060
12068
12235
12430
12447
12539
12544
12582
12630
12646
12661
12785
12926
12988
13029
13139
13521
13672
13881
13964
13982
14328
14692
15016
15179
15222
15296
15384
15684
15730
15905
16541
16789
16836
16905
16973
17364
17663
17722
17777
17936
17972
18181
18356
18533
18561
18824
19028
19146
19164
19172
19211
19339
19414
19643
19715
19748
19765
19893
20327
20355
20484
20698
20778
21064
21158
21291
21630
21651
21703
21735
21864
21973
22063
22112
22261
22297
22308
22401
22533
22594
22600
22908
23185
23186
23264
23330
23339
23469
23538
23653
23785
23806
23964
24022
24239
24419
24631
24692
24703
24732
24953
24967
24998
25002
25121
25394
25445
25890
25968
25984
25993
26174
26453
26477
26694
26736
26870
26970
27005
27072
27299
27400
27529
27549
27815
27870
27945
28035
28082
28110
28184
28297
28381
28485
28530
28790
28814
28823
28853
28864
29027
29095
29147
29180
29260
29420
29495
29641
30013
30261
30342
30484
30515
30528
30622
31095
31229
31383
31485
31677
31714
31878
31993
32031
32036
32047
32109
32139
32264
32458
32533
32843
32849
33030
33224
33263
33482
33558
33863
33963
34064
34157
34279
34353
34378
34613
34671
34941
35050
35145
35174
35181
35260
35269
35358
35425
35488
35797
35803
35920
36096
36183
36216
36287
36537
36608
36634
36641
36696
36739
36789
36889
36917
36932
37062
37273
37329
37334
37459
37511
37579
37608
37617
37750
37788
37829
37998
38117
38505
38523
38567
38714
38727
38792
38837
38949
39157
39250
39335
39382
39626
39742
40015
40075
40108
40124
40155
40205
40213
40226
40374
40410
40609
40646
40657
40667
40762
40837
40945
41204
41214
41412
41425
41453
41480
41497
41641
41825
41876
42086
42321
42451
42544
42759
43087
43088
43210
43222
43311
43531
43896
43988
44049
44385
44769
45095
45296
45353
45429
45453
45467
45540
45561
45593
45795
45834
45900
45908
46284
46336
46485
46540
46885
47027
47083
47092
47349
47582
47804
47934
47971
48119
48451
48466
48684
49029
49069
49139
49215
49329
49386
49406
49408
49475
49561
49592
49787
49824
50124
50168
50183
50260
50470
50531
50573
50754
50769
50802
51083
51200
51203
51216
51287
51319
51365
51436
51799
51809
51842
51885
51909
51976
51987
52110
52257
52359
52481
52670
52721
52812
52817
53005
53086
53309
53365
53370
53441
53460
53472
53479
53577
53606
53712
54175
54330
54458
54460
55100
55118
55121
55572
55785
56027
56131
56458
56464
56490
56495
56503
56585
56589
56927
57336
57399
57410
57530
57574
57627
57833
57881
57944
57972
57973
58114
58127
58182
58235
58340
58414
58478
58526
58679
58725
58791
58984
59155
59163
59599
59724
59996
60094
60126
60147
60308
60310
60390
60452
60684
61145
61246
61393
61441
61513
61604
61814
61866
61981
62199
62209
62351
62741
62964
63007
63037
63194
63228
63312
63330
63509
63547
63619
63625
63698
63714
64097
64110
64205
64207
64312
64555
64592
64714
64798
65024
65077
65078
65196
65206
65381
65400
65423
65441
65464
65519
65547
65662
65669
65680
65801
65939
65944
65962
65969
66005
66031
66063
66149
66161
66435
66574
66625
66630
66832
66860
67171
67633
67657
67752
67798
67895
67969
68072
68175
68294
68318
68322
68354
68478
68500
68581
68588
68737
68872
69080
69521
69922
69959
70047
70199
70220
70243
70377
70452
70552
70775
70821
70861
70864
71165
71381
71395
71466
71609
71615
71618
71683
71697
72056
72202
72227
72334
72343
72668
72716
72985
72990
73024
73025
73043
73164
73225
73236
73357
73420
73585
73594
73855
73950
73974
74191
74262
74371
74374
74402
74485
74649
74757
74908
74935
75309
75453
75570
75836
75973
76028
76280
76427
76495
76603
76756
76775
76798
76799
76940
77027
77087
77171
77221
77275
77397
77475
77726
77735
77826
77906
77917
78043
78105
78181
78266
78445
78478
78658
78692
78723
78801
78900
79220
79220
79236
79317
79318
79434
79610
79649
79692
79701
79838
80142
80221
80242
80242
80338
80478
80783
80785
80885
80933
81133
81179
81226
81309
81345
81377
81436
81473
81537
81606
81672
81835
81863
82002
82073
82239
82551
82571
82789
82852
82901
82998
83054
83368
83480
83515
83692
83711
83809
83934
83946
83967
84110
84344
84382
84402
84452
84703
84749
84762
84786
84913
85038
85204
85215
85273
85378
85379
85445
85619
85698
85888
85980
85995
86156
86157
86219
86551
86645
86847
86854
86957
87046
87108
87122
87197
87267
87338
87371
87489
87590
87633
87641
87658
87727
87737
87783
87807
87811
87923
88003
88016
88042
88047
88364
88509
88617
88713
88805
88829
88873
89016
89256
89311
89369
89373
89387
89402
89408
89424
89538
89641
89655
89843
89965
90031
90055
90122
90126
90154
90205
90285
90372
90409
90501
90529
90654
90769
90773
90859
90864
90984
91021
91056
91417
91485
91669
91728
92033
92248
92294
92297
92307
92341
92386
92703
92716
92793
92847
92971
93133
93198
93206
93604
93704
93814
93888
93943
94162
94381
94387
94425
94427
94512
94565
94853
94878
94966
94967
94996
95029
95110
95156
95246
95269
95331
95375
95679
95896
96009
96037
96452
96501
96760
96799
96889
96922
97107
97226
97230
97246
97482
97607
97895
97989
98059
98155
98184
98295
98368
98409
98550
98958
98978
99197
99212
99501
99545
99574
99595
99638
99745
99753
99982
100019
100353
100359
100439
100505
100511
100521
100767
100789
100854
101084
101460
101608
101670
101696
101766
101804
101906
101908
101972
102079
102325
102329
102376
102418
103395
103472
103474
103600
103822
104029
104153
104559
104751
104783
104808
105008
105186
105211
105363
105422
105635
105779
105818
105882
105964
105964
105988
106031
106080
106131
106363
106387
106597
106775
106891
106931
106942
107051
107067
107298
107328
107469
107475
107490
107492
107512
107651
107756
107896
107927
107929
107933
107969
108243
108266
108490
108492
108584
108797
108802
108847
109057
109161
109350
109394
109619
109734
109760
110132
110164
110173
110177
110189
110345
110381
110463
110743
110777
110821
110834
110869
110985
111071
111216
111308
111357
111358
111415
111458
111479
111525
111657
111705
112122
112131
112260
112294
112309
112320
112518
112575
112580
112588
112602
112714
112951
113011
113024
113033
113130
113292
113300
113426
113475
113572
113599
113629
113679
113795
113804
113980
114054
114073
114083
114666
114775
114936
115010
115091
115121
115179
115330
115365
115383
115574
115597
115668
115905
115978
116013
116130
116203
116238
116350
116598
116621
116707
116786
116825
117137
117346
117604
117627
117682
117759
117796
117856
117934
117945
118039
118274
118281
118418
118442
118563
118788
118999
119028
119081
119103
119140
119149
119436
119472
119521
119555
119720
119870
119929
119935
119959
120272
120343
120377
120446
120607
120746
120758
120797
120906
121000
121035
121132
121285
121334
121358
121421
121493
121520
121883
121945
122121
122219
122253
122492
122804
122935
122961
122962
123015
123053
123088
123090
123094
123264
123295
123591
123702
123765
123791
124006
124138
124170
124585
124613
124772
124839
125117
125182
125302
125392
125394
125547
125693
125711
125938
125954
126033
126097
126156
126379
126412
126495
126701
126866
126929
127074
127139
127288
127377
127866
127964
128038
128122
128247
128327
128386
128389
128544
128572
128739
128744
128774
129027
129042
129178
129401
129438
129688
129737
129762
129779
129859
129915
130100
130140
130361
130382
130505
130586
130619
130646
130706
130817
130908
130961
131271
131345
131453
131585
131682
131725
131729
131948
132211
132351
132407
132559
132641
132656
133006
133121
133291
133294
133337
133416
133524
133548
133645
133827
133940
133947
134118
134215
134222
134332
134352
134621
134691
134764
134806
134867
134943
134949
134949
135119
135199
135245
135300
135681
135721
135759
135844
135858
135938
135990
135995
136045
136125
136373
136443
136462
136507
136576
136600
136608
136649
136659
136741
136945
137005
137048
137372
137464
137595
137671
137753
137826
137876
138016
138125
138632
138648
138713
138902
139057
139148
139245
139304
139382
139487
139584
139612
139646
139653
139659
139737
139805
139814
139891
139914
140113
140146
140221
140335
140463
140572
140694
140716
140881
140896
140909
141011
141220
141380
141688
141709
141917
142030
142059
142127
142203
142356
142517
142519
142641
142846
142861
142923
143081
143310
143314
143340
143402
143556
143564
143596
143618
143754
143822
143911
144114
144148
144189
144212
144413
144428
144474
144502
144674
144674
145047
145218
145364
145497
145513
145516
145544
145725
145732
146130
146141
146219
146270
146446
146483
146558
146581
146622
146679
147047
147069
147093
147182
147187
147197
147246
147331
147447
147498
147601
147618
147672
147726
147837
148006
148010
148018
148127
148185
148209
148257
148334
148389
148535
148589
148714
148769
148975
149017
149043
149064
149347
149422
149500
149615
149731
149757
149805
149847
149918
150014
150070
150136
150221
150274
150291
150612
150644
150700
150799
150916
151194
151331
151449
151764
151766
151965
152308
152319
152435
153152
153201
153276
153283
153415
153449
153493
153503
153737
154048
154358
154418
154422
154448
154475
154512
154518
154639
154771
154822
154991
154994
155168
155188
155222
155225
155234
155368
155624
156144
156268
156295
156374
156409
156462
156819
156858
157092
157103
157229
157327
157351
157481
157537
157710
157733
157932
158104
158190
158274
158334
158341
158646
158708
159061
159154
159158
159174
159201
159424
159678
159679
159703
159746
159784
159951
159981
160021
160439
160525
160550
160595
160690
160768
160807
160875
160876
160891
160990
161249
161271
161300
161337
161500
161760
161859
162012
162053
162123
162209
162441
162451
162461
162469
162481
162534
162577
162671
162713
162772
162915
163119
163120
163286
163288
163456
163608
163662
163932
164056
164067
164135
164315
164334
164336
164471
164523
164936
165052
165072
165137
165274
165281
165283
165338
165344
165415
165435
165495
165832
166005
166057
166101
166146
166247
166662
166832
166960
167345
167557
167610
167647
167797
168069
168115
168282
168467
168483
168513
168565
168568
168588
168670
168710
168836
168913
168944
169019
169080
169104
169166
169295
169347
169454
169495
169607
169711
169750
170013
170196
170238
170294
170326
170353
170393
170806
171079
171137
171178
171280
171409
171501
171507
171737
171879
171893
171925
172090
172111
172184
172282
172359
172699
172727
172830
172864
172968
173020
173213
173304
173333
173407
173428
173490
173610
173987
174098
174204
174395
174556
174560
174570
174581
174681
174705
174900
175094
175144
175173
175273
175428
175567
175650
175711
175754
175815
175901
175913
176058
176067
176097
176130
176173
176186
176275
176439
176445
176450
176455
176647
176728
177044
177163
177350
177425
177713
177808
177841
177858
177926
178073
178078
178439
178539
178586
178628
178796
178812
178841
178982
179160
179223
179322
179505
179587
179656
179697
179759
179864
180214
180445
180575
180638
180755
180852
181188
181411
181465
181601
182275
182431
182504
182519
182533
182541
182593
182843
182858
182903
182985
183179
183326
183496
183587
183612
183699
183780
183890
183969
184175
184252
184254
184326
184337
184443
184886
184889
184996
185098
185201
185245
185331
185358
185448
185541
185590
185653
185698
185779
185816
185880
185923
185925
185961
186157
186625
186628
186807
186852
186903
186951
187101
187169
187175
187239
187527
187632
187759
187768
187799
187943
188038
188087
188123
188214
188261
188263
188641
188879
189081
189106
189147
189245
189249
189610
189613
189680
189786
190056
190058
190106
190245
190281
190283
190310
190329
190460
190748
191149
191178
191196
191491
191601
191700
191863
191983
192057
192223
192226
192377
192410
192487
192783
193061
193101
193241
193288
193305
193380
193448
193526
193835
193862
193875
193899
193945
193982
194005
194107
194265
194287
194377
194380
194606
194778
194881
194981
195028
195118
195161
195406
195470
195476
195479
195624
195792
195821
195860
196036
196189
196214
196386
196476
196530
196538
196674
196748
196796
196913
196996
197159
197240
197248
197491
197570
198047
198218
198320
198378
198448
198468
198479
198519
198584
198598
198762
198993
199118
199133
199220
199472
199527
199534
199726
199777
199779
200546
200900
201125
201133
201255
201272
201362
201417
201424
201569
201601
201607
202061
202106
202209
202293
202299
202307
202313
202389
202473
202502
202546
202675
202676
202811
202819
202840
202873
202977
203031
203033
203111
203201
203206
203266
203402
203491
203692
203742
203810
204010
204010
204046
204065
204141
204193
204201
204315
204345
204377
204390
204432
204516
204594
204625
204803
204962
204989
205070
205093
205260
205461
205560
205565
205654
205676
205787
205977
205981
206367
206440
206542
206881
206951
207054
207206
207215
207255
207421
207583
207630
207703
207738
207809
207859
207917
207958
207985
208013
208104
208633
208863
208884
209294
209315
209319
209357
209404
209422
209865
209928
209931
209956
210032
210041
210515
210536
210623
210747
210807
210855
210872
210884
210944
210986
210995
211076
211357
211401
211518
211664
211697
211831
211908
212150
212260
212543
212915
213005
213018
213055
213064
213146
213204
213291
213415
213444
213523
213599
213702
213785
213945
214053
214109
214303
214709
214828
214927
215050
215140
215149
215249
215320
215392
215482
215483
215608
215647
215672
215697
215799
216005
216037
216069
216086
216195
216274
216301
216330
216349
216381
216424
216431
216463
216486
216514
216533
216579
216636
216700
216751
216801
216807
216829
216886
217065
217257
217316
217455
217618
217644
217675
217996
218036
218038
218048
218124
218140
218161
218172
218391
218397
218597
218643
218702
218837
218856
219147
219180
219227
219413
219942
219984
220163
220227
220421
220513
220533
220788
220953
221008
221422
221457
221574
221579
221722
221754
221828
222024
222195
222211
222293
222618
222849
222879
222953
222999
223038
223060
223075
223157
223264
223310
223690
223822
223963
224031
224044
224062
224087
224101
224241
224399
224451
224529
224573
224651
224652
224775
224800
224890
224971
224977
225190
225230
225436
225535
225763
225793
225873
225936
225977
226128
226144
226275
226437
226476
226487
226768
226826
226844
226892
226894
227152
227350
227375
227392
227395
227498
227607
227688
227730
227759
227843
228003
228061
228123
228230
228424
228476
228527
228743
228796
228883
228998
229126
229214
229270
229301
229457
229489
229657
229816
229825
230000
230014
230040
230185
230203
230342
230344
230394
230449
230471
230599
230604
231029
231135
231138
231218
231248
231311
231318
231403
231600
231805
231888
231891
231942
231947
231952
231988
232239
232290
232301
232308
232354
232503
232609
232756
232915
232948
233035
233106
233190
233297
233343
233356
233406
233452
233613
233652
233705
233777
233779
233900
233962
234015
234016
234142
234175
234218
234388
234465
234899
234916
235226
235440
235458
235515
235691
235810
236177
236391
236411
236550
236819
236950
236999
237174
237211
237212
237231
237255
237370
237413
237608
237729
237780
238033
238205
238296
238323
238499
238503
238754
238779
238801
238968
238975
239240
239307
239312
239375
239406
239418
239426
239508
239554
239598
239642
239868
239967
240265
240359
240617
240702
240705
240865
240905
240968
241212
241258
241260
241371
241430
241453
241549
241698
241723
241818
241866
242012
242044
242050
242119
242145
242172
242257
242318
242400
242454
242526
242619
242820
242850
242909
243014
243326
243339
243412
243420
243484
243518
243534
243595
244079
244080
244126
244140
244153
244243
244319
244423
244571
244602
244602
244727
244863
244874
244926
244950
244964
245166
245274
245301
245311
245325
245335
245494
245500
245605
245623
245672
245713
245891
245911
245948
246018
246106
246213
246374
246398
246469
246520
246641
246671
246860
246870
246948
247389
247447
247538
247581
247712
247712
247756
247809
247813
247953
247990
248088
248162
248166
248180
248250
248379
248400
248409
248444
248518
248560
248625
248634
248703
248707
248758
248788
248898
248901
248904
249007
249009
249047
249111
249121
249240
249485
249577
249705
249708
249731
249754
249800
249878
249933
250133
250248
250683
250817
250973
251046
251085
251232
251285
251459
251484
251552
251823
251934
251985
252095
252574
252735
253178
253200
253230
253231
253237
253350
253390
253502
253563
253669
253773
254046
254079
254116
254176
254341
254526
254585
254736
254792
255043
255061
255186
255202
255285
255295
255313
255481
255551
255737
255838
255902
256002
256246
256256
256286
256315
256359
256396
256513
256513
256683
256701
256859
256896
257849
257872
257917
257951
257961
258025
258133
258401
258430
258430
258546
258683
258825
259241
259417
259482
259544
259625
259677
259684
259700
259704
259808
259825
259875
259964
259973
260047
260116
260193
260261
260319
260393
260400
260412
260523
260617
260630
260736
260742
260755
260840
260852
260971
261050
261236
261253
261313
261384
261522
261619
261631
261698
261701
261753
261770
261777
261988
262004
262233
262247
262408
262420
262504
262721
262934
262981
263179
263283
263346
263652
263759
263785
263805
263902
263974
264023
264147
264287
264840
265000
265165
265167
265294
265818
265886
265892
266057
266302
266365
266374
266379
266479
266510
266520
266616
266735
266968
267013
267197
267233
267355
267431
267547
267597
267606
267773
267841
268042
268110
268132
268222
268304
268307
268416
268518
268645
268712
268721
268782
268863
268925
269037
269163
270258
270320
270333
270339
270343
270437
270470
270483
270606
270770
270824
270958
270969
270982
271021
271035
271176
271219
271243
271319
271355
271524
271566
271601
271768
271936
271956
271960
272001
272174
272211
272360
272503
272511
272723
272765
272945
272947
272979
273050
273072
273192
273438
273546
273677
273715
273740
273769
274123
274167
274178
274525
274568
274584
274683
274861
274949
274969
275457
275671
275712
275807
275851
275874
275907
275970
275984
275992
276205
276228
276440
276459
276657
276742
276758
276827
276895
276928
277191
277213
277226
277476
277477
277759
277815
277997
278210
278506
278612
278612
278717
278726
278738
278751
278817
279175
279194
279219
279227
279488
279490
279516
279720
279811
279839
279928
279986
280139
280195
280571
280721
280893
280893
281446
281449
281518
281588
282119
282319
282345
282452
282535
282691
282796
283418
283440
283484
283522
283658
283724
283761
283781
283787
283857
283931
284020
284246
284263
284365
284518
284523
284884
284988
285243
285370
285385
285535
285537
285561
285675
285716
285804
285864
285971
285976
286013
286178
286276
286376
286387
286528
286537
286599
286660
286737
286901
286901
286920
287049
287057
287198
287202
287229
287231
287236
287404
287499
287534
287567
287574
287581
287630
287677
287755
287962
288099
288337
288405
288623
288644
288666
289088
289600
289664
289818
290084
290091
290115
290223
290456
290490
290614
290682
290832
290922
291141
291158
291175
291254
291367
291402
291402
291410
291518
291689
291691
291733
291761
291830
292074
292079
292214
292284
292306
292472
292492
292599
292605
292825
292846
292948
293095
293214
293316
293726
293801
293836
294003
294170
294395
294562
294562
294766
294770
294863
294873
294955
295078
295095
295285
295303
295471
295484
295772
295925
296170
296214
296287
296391
296408
296728
296893
297102
297246
297486
297510
297516
297623
297654
297938
297967
298057
298061
298086
298147
298267
298273
298323
298384
298570
298659
298686
298760
298808
298843
299305
299413
299478
299596
299606
299656
299676
299762
299971
300176
300204
300288
300320
300375
300596
300636
300674
300743
300799
300882
300906
300966
300989
301105
301153
301158
301586
301668
301803
301839
302001
302020
302040
302326
303071
303174
303237
303275
303423
303423
303482
303536
303552
303612
303645
303651
303736
303825
303840
303883
303971
304453
304466
304510
304540
304541
304634
304651
304731
304985
305061
305233
305459
305472
305580
305686
305809
305813
305877
305957
306017
306269
306308
306392
306528
306650
306691
306825
306923
306924
307085
307115
307334
307438
307469
307499
307879
307895
307937
307989
308014
308445
308479
308527
308729
309047
309171
309294
309318
309381
309447
309618
309623
309686
309806
309854
309892
310004
310161
310179
310263
310297
310455
310639
310647
310760
310766
311119
311218
311415
311436
311573
311664
311697
311809
312007
312009
312147
312163
312355
312388
312559
312649
312774
312912
312929
313020
313134
313184
313257
313299
313324
313457
313556
313646
313800
313881
314011
314384
314459
314535
314573
314999
315029
315156
315313
315332
315404
315409
315467
315499
315556
315582
315783
315844
315878
315950
316021
316075
316084
316182
316317
316453
316495
316552
316573
316658
316800
316824
316996
317118
317121
317389
317435
317448
317488
317603
317659
317697
317781
317817
317867
317887
318031
318187
318214
318245
318248
318328
318448
318503
318712
318818
319015
319080
319159
319382
319386
319420
319471
319588
319642
319736
319908
319945
320051
320216
320282
320354
320360
320395
320652
320708
321029
321061
321364
321414
321935
322003
322054
322181
322270
322527
322553
322559
322661
322664
322703
322851
322852
322877
323109
323203
323278
323331
323443
323652
323697
323862
324065
324189
324221
324247
324460
324600
324799
324841
324940
325073
325191
325235
325455
325786
325879
325925
326308
326344
326353
326501
326519
326741
326773
326854
327058
327110
327248
327449
327508
327680
327885
327899
327992
328307
328308
328347
328353
328410
328585
328708
328786
329051
329314
329386
329518
329734
329915
330379
330435
330463
330625
330931
330967
331121
331270
331310
331340
331404
331650
331664
331685
331760
331855
332193
332212
332248
332320
332344
332441
332456
332561
332610
332881
332972
333173
333199
333264
333331
333519
333627
333672
333841
334013
334117
334459
334546
334603
334658
334690
334738
334818
334924
334958
334977
334998
335059
335135
335337
335361
335394
335444
335463
335617
335885
335893
335899
335906
336081
336183
336274
336296
336299
336376
336639
336648
336696
336727
336862
336992
337005
337066
337150
337249
337297
337361
337471
337566
337578
337605
337749
337790
338442
338560
338623
338757
338798
338854
338949
339131
339148
339175
339342
339361
339476
339562
339588
339661
339670
339905
340037
340094
340177
340183
340576
340647
340651
340801
340948
341084
341110
341130
341288
341367
341388
341598
341607
341684
342068
342136
342185
342204
342390
342458
342501
342555
342897
342918
342930
342931
342981
343062
343094
343134
343403
343430
343485
343570
343668
343744
343753
343768
343953
344005
344061
344098
344151
344183
344422
344441
344562
344640
344757
344808
345014
345059
345182
345227
345535
345773
345861
345908
346150
346293
346301
346305
346340
346360
346370
346502
346721
346759
346887
346967
347055
347269
347300
347467
347543
347762
347779
347782
347809
347888
347939
347942
347952
348656
348801
348810
348819
348844
348963
349066
349265
349404
349412
349456
349461
349582
349601
349609
349717
349825
349870
349881
350023
350040
350123
350379
350399
350466
350504
350758
350763
350805
350856
350996
351000
351005
351166
351271
351279
351311
351368
351818
351833
351974
351983
351997
352096
352125
352134
352138
352349
352354
352380
352441
352508
352664
352827
352868
353024
353027
353075
353102
353248
353265
353326
353350
353378
353612
353721
353931
353992
353994
354159
354187
354213
354406
354577
354640
354684
354741
354814
354888
354925
354929
354988
355072
355262
355364
355738
355805
355827
355889
356076
356154
356171
356320
356333
356353
356480
356489
356526
356749
356768
356850
357664
357690
357811
357937
357956
358192
358193
358288
358411
358435
358495
358525
358649
358761
358811
358858
358954
359021
359045
359123
359225
359406
359595
359746
359781
359830
359856
359971
360093
360266
360312
360329
360426
360553
360571
360577
360635
360693
360763
360998
361016
361148
361174
361177
361268
361301
361521
361571
361702
361849
361861
362108
362145
362204
362245
362263
362305
362418
362447
362673
362783
362892
362968
362979
363031
363336
363427
363433
363457
363464
363846
363859
363902
363999
364079
364085
364259
364371
364381
364534
364557
364646
364822
364934
364993
365158
365256
365350
365429
365564
365585
365626
365641
365926
365927
366021
366269
366273
366390
366475
366695
366842
366899
367122
367154
367241
367352
367370
367456
367626
367731
367796
367989
368015
368225
368238
368252
368264
368282
368349
368387
368429
368529
368616
368658
368763
368977
369011
369082
369170
369235
369394
369494
369715
369761
369809
369855
369855
370067
370072
370080
370173
370268
370408
370441
370460
370701
370899
371025
371092
371123
371306
371367
371643
371757
372084
372110
372203
372324
372416
372477
372547
372678
372760
372796
372819
372869
372953
373064
373084
373174
373274
373330
373355
373396
373407
373501
373516
373523
373738
373769
373811
373848
373907
373955
374030
374175
374182
374196
374462
374509
374797
375021
375112
375170
375199
375392
375504
375514
375653
375673
375675
375763
375852
375896
375906
376009
376029
376149
376218
376275
376292
376463
376615
376642
376833
376928
377043
377059
377267
377334
377339
377461
377528
377606
377663
377974
377993
378112
378160
378249
378279
378342
378452
378477
378549
378613
378699
378864
378868
378878
378888
378903
379036
379053
379190
379204
379227
379622
379664
379678
379693
379716
379725
379816
379898
379932
379999
380006
380237
380472
380543
380797
380888
380894
381059
381196
381262
381324
381352
381406
381492
381605
381660
381698
381767
381863
382020
382063
382097
382155
382225
382272
382322
382423
382563
382583
382620
382790
382996
383108
383174
383247
383346
383618
383703
383811
383823
383880
383947
384370
384589
384604
384607
384653
384840
385027
385028
385052
385241
385304
385317
385437
385460
385588
385738
385851
385862
386044
386328
386381
386386
386660
386665
386711
386809
386821
386934
386948
386950
387043
387100
387124
387202
387251
387262
387308
387347
387485
387539
387736
387805
387850
388133
388158
388213
388386
388720
388735
388854
388932
389121
389137
389287
389512
389567
389582
389802
389879
389985
390075
390082
390213
390399
390528
390608
390754
391072
391270
391295
391475
391595
391627
391735
392033
392074
392102
392339
392340
392665
392706
392981
393128
393157
393229
393271
393274
393303
393328
393398
393663
393664
393950
393971
394119
394213
394255
394302
394431
394497
394557
394598
394735
394758
394773
394825
394951
394965
395100
395215
395220
395317
395351
395372
395408
395418
395423
395462
395467
395855
395899
395903
395929
395989
396103
396226
396324
396518
396539
396597
396604
396626
396918
397043
397262
397369
397521
397826
398163
398239
398310
398763
398765
399001
399082
399167
399230
399311
399430
399533
399722
399848
399957
400086
400407
400472
400477
400812
400918
400935
401019
401043
401067
401103
401145
401425
402050
402078
402090
402098
402547
402563
402645
402835
402882
402951
403093
403145
403463
403517
403538
403754
403766
403892
403921
403989
404006
404260
404367
404379
404714
404838
404975
404996
405088
405261
405270
405378
405542
405547
405597
405623
405628
405734
406098
406214
406507
406613
406835
407016
407161
407205
407288
407438
407471
407484
407566
407579
407825
407942
407983
408047
408066
408259
408349
408394
408468
408566
408611
408650
408751
408798
408855
409010
409026
409061
409502
409575
409630
409643
409658
409710
409821
409888
409943
410066
410075
410170
410235
410318
410334
410399
410413
410447
410851
410932
410937
411144
411298
411356
411420
411489
411605
411758
411776
411778
412111
412590
412613
412723
412851
412874
413308
413351
413359
413433
413696
413792
413957
413973
414035
414671
414742
414799
414875
415146
415200
415523
415606
415634
415700
416054
416141
416244
416378
416858
417276
417291
417416
417463
417649
417716
417788
417790
417967
418436
418493
418724
418736
418826
418839
418858
418887
418936
418971
419054
419756
419783
419853
419857
419947
420033
420260
420522
420556
420617
420629
420646
420768
420820
420887
420979
421174
421215
421249
421396
421800
421811
421857
421965
422069
422236
422273
422304
422368
422525
422666
422805
422863
422915
423100
423426
423506
423615
423830
424108
424217
424230
424516
424520
424668
424692
425038
425227
425239
425276
425300
425320
425380
425383
425465
425489
425536
425550
425612
425615
425622
425668
425783
425867
425877
426313
426370
426394
426577
426642
426770
426777
426806
426881
427183
427266
427463
427519
427556
427599
427609
427656
427692
427806
427828
428032
428092
428147
428252
428288
428436
428516
428675
428706
428766
428945
428970
429112
429238
429274
429458
429543
429544
429564
429622
429637
429656
429722
429919
429920
430171
430219
430391
430424
430466
430566
430667
430686
430964
431032
431147
431161
431237
431365
431388
431504
431600
431711
431938
431998
432077
432180
432199
432347
432390
432428
432454
432473
432595
432677
432734
432788
432907
432913
432960
433094
433141
433180
433251
433274
433307
433332
433446
433480
433547
433648
433979
434021
434155
434510
434588
434628
434720
434776
434819
434889
434931
434956
435023
435025
435123
435186
435518
435675
435737
435920
436204
436306
436355
436640
436686
436803
436835
436915
436915
436950
437183
437196
437211
437297
437527
437578
437630
437672
437800
437981
438461
438522
438550
438572
438743
438787
438819
438929
438973
439100
439238
439256
439335
439343
439371
439544
439911
439969
440175
440196
440215
440270
440298
440391
440404
440577
440749
440861
441187
441227
441270
441294
441418
441903
441957
442010
442069
442139
442155
442345
442407
442462
442641
442840
442843
442983
443441
443460
443498
443644
443672
443805
444084
444092
444128
444166
444313
444366
444391
444430
444547
444615
444878
444939
444963
445105
445163
445185
445290
445373
445591
445641
445647
445685
445708
445799
445826
445963
445984
446027
446029
446134
446174
446376
446512
446742
446748
446813
446826
446838
446888
446910
447029
447033
447078
447233
447274
447281
447367
447567
447655
447711
447824
447842
447844
447889
448018
448036
448046
448083
448169
448179
448187
448203
448230
448485
448519
448532
448534
448898
448904
448922
449062
449132
449135
449156
449281
449317
449367
449753
449803
449826
450081
450157
450157
450249
450354
450368
450388
450412
450469
450678
450931
451037
451095
451128
451153
451186
451412
451531
451541
451609
451643
451741
451774
451778
451940
451961
452013
452255
452399
452415
452652
452997
453030
453197
453201
453517
453614
453637
453645
453688
453725
453830
453848
453856
453905
454127
454236
454293
454301
454376
454438
454544
454669
454687
454747
454824
454871
455136
455224
455251
455279
455280
455609
455610
455624
455831
456110
456140
456239
456268
456297
456334
456388
456419
456423
456425
456432
456654
456771
456845
456915
456931
456999
457199
457445
457461
457504
457539
457834
457838
457872
457944
458084
458148
458252
458378
458576
458686
458735
458752
458821
459048
459085
459201
459233
459252
459340
459460
459473
459480
459499
459533
459603
459818
459857
459890
459946
459997
460170
460211
460368
460628
460773
460796
460837
460853
460893
460922
461221
461581
461625
461747
462000
462159
462163
462244
462254
462352
462476
462637
462743
462849
463505
463560
463642
463656
464000
464582
464621
464760
464919
465080
465178
465238
465240
465447
465460
465998
466011
466024
466082
466151
466298
466304
466319
466384
466399
466402
466425
466430
466587
466599
466774
467007
467300
467303
467345
467380
467385
467390
467423
467513
467696
467716
467794
467856
467977
468103
468176
468456
468563
468634
468795
468976
468987
469060
469094
469114
469174
469283
469421
469455
469981
470019
470071
470431
470550
470602
470674
470746
470983
471000
471151
471208
471798
471958
471995
472128
472233
472236
472296
472418
472443
472444
472447
472582
472646
472694
472778
473122
473194
473240
473328
473328
473397
473455
473788
473896
473921
474002
474166
474225
474291
474330
474430
474577
474584
474750
474808
474933
474953
474975
475121
475154
475294
475445
475658
475765
475853
475897
476020
476169
476178
476236
476262
476389
476474
476541
476569
476573
476589
476752
476821
476926
476957
477171
477301
477514
477514
477668
477710
477825
478002
478406
478428
478442
478698
479344
479585
479960
480026
480437
480548
480608
480646
480770
480780
481099
481155
481171
481213
481292
481406
481438
481525
481733
481965
482039
482090
482112
482193
482418
482443
482589
482620
482819
482940
483041
483158
483181
483204
483235
483270
483280
483314
483411
483417
483496
483497
483634
483827
483858
483968
484038
484091
484122
484225
484290
484598
484632
484734
485138
485149
485196
485209
485291
485341
485358
485590
485602
485687
485866
486060
486300
486420
486559
486995
487016
487039
487223
487341
487511
487564
487672
487744
488099
488103
488164
488188
488229
488299
488385
488389
488445
488509
488515
488584
488638
488729
488922
488994
489097
489124
489244
489447
489448
489554
489713
489746
490084
490179
490590
490704
490771
490917
490953
490971
491090
491205
491207
491368
491585
491591
491750
491762
491768
491805
491825
491903
492082
492556
492633
492641
492713
492824
492990
493033
493204
493326
493987
494151
494161
494273
494309
494330
494342
494356
494424
494436
494621
494722
494867
494929
494949
495078
495105
495158
495617
495630
495826
495827
495933
496072
496191
496288
496316
496342
496452
496538
496619
496961
497118
497165
497299
497301
497438
497540
497585
497705
497735
497740
497768
497805
497907
498124
498209
498221
498387
498493
498605
498678
498741
498754
498797
498911
498999
499079
499526
499535
499684
499737
499757
499761
499765
499769
499776
499786
499910
500024
500042
500094
500238
500374
500422
500548
500612
500751
501016
501110
501193
501294
501530
501567
501694
501736
502078
502091
502140
502158
502391
502533
502539
502556
502644
502718
502747
502861
503101
503210
503326
503372
503409
503461
503520
503666
503777
503908
504050
504168
504389
504472
504489
504517
504579
504720
504826
504856
504908
504989
505003
505082
505153
505485
505580
505658
505709
505767
505800
505829
505929
505973
506070
506147
506187
506341
506539
506609
507041
507110
507121
507158
507204
507365
507581
507675
507742
508015
508148
508224
508516
508607
508935
508941
508984
509075
509144
509251
509473
509477
509590
509734
509737
509872
509965
510012
510099
510187
510370
510442
510521
510609
510751
510957
511022
511198
511239
511245
511284
511345
511436
511553
511575
511682
511976
512056
512111
512589
512608
512616
512639
512700
512738
512893
512962
513126
513311
513322
513359
513494
513521
513655
513807
513835
513915
513918
514082
514109
514158
514189
514388
514748
514860
514873
515188
515214
515232
515279
515288
515311
515329
515357
515423
515457
515598
515781
515801
516031
516065
516125
516153
516503
516723
516773
516792
516831
517106
517189
517238
517272
517376
517380
517412
517585
517605
517666
517678
517750
517813
517815
517911
518006
518019
518078
518078
518272
518464
518710
518768
518844
518986
519210
519221
519507
519677
519887
519999
520097
520193
520213
520218
520356
520382
520503
520544
520573
520660
520665
520714
520725
520767
520879
520988
520990
521093
521288
521359
521678
521719
521755
521974
522195
522288
522292
522335
522404
522555
522652
522820
522841
522878
522937
523442
523942
523963
523979
524011
524026
524668
524739
524831
524837
524927
524952
525061
525227
525407
525602
525823
526349
526525
526797
526881
527115
527160
527344
527425
527520
527676
527707
527925
527948
528001
528290
528772
528814
529037
529175
529456
529523
529534
529558
530029
530223
530240
530397
530518
530950
531009
531183
531205
531349
531370
531519
531614
531620
531808
531876
531892
532052
532067
532092
532108
532168
532238
532258
532286
532365
532370
532386
532513
532657
532906
532942
533024
533065
533229
533237
533339
533517
533670
533689
533844
533940
534025
534090
534112
534518
534693
534697
534744
534839
534859
534911
535071
535090
535155
535164
535371
535385
535457
535793
535951
535994
536127
536154
536201
536452
536486
536491
536599
536602
536899
536974
537085
537230
537301
537419
537466
537472
537544
537553
537561
537607
537643
537931
538098
538156
538194
538219
538416
538457
538570
538849
538990
539054
539140
539310
539421
539528
539607
539697
539752
539762
539768
539837
539887
540070
540086
540266
540687
540689
540734
540749
540879
541033
541060
541116
541253
541254
541310
541434
541619
541718
541740
541787
541936
542006
542065
542135
542194
542611
542667
542847
542975
543028
543213
543231
543286
543292
543332
543517
543992
544228
544273
544323
544546
544559
544666
544737
545053
545478
545672
545677
545697
545931
545964
546104
546246
546448
546672
546775
546784
546802
546830
546861
547019
547097
547134
547174
547183
547304
547304
547382
547408
547715
547750
547760
547829
547941
547951
547972
548203
548274
548300
548356
548506
548507
548579
548603
548637
548844
548848
548907
548949
549022
549134
549200
549212
549251
549453
549546
549813
549870
549988
550065
550089
550141
550399
550421
550660
550713
550792
550845
550904
551466
551815
551840
551870
551940
552197
552363
552382
552603
552749
552863
552966
553033
553053
553110
553155
553409
553427
553443
553593
553730
553730
553792
554156
554445
554457
554558
554566
554746
554759
554813
554845
555220
555227
555234
555318
555329
555465
555632
555827
555873
555967
555991
556189
556714
556748
556912
557018
557026
557091
557113
557336
557488
557519
557769
557825
557904
557992
558093
558113
558119
558203
558559
558627
558652
558756
558945
559050
559319
559516
559644
559651
559675
559886
559953
559988
560022
560026
560200
560258
560369
560526
560587
560855
561006
561019
561087
561188
561261
561418
561631
561681
561760
561775
561786
562023
562237
562315
562388
562430
562442
562513
562518
562521
562768
562802
562890
562988
562994
563696
563776
563889
563932
563942
564097
564131
564139
564173
564174
564296
564440
564441
564528
564648
564780
564910
565091
565191
565276
565339
565546
565702
565724
565796
565801
565807
565809
565836
565886
565999
566100
566119
566248
566254
566305
566306
566378
566526
566563
566615
566650
566745
566859
566936
566946
566965
567112
567129
567678
567688
568070
568075
568201
568306
568405
568429
568603
568698
569012
569062
569206
569252
569264
569268
569418
569466
569500
569514
569536
569736
569778
569870
569890
570000
570134
570148
570151
570255
570322
570394
570400
570625
570887
570952
570968
571159
571440
571565
571570
571641
571646
571744
571834
571978
572006
572040
572258
572323
572367
572375
572407
572908
573020
573058
573074
573123
573135
573167
573227
573229
573350
573517
573596
573608
573657
573705
573723
573727
573977
574096
574301
574411
574569
574867
574900
574908
575003
575242
575246
575312
575341
575416
575443
575502
575632
575666
575688
575696
575749
575788
575800
575861
575900
576031
576067
576153
576265
576328
576337
576500
576569
576577
576612
576738
576851
576890
576908
577081
577264
577275
577357
577412
577465
577566
577591
577625
577628
577670
577848
577907
577963
578036
578250
578490
578582
578682
578871
578902
578995
579074
579206
579226
579383
579384
579471
579713
579970
579987
580138
580181
580292
580343
580382
580511
580603
580817
580882
580892
580969
581130
581326
581441
581454
581679
581703
581761
581800
581837
581888
582013
582155
582243
582262
582268
582310
582397
582553
582555
582927
583009
583067
583345
583447
583483
583525
583629
583656
583658
584037
584431
584795
584897
584932
584956
584973
585095
585098
585182
585209
585256
585357
585605
585825
586043
586185
586206
586250
586325
586350
586407
586511
586518
586667
586792
586899
586919
587051
587112
587210
587333
587340
587352
587375
587509
587614
587661
587670
587671
587750
587752
587761
587911
587952
588142
588208
588214
588224
588269
588420
588581
588623
588686
588697
588783
588905
588957
588974
588995
589042
589061
589151
589388
589433
589521
589657
589774
589806
589947
590210
590317
590437
590508
590533
590547
590576
590807
590931
590981
591049
591097
591165
591182
591214
591228
591267
591289
591383
591552
591614
591620
591805
591827
591860
591886
592061
592072
592095
592127
592192
592259
592285
592378
592489
592540
592613
592722
592877
592922
593084
593100
593133
593158
593175
593383
593421
593437
593643
593873
593942
594000
594038
594348
594369
594500
594706
594795
595067
595073
595087
595137
595331
595331
595362
595489
595550
595819
595907
596088
596223
596319
596395
596404
596551
596559
596728
596781
596889
596912
597014
597081
597196
597229
597371
597421
597453
597507
597576
597857
598053
598216
598342
598345
598390
598489
598556
598566
598568
598909
598982
598995
599050
599107
599204
599268
599375
599507
599637
599742
599857
599904
600204
600209
600390
600493
600631
600761
601193
601277
601362
601551
601720
601726
601956
602163
602167
602339
602353
602583
602609
602727
602828
602923
603009
603040
603250
603304
603317
603480
603513
603583
603819
603832
603835
603869
604004
604121
604148
604172
604346
604353
604429
604455
604525
604600
604634
604754
604817
604821
604845
604920
605060
605129
605553
605636
605946
605999
606013
606198
606264
606550
606689
606735
606899
606959
607219
607269
607283
607487
607550
607674
607686
607810
607942
608002
608054
608102
608278
608386
608558
608622
608663
608699
609171
609174
609279
609322
609348
609863
610002
610460
610492
610569
610686
610693
610735
610880
610909
611128
611185
611195
611266
611295
611312
611614
611668
611741
611958
612157
612179
612182
612185
612335
612413
612414
612423
612463
612567
612608
612879
612947
613066
613069
613310
613511
613522
613686
613709
613730
613932
613982
614034
614089
614193
614194
614334
614555
614781
615038
615075
615150
615240
615289
615305
615393
615458
615467
615606
615692
615715
615801
615981
615985
616102
616160
616203
616240
616260
616510
616652
616663
616735
616996
617010
617186
617197
617199
617331
617391
617402
617412
617532
617532
617573
617730
617868
617911
618181
618216
618328
618379
618464
618469
618476
618518
618718
618741
618762
618767
618977
619019
619157
619357
619479
619512
619583
619690
619815
620235
620339
620368
620379
620517
620561
620570
620592
620657
620677
620749
620766
620830
620844
620906
621011
621029
621033
621136
621183
621245
621347
621394
621451
621470
621477
621577
621761
622039
622207
622572
622578
622615
622876
622921
622941
622991
623013
623187
623187
623225
623252
623305
623514
623617
623756
623862
624112
624196
624217
624233
624264
624279
624336
624427
624515
624563
624703
624754
624771
625174
625768
625779
625833
626017
626058
626086
626098
626231
626315
626448
626465
626478
626521
626558
626580
626770
627039
627108
627433
627513
627533
627662
627773
627841
627892
627943
628250
628406
628461
628465
628482
628532
628584
628611
628939
628987
629205
629240
629290
629322
629595
629602
629618
629650
629696
629708
629881
629904
629968
630379
630513
630520
630608
630767
631004
631079
631148
631199
631312
631341
631346
631359
631397
631471
631531
631721
631755
631778
631794
631860
631953
632003
632031
632109
632251
632422
632429
632458
632487
632604
632670
632673
632673
632895
632912
632994
633032
633278
633372
633376
633377
633411
633438
633527
633607
633618
633770
633856
634100
634577
634807
634852
634952
634955
635063
635162
635199
635218
635258
635283
635316
635337
635382
635415
635732
635787
635798
635798
636013
636170
636316
636403
636455
636757
636771
636844
636935
637043
637076
637097
637180
637508
637547
637608
637659
638036
638178
638328
638440
638504
638805
638809
638963
639094
639205
639450
639502
639524
639573
639576
639607
639833
639964
639978
640012
640064
640094
640166
640404
640457
640535
640546
640580
640628
640635
640679
640683
640930
640960
641015
641106
641259
641290
641369
641466
641652
641736
641959
641964
642068
642414
642429
642454
642620
642701
642956
642958
642987
643054
643130
643320
643456
643633
643676
643682
643714
643759
643777
643813
643824
643841
644106
644112
644172
644304
644354
644370
644540
645051
645094
645153
645155
645221
645264
645338
645769
646088
646337
646383
646575
646633
646656
647174
647195
647203
647319
647336
647522
647613
647639
647839
647884
648167
648169
648248
648277
648312
648403
648429
648711
648865
648872
648965
649025
649061
649063
649109
649130
649217
649233
649340
649345
649576
649641
650000
650086
650100
650178
650340
650382
650421
650457
650594
650633
650698
650931
650941
650947
651002
651066
651137
651207
651210
651254
651645
651850
652054
652237
652510
652726
652802
653102
653144
653238
653348
653584
653584
653607
653780
653908
653976
654079
654341
654376
654473
654538
654691
654710
654713
654773
654977
655094
655128
655212
655249
655388
655428
655559
655686
655733
655766
655870
656108
656159
656211
656279
656293
656444
656743
656838
657298
657457
657831
658040
658073
658079
658144
658292
658491
658565
658621
658635
658649
658787
658918
659042
659052
659096
659228
659286
659442
659459
659463
659620
659674
659727
659767
659843
659870
659999
660109
660160
660191
660328
660338
660436
660487
660590
660840
660971
660995
661020
661378
661437
661491
661553
661601
661834
661858
662238
662398
662437
662614
662617
662645
662755
663076
663169
663175
663263
663281
663309
663456
663489
663688
663884
663887
663969
664064
664338
664400
664725
664799
664845
664982
665069
665189
665341
665362
665451
665463
665607
665628
665700
665892
666021
666131
666178
666231
666333
666616
666622
666704
666843
667017
667569
668097
668098
668462
668501
668632
668662
668689
668752
668841
668849
668871
669268
669327
669677
669765
669876
670061
670242
670489
670956
671103
671131
671157
671289
671424
671464
671524
671631
671659
671792
671967
672061
672074
672203
672366
672434
672713
672741
672838
673158
673162
673399
673475
673533
673602
673604
673628
673784
673812
673850
673913
673995
674037
674137
674206
674383
674395
674395
674490
674504
674651
674870
674923
675032
675328
675373
675377
675506
675559
675632
675653
675708
675811
675822
676186
676221
676245
676339
676410
676429
676610
676646
677065
677145
677169
677238
677256
677290
677318
677349
677476
677784
677841
678133
678293
678369
678396
678416
678569
678822
678955
678967
679111
679162
679233
679504
679630
679752
679861
679865
679945
679982
680035
680216
680332
680405
680585
680681
680803
681037
681046
681116
681128
681441
681613
681637
681768
681819
681922
682349
682351
682354
682528
682657
682724
682957
683061
683085
683140
683229
683287
683293
683314
683379
683480
683519
683679
683934
684018
684059
684060
684096
684211
684236
684245
684432
684514
684526
684589
684815
684824
685054
685098
685131
685342
685369
685542
685638
685813
685950
686129
686135
686405
686461
686531
686829
686867
686882
686954
687018
687410
687422
687653
687789
687970
687982
687994
688203
688219
688407
688523
688567
688825
688925
688950
689003
689257
689487
689488
689514
689573
689791
689963
690257
690301
690345
690418
690498
690560
690571
690712
691069
691128
691135
691182
691280
691692
691781
691830
691887
691910
691965
692022
692045
692142
692261
692469
692481
692495
692535
692642
692724
692751
692784
692852
693202
693318
693322
693468
693532
693565
693587
693644
693667
693673
693703
693902
693950
694288
694314
694442
694565
694598
694641
694726
694751
694824
694928
694931
695054
695077
695215
695239
695369
695419
695469
695486
695640
695806
695935
695969
695976
696037
696100
696142
696348
696363
696369
696396
696543
696566
696685
696735
696798
696837
696890
696945
696983
697010
697064
697138
697241
697266
697499
697555
697575
697930
698058
698100
698137
698195
698227
698375
698509
698545
698663
698710
698995
699053
699091
699096
699600
699610
699678
699818
699884
699958
700014
700149
700236
700274
700495
700531
700611
700674
700833
700936
701343
701419
701835
702028
702133
702207
702400
702474
702701
702729
702749
702757
702869
703030
703117
703130
703375
703426
703766
703840
703982
703992
704146
704362
704370
704452
704570
704593
704751
705057
705062
705101
705115
705162
705371
705386
705542
705545
705629
705633
706028
706223
707041
707250
707355
707379
707627
707706
707711
708002
708214
708370
708461
708538
708897
709011
709078
709082
709180
709227
709422
709432
709455
709476
709485
709535
709559
709618
709703
709800
709810
709855
709858
709870
709897
709991
710025
710098
710118
710123
710319
710437
710477
710496
710535
710557
710608
710671
710764
710910
710976
710981
711045
711214
711308
711468
711576
711620
711681
711843
711874
712085
712096
712506
712624
712654
712671
712728
712865
712912
712953
712958
712985
713005
713039
713069
713129
713167
713244
713367
713555
713643
713685
713693
713781
713827
714005
714063
714112
714618
714750
714779
714799
714852
714873
714890
714965
715025
715042
715088
715223
715293
715294
715315
715340
715491
715562
715611
715831
715870
715921
715999
716040
716211
716267
716303
716324
716386
716442
716446
716446
716472
716537
716772
716876
716923
716973
716982
717028
717031
717124
717296
717636
717681
717733
717963
717983
718033
718088
718281
718405
718664
718768
718875
718909
718949
718975
718976
719009
719209
719344
719524
719877
720039
720135
720137
720141
720243
720356
720389
720769
720771
721011
721040
721082
721124
721182
721188
721217
721238
721275
721554
721655
721728
721940
722002
722122
722371
722402
722429
722744
722766
722818
722995
723110
723157
723199
723294
723442
723461
723515
723553
723720
723744
723802
723820
723836
723933
724315
724346
724420
724462
724536
724653
724738
724761
724782
724943
724955
725101
725105
725459
725716
725820
725841
726013
726039
726045
726067
726228
726301
726402
726446
726482
726610
726692
726743
726873
726903
726947
726957
726985
727114
727160
727194
727216
727358
727458
727477
727836
727855
727953
728152
728244
728506
728549
728669
728670
728708
728711
728892
728913
728980
729059
729133
729182
729363
729576
729652
729657
730004
730045
730490
730501
730606
730828
730885
730945
730987
731127
731160
731318
731430
731589
731608
731619
731735
731918
731957
731966
731981
732031
732032
732192
732256
732326
732409
732470
732637
732792
732943
733002
733033
733389
733449
733508
733516
733586
733641
733859
733920
734059
734101
734102
734152
734168
734170
734221
734296
734326
734343
734395
734447
734788
734825
734944
735040
735081
735121
735146
735159
735161
735371
735422
735538
735544
735611
736003
736043
736241
736334
736446
736542
736688
736705
736747
736893
736902
737091
737267
737279
737373
737502
737553
737569
737804
737878
737936
737980
738017
738070
738227
738227
738373
738377
738505
738581
738663
738695
738712
738995
739090
739159
739167
739214
739225
739354
739414
739694
739947
739960
740008
740027
740198
740382
740409
740456
740496
740538
740731
740811
740852
740909
741036
741064
741131
741156
741177
741207
741335
741357
741437
741462
741625
741775
741879
742040
742611
742658
742686
742689
742716
742901
743030
743260
743282
743551
743571
743707
743803
743939
743945
743964
744001
744008
744056
744118
744333
744367
744625
744766
744816
745126
745212
745218
745409
745486
745491
745675
745714
746080
746217
746251
746654
746658
746709
746973
747047
747057
747134
747171
747373
747418
747433
747471
747545
747765
747776
747812
747821
748198
748533
748580
748605
748621
748684
748874
748951
749074
749192
749199
749217
749266
749297
749400
749542
749824
750135
750139
750247
750398
750534
750590
750662
750669
750748
750773
750781
750799
750962
751270
751405
751445
751563
751909
751978
752043
752099
752251
752321
752472
752527
752614
752662
752679
752721
753155
753306
753361
753366
753470
753481
753501
753626
753650
753692
753698
753831
753856
753909
753934
754008
754028
754219
754377
754557
754684
754752
754802
754995
755002
755059
755129
755131
755132
755224
755251
755346
755387
755414
755610
755690
755707
755803
755825
755873
755927
756208
756214
756335
756475
756589
756657
756778
757128
757263
757296
757455
757517
757721
757850
757961
758199
758463
758487
758623
758745
758894
759006
759067
759071
759247
759328
759365
759466
759549
759693
759696
759772
759908
759963
760150
760267
760346
760494
760702
760734
760748
760770
760948
760948
760974
761016
761161
761277
761371
761527
761735
761754
761836
761941
761944
762019
762045
762134
762901
762941
762958
763028
763104
763185
763332
763588
763592
763616
763825
763849
763886
764031
764511
764557
764776
764807
764814
764910
764976
765056
765355
765370
765392
765530
765561
765608
765709
765811
765825
765936
765970
766121
766487
766860
767110
767118
767272
767443
767468
767739
768073
768205
768209
768579
768598
768751
768794
768963
769179
769360
769394
769420
769424
769486
769706
769867
769878
769897
770008
770034
770037
770071
770176
770211
770423
770656
770697
770784
770850
770865
771027
771122
771385
771748
771953
771971
772047
772468
772548
772585
772644
772743
772751
772929
772941
773052
773090
773214
773257
773267
773378
773540
773748
773813
773926
774058
774103
774105
774254
774269
774656
774709
774716
774768
774910
774949
774973
774993
775069
775111
775136
775217
775374
775419
775528
775646
775753
775772
775925
775968
775974
776006
776097
776351
776387
776613
776625
776728
776833
776835
777110
777120
777369
778129
778188
778247
778598
778602
778730
778813
779126
779135
779157
779157
779195
779583
779611
779672
779739
779751
780045
780554
780575
780642
780772
780830
780863
781484
781506
781564
781737
781884
781962
781964
782275
782284
782329
782332
782408
782480
782506
782569
782584
782720
782778
782841
782846
782961
783041
783185
783211
783307
783369
783407
783509
783780
783799
783876
783876
783959
783965
784042
784262
784301
784463
784467
784589
784595
784627
784654
784756
784770
784802
784805
784892
784894
785026
785394
785441
785525
785589
785658
785855
785857
786220
786254
786258
786392
786393
786422
786438
786737
787118
787177
787190
787277
787385
787428
787846
787872
788040
788123
788179
788217
788234
788408
788492
788527
788616
788770
789078
789155
789245
789527
789702
789922
790241
790315
790353
790470
790510
790691
790740
790744
790774
790827
791008
791089
791094
791160
791174
791228
791244
791354
791502
791506
791510
791536
791707
791792
791915
792023
792073
792074
792444
792572
792742
792858
792902
793042
793148
793324
793466
793481
793482
793844
794373
794532
794837
794851
795008
795044
795131
795299
795313
795381
795405
795409
795423
795480
795721
795750
796457
796479
796497
796600
796801
797065
797110
797121
797270
797421
797599
797623
797701
797894
798033
798228
798243
798282
798325
798451
798503
798554
798610
798900
798983
799095
799157
799242
799275
799300
799335
799449
799519
799547
799757
799882
799892
800009
800164
800254
800418
800477
800879
801039
801391
801681
801785
801877
801885
802008
802030
802176
802219
802284
802313
802385
802433
802469
802571
802700
802750
802856
802983
803000
803036
803038
803074
803212
803423
803559
803614
803656
803703
803706
803856
803909
804297
804457
804461
804523
804704
804731
804831
804963
805008
805012
805099
805110
805217
805285
805327
805344
805361
805431
805596
805628
805880
806023
806231
806280
806321
806324
806340
806849
807246
807448
807513
807528
807666
807707
807915
807922
808091
808123
808129
808342
808377
808379
808383
808501
808512
808516
808614
808661
808793
808854
808877
808899
808902
808966
809352
809410
809538
809644
809727
809826
809865
810097
810226
810293
810295
810309
810318
810422
810573
810634
810659
810755
810814
810857
810875
810878
810922
811055
811064
811088
811224
811434
811539
811623
811685
811725
811961
812082
812201
812316
812318
812497
812532
812898
812994
813062
813224
813245
813331
813486
813492
813500
813631
813635
813638
813644
813747
813922
813957
814025
814026
814061
814104
814446
814514
814546
814547
814556
814882
814986
814994
815087
815168
815214
815296
815472
815530
815539
815682
815700
815845
815972
815995
816054
816113
816303
816317
816358
816403
816427
816454
816996
817284
817414
817465
817512
817634
817766
817795
817825
817871
818277
818350
818566
818718
818797
819025
819141
819177
819272
819312
819383
819448
819455
819745
819768
819781
819824
819984
819986
819996
820154
820216
820254
820413
820478
820515
820518
820605
820744
820863
821049
821166
821295
821398
821409
821520
821667
821782
821829
821845
821914
821923
822289
822329
822367
822423
822462
822601
822978
822991
823017
823126
823216
823278
823393
823625
823667
823720
823782
823925
824208
824338
824456
824584
824613
824669
824684
824691
824759
824785
824793
824943
824965
825111
825166
825211
825355
825418
825464
825546
825592
825602
825835
825841
825856
825900
826042
826238
826309
826320
826483
826766
827103
827213
827289
827405
827677
827685
827874
827958
827959
828083
828091
828165
828283
828326
828372
828412
828484
828529
828578
828603
828606
828607
828854
828938
828991
829136
829143
829338
829349
829363
829384
829422
829453
829853
829903
830036
830212
830270
830280
830282
830350
830374
830413
830480
830526
830584
830891
831141
831146
831257
831371
831372
831457
831625
831632
831740
831746
831760
831879
832157
832291
832413
832513
832524
832729
832932
832942
833118
833180
833260
833397
833565
833660
833736
833907
833924
833962
834254
834268
834512
834594
834631
834644
834794
834990
835002
835027
835028
835036
835044
835129
835224
835255
835348
835382
835427
835472
835539
835591
835629
835666
835765
835799
835893
835966
836046
836116
836285
836362
836414
836445
836654
836682
836688
836967
836989
837239
837248
837293
837297
837401
837431
837491
837618
837676
837739
837916
838088
838251
838258
838319
838329
838497
838511
838516
838684
838761
838786
838824
838872
838999
839045
839491
839543
839554
839564
839590
839623
839846
840013
840164
840271
840320
840480
840752
840757
840765
840777
840781
840798
840852
840866
840885
840915
840924
841066
841105
841240
841250
841263
841415
841934
842039
842280
842358
842411
842655
842811
842854
842929
842978
842993
843009
843116
843120
843173
843173
843314
843354
843425
843499
843508
843516
843592
843598
843625
843659
843682
843847
843950
844028
844121
844155
844356
844388
844545
844782
844813
845023
845063
845103
845219
845354
845365
845431
845437
845471
845497
845612
845640
845641
845702
845706
846199
846349
846687
846708
846778
846828
846923
846938
847242
847281
847511
847519
847826
847845
848152
848345
848364
848422
848466
848605
848769
848973
849248
849311
849312
849477
849593
849716
849891
849923
850096
850111
850204
850640
850659
850957
850959
850977
851072
851089
851128
851192
851270
851495
851495
851579
851647
851663
851715
851761
851783
851884
852051
852266
852301
852485
852503
852637
852755
852946
853042
853079
853145
853179
853216
853279
853325
853493
853562
853668
853750
853856
853920
853927
853970
854029
854045
854050
854074
854083
854135
854304
854381
854390
854588
854673
854696
854923
854950
855057
855330
855422
855447
855571
855578
855794
855805
856024
856112
856117
856145
856221
856346
856441
856550
856562
856811
856881
857005
857339
857508
857630
857722
857755
857757
857985
858116
858117
858119
858229
858383
858422
858426
858487
858488
858541
858553
858573
858717
858724
858852
858965
859128
859151
859360
859386
859503
859614
859748
859981
860122
860139
860190
860222
860276
860387
860426
860654
860804
860856
861000
861313
861547
861662
861677
861755
861772
861990
862080
862131
862290
862415
862448
862476
862552
862625
862633
862715
862775
863073
863208
863223
863305
863316
863476
863819
864005
864080
864154
864218
864391
864518
864572
864639
864708
864737
864838
864913
865036
865092
865104
865188
865336
865517
865584
865623
865629
865810
865887
866048
866099
866144
866191
866402
866468
866617
866878
866880
866971
866991
867039
867107
867178
867202
867281
867402
867416
867421
867457
867570
867806
867872
868183
868241
868383
868456
868575
868739
868865
869071
869098
869262
869300
869364
869369
869394
869485
869665
869803
869831
869870
869883
869908
869990
870038
870044
870044
870065
870112
870551
870608
870726
870733
870865
870884
870987
871146
871186
871363
871501
871561
871600
871790
871809
872045
872048
872080
872121
872171
872225
872377
872521
872616
872686
872898
873044
873366
873451
873495
873503
873636
873642
873689
873732
873758
873909
873982
874119
874137
874415
874804
875001
875122
875247
875287
875308
875408
875497
875646
875759
876067
876079
876105
876117
876155
876157
876168
876209
876427
876498
876570
876595
876717
876762
876777
876804
877114
877161
877429
877510
877584
877616
877674
877760
877764
877798
877831
878262
878607
878736
878853
878865
879023
879173
879201
879375
879399
879539
879565
879843
879934
880468
880678
880702
880888
881099
881437
881720
882173
882358
882442
882560
882737
882812
882863
882957
882979
883001
883011
883155
883358
883494
883503
883538
883588
883883
884046
884055
884076
884153
884170
884396
884484
884557
884596
884682
884698
884899
884960
884964
885101
885103
885361
885504
885689
885796
885823
885908
886005
886207
886309
886366
886391
886501
886575
886715
886899
887028
887194
887207
887441
887562
887575
887822
887885
887941
888060
888208
888236
888264
888319
888724
888814
888826
888868
889010
889115
889353
889360
889462
889548
889554
889592
889611
889911
889934
889976
890083
890126
890130
890296
890568
890608
890814
890957
891343
891361
891371
891409
891519
891535
891779
891832
891942
892107
892130
892288
892321
892492
892496
892526
892593
892782
892820
892967
893033
893126
893241
893261
893369
893480
893492
893674
893687
893767
894029
894084
894161
894171
894352
894363
894427
894485
894872
894926
895074
895220
895535
895601
895694
895849
895909
896094
896103
896191
896251
896283
896416
896466
896496
896596
896601
896975
897262
897324
897354
897396
897412
897460
897491
897500
897598
897798
897951
898072
898264
898577
898607
898769
898830
898997
899003
899227
899281
899431
899478
899512
899515
899689
899821
899823
899938
900158
900462
900583
900605
900712
900825
900887
900982
901075
901182
901193
901245
901259
901271
901319
901333
901451
901467
901548
901583
901591
901760
901839
901843
901868
901965
901981
902055
902071
902232
902289
902332
902477
902526
902535
902672
902722
902739
902849
902901
903129
903187
903272
903629
903682
903690
903960
904053
904102
904165
904209
904404
904449
904507
904528
904676
904769
904812
904923
904966
905108
905155
905343
905422
905626
905817
905854
905927
906033
906039
906059
906208
906271
906358
906384
906519
906540
906673
906684
906791
906871
907091
907179
907271
907353
907626
907646
907981
908032
908076
908176
908187
908290
908504
908515
908527
908606
908886
909330
909569
909640
909704
909753
909786
909814
909855
909944
910284
910464
910625
910647
910659
910679
910683
910702
910735
910787
910912
911124
911240
911243
911360
911419
911442
911715
911817
912037
912194
912246
912288
912327
912336
912471
912527
912540
912680
912749
912832
913179
913204
913423
913713
913727
913782
913791
913882
913900
914011
914163
914210
914260
914434
914532
914616
914659
914660
914677
914683
914942
915161
915212
915278
915395
915417
915432
915524
915610
915717
915757
915853
915854
916023
916259
916488
916536
916705
916794
916984
917041
917044
917046
917056
917056
917158
917302
917392
917416
917794
917952
917996
918093
918518
918724
918820
918884
919122
919238
919266
919365
919449
919647
919778
919822
919913
920002
920052
920136
920213
920572
920658
920722
920995
921060
921065
921428
921434
922013
922082
922087
922131
922165
922178
922202
922275
922400
922484
922598
922701
923165
923169
923184
923272
923465
923534
923611
923629
923670
923687
923862
923913
923926
924016
924599
924612
925072
925078
925158
925184
925516
925527
925565
925670
925715
925845
925868
925873
926282
926367
927222
927238
927371
927472
927720
927745
927863
927893
928044
928061
928164
928209
928240
928315
928343
928524
928618
928691
928892
928926
929000
929348
929363
929463
929551
929582
929651
929707
929714
929733
929944
930027
930091
930152
930398
930398
930523
930532
930773
930845
930937
930953
931177
931200
931216
931263
931430
931655
931816
931844
931969
932214
932244
932285
932324
932407
932477
932688
932913
933095
933152
933182
933415
933497
933523
933535
933549
933591
933607
933639
933694
933710
933756
933899
934048
934140
934321
934389
934440
934560
934709
934713
934902
934997
935067
935343
935499
935626
935668
935916
936074
936164
936198
936199
936258
936325
936411
936450
936670
936837
936895
936903
937167
937215
937379
937393
937519
937536
937546
937722
937740
937821
937968
938036
938362
938494
938499
938576
938678
938689
938709
938733
938770
938899
939353
939434
939435
939481
939528
939547
939630
939762
939922
939960
939999
940005
940084
940090
940128
940221
940400
940741
940880
940881
940899
940932
940951
941020
941205
941370
941448
941483
941516
941593
941725
941736
941776
941831
941869
941876
942019
942043
942072
942113
942176
942371
942436
942641
942666
943094
943123
943215
943235
943297
943466
943485
943582
943646
943900
943991
944143
944177
944386
944391
944501
944754
944862
944877
944993
944999
945063
945160
945346
945372
945447
945636
945658
945675
945815
945917
945964
946055
946128
946129
946212
946404
946411
946591
946777
946888
946922
946938
946950
946955
946977
947039
947158
947282
947439
947448
947456
947491
947542
947644
947661
947879
947921
947954
948031
948048
948112
948223
948360
948444
948527
948580
948615
948622
948672
948851
948882
948886
949433
949522
949595
949938
949970
949987
950009
950021
950113
950247
950538
950601
950711
951124
951168
951347
951350
951471
951514
951563
951944
951993
951996
952085
952276
952400
952419
952659
952781
952987
953407
953411
953435
953548
953583
953601
953606
953942
953992
954074
954108
954124
954148
954345
954430
954515
954525
954704
954719
954727
954835
954851
955145
955196
955381
955665
955688
955696
955737
955945
956283
956446
956792
956877
957002
957121
957200
957343
957368
957421
957539
957572
957803
957968
957999
958255
958323
958348
958667
958764
958902
958944
959092
959196
959283
959440
959675
959747
959849
959908
959991
960126
960138
960205
960298
960301
960435
960511
960523
960922
960968
960972
960983
961479
961523
961700
961729
961745
961832
962228
962373
962408
962589
962594
962685
962687
962721
962979
963042
963116
963126
963409
963435
963447
963491
963601
963652
963717
963790
963930
963934
963976
964106
964297
964298
964331
964370
964504
964505
964640
964695
964795
964929
964940
965088
965233
965303
965324
965359
965455
965513
965546
965847
965990
966070
966145
966215
966290
966314
966503
967102
967253
967336
967512
967553
967680
967704
967760
967776
967862
968063
968212
968269
968373
968567
968615
968620
968663
968665
968850
969037
969221
969239
969254
969416
969669
969704
969706
969713
969809
969937
969984
970046
970199
970209
970243
970340
970445
970456
970614
970624
970624
970774
971038
971120
971255
971305
971499
971682
971770
972017
972045
972067
972158
972350
972490
972681
972761
972826
972826
972998
973031
973063
973078
973084
973204
973337
973360
973445
973506
973532
973533
973865
974168
974175
974212
974296
974343
974433
974635
974706
974892
974957
975043
975093
975116
975184
975267
975280
975323
975431
975533
975534
975549
975692
975772
975846
975955
976277
976291
976329
976339
976346
976606
976730
976744
976896
977111
977299
977368
977562
977715
978037
978053
978122
978372
978430
978469
978627
978660
978679
978701
978798
978948
979020
979083
979337
979417
979505
979580
979626
979699
979719
979730
979849
979859
980128
980128
980147
980174
980201
980216
980262
980671
980697
980698
980709
980966
981013
981111
981194
981299
981383
981476
981556
981576
981860
981916
981947
981959
982051
982088
982201
982397
982413
982434
982453
982462
982702
982702
982870
982881
982910
982938
983205
983277
983393
983532
983598
983703
983721
983799
983934
984001
984063
984368
984604
984709
984727
984901
984936
984955
985179
985331
985491
985586
985891
986064
986150
986152
986250
986273
986343
986406
986459
986521
986828
986836
986862
986987
986998
987153
987483
987601
987627
987660
987753
987759
987815
987917
987921
988000
988027
988048
988336
988525
988787
989099
989240
989314
989459
989669
989805
989860
989895
990055
990057
990077
990217
990636
990681
990709
990738
990819
990965
991008
991011
991066
991185
991243
991744
991985
992095
992108
992241
992269
992316
992510
992583
992614
992646
992817
992848
992922
992983
993282
993556
993644
993679
993923
994168
994200
994433
994453
994476
994736
994826
994833
994872
994962
995062
995257
995375
995463
995561
995674
995691
995961
995965
996107
996295
996331
996377
996444
996525
996602
996609
996695
996782
996822
996852
997048
997082
997294
997419
997589
997592
997654
997797
997806
997825
998130
998232
998287
998398
998484
998622
998664
998822
998943
998953
998997
999150
999177
999219
999241
999309
999573
999730
999865
999988