36
160
196
229
327
412
448
490
580
646
678
703
782
822
835
1268
1381
1479
1606
1649
1745
1795
1888
1934
1960
2200
2240
2334
2379
2690
2772
2818
2881
3182
3884
4082
4271
4364
4547
4549
4686
4805
4861
4883
4958
5055
5072
5151
5188
5193
5320
5420
5527
5681
5784
6058
6081
6113
6115
6194
6263
6295
6639
6783
6933
7109
7113
7321
7356
7384
7401
7530
7546
7635
7897
8176
8273
8340
8475
8532
8592
8833
8885
9040
9058
9213
9282
9290
9380
9499
9579
9717
9755
9788
10154
10168
10212
10251
10260
10705
10716
10769
10881
11043
11132
11135
11226
11498
11657
11685
11696
12129
12149
12252
12324
12375
12520
12522
12634
12672
12757
12911
13031
13121
13123
13205
13218
13263
13618
13699
13833
13858
14049
14244
14428
14996
15010
15029
15034
15045
15075
15125
15134
15233
15236
15290
15321
15388
15409
15569
15572
15585
15593
15663
15750
15891
16091
16159
16169
16239
16250
16300
16473
16609
16620
16648
16835
16943
17046
17056
17194
17248
17271
17443
17844
17882
17930
18346
18434
18487
18562
18615
18624
18679
18825
18883
18995
19012
19067
19075
19239
19266
19268
19281
19291
19316
19446
19605
19619
19754
19785
19820
19933
19935
20008
20024
20066
20104
20161
20245
20251
20418
20495
20567
20602
20751
20815
21019
21059
21124
21161
21346
21358
21405
21862
21944
22018
22020
22064
22093
22421
22523
22524
22536
22661
22664
22878
23133
23369
23475
23522
23769
23820
23875
24027
24122
24330
24350
24477
24500
24517
24812
24838
24982
24994
25029
25100
25131
25257
25377
25629
25685
25772
25895
25942
26045
26064
26120
26122
26182
26425
26440
26565
26954
27324
27357
27373
27437
27610
27728
28037
28057
28257
28362
28841
28980
29081
29221
29231
29342
29380
29431
29469
29606
29663
30174
30277
30322
30591
30669
30810
30811
31002
31083
31280
31319
31332
31389
31603
31683
31689
31713
31733
31801
31882
32019
32091
32179
32311
32364
32371
32467
32644
32707
32730
32950
32980
33010
33066
33112
33350
33422
33438
33519
33544
33605
33627
33666
33667
33740
33812
33895
34096
34212
34332
34337
34347
34360
34432
34505
34739
34806
35083
35109
35202
35402
35513
35522
35752
35843
36026
36314
36496
36879
36890
36961
36976
37275
37537
37767
37979
38001
38272
38289
38738
38762
39062
39099
39110
39361
39364
39442
39513
39747
39776
39971
40082
40146
40172
40236
40267
40355
40520
40548
40597
40618
40772
41019
41123
41317
41374
41472
41477
41561
41648
41742
42055
42099
42146
42259
42283
42332
42521
42784
42839
43055
43319
43383
43429
43526
43623
43698
43898
43938
43959
44010
44099
44281
44311
44472
44522
44545
44681
44803
44822
45177
45188
45271
45307
45318
45480
45550
45647
45894
45956
46000
46040
46054
46063
46117
46410
46724
46757
46836
46849
46924
46943
46947
47020
47261
47290
47675
47681
47687
47712
47955
48241
48267
48363
48495
48767
49071
49333
49377
49468
49475
49539
49608
49611
49669
49799
49805
50015
50018
50026
50070
50157
50202
50303
50474
50985
51045
51118
51144
51203
51489
51548
51719
51780
51804
51834
51897
51902
51958
52005
52102
52104
52128
52289
52342
52383
52425
52490
52558
52747
52773
52847
53227
53319
53723
53777
53908
53936
53955
53971
53981
54052
54231
54337
54428
54446
54447
54487
54493
54606
54692
54794
54835
54866
54976
55172
55474
55476
55752
55948
56124
56134
56184
56296
56317
56518
56571
56605
56840
57018
57391
57476
57518
57535
57712
57872
58000
58009
58131
58146
58236
58459
58574
58648
58842
58868
59080
59157
59333
59437
59520
59632
59660
59678
59781
60079
60129
60293
60294
60394
60409
60619
60796
60820
61074
61088
61278
61441
61551
61665
61675
61755
61766
61803
62043
62129
62184
62253
62505
62540
62546
62564
62609
62775
62800
62901
62938
62964
62985
63603
63634
63635
63773
63785
63943
64061
64250
64265
64628
64652
64791
64943
64943
64962
65140
65279
65390
65456
65650
65653
65696
65747
65779
65870
65921
66064
66191
66214
66256
66475
66561
66565
66775
66949
67146
67250
67333
67408
67593
67653
67719
67721
67821
68080
68087
68106
68256
68307
68337
68391
68519
68573
68609
68725
68903
68977
69016
69063
69101
69166
69210
69212
69227
69237
69298
69374
69479
69549
69552
69598
69605
69711
69736
69846
69925
70122
70273
70325
70473
70489
70521
70568
70605
70677
70712
70792
70859
71055
71095
71192
71286
71313
71503
71504
71592
71708
71747
71749
71828
71830
71926
72064
72083
72103
72358
72480
72577
72816
72820
72879
72919
73001
73025
73093
73122
73454
73575
73968
74101
74284
74556
74565
74571
74572
74574
74609
74612
74619
74765
75083
75394
75406
75523
75603
75781
76049
76117
76302
76309
76368
76443
76444
76449
76517
76704
76712
76806
76901
77086
77397
77436
77461
77498
77519
77522
77550
77608
77617
77728
77730
77747
77753
77840
77908
78052
78131
78186
78661
78728
78741
79022
79087
79218
79552
79631
79651
79769
79798
79902
80167
80303
80402
80502
80546
80687
80696
80815
80816
80913
81290
81710
81908
81945
82086
82171
82181
82590
82637
82646
82662
82682
82738
82772
82809
82945
82990
83081
83109
83182
83684
83828
83956
83962
83992
83995
84179
84231
84327
84363
84470
84499
84531
84624
84657
84677
84838
85015
85018
85059
85129
85150
85172
85178
85326
85372
85525
85683
85722
85803
85806
85846
85957
85979
86087
86088
86340
86479
86645
86662
86740
86801
86968
87077
87240
87318
87691
87729
88084
88311
88351
88550
88614
88649
88714
88719
88751
88847
89100
89204
89218
89310
89332
89384
89549
89551
89619
89743
89869
90082
90112
90184
90342
90357
90364
90415
90429
90480
90638
90669
90780
90792
90833
90919
91081
91184
91201
91454
91521
91535
91600
91760
91801
91832
91838
92056
92082
92114
92336
92402
92408
92569
92772
92778
92789
92799
92870
93110
93311
93477
93543
93576
93803
93853
93873
93931
94262
94405
94438
94703
94719
95108
95147
95208
95351
95387
95464
95967
95974
96209
96288
96289
96432
96470
96504
96507
96848
96919
96932
97008
97070
97130
97147
97246
97282
97286
97319
97442
97626
97661
97741
97764
97879
97929
97933
98435
98509
98674
99032
99218
99249
99343
99444
99636
99695
99744
99754
99939
99957
100102
100189
100270
100335
100339
100471
100605
100912
101057
101277
101316
101475
101480
101580
101631
101675
101815
101879
101909
101913
102326
102347
102808
102972
102982
103094
103097
103120
103230
103359
103597
103719
103761
103898
103902
104459
104704
104769
104898
105148
105189
105311
105542
105547
105646
105687
105844
106196
106479
106523
106523
106602
106762
106805
107033
107066
107224
107327
107387
107468
107577
107751
107806
108004
108232
108299
108311
108350
108429
108516
108559
108578
108647
108696
108702
108728
108741
108780
108785
108856
108898
109331
109734
109958
109963
110001
110053
110081
110102
110161
110177
110243
110586
110614
110802
111084
111184
111187
111336
111343
111408
111787
112000
112008
112018
112185
112224
112384
112459
112571
112688
112755
112859
112896
112936
113122
113225
113379
113396
113460
113462
113823
113867
113967
114111
114327
114461
114637
114716
114744
114786
114987
115093
115100
115219
115225
115314
115406
115414
115474
115534
115535
115551
115626
115805
115824
115967
115985
116388
116394
116507
116529
116561
116639
116660
116703
116808
116898
116947
117002
117050
117063
117091
117277
117376
117429
117515
117677
117712
117718
117831
117972
118209
118210
118302
118671
118824
118850
118917
118918
119148
119222
119307
119313
119348
119716
119778
119802
119803
119810
119814
119828
119834
119884
119939
119942
120309
120317
120425
120510
120524
120690
120714
120745
120771
121149
121268
121307
121625
121826
121861
121883
121893
121981
121991
122155
122185
122276
122575
122714
122740
122754
122826
122915
122933
123190
123610
123639
123652
123771
123808
123832
123907
123913
124151
124351
124369
124541
124628
124646
124659
124815
124869
125005
125026
125121
125344
125352
125380
125382
125404
125570
125600
125611
125663
125703
125816
125831
125911
126030
126053
126061
126162
126311
126465
126652
126841
126852
126867
126949
127034
127038
127119
127420
127508
127612
127746
127810
127921
128268
128300
128331
128354
128431
128461
128500
128570
128614
128645
128770
128780
128874
129236
129255
129408
129636
129684
129741
129854
129884
129923
130064
130233
130282
130314
130429
130631
130700
130914
130937
130993
131113
131225
131421
131557
131682
131728
131955
131977
132142
132168
132185
132207
132210
132220
132516
132546
132615
133173
133245
133309
133320
133489
133599
133817
133862
133936
133994
134104
134320
134349
134557
134692
134732
134854
134904
135043
135090
135290
135635
135814
136083
136256
136305
136361
136514
136536
136714
136771
136814
136888
137006
137082
137177
137181
137202
137292
137334
137344
137378
137387
137421
137526
137574
137648
137697
137798
137860
137878
138004
138060
138131
138225
138439
138552
138815
138822
138823
138843
138941
138946
138964
139058
139073
139087
139092
139296
139393
139478
139513
139743
139747
139766
139903
140205
140280
140342
140468
140514
140621
140785
140937
140941
141173
141189
141466
141493
141758
141771
141776
141902
142031
142279
142414
142434
142853
142914
142994
143026
143204
143254
143333
143365
143812
143957
144033
144139
144201
144211
144263
144300
144367
144487
144512
144890
144891
144903
144993
145027
145075
145112
145122
145174
145219
145330
145392
145491
145637
145663
146030
146093
146099
146105
146178
146368
146471
146609
146817
146938
147084
147111
147352
147373
147412
147513
147687
147690
147764
147804
147829
148007
148248
148258
148309
148583
148589
148687
148761
148880
149075
149135
149241
149316
149336
149545
149608
149654
149798
149824
149886
149939
150029
150048
150096
150240
150312
150502
150727
150785
150960
150971
150998
151109
151188
151212
151222
151444
151463
151464
151532
151547
151594
151600
151724
151768
152045
152052
152055
152173
152224
152246
152255
152260
152284
152566
152638
152723
152767
152815
152866
153052
153153
153335
153535
153554
153678
153917
154244
154312
154496
154524
154589
154623
154716
154763
154770
154863
154947
154951
155298
155316
155341
155386
155607
155634
155834
155835
155849
156039
156065
156206
156454
156810
156908
156970
157017
157127
157259
157331
157383
157458
157476
157621
157780
157864
158036
158175
158240
158287
158315
158432
158556
158564
158629
158683
158708
158714
158803
159028
159164
159211
159291
159318
159321
159347
159398
159459
159480
159528
159537
159580
159694
159751
159949
159972
160219
160402
160451
160542
160607
160893
161409
161600
162406
162436
162437
162464
162664
162685
162761
162835
163275
163444
163478
163502
163549
163674
163685
163751
163790
163875
163886
164000
164114
164177
164277
164493
164646
164647
164813
164880
164955
165166
165231
165234
165405
165508
165549
165646
165660
165676
165764
165778
165779
165805
165812
165821
165865
165911
165925
166078
166095
166101
166249
166315
166340
166476
166554
166650
166737
166798
166912
166955
167258
167532
167552
167619
167769
167852
167936
168088
168234
168296
168399
168521
168567
168591
168593
168853
168962
169000
169272
169344
169354
169475
169484
169523
169716
169781
169833
169903
170046
170077
170144
170277
170490
170659
170756
170850
170869
171146
171169
171173
171263
171504
171760
171789
171947
171965
171984
171996
172007
172261
172279
172492
172546
172568
172744
172819
172864
172944
172956
173036
173448
173487
173634
173749
173754
173798
173800
173926
174048
174100
174196
174476
174608
174621
174785
174831
174872
174872
174943
175028
175040
175062
175303
175343
175443
175628
175674
175797
175831
175924
176165
176180
176240
176293
176299
176399
176567
176583
176633
176757
176823
176837
176869
177030
177044
177092
177153
177287
177487
177629
177631
177793
178180
178186
178254
178322
178376
178405
178466
178540
178569
178589
178853
178899
179053
179470
179507
179517
179563
179614
179643
179712
179740
179821
179825
179845
180385
180392
180628
180767
181099
181195
181242
181248
181252
181377
181495
181496
181497
181539
181771
181815
181885
182073
182270
182323
182362
182732
182794
182856
182978
183087
183130
183167
183236
183271
183281
183290
183410
183476
183516
183732
183818
183900
184075
184100
184166
184256
184430
184515
184608
184656
184763
184803
184901
184916
185138
185158
185775
185796
185803
186207
186358
186392
186437
186898
187066
187083
187083
187231
187235
187237
187248
187270
187396
187405
187692
187712
187925
188143
188200
188454
188570
188874
189202
189524
189661
189764
189771
189795
189829
189940
190060
190215
190251
190435
190522
190538
190580
190754
190761
190988
191007
191491
191594
191613
191650
191693
191695
191847
191849
191854
191883
191961
191980
192037
192140
192163
192251
192425
192492
192594
192614
192625
192794
192852
193094
193493
193527
193592
193759
193953
194134
194137
194196
194304
194314
194317
194329
194419
194422
194514
194764
194794
194987
195182
195346
195346
195375
195432
195477
195515
195563
195828
195986
195999
196059
196156
196370
196405
196540
196659
196773
196929
196989
197034
197061
197083
197155
197203
197331
197473
197592
197631
197726
197824
197870
197943
198048
198184
198343
198448
198478
198649
198847
198932
199053
199077
199132
199144
199223
199328
199353
199421
199441
199517
199615
199708
199754
199869
200021
200067
200243
200253
200648
200650
200729
200778
200778
200850
200885
200934
201075
201099
201180
201608
201889
202162
202232
202321
202336
202647
202707
202856
202891
203015
203053
203204
203286
203409
203508
203628
203713
203744
203785
203968
204027
204152
204333
204378
204537
204656
204752
204764
204888
204991
205056
205447
205509
205593
205609
205620
205693
205733
206021
206026
206070
206282
206353
206576
206598
206621
206635
207048
207232
207236
207418
207446
207455
207666
207789
207799
207821
207842
207843
207892
207998
208261
208369
208387
208640
208671
208927
209043
209069
209091
209116
209167
209364
209370
209452
209516
209612
209634
209666
209863
210120
210257
210314
210324
210486
210725
210805
210867
210901
210911
211243
211262
211329
211444
211448
211613
211679
211773
211835
212203
212242
212330
212357
212546
212579
212700
212851
212908
212932
212961
212978
213082
213085
213296
213430
213747
213825
213878
213878
213890
213892
214007
214009
214120
214173
214268
214309
214396
214404
214643
214776
214784
214817
214886
214888
214959
215002
215086
215099
215163
215224
215244
215395
215429
215486
215581
215641
215850
215859
215870
215886
215901
215933
216001
216095
216106
216164
216237
216272
216312
216349
216649
216909
216998
217015
217124
217232
217363
217395
217506
217509
217762
217764
217859
217865
217876
218066
218244
218289
218295
218550
218594
218723
218853
218998
219104
219231
219233
219235
219357
219454
219576
219670
219742
220026
220052
220165
220276
220296
220334
220495
220523
220526
220547
220579
220626
220711
220768
220949
221056
221090
221283
221392
221423
221426
221461
221526
221533
221658
221715
221768
221859
221873
221932
221944
221988
221996
222033
222265
222536
222650
222681
222938
223090
223124
223224
223452
223518
223552
223816
223909
223931
223951
224206
224213
224249
224399
224547
224590
224737
224986
225015
225037
225151
225382
225709
225743
225876
226187
226372
226410
226471
226527
226792
227013
227111
227348
227490
227624
228077
228126
228168
228320
228386
228401
228467
228568
228595
228917
228923
228980
229038
229243
229284
229297
229716
229738
229802
229859
229976
230026
230050
230448
230572
230770
231269
231528
231727
231738
231745
231756
231896
231942
231987
232038
232249
232292
232392
232532
232555
232591
232646
232657
232660
232689
232736
232748
232898
232922
232939
232982
233137
233290
233524
233555
233739
233851
234085
234377
234385
234419
234553
234566
234679
234747
234794
234867
234895
234964
235105
235157
235438
235602
235700
235772
235848
235968
236141
236429
236461
236566
236567
236680
236688
236723
236845
237064
237184
237368
237457
237488
237622
237699
237759
237785
237801
237933
238170
238176
238385
238478
238506
238507
238627
238676
238723
238725
239067
239209
239293
239362
239434
239653
239746
240009
240064
240202
240553
240744
240771
240856
241047
241192
241207
241229
241475
241669
241832
241852
241959
242136
242137
242243
242440
242444
242470
242480
242710
242712
242713
242766
242860
243332
243414
243444
243503
243744
243792
243799
243859
244057
244105
244122
244129
244547
244607
244643
244662
245077
245132
245163
245222
245250
245321
245338
245346
245478
245648
245860
245892
246187
246248
246256
246433
246449
246534
246539
246556
246691
246694
246825
246862
246944
246996
247035
247338
247355
247509
247556
247638
247694
247728
247772
247777
248126
248194
248288
248339
248356
248494
248559
248560
248960
249238
249296
249303
249431
249517
249526
249546
249910
249962
250171
250197
250198
250598
250767
250921
251030
251099
251164
251164
251287
251362
251781
251869
251976
252040
252068
252077
252093
252112
252158
252510
252530
252538
252663
252755
252808
252839
252914
253042
253270
253346
253356
253370
253662
253720
253794
253795
253859
254006
254101
254175
254196
254326
254697
254725
254764
254820
254932
254993
255037
255092
255098
255135
255198
255413
255584
255805
255832
255832
255865
256001
256255
256403
256423
256427
256619
256788
256823
256876
257176
257290
257524
257609
257615
257680
257873
257924
257985
258107
258110
258119
258209
258279
258325
258422
258423
258601
258663
258693
258801
259045
259137
259169
259236
259247
259296
259480
259507
259662
259712
259749
259907
260329
260400
260592
260608
260886
260953
260954
261044
261252
261481
261506
261793
261837
261888
261967
262077
262190
262222
262347
262558
262658
263063
263075
263185
263237
263356
263619
263749
263991
264025
264137
264437
264438
264661
264725
264810
265059
265103
265245
265329
265504
265542
265997
266008
266175
266441
266528
266902
266928
266962
267041
267107
267121
267266
267630
267736
267808
267816
267842
267877
268062
268169
268181
268257
268266
268266
268330
268426
268711
268972
269060
269353
269393
269521
269794
269946
269980
269984
270019
270021
270153
270312
270322
270437
270456
270476
270507
270861
270863
270890
271043
271082
271090
271112
271148
271310
271492
271532
271659
271756
271865
271921
272223
272235
272471
273038
273098
273109
273525
273536
273609
273622
273793
273806
273941
274111
274234
274321
274342
274407
274433
274677
274758
274882
274893
274929
274949
275031
275121
275123
275135
275470
275525
275663
275674
275688
275838
275895
276085
276222
276423
276766
277155
277167
277404
277406
277413
277417
277437
277550
277745
277777
277779
277821
277828
278247
278314
278509
278514
278549
278679
278808
278841
279073
279201
279341
279370
279406
279482
279610
280150
280203
280467
280485
280548
280559
280608
280808
280890
281018
281021
281127
281257
281399
281420
281477
281622
281706
281737
281759
281855
281984
282028
282039
282097
282314
282323
282744
282851
282863
283174
283408
283606
283615
283686
283761
283792
283856
283949
284256
284370
284498
284527
284589
284616
284719
284752
284853
284916
284919
285135
285212
285224
285375
285402
285578
285592
285631
285778
285792
285938
286015
286114
286277
286289
286352
286634
286666
286693
286708
286781
286782
286840
286890
286947
287023
287038
287242
287306
287324
287348
287352
287381
287393
287459
287611
287675
287731
287750
287794
287834
287842
287868
288379
288465
288499
288526
288539
288615
288681
288754
288822
288831
288919
288980
289003
289028
289076
289144
289167
289303
289346
289408
289430
289523
289562
289573
289605
289681
289874
289903
289915
289931
290064
290118
290217
290342
290385
290673
290816
290945
290975
291128
291234
291379
291641
291746
291762
291932
292077
292266
292324
292425
292456
292461
292612
292634
292638
292671
292823
292870
292883
292944
293019
293092
293107
293261
293271
293328
293866
294034
294086
294266
294292
294568
294662
294849
294954
295016
295122
295188
295245
295431
295478
295597
295929
296224
296248
296564
296581
296598
296647
296821
296911
296958
297025
297180
297227
297274
297346
297467
297582
297590
297699
297739
297756
297816
297839
297878
297880
297907
297955
298127
298135
298167
298218
298287
298303
298638
298807
298861
298931
299138
299221
299814
299927
299977
300229
300247
300275
300442
300477
300497
300560
300670
300674
300978
301080
301149
301186
301191
301434
301555
301726
301845
301967
302003
302072
302241
302344
302539
302617
302687
302738
302745
302800
302877
302996
303037
303049
303104
303513
303980
303982
304150
304233
304250
304504
304631
304822
304937
305035
305041
305136
305492
305498
305507
305713
305737
305799
305938
305953
305969
306217
306256
306287
306356
306370
306486
306654
306710
306873
306942
307093
307133
307245
307312
307346
307526
307623
307669
307793
307982
308012
308236
308265
308410
308429
308565
308608
308622
308638
308876
308884
308940
309039
309118
309200
309434
310185
310209
310308
310425
310449
310502
310734
310868
310881
310987
311136
311168
311377
311385
311414
311437
311531
311692
311750
311834
311841
311860
311903
311933
312199
312361
312461
312464
312540
312626
312740
312865
312912
313293
313562
313861
313887
313958
314130
314164
314388
314617
314797
315007
315052
315254
315508
315568
315609
315758
315824
315936
316168
316197
316435
316544
316785
316834
316921
316940
317028
317078
317127
317157
317197
317216
317361
317493
317530
317578
317712
317717
317928
318005
318098
318194
318198
318324
318454
318457
318457
318512
318536
318754
318982
319048
319095
319117
319205
319274
319656
319737
319869
319882
320281
320492
320566
320644
320655
320656
320849
320861
320923
320952
321008
321168
321197
321305
321528
321578
321619
321813
321883
322503
322535
322695
322718
322915
323062
323107
323122
323180
323204
323213
323252
323391
323420
323503
323515
323674
323715
323760
323894
324153
324156
324165
324181
324509
324517
324708
324719
324864
325050
325060
325217
325225
325249
325259
325480
325550
325551
325570
325638
325727
326092
326125
326179
326220
326246
326264
326292
326292
326295
326373
326384
326534
326540
326711
326794
326842
326898
327036
327150
327153
327436
327451
327624
327773
327987
327995
328094
328109
328241
328311
328389
328410
328491
328583
328601
328652
328703
328725
328767
328850
328879
328936
329011
329139
329212
329229
329269
329334
329344
329482
329669
329718
329790
329791
329837
329931
330020
330214
330221
330235
330281
330297
330320
330559
330627
330737
330782
330897
330967
331039
331129
331184
331231
331259
331287
331668
331788
331830
332063
332105
332217
332247
332393
332485
332507
332613
332619
332663
332710
332811
332883
332933
333067
333397
333515
333661
333705
333820
333904
334041
334137
334280
334593
334645
334782
334857
334883
334919
335030
335202
335385
335398
335461
335566
335574
335608
335688
335844
335992
336062
336103
336198
336273
336321
336348
336491
336514
336619
336687
336761
336763
336896
336979
337034
337065
337300
337351
337356
337400
337481
337510
337682
337789
337966
337987
338010
338057
338177
338324
338399
338429
338445
338534
338634
338656
338673
338755
338769
338789
338849
339100
339337
339432
339436
339514
339627
339740
339887
340112
340293
340359
340445
340504
340587
340667
340830
340868
340977
341054
341057
341080
341111
341175
341252
341494
341543
341563
341637
341669
341886
341979
342346
342441
342654
342678
342689
342759
342764
342781
343160
343163
343199
343209
343228
343526
343615
343640
343942
344057
344231
344271
344291
344385
344477
344652
344864
344954
344985
345006
345015
345291
345292
345442
345550
345565
345668
345885
345958
346109
346222
346441
346547
346812
347074
347135
347155
347214
347227
347484
347860
347879
347887
348237
348307
348335
348475
348489
348565
348598
348789
348940
349055
349160
349202
349376
349519
349542
349714
349733
349772
349785
349856
349901
350057
350212
350270
350311
350348
350363
350390
350490
350848
350861
351077
351227
351526
351670
351837
351965
351976
352311
352383
352392
352418
352470
352707
352878
352914
352944
353192
353207
353208
353653
353692
353768
353794
353964
353977
354366
354426
354791
354955
355013
355023
355059
355258
355326
355535
355539
355548
355550
355600
355771
355957
355961
356215
356318
356351
356398
356587
356974
357028
357128
357169
357199
357264
357351
357506
357628
357671
357746
357866
357904
358119
358175
358421
358567
358585
358613
358621
358703
358727
358825
358952
359039
359164
359236
359538
359665
359694
359900
359944
360019
360077
360078
360081
360089
360092
360121
360303
360337
360460
360461
360590
360600
360700
360734
360942
361039
361057
361068
361081
361104
361285
361312
361403
361429
361453
361487
361642
361665
361678
361886
361987
362090
362167
362170
362379
362392
362709
362846
362895
363014
363082
363124
363172
363239
363423
363445
363595
363632
363711
363816
363861
363943
364435
364610
364615
364713
364753
364772
364891
365011
365143
365204
365211
365233
365245
365296
365384
365424
365533
366094
366125
366394
366417
366523
366560
366651
366744
366988
367181
367206
367275
367293
367711
367749
368006
368073
368229
368254
368369
368415
368446
368447
368464
368525
368543
368621
368636
368859
368898
368938
369087
369112
369739
369808
369849
370040
370182
370253
370280
370355
370420
370460
370692
370724
370758
370767
370770
370815
370879
371032
371105
371427
371471
371597
371747
372018
372275
372349
372589
372620
372643
372678
372835
373003
373082
373091
373213
373221
373228
373272
373625
373626
373867
374158
374325
374881
374973
375011
375155
375166
375210
375298
375421
375424
375510
375609
375688
375837
375887
376119
376311
376347
376449
376573
376732
376766
376806
376825
376852
376910
376983
377094
377215
377276
377425
377534
377574
377610
377968
377970
378079
378191
378264
378271
378286
378405
378448
378469
378536
378584
378719
378746
378752
378755
378838
379028
379073
379099
379219
379280
379290
379321
379333
379346
379364
379509
379613
379910
379980
380040
380152
380250
380267
380310
380368
380449
380525
380671
380792
380879
380884
380947
380990
381313
381327
381425
381637
382001
382005
382146
382211
382449
382606
382607
382740
382785
382878
382912
382933
382989
382997
383035
383484
383598
383626
383955
383967
384018
384123
384160
384171
384513
384577
384601
384640
384699
385189
385228
385267
385364
385721
385740
385759
385784
385938
385971
385986
386078
386296
386380
386598
386655
386785
386889
386939
387005
387154
387224
387241
387411
387890
387994
387996
388147
388231
388299
388405
388471
388524
388616
388675
388733
388873
388994
389474
389475
389658
389814
390198
390232
390246
390267
390276
390364
390536
390638
390824
390865
390934
390961
391003
391117
391124
391213
391318
391439
392069
392158
392489
392729
392734
392914
392933
392980
393092
393201
393287
393297
393339
393521
393860
393873
393901
393916
393927
394084
394274
394277
394365
394373
394474
394637
395402
395407
395621
395638
395741
395868
395932
396116
396196
396357
396530
396561
396787
396947
396999
397059
397124
397264
397384
397450
397470
397472
397486
397505
397516
397764
397813
397821
397986
398042
398155
398197
398204
398310
398325
398419
398433
398473
398666
398762
398890
399077
399237
399273
399285
399455
399528
399576
399576
399753
399964
400158
400231
400259
400312
400532
400600
400711
400730
400748
400861
400913
400926
400932
401250
401277
401385
401390
401433
401786
401850
401936
402177
402232
402240
402395
402522
402624
402777
402971
403001
403241
403322
403394
403400
403400
403497
403612
403713
403728
403869
404095
404147
404147
404152
404261
404368
404401
404456
404523
404609
404665
404760
404760
404770
404810
404815
404875
404877
405030
405053
405277
405378
405443
405494
405684
405731
405804
405836
405895
406076
406199
406220
406262
406291
406343
406374
406646
406926
407119
407135
407150
407161
407196
407258
407340
407387
407405
407503
407575
407622
407729
407868
407887
407926
407927
408012
408019
408027
408098
408284
408348
408621
408741
408752
408755
408886
408930
409123
409162
409213
409522
409587
409854
409924
409974
410010
410170
410209
410230
410241
410266
410281
410309
410488
410575
410581
410676
411011
411018
411074
411084
411103
411144
411167
411228
411231
411284
411556
411805
411968
412037
412191
412230
412345
412352
412355
412355
412729
412779
412788
412817
412871
412908
412918
412973
412979
413016
413037
413561
413681
414037
414092
414248
414432
414538
414544
414563
414660
414763
414941
414945
414970
415070
415082
415123
415334
415495
415752
416039
416056
416179
416244
416292
416541
416548
416646
416679
416952
417019
417024
417040
417164
417273
417311
417539
417863
417905
417933
418193
418218
418383
418383
418452
418496
418511
418515
418753
418762
418871
418965
419043
419091
419221
419313
419342
419345
419367
419375
419420
419664
419744
419868
419918
419941
420031
420082
420106
420376
420593
420602
420619
420655
420669
420836
420912
420964
421034
421197
421203
421206
421261
421411
421588
421599
421692
421782
421794
421936
422175
422175
422180
422190
422377
422433
422621
422686
422739
422990
423048
423169
423192
423403
423500
423513
423569
423635
423762
424133
424148
424203
424240
424364
424495
424572
424821
425160
425225
425395
425407
425418
425591
425825
426057
426061
426324
426368
426443
426579
426759
426777
427011
427054
427113
427125
427434
427445
427843
427846
428019
428026
428038
428133
428154
428301
428386
428400
428708
428790
428804
428859
428871
428884
429005
429026
429157
429254
429272
429324
429340
429430
429438
429443
430150
430176
430178
430215
430327
430566
430659
430839
430847
431102
431464
431513
431524
431562
431585
431723
431779
431928
431975
432078
432233
432258
432604
432842
433118
433221
433255
433367
433410
433428
433585
433738
433849
434009
434067
434127
434219
434321
434432
434611
434741
434820
434922
434939
434986
435001
435010
435072
435313
435458
435535
435625
435630
435759
435800
435948
436008
436046
436169
436313
436504
436753
436814
436931
436937
437084
437102
437109
437302
437371
437444
437496
437759
437839
437854
437857
438091
438186
438232
438264
438284
438515
438705
438707
438814
438874
438956
439014
439073
439090
439124
439136
439183
439241
439352
439367
439441
439451
439462
439552
439588
439688
439912
439919
439936
439950
440076
440143
440357
440474
440889
441117
441139
441272
441380
441392
441901
441916
442001
442055
442100
442130
442156
442160
442441
442452
442519
442734
442876
442882
443009
443058
443079
443096
443262
443326
443413
443420
443461
443476
443548
443688
443783
443883
443946
444127
444229
444251
444546
444560
444716
444867
444889
444983
445072
445160
445333
445375
445397
445492
445629
445804
445857
446019
446229
446273
446558
446711
446724
446765
447089
447114
447214
447347
447361
447367
447531
447539
447598
447680
447797
447801
447817
448329
448401
448403
448557
448608
448661
448678
448773
449115
449193
449221
449252
449503
449520
449523
449966
450061
450573
450703
450713
450846
450847
451143
451284
451383
451399
451412
451459
451948
452314
452361
452365
452388
452610
452651
452831
452959
453042
453344
453538
454098
454190
454260
454335
454470
454623
454650
454748
454819
454868
455155
455213
455289
455406
455482
455495
455712
455717
455850
455892
455973
456048
456118
456249
456423
456517
456520
457075
457138
457162
457351
457405
457405
457448
457502
457503
457582
457584
457662
457709
457718
457804
458089
458090
458156
458161
458164
458166
458376
458456
458531
458912
459041
459047
459076
459112
459306
459343
459357
459394
459539
459562
459658
459853
459878
460029
460039
460080
460220
460238
460415
460422
460471
460543
460661
460690
460729
460799
460807
460852
460955
461122
461125
461194
461280
461491
461710
461756
461861
462116
462246
462321
462495
462515
462530
462649
462721
462818
463027
463088
463106
463122
463286
463409
463511
463655
463691
464181
464315
464435
464525
464586
464762
464871
464919
465029
465147
465275
465307
465500
465600
465812
465918
466014
466058
466078
466457
466710
466710
466833
467006
467074
467150
467607
467707
467916
467942
468050
468274
468354
468398
468516
468587
468603
468676
468821
468840
469088
469157
469203
469367
469540
469639
469677
469756
469764
469947
470048
470103
470303
470391
470482
470487
470816
471093
471121
471156
471381
471413
471543
471572
471592
471825
471946
472100
472298
472481
472494
472684
472988
472996
473157
473158
473172
473228
473310
473339
473507
473545
473575
473618
473696
473730
473739
473948
474114
474152
474168
474327
474458
474482
474588
474907
474925
475091
475094
475136
475159
475164
475282
475329
475342
475576
475651
475668
475736
475755
475811
476181
476362
476477
476490
476493
476544
476646
476647
476699
476741
476757
476806
476839
477048
477297
477375
477387
477681
477703
477719
477764
477847
478106
478171
478326
478489
478515
478600
478618
478634
478717
478832
478989
479100
479176
479196
479212
479247
479507
479556
479613
479641
479743
480026
480028
480135
480336
480368
480581
480643
480674
480739
480742
480810
480855
480999
481157
481410
481439
481585
481689
481762
481903
481916
481954
482060
482217
482244
482455
482556
482572
482663
483367
483618
483618
483829
484047
484065
484083
484442
484658
484704
484714
485187
485206
485232
485254
485272
485312
485371
485390
485428
485542
485574
485602
485685
485873
485879
486026
486032
486116
486122
486226
486357
486612
486640
486661
486845
486987
487185
487280
487311
487418
487504
487542
487628
487673
487712
487753
487870
487897
488067
488290
488363
488376
488434
488442
488509
488512
488522
488661
488736
488736
488771
488942
488993
489121
489151
489172
489226
489496
489616
489629
489652
489659
489707
489740
489981
490058
490232
490321
490575
490712
490947
491033
491137
491274
491342
491413
491503
491530
491581
491596
491671
491724
491803
491919
491983
492061
492291
492295
492325
492393
492930
492974
493290
493325
493328
493338
493353
493372
493501
493573
493927
494043
494052
494133
494180
494225
494241
494256
494352
494475
494530
494655
494762
495047
495154
495158
495185
495424
495534
495751
495948
496093
496433
496475
496611
496942
497035
497089
497152
497207
497259
497416
497533
497535
497593
497604
497661
497743
497885
497929
498047
498161
498449
498453
498476
498503
498610
498660
498766
498842
499042
499129
499204
499219
499373
499437
499460
499549
499626
499666
499750
499872
500159
500161
500193
500238
500309
500344
500417
500510
500575
500701
500716
500748
500751
500756
500864
500870
500915
501019
501314
501323
501509
501580
501678
501705
501983
502132
502210
502298
502372
502379
502389
502502
502520
502555
502601
502750
502811
502933
502938
502990
503008
503090
503092
503177
503400
503479
503795
503915
504011
504115
504289
504653
504773
504871
504990
505022
505070
505192
505464
505627
506042
506177
506275
506318
506393
506475
506479
506947
506954
506992
507108
507292
507387
507568
507581
507626
507630
507803
507904
507911
507974
507990
508072
508170
508178
508233
508269
508441
508535
508621
508806
508867
509234
509437
509535
509733
510041
510119
510136
510153
510253
510375
510629
510830
511138
511354
511533
511559
511573
511838
512083
512111
512266
512402
512413
512565
512626
512794
512827
512903
512985
512996
513083
513226
513361
513379
514043
514245
514252
514289
514344
514462
514506
514534
514563
514996
515354
515356
515450
515590
515883
515915
515955
516071
516160
516240
516258
516272
516428
516638
516723
516869
516950
516950
516975
517231
517507
517533
517576
517849
517949
518009
518064
518181
518226
518238
518524
518542
518626
518726
518736
518754
518835
519013
519273
519302
519344
519554
519599
519654
519794
519830
519888
519908
520078
520136
520529
520724
520744
520765
520943
521200
521284
521355
521391
521398
521503
521573
521701
521729
521751
521926
521993
522092
522232
522261
522315
522557
522568
522663
522690
522769
522843
522918
523026
523073
523217
523267
523367
523447
523585
523594
523625
523798
523958
523991
524221
524361
524400
524404
524446
524612
524632
524662
524680
524688
524752
524794
524833
525062
525096
525114
525180
525394
525758
525882
526006
526060
526127
526182
526196
526276
526564
526736
526771
526823
526840
527100
527233
527474
527485
527754
527842
527851
527940
528210
528263
528490
528651
528715
528775
528986
529079
529155
529193
529197
529205
529225
529250
529326
529343
529346
529598
529670
529788
529807
529885
530112
530561
530679
530682
530698
530798
530982
531018
531086
531232
531627
531636
531662
531716
531717
531747
531798
531834
532095
532188
532198
532244
532462
532746
532781
532822
532904
532954
533001
533251
533292
533515
533676
533724
533734
533805
533972
534139
534181
534224
534430
534505
534720
534751
534935
535097
535296
535370
535410
535688
535694
535955
536116
536127
536201
536204
536549
536662
536670
536672
536675
536682
536726
536739
536790
536856
536897
537020
537252
537272
537470
537505
537864
537943
537948
538228
538487
538494
538503
538513
538520
538539
538614
538616
538826
538938
539084
539170
539618
539680
539724
539810
539855
539997
540141
540191
540192
540295
540472
540496
540546
540602
540639
540856
540887
540944
540972
541035
541195
541334
541444
541484
541676
541711
541917
542013
542049
542224
542238
542341
542401
542447
542470
542590
542621
542718
542723
542898
542916
543015
543369
543417
543573
543792
543799
543939
543994
544014
544033
544043
544066
544075
544094
544268
544313
544359
544477
544619
544738
544765
544863
544869
544888
544900
544911
544933
544993
545142
545178
545212
545666
545963
546036
546040
546132
546147
546203
546284
546433
546549
546613
546636
546780
546924
546986
547053
547054
547167
547185
547230
547359
547450
547481
547856
547925
547938
547958
548092
548117
548433
548445
548568
548707
548789
548833
548931
549062
549068
549189
549267
549308
549603
549633
549636
549647
549761
549762
549864
550213
550395
550505
550541
550622
550678
550765
550870
550873
551039
551323
551377
551513
551533
551580
551584
551602
551924
551933
551947
551976
552016
552064
552131
552371
552431
552451
552525
552566
552668
552759
553053
553381
553484
553811
554172
554683
554734
554768
554943
555010
555112
555133
555140
555175
555335
555375
555500
555801
555822
555835
556005
556265
556297
556300
556422
556475
556571
556637
556658
556988
557087
557107
557229
557240
557245
557369
557374
557376
557504
557854
557991
558086
558086
558294
558582
558598
558663
558802
558840
559019
559021
559065
559067
559179
559410
559464
559523
559685
559767
559898
560065
560128
560134
560170
560186
560254
560331
560367
560370
560512
560525
560597
561433
561608
561648
561741
561970
562052
562155
562156
562415
562730
562843
562896
562927
562929
562941
563093
563168
563210
563241
563462
563465
563526
563684
564045
564136
564217
564408
564436
564465
564511
564594
564727
564888
565087
565128
565210
565316
565530
565547
565611
565642
565660
565728
565969
566045
566053
566130
566216
566245
566318
566333
566381
566397
566511
566783
566800
567009
567206
567272
567281
567300
567312
567621
567680
567698
567707
567712
568296
568407
568518
568669
568921
568983
569028
569142
569146
569162
569347
569405
569411
569447
569486
569506
569555
569559
569589
569609
569614
569680
569702
569860
569876
570019
570022
570024
570138
570231
570268
570414
570469
570473
570592
570625
570635
570636
570652
570680
570721
570793
570813
570872
570891
570999
571050
571053
571157
571211
571353
571459
571499
571502
571522
571590
571593
571627
571673
571813
571867
572029
572070
572076
572242
572248
572309
572459
572522
572600
572795
572898
572937
572986
572989
573093
573323
573343
573430
573507
573654
573699
573702
573757
573783
574044
574060
574070
574401
574405
574498
574499
574643
574658
574754
574946
574972
575242
575320
575396
575455
575494
575553
575816
575821
575879
575935
575966
576072
576160
576164
576523
576529
576572
576661
576715
576717
576854
576943
577021
577052
577134
577363
577451
577482
577494
577612
577633
577653
577700
577783
578073
578245
578540
578757
578773
578814
578840
578861
578905
578926
578960
579351
579415
579872
579913
580137
580226
580615
580663
580779
580837
580968
581087
581223
581337
581403
581516
581699
581744
581746
581790
581816
582000
582055
582124
582152
582158
582274
582292
582433
582445
582533
582592
582679
582791
582806
582863
583046
583084
583171
583221
583288
583353
583431
583598
583684
583789
583826
583868
583996
584091
584349
584481
584530
584661
584813
584820
584889
584979
584982
584995
585055
585070
585270
585386
585433
585519
585571
585717
585719
585721
585767
585823
585868
585869
585882
586045
586230
586306
586382
586576
586628
586808
586923
586994
586998
587041
587056
587280
587350
587460
587515
587532
587839
587884
587908
587996
588045
588105
588121
588124
588147
588163
588299
588335
588588
588835
588841
589010
589018
589212
589277
589285
589665
589750
589821
590092
590185
590194
590336
590404
590552
590574
590661
590767
590787
590817
591053
591072
591232
591267
591337
591467
591591
591690
591860
591902
591937
592104
592109
592179
592216
592286
592489
592587
592626
592664
592707
592743
592992
593041
593073
593118
593286
593317
593509
593554
593675
593718
594048
594284
594322
594365
594413
594586
594666
594742
594746
594939
595039
595086
595139
595389
595563
595570
595629
595663
595732
595845
596039
596166
596287
596331
596715
596848
596936
597103
597374
597403
597558
597642
597839
597902
598002
598099
598105
598121
598207
598335
598381
598625
598773
598795
598812
598827
599031
599064
599077
599272
599492
599510
599518
599760
599848
600144
600819
600917
601162
601170
601238
601248
601317
601377
601412
601429
602058
602212
602296
602406
602415
602568
602756
602797
602820
603005
603072
603322
603343
603410
603505
603510
603518
603663
603855
604035
604055
604058
604203
604349
604396
604454
604461
604765
604933
605003
605053
605109
605279
605326
605341
605457
605683
605801
605928
606095
606157
606216
606294
606370
606436
606453
606469
606474
606479
606738
606809
606819
606865
607157
607269
607335
607354
607360
607429
607469
607891
608059
608140
608143
608217
608410
608420
608537
608663
608683
608767
608772
608830
609329
609494
609560
609581
609685
610115
610353
610432
610648
610673
610674
610707
610765
610919
610947
610966
611009
611109
611150
611203
611463
611517
611576
611690
612012
612070
612179
612208
612251
612347
612512
612541
612570
612742
612861
612998
613053
613074
613169
613447
613473
613484
613561
613571
613604
613621
613684
613706
613946
613970
614056
614237
614454
614535
614553
614624
615125
615187
615209
615265
615288
615458
615460
615547
615548
615623
615649
615738
615813
615828
615883
615904
616046
616078
616300
616302
616394
616413
616602
616778
616810
616902
616915
616971
617216
617266
617345
617400
617418
617442
617562
617563
617588
617706
617913
618097
618295
618322
618451
618643
618666
618731
618762
618813
618868
618977
619151
619236
619246
619288
619669
619823
619890
619948
620015
620157
620253
620348
620504
620531
620608
620636
620663
620762
621034
621035
621062
621103
621164
621247
621333
621365
621370
621538
621568
621579
621685
621797
621808
621998
622079
622113
622118
622266
622440
622489
622576
622698
622776
622815
622971
623021
623056
623106
623128
623311
623519
623729
623745
623765
623966
624037
624100
624123
624194
624196
624436
624732
624807
624910
625175
625502
625593
625702
625723
625915
626070
626234
626246
626446
626560
626584
626624
626701
626991
627065
627211
627299
627331
627331
627348
627368
627570
627660
627720
627785
627786
627805
627873
628051
628069
628123
628162
628330
628471
628511
628575
628715
628965
629539
629634
629685
629718
629880
630093
630254
630331
630375
630519
630532
630650
630785
630845
630913
631099
631117
631139
631164
631222
631495
631649
631752
631956
632051
632127
632308
632515
632545
632578
632773
633057
633277
633502
633538
633873
633937
633972
634048
634266
634397
634434
634621
634918
634940
635095
635165
635282
635322
635372
635451
635522
635606
635649
635698
635707
635762
635975
636046
636139
636361
636759
636808
636854
637078
637104
637226
637243
637268
637579
637645
637650
637677
637694
637786
637983
638026
638038
638154
638210
638248
638395
638427
638481
638563
638602
638642
638647
638712
638726
638729
638760
638800
638809
638816
638899
638952
639064
639174
639231
639245
639317
639569
639699
639721
639761
639763
639767
639822
639997
640306
640542
640597
640786
641165
641368
641368
641603
641708
641910
641937
642080
642289
642535
642739
642748
642779
642780
642856
642923
643060
643143
643279
643426
643558
643563
643569
643571
643664
643795
643991
644004
644120
644327
644331
644421
644557
644638
644770
645104
645113
645194
645243
645284
645359
645624
645683
645783
645787
645793
645800
645947
646082
646160
646211
646273
646287
646366
646388
646423
646613
646657
647095
647249
647289
647342
647490
647811
647832
647915
647980
648250
648273
648328
648418
648673
648858
648950
649073
649183
649306
649352
649523
649566
649770
649822
649897
649923
650197
650329
650463
650811
650837
650839
651028
651222
651245
651315
651622
651646
651755
651921
652052
652096
652171
652194
652297
652334
652473
652753
652793
652928
653274
653371
653476
653501
653524
653564
654011
654227
654243
654251
654339
654366
654424
654678
654811
655020
655100
655135
655194
655263
655644
655649
655695
655697
655710
655812
655824
655842
655848
655864
655953
656006
656268
656361
656438
656451
656550
656692
656734
657175
657202
657220
657236
657434
657474
657522
657586
657634
657663
657815
657858
657882
658243
658393
658429
658460
658541
658591
658695
658800
658832
658871
658889
658978
659235
659334
659388
659394
659420
659568
659681
659736
659892
660033
660159
660285
660308
660326
660333
660674
660678
660713
660716
660805
660904
660953
660987
661021
661028
661283
661306
661420
661429
661502
661609
661651
661680
661715
662005
662019
662248
662304
662410
662453
662531
662569
662609
662722
662819
662990
663007
663426
663516
663556
663576
663612
663629
663646
663766
663810
663887
663998
664028
664182
664182
664215
664427
664736
664830
664908
665089
665240
665389
665556
665583
665590
665639
665723
665825
665875
665878
665945
666050
666121
666247
666268
666279
666508
666650
666685
666918
666930
666977
667003
667050
667323
667377
667387
667423
667429
667631
667654
667746
667780
667935
668040
668088
668189
668247
668292
668309
668775
668807
669064
669103
669241
669410
669506
669654
669697
669791
670039
670040
670424
670576
670626
670643
670796
670800
670847
670962
671041
671202
671404
671466
671497
671520
671546
671606
671614
671709
671788
672013
672076
672271
672307
672410
672450
672485
672515
672516
672728
672845
672924
673069
673079
673309
673805
673975
674143
674290
674319
674357
674589
674619
674737
674895
675138
675202
675239
675384
675393
675440
675469
675544
675555
675597
675636
675784
675861
676148
676156
676169
676183
676287
676340
676635
676874
677039
677090
677190
677251
677476
677507
677829
677959
678032
678345
678425
678485
678626
678744
678777
678837
679075
679263
679363
679370
679431
679622
679666
679687
679909
680015
680032
680043
680059
680059
680093
680339
680418
680464
680497
680517
680728
680754
680932
680974
681071
681094
681202
681449
681451
681476
681759
681802
681916
682033
682050
682146
682175
682318
682761
683032
683073
683098
683113
683382
683405
683452
683905
684013
684113
684278
684343
684472
684549
684590
684613
684672
684805
685009
685023
685158
685233
685236
685273
685277
685444
685487
685505
685528
685935
685957
686032
686168
686230
686512
686519
686555
686929
686988
687078
687176
687410
687473
687491
687634
687639
687680
687741
687741
687858
687908
687939
687950
687982
687997
688341
688445
688484
688604
688609
688848
688907
689009
689069
689100
689158
689183
689255
689360
689395
689418
689515
689559
689701
689766
689850
690149
690160
690190
690240
690252
690376
690405
690739
690911
691035
691094
691248
691354
691389
691479
691495
691496
691516
691517
691523
691605
691667
691737
692033
692217
692316
692343
692366
692908
692973
693130
693224
693369
693369
693452
693524
693642
693752
693795
693932
693947
693966
695249
695427
695555
695691
695769
695797
695818
695857
695915
695981
696015
696228
696295
696377
697024
697055
697060
697132
697150
697164
697181
697554
697681
697749
697916
698018
698051
698156
698196
698201
698225
698274
698517
698705
698781
698835
698914
698926
698939
699149
699408
699438
699555
699582
699669
699673
699691
699776
700091
700184
700247
700272
700290
700316
700431
700701
700749
700945
701024
701031
701069
701071
701087
701172
701335
701338
701550
701551
701887
702128
702149
702163
702377
702387
702611
702643
702777
702863
702910
702926
703072
703073
703229
703298
703322
703570
703583
703761
703837
703848
704275
704458
704621
704757
704757
704922
705014
705023
705047
705071
705102
705123
705195
705220
705399
705565
705838
705914
705945
706005
706033
706134
706144
706166
706292
706522
706559
706596
706615
706716
706823
707105
707357
707363
707587
707671
707680
707873
707933
708364
708563
708642
708809
709161
709193
709313
709384
709405
709525
709548
709573
709647
709672
709876
710308
710357
710453
710520
710540
710570
710668
710757
710758
710773
710796
710808
710983
711024
711136
711186
711196
711308
711343
711379
711436
711445
711541
711655
711761
712015
712072
712288
712326
712333
712363
712365
712546
712550
712669
712685
712743
712980
713033
713055
713060
713077
713086
713183
713237
713565
713573
713686
713779
713822
713953
714052
714067
714244
714379
714467
714584
714592
714593
714669
714675
714790
714971
714986
715110
715392
715421
715470
715546
715596
715644
715902
716158
716279
716297
716355
716381
716388
716459
716490
716829
716867
717107
717111
717122
717246
717254
717376
717453
717596
717843
717877
717886
718025
718332
718394
718421
718562
718604
718627
718637
718639
718783
718870
718898
718992
719131
719189
719374
719517
719850
719949
720290
720442
720477
720529
720608
720645
721118
721171
721415
721431
721438
721446
721448
721462
721480
721538
721572
721633
721696
721828
721890
722334
722351
722410
722467
722701
722860
722937
723075
723113
723155
723450
723505
723550
723660
723763
723772
724073
724103
724171
724303
724539
724557
724612
724655
724701
724720
724829
724923
724961
725059
725102
725318
725470
725524
725641
725943
726010
726224
726250
726484
726499
726501
726511
726570
726653
726676
726747
726778
726955
727291
727346
727366
727388
727492
727526
727922
728035
728038
728279
728327
728500
728570
728634
728707
728827
729036
729060
729200
729490
729529
729868
729893
730042
730157
730166
730287
730386
730401
730843
730869
731286
731430
731460
731521
731670
731885
732294
732331
732408
732440
732444
732556
732612
732726
732768
733024
733154
733242
733358
733413
733523
733864
733865
734042
734062
734119
734175
734307
734484
734664
734689
734701
735094
735171
735216
735270
735377
735418
735483
735515
735637
735645
735739
735761
735820
735884
736046
736114
736191
736254
736262
736274
736416
736484
736517
736626
736743
736856
736986
737211
737540
737612
737632
737702
737821
737978
738018
738260
738417
738538
738580
738671
738744
738886
739018
739278
739372
739424
739437
739484
739492
739692
739746
739759
739791
740043
740304
740399
740424
740443
740562
740606
740632
740823
740958
740962
740979
741237
741244
741364
741426
741481
741698
741731
741814
742100
742100
742103
742269
742270
742276
742329
742648
742761
742816
743202
743249
743268
743334
743439
743496
743574
743577
743696
743910
743933
743979
744218
744232
744245
744283
744343
744459
744466
744486
744544
744625
744661
744789
744822
744888
745146
745158
745179
745183
745286
745307
745342
745400
745411
745485
745556
745634
745737
745786
745869
745948
745988
746085
746163
746173
746205
746469
746495
746510
746680
746805
746868
746868
746897
747138
747220
747270
747281
747389
747491
747510
747520
747703
747994
748004
748052
748077
748394
748452
748453
748489
748560
748661
748875
748894
748909
749102
749132
749421
749443
749597
749686
749854
749855
749872
749885
749936
750272
750303
750343
750776
750846
750848
750882
751185
751252
751260
751286
751287
751309
751496
751752
751946
752025
752159
752193
752200
752229
752239
752566
752600
752605
752758
752808
752891
753250
753303
753350
753357
753433
753477
753518
753518
753557
753809
753810
753884
753902
753920
753938
754083
754190
754238
754320
754476
754544
755007
755322
755710
755763
756103
756338
756431
756448
756538
756590
756592
756758
756781
757066
757208
757274
757399
757443
757495
757761
757885
758007
758031
758172
758313
758340
758342
758477
758589
758671
758901
758933
758993
759229
759353
759355
759496
759691
759715
759754
759883
759998
760047
760133
760148
760161
760297
760568
760697
760997
761142
761143
761228
761499
761526
761760
761956
762041
762171
762185
762200
762548
762690
762795
763014
763045
763067
763082
763171
763231
763300
763302
763349
763514
764116
764185
764280
764297
764300
764308
764331
764344
764439
764592
764705
764717
764767
764825
764889
764907
765170
765176
765206
765225
765512
765520
765696
765753
766017
766077
766374
766406
766422
766906
767143
767186
767261
767629
767663
768005
768102
768130
768517
768570
768617
768757
768819
768851
768891
768981
769043
769149
769262
769371
769417
769463
769558
769614
769655
769657
769684
769714
769725
769861
769979
770102
770170
770239
770329
770356
770460
771019
771298
771304
771332
771478
771609
771613
771615
771683
771787
771803
771955
772077
772078
772269
772522
772575
772590
772690
773003
773417
773515
773541
773552
773557
773623
773708
773737
773787
773842
773915
773973
774192
774367
774410
774437
774469
774618
774732
774862
775095
775342
775659
775746
775846
775878
776365
776449
777193
777329
777550
777883
778233
778444
778498
778762
778853
778930
778970
778996
779316
779374
779408
779505
779542
779646
779747
779776
779864
780004
780621
780675
780780
780837
781030
781120
781144
781451
781640
781742
781869
782021
782033
782126
782183
782319
782334
782386
782420
782637
782656
782670
782811
782812
782827
782888
782960
783005
783102
783170
783197
783210
783605
783610
783771
783798
783934
783984
783997
784151
784289
784319
784377
784439
784553
784784
784801
784972
785037
785195
785207
785427
785472
785739
785837
785858
785966
786013
786028
786071
786239
786255
786569
786691
786709
786754
786959
787010
787038
787147
787176
787204
787231
787573
787865
787889
787977
788024
788060
788149
788157
788313
788348
788506
788761
788867
788870
788961
788977
789012
789189
789222
789287
789310
789320
789364
789486
789542
789602
789665
789783
790204
790370
790528
790569
790649
790737
790903
791127
791177
791192
791252
791349
791435
791467
791505
791647
791897
791930
792091
792194
792225
792593
792708
792885
792904
793104
793252
793304
793352
793424
793580
793604
793945
793959
794028
794033
794044
794127
794216
794304
794321
794420
794627
794886
794950
795013
795072
795124
795339
795352
795385
795557
795569
795725
795798
795860
795886
795981
796066
796098
796146
796206
796216
796402
796449
796452
796459
796521
796570
796606
796765
796968
797097
797242
797271
797382
797391
797766
797767
797770
797837
797877
797982
797988
798070
798111
798124
798147
798163
798194
798238
798466
798640
798709
798793
798954
799008
799071
799148
799470
799620
799764
799908
799980
800161
800202
800284
800442
800606
800852
800883
800952
800986
801307
801436
801617
801875
801878
801880
802062
802070
802101
802131
802233
802260
802954
803107
803202
803357
803461
803495
803519
803788
803824
803824
803912
804066
804105
804141
804147
804205
804254
804283
804322
804387
804415
804422
804525
804599
804636
805124
805398
805418
805570
806028
806038
806155
806263
806305
806317
806322
806419
806521
806859
807066
807188
807332
807477
807486
807514
807620
807869
808182
808199
808200
808290
808538
808545
808714
808716
808718
808863
809049
809128
809160
809181
809213
809224
809234
809740
809780
810041
810185
810474
810481
810495
810718
810739
810858
810905
811077
811223
811308
811402
811414
811516
811608
811673
811876
811959
811966
811984
812371
812372
812389
812457
812470
812527
812683
812883
812968
813092
813224
813233
813267
813279
813280
813343
813390
813585
813637
813773
814023
814308
814372
814427
814495
814711
814737
814768
814941
815010
815137
815185
815250
815391
815463
815579
815746
815929
816166
816389
816546
816670
816677
816722
816813
817225
817370
817496
817736
817931
818043
818086
818152
818155
818215
818262
818284
818392
818437
818451
818510
818598
818646
818670
818679
818758
818855
818925
819216
819332
819464
819625
819630
819741
819748
819770
819783
819880
819902
820213
820439
820504
820531
820615
820751
820896
820975
821173
821230
821310
821454
821621
821692
821756
821858
821893
821961
822047
822098
822161
822225
822226
822306
822365
822409
822520
822569
822620
822665
822674
822830
822843
822881
822899
822934
823012
823112
823219
823248
823449
823494
823552
823556
823571
823695
823764
823950
824239
824336
824388
824432
824442
824471
824674
824831
824898
825325
825482
825590
825686
825833
825877
825985
826048
826080
826100
826474
826515
826529
826554
826595
826762
826802
826903
826955
826955
826984
827184
827196
827307
827317
827423
827487
827511
827750
827837
827995
828081
828150
828250
828371
828510
828544
828793
828819
828861
828869
828956
829066
829220
829242
829288
829388
829545
829560
829704
829943
830130
830345
830360
830553
830594
830683
830786
830799
831005
831454
831553
831643
831668
831768
832296
832413
832421
832424
832553
832566
832756
832839
832883
832912
832963
832988
833350
833689
833749
833861
833864
833886
833889
833954
834084
834183
834249
834260
834281
834479
834536
834542
834585
834704
834883
834958
835081
835120
835262
835305
835424
835445
835480
835610
835627
835694
835735
835784
835849
835916
835935
836025
836053
836166
836210
836330
836372
836640
836640
836669
836716
836764
836936
836976
837044
837073
837112
837221
837246
837300
837326
837469
837644
837722
837973
838069
838159
838187
838513
838527
838570
838604
838700
838752
838878
839032
839077
839140
839218
839226
839389
839408
839520
839641
839714
839722
839808
839908
840039
840212
840252
840282
840331
840359
840550
840796
840971
841017
841184
841322
841377
841389
841599
841786
841871
842022
842154
842256
842501
842596
842705
842816
842824
842843
843001
843194
843408
843442
843576
843615
843743
843857
843986
844141
844155
844382
844610
844610
844699
844857
844889
844915
844926
845035
845075
845083
845087
845201
845233
845430
845477
845715
845958
846092
846153
846176
846258
846264
846350
846425
846688
846698
846750
846892
846900
846929
847350
847484
847561
847606
847636
847786
847794
847822
848022
848075
848345
848384
848619
848761
848828
848869
849045
849131
849551
849627
849634
849655
849783
849897
849997
850051
850211
850353
850435
850468
850478
850733
850794
850950
850983
851134
851422
851457
851556
851704
851717
851754
851817
851904
851937
852045
852065
852163
852165
852406
852437
852439
852489
852844
852907
852928
853116
853146
853158
853283
853304
853307
853439
853519
853703
853912
853994
854170
854396
854447
854576
854602
854865
854870
854900
854906
854995
855058
855164
855418
855450
855457
855469
855499
855510
855758
855950
855981
856138
856144
856216
856375
856527
856559
856685
856826
856917
857148
857167
857186
857223
857257
857302
857314
857340
857517
857626
857647
857972
857978
857998
858017
858163
858248
858318
858401
858406
858426
858449
858535
858548
858625
858942
859152
859153
859189
859245
859369
859416
859439
859823
859992
860057
860355
860378
860473
860544
860577
860685
860836
860837
860857
860963
861066
861111
861133
861199
861212
861421
861439
861501
861875
861943
861949
862202
862202
862316
862582
862604
862611
862617
862892
862911
862968
863042
863165
863475
863925
863981
864042
864250
864281
864282
864377
864382
864477
864683
864761
864953
864979
865058
865134
865247
865515
865553
865569
865691
866046
866134
866159
866185
866306
866377
866480
866627
866731
866924
867002
867086
867144
867179
867331
867340
867410
867469
867661
867713
867754
867757
867790
867799
867834
867853
867910
868238
868345
868375
868533
868798
868957
868974
869049
869156
869204
869488
869641
869653
869938
869977
869996
869996
870310
870334
870437
870506
870645
870685
870691
870719
870914
870918
871138
871266
871350
871366
871372
871380
871510
871576
871586
871612
871673
871675
871835
872136
872399
872453
872522
872528
872573
872663
872679
873181
873257
873299
873330
873397
873576
873631
873683
873690
873691
873720
873864
873920
873925
874007
874015
874055
874076
874093
874309
874327
874339
874469
874615
874706
874719
874833
874847
874886
874914
875038
875162
875280
875282
875359
875424
875437
875456
875500
875595
875706
875934
876001
876196
876199
876210
876357
876402
876509
876582
876608
876674
876748
876760
877039
877304
877592
877704
877789
877893
877911
878046
878111
878334
878391
878445
878603
878741
878966
879044
879070
879155
879235
879688
879818
879996
880036
880042
880127
880204
880246
880290
880309
880318
880571
880778
880873
880983
880984
881146
881482
881670
881692
881728
881731
881742
881818
881867
881898
882063
882096
882100
882102
882179
882212
882218
882241
882272
882385
882463
882490
882556
882560
882740
882793
882898
883036
883041
883150
883154
883159
883607
883619
883636
883638
883952
884000
884087
884279
884353
884389
884394
884419
884490
884512
884690
884706
884734
884736
884743
884786
884874
885070
885189
885504
885616
885639
885773
885941
885990
886083
886244
886282
886287
886328
886702
886716
887174
887390
887551
887564
887606
887613
887934
888011
888029
888063
888089
888197
888491
888605
888771
889033
889143
889157
889285
889285
889352
889353
889434
889452
889459
889494
889518
889550
889660
889701
889932
889999
890018
890185
890318
890754
890825
891054
891077
891131
891155
891166
891186
891212
891242
891244
891376
891425
891443
891516
891565
891635
891676
891692
892073
892378
892415
892531
892569
892609
892658
892905
893008
893050
893144
893204
893235
893465
893517
893533
893534
893702
893763
894069
894081
894156
894190
894408
894657
894680
894700
894725
895340
895497
895543
895629
895637
895849
895896
895933
895976
895992
896032
896198
896275
896392
896479
896653
896681
896698
896811
897012
897025
897075
897134
897160
897284
897612
897654
897689
897694
897769
897897
898053
898059
898063
898195
898221
898229
898245
898340
898514
898827
898872
898974
899081
899300
899321
899408
899441
899535
899603
899608
899641
899833
899869
900199
900300
900346
900479
900592
900646
900953
900998
901016
901059
901251
901326
901350
901390
901396
901503
901704
901742
901788
901901
901906
901963
902069
902216
902440
902667
902692
902707
902921
902962
903083
903112
903114
903120
903172
903282
903321
903455
903473
903499
903571
903610
903749
903787
903864
903966
904026
904197
904272
904337
904551
904679
904787
904845
904851
904969
905130
905217
905255
905335
905405
905451
905616
905885
905937
906180
906256
906293
906320
906352
906439
906464
906573
906637
906776
906803
906897
906956
907034
907055
907367
907434
907597
907606
907648
907667
907690
907806
907965
908112
908298
908403
908538
908689
908770
908775
909118
909173
909381
909443
909467
909570
909626
909695
909709
910115
910136
910164
910342
910371
910680
910927
911149
911222
911391
911445
911631
911707
911738
911754
911767
911880
911919
911924
912157
912273
912352
912392
912535
912634
912645
912654
912657
912751
912773
912802
912904
913008
913091
913127
913538
913549
913602
913655
913972
914071
914137
914280
914357
914472
914518
914946
915004
915166
915181
915275
915483
915565
915654
915735
915737
915843
915973
916014
916066
916172
916172
916523
916550
916680
916707
916712
916964
917163
917318
917324
917360
917464
917489
917499
917576
917730
917843
917857
917907
917976
918048
918086
918153
918168
918330
918467
918508
918568
918648
918669
918763
919083
919364
919410
919415
919417
919456
919500
919525
919590
919696
919857
919975
920152
920230
920287
920556
920700
920940
921324
921405
921501
921518
921531
921555
921618
921730
921881
921896
921992
922135
922185
922232
922297
922765
922829
923011
923071
923106
923307
923432
923455
923470
923538
923574
923643
923725
923730
923818
924132
924399
924526
924584
924590
924906
924975
924985
925199
925287
925442
925563
925646
925872
925877
925894
926023
926123
926261
926270
926421
926638
926692
926789
926792
926963
927296
927566
927671
927819
928056
928655
928669
928679
928691
928741
928899
929051
929080
929105
929152
929253
929291
929310
929467
929644
929707
929709
929934
929996
930006
930117
930119
930282
930300
930440
930678
930679
930792
930870
930903
930967
931101
931714
931804
931826
931833
931864
932256
932326
932493
932495
932575
932780
932897
932932
932965
932966
933014
933192
933403
933474
933590
933688
933753
933756
933781
933799
933845
933963
934054
934138
934169
934264
934431
934558
934692
934715
934905
934933
934987
935012
935031
935083
935316
935484
935523
935626
935744
936031
936106
936129
936150
936199
936279
936310
936397
936538
936589
936645
936767
936880
936987
937017
937074
937099
937111
937125
937214
937320
937347
937350
937402
937457
937690
938118
938147
938383
938524
938783
939069
939318
939327
939463
939600
939764
939869
939977
940126
940241
940294
940373
940531
940699
940732
940894
940908
941021
941051
941128
941429
941436
941594
941611
941623
941687
941713
941918
942182
942374
942508
942550
942573
942701
942858
943004
943048
943050
943216
943218
943508
943582
943600
943904
944043
944122
944304
944617
944635
944696
944709
945195
945200
945301
945448
945538
945553
945917
946176
946330
946361
946537
946689
946781
946784
946983
946995
947146
947198
947209
947234
947332
947432
947570
947737
947946
947951
947977
947984
948091
948221
948314
948389
948442
948520
948542
948559
948652
948660
948733
948968
949009
949013
949082
949113
949257
949649
949676
949727
949876
950044
950058
950161
950262
950291
950401
950650
951052
951095
951144
951198
951374
951417
951437
951640
951676
951891
952000
952048
952179
952184
952269
952295
952382
952509
952902
952948
953052
953104
953161
953176
953345
953362
953384
953394
953433
953449
953485
953531
953554
953694
953769
953802
953835
953867
953925
954042
954090
954125
954167
954174
954412
954505
954786
954841
954867
954884
954900
955165
955172
955229
955258
955268
955556
955557
955618
955659
955872
955901
955990
956157
956273
956376
956414
956451
956596
956689
956806
956903
956979
957028
957052
957192
957574
957733
957826
957925
957997
958008
958023
958250
958298
958625
958798
959002
959004
959124
959198
959199
959332
959404
959427
959432
959651
959652
959755
959838
959956
960038
960618
960799
960900
960914
960991
961291
961373
961535
961565
961618
961816
961859
962012
962117
962205
962218
962242
962322
962323
962454
962534
962584
962644
962665
962713
962752
962795
962888
962913
962924
962970
962992
963038
963475
963576
963613
963741
963831
963899
963945
964052
964117
964200
964410
964508
964732
964857
964996
965122
965225
965228
965254
965356
965365
965565
965595
965759
965967
965969
966383
966388
966490
966564
966636
966693
966825
966875
966989
966998
967040
967201
967238
967263
967287
967355
967508
967608
967728
967801
967855
967956
968025
968121
968495
968500
968520
968777
968858
968939
969023
969118
969220
969261
969314
969392
969402
969746
969779
969798
970152
970213
970296
970319
970495
970538
970544
970754
970806
970871
970884
971070
971277
971362
971557
971561
971563
971719
971726
971857
971919
971926
971961
972060
972140
972214
972252
972384
972650
972660
972832
973200
973548
973621
973688
973712
973932
973932
973985
974078
974138
974140
974264
974386
974501
974507
974517
974643
974671
974702
974714
974720
974724
974855
974897
974917
974928
975074
975083
975242
975433
975485
975660
975678
975680
975704
975745
975749
975790
975809
975836
975987
976102
976163
976174
976226
976411
976460
976568
976740
976741
976827
976837
976841
976936
977402
977405
977407
977487
977702
977792
977940
978255
978435
978460
978516
978640
978662
978846
978999
979252
979603
979613
979619
979631
979787
980170
980197
980398
980570
980660
980669
980713
980725
980846
980852
980998
981003
981198
981413
981511
981522
981658
981883
982054
982411
982787
982805
982815
982931
983604
983605
983690
983690
983777
983835
983998
984059
984090
984209
984436
984514
984613
984679
984696
984791
984833
984849
984849
984878
984945
984974
985243
985254
985332
985464
985476
985520
985644
985681
985684
985928
985938
986066
986127
986217
986300
986315
986353
986492
986608
986625
986661
986904
986986
987076
987145
987167
987335
987497
987531
987741
987751
988217
988271
988332
988462
988475
988484
988549
988618
988817
988819
988869
989093
989157
989177
989217
989496
989504
989589
989629
989772
989930
990084
990109
990359
990391
990456
990507
990534
990809
990959
990972
991073
991083
991115
991356
991403
991462
991479
991541
991543
991588
991638
991700
991845
991861
991990
992027
992041
992144
992189
992504
992562
992589
992618
992623
992896
992953
993398
993528
993653
993761
993982
994018
994031
994034
994142
994143
994307
994660
994757
994772
994827
995080
995087
995113
995217
995261
995263
995270
995377
995381
995418
995478
995625
995736
995820
996690
996728
996751
996986
997146
997159
997423
997424
997597
997606
998007
998009
998071
998076
998102
998211
998214
998273
998381
998426
998458
998693
998869
998954
998959
999020
999030
999075
999081
999283
999321
999455
999459
999536
999542
999781
999797