543745
798173
622402
905376
214205
874271
186610
442176
70974
611308
729841
348264
293911
967855
385957
198617
880751
718237
674450
570341
729884
36525
130233
963526
984669
93906
447242
467981
691983
351061
586282
70618
97612
68170
503403
538644
171259
521853
878236
906668
165885
192053
977734
890868
952581
404857
21199
215609
689932
376222
500172
542973
861844
130753
670272
871735
316821
609271
160150
271654
498512
323304
9409
666228
615083
530932
545228
783599
722143
132275
580878
242334
510587
758670
507783
47650
284469
70521
961503
627734
369949
399436
535432
840881
114933
259097
762748
66034
373547
238357
949447
213995
81714
8003
356213
445565
517905
554835
306919
34275
835067
800256
422794
595391
158640
167738
223114
909325
497475
571309
8346
501910
178447
852474
98154
959984
313466
455932
799478
114438
909563
47577
682918
818046
371121
626974
184125
571112
550797
479526
582110
444954
891201
510735
54433
540234
575443
564076
464372
106804
737976
228052
450701
635935
291890
222177
50064
845954
521629
594078
592414
345147
784591
518169
901524
169184
197713
574976
860069
669580
692615
125138
750016
314319
897088
933714
138950
477424
678631
996905
739243
636355
118991
843168
405764
271762
732673
554557
335854
861913
329640
124410
86666
215204
954671
523005
981668
336693
939604
646801
41879
608845
960083
38807
647588
266344
385675
747242
977129
432486
983284
517097
178232
138801
543027
469087
732742
189147
422387
35804
713622
573408
924686
325438
137034
598742
392276
220137
968139
995965
702954
181313
102151
83537
5295
757263
567644
910832
234429
429165
351790
881284
55490
647733
181212
822720
15927
215994
434385
270863
323880
762440
100223
825026
137591
185935
868542
463450
694117
993354
809053
502178
465910
861380
772385
50632
63756
501360
990188
820136
434127
234953
411123
718510
164408
754491
531394
101081
137185
686779
660005
488265
757037
110087
172842
611585
825161
334269
513963
37239
438180
582065
339856
54714
544809
154751
695354
76128
518533
953270
67789
734832
980758
497731
854476
251310
515180
611098
293529
253547
909712
994691
147191
622410
933716
211636
96542
16250
226252
497049
808056
918545
67752
481678
536638
369848
527102
259921
134348
693765
87873
668834
347450
710788
122090
746887
190683
582207
951477
767953
492543
446075
461407
43454
387546
709600
792149
583317
16718
300950
372931
340539
405259
910857
839940
775493
28459
454233
522415
512357
901114
367863
949305
968850
422017
204876
902229
632952
216484
418613
869674
227412
764722
670257
67635
374332
260915
913374
124477
591312
91485
553616
798757
571616
555976
12846
665818
869300
649215
903643
93565
183597
911602
886572
862371
473360
613828
942213
48205
305456
273222
453227
650975
814267
733234
752355
127104
594503
5743
836599
197938
565895
691692
365285
895776
962525
482970
748660
40321
756883
56936
358095
511549
157018
316494
500978
58313
133753
601866
31940
795073
337522
890864
328610
479785
72934
892930
846993
721567
464497
826160
269917
486778
121342
44041
485512
616472
648309
716000
827404
451699
822409
104997
458137
859110
744995
485560
910277
255906
919107
753279
104496
699988
86100
488483
908763
206634
843388
651257
368124
585076
532295
138201
599933
868363
322736
657479
836059
534338
702224
605819
635364
728055
770900
244678
893610
620225
782562
590891
895748
995246
224880
682084
239086
573506
136258
661389
306740
148395
125393
505460
584531
11189
775074
268395
46208
396811
828098
703222
466421
394087
834608
824361
797619
477845
442081
724558
40545
262209
711190
327224
405438
935675
952666
22570
767946
972818
727718
165637
891262
351866
861032
181694
371804
793859
544236
929098
126236
334751
483849
898388
356085
93504
258633
525456
265340
746899
384748
60422
991896
445765
739086
939122
301019
743836
660307
904675
214900
240916
334754
179091
685685
304338
699245
154954
132253
893960
500812
970546
592613
317193
631107
93440
639368
447540
661856
355345
386281
35575
33499
585475
119655
809957
71936
150995
23303
419538
391374
351243
162668
246490
350259
748231
787958
83345
835333
118886
208183
415116
479359
750132
161346
455445
19016
512313
594091
301699
90349
357116
458529
188108
740048
869324
566597
211904
617295
281513
28414
612799
900910
405443
333726
570043
847541
854657
493397
564901
930714
823788
240717
709316
185288
224769
692321
74410
130000
639196
509461
338213
645158
714720
130017
685529
652167
220096
599480
153538
414011
876181
457944
845412
21106
580628
230797
343478
215532
930260
42050
945091
518217
475538
945990
925816
322408
747832
34677
971024
459045
378396
344021
400246
106385
7812
748566
194527
83925
303576
509818
103762
153068
605749
448088
442288
21387
297160
88804
997546
893610
230207
10148
244643
531
659474
13526
585531
540370
414293
139142
665037
402938
480044
338168
665946
937348
118953
261269
514858
845949
603589
658331
942589
63617
978117
716068
808315
930900
984247
623922
627229
717396
783346
941507
443054
486093
991384
907895
393370
70319
309341
295292
86239
555755
924947
905592
435735
906043
24292
185548
271003
313017
407046
756597
873374
915210
776586
700790
5631
66795
193672
701565
186182
702856
693
621266
551894
239313
90710
760360
741842
543825
292828
152644
944373
20502
310500
904887
636035
683331
377858
519388
761446
461998
381466
90130
416176
985280
699016
773343
517812
942139
586786
804030
258789
926616
547231
721347
393610
224540
174377
689590
441378
897238
720640
235632
468646
787558
685739
109085
163784
6863
208868
400083
114755
13
457516
302179
941614
162044
779132
279549
375498
215295
743607
178922
15273
283145
794715
795533
343318
757127
266420
640425
748101
106993
135901
415890
604790
743702
217404
460703
168220
561241
176397
784522
776519
53645
844973
599105
591086
207867
512633
288948
810615
850583
81137
371403
968018
991924
189200
68720
645776
522326
410426
556696
497080
20408
952158
775690
954042
459097
413045
945414
685455
621478
940907
972263
670094
309964
380098
254599
378322
509078
489270
426755
385688
870956
209608
156899
201309
743325
337312
973632
988493
955638
130522
970558
677835
176403
667942
989908
585952
388442
451448
768342
463567
297076
318648
216675
737565
430156
676675
844492
181477
816230
375669
37389
795458
787700
935354
11593
355893
735171
46274
823737
823908
802781
100477
714066
595538
91162
184699
704550
368555
389940
769745
548821
668036
713863
590078
247321
47585
306546
514804
141668
691915
760117
680936
799422
765767
760339
779002
127815
317845
334273
853039
33448
305549
265642
704438
212465
945602
173513
630245
496231
982492
320615
439139
513704
553246
174042
571743
396563
771067
304816
339063
564058
294311
41378
935215
290039
23416
714404
61714
562887
142638
160728
280749
881299
160757
689507
827629
640987
144943
511126
916844
564108
850971
326207
793583
366404
744573
675112
646362
50906
880536
719237
718090
254
195655
475529
854766
638127
276287
169734
605406
494903
900371
786347
210211
745198
726064
451016
998883
124238
814122
587104
847799
821182
181970
188008
104682
151657
566807
356489
698944
789106
681979
930745
270177
626397
696563
325590
777914
507133
819457
203462
902228
964857
862244
313121
909846
916340
537556
765077
638836
877759
201804
491790
828216
34734
785275
425318
215591
247427
53412
582930
34701
580071
720070
663442
515736
378027
248151
444179
520806
984888
305429
735490
552380
723634
305616
570281
7973
300509
676596
495684
636598
645606
918399
949772
799214
520045
550273
210647
743358
396492
532041
208971
633167
623105
561106
429771
266715
780542
457669
29872
679788
814619
230992
658982
841280
48625
354727
215429
935083
177009
264162
483800
124682
673213
535624
393836
49240
436702
137579
970290
683926
673527
298856
69674
683454
810620
850484
59571
462184
373454
750337
345633
660812
734366
206688
296867
238870
472300
57498
385668
34753
910619
861383
861628
983420
533863
436684
912269
331185
856878
572063
737220
755883
488818
965539
699809
298224
672700
424361
3065
697455
347578
710291
418973
468132
600928
834233
239129
521610
833667
693527
797818
810292
663642
927314
520294
15062
323900
856625
266420
559581
859873
215772
688813
51342
893319
477448
529987
627750
841016
818563
477630
531287
780801
490214
561691
916884
485923
18126
893773
445421
491036
779710
891060
278813
537855
71842
637
250821
626061
637185
97942
491949
990689
812113
477233
937682
755596
763052
119197
112056
607523
28590
364034
23705
539967
763778
715336
710570
753049
857696
672853
56473
966222
831865
558367
20272
921013
122069
696183
246985
453758
441316
364811
990734
443296
470279
180324
470836
557946
147309
497159
34534
533195
568866
860368
421651
439735
95932
222015
96935
989639
703878
794656
250244
980699
384716
186947
157890
11626
320237
79343
753393
786993
100804
170172
405650
28659
486973
167061
931198
175437
442327
829652
192706
982697
549326
803941
332199
244259
858919
286128
431954
346780
218945
753118
24865
289711
814026
770073
865685
44817
553984
871675
370876
738636
737206
693595
38855
491769
774201
494074
61986
115166
64709
322718
93058
754834
456152
849467
716675
260528
257606
726511
700496
859501
821798
534462
930915
167577
561624
275788
163038
942854
165928
749356
344867
290096
753642
175029
922858
579002
58234
312072
38021
708027
985319
535834
715222
297280
702651
80880
559484
804769
492380
267705
724928
910136
777683
970524
608081
815153
426937
437827
213299
540894
860219
673166
444059
676367
748136
398402
293111
439973
867648
229360
460448
77643
122305
587760
868268
764408
897228
401309
686214
137130
426900
630085
116588
611125
94067
861680
206189
129743
972167
266819
940099
504024
983141
884240
645759
617954
520182
952415
865460
873388
167529
550071
83923
319298
147399
278825
523213
330891
779065
744007
22757
294138
347157
99345
500428
863473
315690
582503
341304
190496
61996
477569
128265
484432
659975
978343
542273
441546
341615
182161
262980
977342
918880
782200
88503
455791
813766
210436
833039
845670
94926
37537
786062
40942
497133
28980
724749
69353
404821
900795
423839
581981
74550
493195
766021
942155
261704
46573
489903
983441
466891
69314
716643
822922
661484
631771
306667
656637
47746
935225
659182
240731
954884
103292
22020
595103
162372
266557
64695
586006
960297
11838
362933
391091
247505
677841
720082
450678
209451
30778
899099
709349
59088
138934
923733
693084
173455
438204
4230
23266
281666
315473
511263
604372
413644
223801
302221
486166
995240
147494
686623
97024
937087
327113
178026
605311
39169
653673
671577
98108
600178
38640
71382
795124
605930
726610
396639
422646
124584
213725
558688
464458
16308
122181
992695
673125
582600
559091
774723
854391
371995
645663
97422
574230
516992
115174
558225
695608
641504
520605
271966
363095
479792
840063
898368
166382
435592
397683
362697
279489
10712
188219
191056
765357
616128
736472
474407
360642
361963
155679
407957
372152
832217
136135
587733
684710
977316
832738
870721
246910
411244
734606
806913
503642
884997
983890
575262
111806
881540
276649
535800
134672
235285
829822
948341
743413
449863
92589
934878
574075
421053
182483
203417
950089
543656
137258
791141
926658
226336
652653
714779
88417
770969
483915
857022
189122
240882
894854
461705
15689
339598
360332
417833
647767
720485
763136
86719
913117
690544
61941
49405
129375
657033
186523
922546
845919
161584
334521
975043
688235
237845
316383
59585
603867
677448
995090
813937
977483
171169
534318
165380
864811
584806
813388
556278
748768
957045
548475
647228
705547
584083
829409
622114
790513
755600
434421
824989
988148
174404
497912
107864
245545
367865
488089
636092
513358
75869
697738
779686
509949
490875
905045
391386
367430
289790
654018
963606
495295
989084
780075
912952
678692
671181
148
848583
49548
329412
338573
729792
66771
71604
814357
152391
87962
365699
860240
869032
617952
352624
433910
832196
837843
153972
829754
164123
950698
68962
861387
444564
914128
124411
118083
834011
68853
102043
515058
100491
964079
732453
886258
992161
861782
415414
784585
711759
720582
139397
945840
613404
42474
90870
966803
309139
586074
203791
758664
627261
224801
663991
531295
822979
369196
947485
362416
209037
224182
559873
306369
910423
869546
282080
808556
112802
25236
828108
229470
303836
549100
825163
561892
141420
444335
895035
284644
814935
572361
112667
753624
959157
885258
185336
514914
885784
114581
765365
413484
38511
590604
951768
840327
225140
537259
854846
832295
655425
108707
811237
369722
699920
381889
432923
507185
391302
450406
637736
889062
801134
15876
97105
353450
307501
40229
409605
885001
32116
74188
718651
136251
694148
986591
551359
776862
968754
575440
742410
685106
233319
897179
280673
124556
731057
715513
853929
629055
968782
360227
336159
102762
473094
237913
348052
471414
83291
155350
271156
9202
328039
893809
886216
333049
414709
95159
905469
85752
107132
739111
953215
426440
554819
5008
347483
383357
794561
185477
509067
370318
663091
407835
842862
859091
602234
787228
81863
290290
845725
129297
913134
21782
468652
449555
139638
794454
161973
168429
656022
569490
831451
88516
850267
716886
826416
893152
93045
172105
740604
888470
982577
123560
15104
141875
982534
354435
140628
630679
553172
548345
388043
294410
148170
3374
609612
581712
355725
390400
460527
551650
702752
103181
129424
299605
636892
119095
669810
762144
600745
833267
894553
851088
767536
629723
608450
988669
465839
198200
603183
704961
974398
580748
519631
461508
24336
83374
993805
309659
800128
245192
10892
397046
416578
633479
789650
977337
323544
393648
903439
380301
321315
762334
680419
541628
649322
101291
59744
158064
622214
95076
775938
753800
309789
990711
778365
835383
408734
855698
278750
252432
956921
218386
46629
832831
147450
413190
764993
84729
264064
669039
295516
611306
411953
422007
795400
802028
834102
260531
105810
239868
838139
416052
733029
894434
506981
744091
511873
571698
501272
415489
484183
609662
149498
261417
276041
731504
122186
371754
277234
346456
58105
304009
455431
102547
169450
59645
747081
158211
170894
553341
995836
735376
325266
886245
831618
287087
485021
619367
217203
86173
174306
514827
367252
610506
950692
657928
756478
606325
127382
688150
43638
248212
625022
924612
19496
514555
905967
571396
988291
866289
213998
792491
2762
202078
532496
190953
232580
567669
192903
239607
112312
454431
737387
282186
916146
888785
143173
3454
990469
396555
830367
900977
774016
820572
611451
153189
858385
42760
593522
94407
777082
239778
259225
863935
954066
222959
969797
212952
622635
926717
936680
427775
653495
4171
878732
206405
769693
453963
147092
461296
260489
456462
520361
257386
723682
953182
159637
928715
356899
339959
162867
793687
703825
270471
403569
386780
477098
101357
745544
88094
207751
113994
384153
669974
29335
23574
906920
742803
400366
458105
720226
745153
88306
324155
143643
693594
424344
503185
96032
312973
37803
777132
609145
23749
229600
678156
652384
261609
580125
950079
249152
657708
371515
943517
245271
207771
39971
793310
199737
358960
707624
335687
735484
832468
950195
529486
892760
55922
391243
460333
528568
900618
490426
208210
413343
631935
901923
415944
678847
874265
723280
228926
847671
811823
844748
196720
194344
217409
456797
385245
870404
292078
177893
154399
996939
110209
634695
55974
198042
354793
52667
875259
537920
758358
86713
206541
543692
451556
43097
113765
862279
677682
793864
35889
294009
584661
256703
762305
775645
100959
16919
438380
624833
986900
740154
340845
442966
517972
790686
690450
380661
527959
626091
293092
97181
876387
890597
926900
670631
759908
234139
391570
737543
832390
680368
879944
778047
714045
493351
176104
558444
920077
670740
692707
406598
849178
433688
535994
501014
562791
219215
109848
143035
925278
948376
202228
705196
423221
673246
516489
384551
414820
820393
138752
534595
145503
184738
677067
486149
631211
373133
980286
363979
513500
565227
78678
797835
373301
897600
392284
587045
659112
837678
99726
573078
283188
866669
591837
971497
342188
235921
201793
355009
840201
194127
485025
639176
758290
883515
695709
605574
592293
281968
741777
83406
484509
473988
975796
542434
863642
87189
721348
331188
134899
433805
266963
425226
554476
78866
913672
183656
475992
466968
334130
418076
758381
865232
881414
758736
420003
151518
855041
394995
571408
296438
240466
211452
466061
899556
491518
681915
260428
318617
50826
313590
800704
538775
547583
621668
99498
366229
302768
244703
231056
810380
840938
354280
769898
654751
46894
311700
482803
389006
821289
805442
134784
563009
773182
415364
275981
776074
962166
79956
502737
485528
512401
631735
650186
610109
557030
161283
590038
662427
946734
718577
655036
776620
901096
489833
25629
846513
599538
812004
579252
126843
797004
310819
439686
944119
349502
990112
489607
151336
732127
175405
913463
936436
764810
812557
251409
788575
626128
735681
523436
912450
348103
607641
892634
60390
472948
220043
749488
312575
993108
670801
153110
524371
618197
630217
264087
56247
354465
613240
48397
325822
860672
109102
391625
830468
477583
493785
44305
181093
748416
7769
798217
994295
257453
685078
922922
809551
50251
742496
54217
461834
982705
444094
74439
46787
840050
418112
103941
781836
912844
145781
298011
34679
195966
652735
102342
452094
139887
13045
362676
764435
837066
200183
593524
27861
521483
507828
791701
298277
417253
574184
418029
575091
193516
744830
365313
96048
638953
982598
119102
767410
131984
756269
688764
225154
942064
90697
877961
680244
802592
690065
722292
693456
92452
257677
485414
643650
573838
431168
596162
508235
242833
146344
33415
461549
708145
140967
624584
675795
445845
313072
423719
242303
3785
652517
233974
836057
735233
572958
741239
948929
407050
96517
100615
643096
594939
19638
370880
214761
939137
637271
78036
574898
251871
726699
770266
813873
20403
279991
437279
316808
779326
312067
978854
252907
308267
184020
857737
455169
628198
119834
654442
789764
434732
999249
665257
164779
309794
91946
511552
487609
686596
415098
474947
881411
262912
113942
460230
986566
391891
902002
87302
220372
35341
280890
663802
131475
360749
724293
107753
541264
767002
525225
58048
336897
412073
776784
685023
479554
494234
78594
544856
146315
695123
933945
382080
490774
931556
270342
66640
210083
817489
485398
980848
419765
107179
921716
407295
38910
190083
872038
506852
688961
837924
771147
226622
702498
43400
505371
487316
635879
52612
56733
429857
978913
97819
674802
945073
74515
361343
512825
72616
634887
988816
852686
130648
896746
290454
199466
503932
654068
166514
575317
788626
409412
422797
148468
368788
193464
526861
540581
748938
40974
470485
568244
279234
622818
807556
390286
388642
408554
752190
579299
964038
402205
444561
771415
95820
132460
448148
5333
848732
796624
343309
129743
604185
368591
92561
604284
535796
300724
938801
835754
976896
174100
801827
273228
459017
353047
864906
757251
669900
733207
202297
672650
826749
559641
723009
418694
660030
677969
339900
7711
29553
124906
179369
384935
858395
465454
112598
122944
259655
137880
743945
331748
587816
468294
936820
123348
385290
646458
485741
312196
587939
183288
533343
825613
464207
643658
516268
684101
332953
287003
849091
963041
400044
303022
533862
223361
542799
857969
760629
527735
580969
562464
332509
267751
830632
692647
980276
722855
835404
729467
512272
25603
14268
447316
55879
193558
358248
865763
979935
143985
97242
961655
475239
985196
232588
741664
948943
440416
94407
622688
424637
249117
105455
138885
880023
40267
701346
806853
339850
933955
299423
176642
84576
964902
598268
327333
895686
901956
143895
826379
159196
217768
413021
82563
427030
89443
150260
878516
193072
472831
625278
116908
661936
822495
889134
687900
227808
111979
274010
909104
460325
85153
448123
700335
478772
23586
230599
624555
352871
534616
916331
90425
288731
144334
121202
951104
449003
301021
111464
741973
147536
371109
33278
278951
742164
417107
649507
165886
299612
987226
94062
468444
26059
333143
47204
414065
607533
561003
314408
456134
753951
637010
524262
965922
20583
630240
594481
920273
390088
124266
947300
83669
5708
501585
775629
512329
382123
234373
612347
20346
407297
638678
268641
467442
917407
871905
689748
823357
424283
864010
167255
152786
142431
761105
105234
350524
813545
316321
91343
226842
671393
59896
897060
355767
917215
739025
903263
639614
188545
896588
117625
713185
61516
377237
151741
34992
153549
165383
559418
801727
655732
970196
185040
985067
526720
593100
783766
590429
772858
678358
303934
745415
408828
528019
792049
754832
335842
207160
969761
117265
176677
830114
498490
328200
116501
841567
755834
452841
190288
938880
847909
34284
832417
906475
829295
883681
835108
488135
928150
59704
712345
987076
934906
423090
272530
822548
396040
342167
213919
424666
342771
657193
230701
104887
657863
983286
221052
561688
282736
127484
260133
158415
876781
209573
287303
677411
465464
714334
463775
466713
537746
297675
727574
148312
892589
560233
935789
419839
919180
49211
139845
593061
901172
251958
234278
940185
470893
56100
526707
952053
331180
211263
607039
422801
809369
482974
698456
209983
177894
257025
701335
923167
394708
776040
903058
90594
992065
624251
41910
434905
76585
942783
189036
23134
125171
933710
168795
253051
307903
904134
510957
114725
935613
978154
547602
790250
762830
164563
841952
66659
190440
177524
194524
907464
801703
818465
135884
631957
755740
182948
560217
641765
143039
564530
353884
566916
900615
302810
819235
244227
514413
911955
168189
769332
393072
971955
632952
695081
284257
866160
429901
506142
427974
857396
871169
282448
954521
230938
308230
519078
274828
63525
812555
527423
999149
500416
864009
371944
106649
604540
2716
790788
573856
189498
423379
569476
714057
847409
26526
876125
825090
196677
113640
332463
727913
152235
514455
678405
800987
40389
77216
424322
969748
952442
157994
915866
212675
878658
391594
937406
438422
333682
78349
338307
88327
707421
756112
254559
630757
847473
899223
164758
695666
839266
594764
575148
158807
922154
335333
649949
708151
102098
905044
678368
232354
183391
361569
950679
603160
497239
99800
825107
941761
812254
456112
188190
469152
316369
873589
849840
362504
299331
996040
742190
930176
591035
634333
891207
309951
230575
749719
829276
934796
511841
59893
79928
638645
532537
893090
225875
246959
156791
287419
203829
875849
166225
796793
65837
538873
7260
808818
497702
696515
237001
665774
903513
461820
992153
187630
40964
839344
184435
124204
514826
518674
286483
797975
200061
506080
863166
71839
240129
92854
301675
561199
447969
586256
920676
246192
820781
8887
859679
145780
190356
689756
255984
460008
980164
418864
205646
130958
170128
397406
996549
182545
387520
13964
645216
192200
619117
903413
419865
911984
793793
650431
812071
573998
407756
32681
797391
545930
81081
92686
95043
220778
687148
255389
851756
79391
451247
761477
122398
740634
285670
528736
230826
45389
152915
453307
98284
918184
271282
470305
677761
911230
713859
333728
489460
538645
654857
83965
512881
359018
700695
969147
395912
514995
501118
724804
148033
80019
440228
775457
847959
141998
380534
798818
103556
96975
740823
975634
637071
214754
768793
230543
615618
855000
15974
716643
998550
303459
710547
322436
960177
993618
703983
607914
576354
694736
196266
241971
743958
732306
105685
466859
689301
585783
504920
46895
883562
693285
250072
935990
24289
895215
934365
646983
878294
537376
926948
83957
237092
663365
721515
425659
688143
721452
100170
622829
363759
277532
192375
39499
188041
207197
518148
834291
619812
142248
921522
719177
16814
894764
665817
764846
433223
922528
54775
557945
774006
198688
972691
228918
765967
193946
25818
617159
894966
438995
250336
588474
79535
141657
407310
283350
269449
604768
139354
60976
915507
614045
721688
854423
926887
909824
766551
499890
544434
480455
452550
599732
941798
315768
540278
743080
711814
522597
422037
325855
669267
354499
750568
417833
909493
40418
539475
56374
469033
563223
240614
812816
456920
983704
998665
27854
828091
168153
184309
883575
758886
821019
283621
67401
648325
410788
496869
870463
597978
380171
64556
112504
487305
899546
808978
715182
886445
649262
232782
18462
459177
45655
864453
620745
140284
76072
126786
193112
491148
24822
315013
319643
297297
376096
65983
447069
552575
893962
315357
855585
603526
562017
194771
398188
282379
609392
12522
685363
407210
427803
953821
690682
428786
555169
50391
80991
841364
189134
818931
331307
81425
991539
818924
906502
694439
17827
897142
147594
957141
394747
496414
947460
991071
31653
509509
155211
16772
893557
158473
779923
304902
829374
996690
120445
72628
851314
641934
758791
668494
369003
137551
56797
61439
354504
99818
211340
54118
52997
931141
354290
890674
534238
64095
963223
495917
999094
71008
13375
393114
342261
165223
620904
455390
147516
163466
546845
252329
587302
927883
440306
912488
325789
570780
722263
497387
504837
877299
547795
315694
431253
142958
808229
721981
561081
521452
459314
789848
539507
425590
59019
247030
384236
889693
724155
320247
126808
988093
992087
740123
52007
274175
304581
160628
548028
405991
220535
503217
695147
750236
165788
161347
122797
434009
668344
31888
686936
384119
775233
712424
39518
415275
220783
410832
38824
159602
827004
764063
630573
730636
604785
202470
342307
436016
45844
200789
234073
191139
167784
442523
884486
646108
931685
602878
210626
601584
187151
92672
925559
925454
630349
439963
888581
572382
278868
814238
90689
987030
369015
542745
347151
338468
929805
14992
972051
637225
761976
600501
645201
446106
840743
806501
82435
282161
303218
237391
158597
710253
745466
909693
581922
670668
88039
954193
517683
144158
852611
215384
359307
261989
632042
231689
540378
977362
503649
789864
932698
368748
835658
468277
170174
566552
705487
253076
391634
797147
235782
844988
659001
467292
730618
400703
687983
694603
605318
693717
858392
573200
798395
362350
173336
701265
286082
529048
322171
176214
716348
806696
517118
196702
442078
242877
177454
907758
978584
441932
387893
785542
568055
556311
463906
763146
610074
415091
993491
111099
853181
421351
733667
942405
33786
312045
881911
425853
842687
339264
496812
149004
35813
255209
621692
451673
538222
649905
554800
793621
430364
886856
466072
210386
173944
417837
877179
350930
94775
999866
37710
837129
974889
252301
185126
554542
511343
25279
813734
125976
297360
650130
146528
628494
685456
576206
277368
623137
873568
296493
546562
73138
524130
461292
907099
169020
147686
254132
679946
551590
919540
811032
19229
532215
534938
191164
442012
328484
877293
99112
925931
454560
760176
585307
323210
549768
785961
179275
167302
691681
388543
242773
809576
314536
135467
860112
475571
578602
502110
123092
63098
774346
39808
529861
129319
815743
770080
781004
47886
234387
371447
505725
256570
942443
387441
538995
209466
105632
753951
721348
301441
343635
217177
599900
223024
179949
787446
99813
155002
483141
752320
104245
654155
651214
405465
69325
278111
40789
887132
530693
808246
338538
523388
780245
478846
39827
593726
428572
272005
280974
738899
116521
786608
81555
631180
337276
478273
698168
277791
831372
959424
33161
186445
644186
8955
51370
264546
765284
724905
913813
736228
478243
279195
430603
874163
917040
528233
580500
931375
952793
359518
152678
289892
266662
844074
940040
466552
615763
236020
433968
692374
446012
252133
219259
737754
767208
784040
382004
273046
126955
202310
339378
791513
252237
315000
259996
691519
231390
8030
858592
480908
727853
944445
332369
282301
866906
685967
922369
106174
896783
698022
640966
89644
557158
190275
843382
486199
542341
53247
777227
51481
469332
626854
676289
686225
585777
816524
601824
549129
840066
893588
497941
714311
542199
480729
336701
552960
17877
40487
707974
323968
628965
160717
304100
714737
945172
395179
896090
486292
548869
137904
803506
183467
777547
306382
272856
971566
779152
906847
30022
213947
527816
974018
391536
292428
299785
637336
939882
656410
99723
781560
346520
491671
112819
114441
959579
193080
976451
849783
136893
94759
625482
217024
61104
480062
449173
996656
518094
359386
726148
1882
250454
567773
732305
532718
473123
342176
883916
303695
552982
699536
903324
361637
882050
927881
659508
708653
537494
426643
254813
517703
34469
299904
767014
635659
962216
960906
793451
53906
486090
201138
9350
679288
289587
666602
392017
173347
517327
641883
2386
970439
657058
591703
71666
178571
214900
648610
532877
554496
78261
673682
181634
884741
463037
601750
56502
391990
531841
571339
734432
901397
362360
692601
24061
900395
890699
860930
448620
153696
896583
845510
576820
77342
160119
111816
908394
407363
643038
431808
109402
300171
344527
874492
273362
186897
549729
694931
99311
736816
460186
364962
273472
431970
119349
91590
883213
309652
569432
114541
272896
357541
527635
364570
28737
407548
242053
632229
208273
442136
668533
716893
764067
150254
662601
420382
79153
77429
588888
635692
650409
940955
758992
959762
712483
750626
476124
175594
372824
767877
875373
557244
837978
396843
130440
424888
563076
162187
570974
21443
307571
743883
696766
856835
432107
236551
575297
403706
648290
913832
259989
482382
981980
779518
493756
988546
527033
429164
111953
940702
578255
143183
37446
570808
215210
905128
289850
296669
852584
467117
671872
730089
262368
257126
572486
182444
293701
246737
798321
941167
110919
424198
791668
178861
664334
100854
958416
804990
972854
78344
34205
163446
690315
276668
356723
265577
99795
394435
604278
821199
746194
213722
579648
808854
606973
889612
605619
550585
137296
280886
115578
227692
854569
928162
534527
277620
715144
576105
393930
46781
412423
872653
373120
15812
398192
767234
201030
279112
143956
791699
845558
38180
744895
494582
268090
241705
49012
414734
711394
945690
47863
452176
774729
351674
301065
763466
59795
133008
993926
389779
261055
114711
944934
140012
466419
426239
922813
204608
948999
737586
639008
850489
288363
391410
958156
26341
771393
593037
168440
902690
583416
888516
871619
692890
511043
940481
803623
479179
763726
950634
319822
418898
57941
224311
340523
698203
483511
162591
426047
927976
866844
897532
612086
589673
577305
119205
505932
97705
837726
611620
933389
760541
124165
869756
347236
160267
996157
223878
573148
687697
423012
811839
278392
698904
338395
425195
881719
306291
425548
469951
874963
923493
403955
553331
536906
724045
177936
503543
476025
318474
998304
63286
443205
131815
736325
517414
703710
77283
631512
119235
98426
978007
84896
432766
626108
457689
17522
741036
788356
874818
994574
748423
770537
961180
940123
80698
208353
474971
921360
57299
927132
276839
51892
324047
435816
455956
456186
772838
730146
502596
127272
485505
535457
876258
785282
501872
35196
325866
232298
856869
544626
450111
223582
834607
588375
12547
552422
368459
831754
204617
943831
318108
803164
436413
654245
342411
707936
630228
146948
861100
66443
752737
26195
560980
268473
869232
321181
676709
196980
619829
966870
194463
422490
52552
21315
164882
305113
675863
718358
594233
780811
460758
623386
733793
852756
687944
209893
59453
269321
50380
929018
257640
876499
550239
523929
608233
906597
274883
428847
647958
134629
259304
874406
748750
524698
159084
605089
483758
868218
995103
650052
57093
669083
952062
886208
419374
316279
994785
998813
375408
226905
665456
218685
922147
453318
623425
69758
571140
643332
509840
434468
52253
379918
112957
613804
903748
756423
84692
382658
494367
151913
598684
3656
466975
483689
284758
131546
859082
662750
872552
558044
804326
343993
660606
357448
430635
958478
48160
758997
490260
895028
295976
448634
739650
28812
624512
24350
441322
289497
719821
622525
552513
666026
453471
59019
291121
77191
790909
837993
140883
118725
306039
838939
61299
758031
484873
796555
124365
558766
477756
894304
203985
198422
768915
16262
917941
511513
719457
19855
891055
296636
235566
750687
515838
525805
985582
73430
103811
560986
982986
875300
981071
671433
748548
819256
519015
228580
30173
774898
174119
374106
643476
600948
291744
758877
684086
969043
564084
238995
346142
479177
578564
175385
416801
612896
240819
834103
707231
859178
817789
451486
741382
55674
929214
944516
589747
353797
136629
515443
584938
665894
854095
220076
143536
297206
267438
207592
276813
743203
524588
934249
291216
478537
765733
311783
493894
14322
562890
202796
212913
180693
136238
984230
651462
955774
219167
650856
595152
881635
202663
771656
679677
667087
944963
515036
521264
130532
167753
682947
486727
194187
589883
935560
580737
179221
20544
259164
969832
526047
857773
189542
799301
290172
250555
784168
263627
520620
806647
437694
743763
95295
367601
101520
419087
267457
240697
855271
175849
834281
390400
165499
561002
52137
40913
856001
595551
657643
289939
124391
751646
583164
808517
7336
911926
536762
248336
961242
565051
424617
144259
139614
800540
781398
74129
227158
534792
549615
315333
283794
55299
929859
995099
543651
59320
255805
237628
352766
816677
264576
945053
485696
342038
601646
932606
55222
383369
995277
834586
73289
325845
254892
856966
893876
594703
241645
363519
44420
289847
700174
454984
27360
983326
534844
916239
827039
527184
575978
213052
623517
688538
250327
257005
392749
753243
214334
994088
273745
550284
9350
88410
460862
746320
938878
103116
3701
516421
322108
670634
117166
911010
647462
895963
87838
324210
231297
137259
913400
669650
581367
733080
198946
826281
425285
698745
788194
169369
150905
160048
353509
397924
812749
570114
428760
623322
96274
7005
347730
246723
930202
809378
442213
547076
115504
230521
600731
64875
713136
755753
817111
813505
977514
678289
480998
240999
150120
271815
517012
733767
129099
340624
151047
33557
442537
46032
319576
188625
299946
999239
638393
786622
968366
418503
308924
249854
829998
237074
606861
391075
14461
710759
496432
116945
132109
483056
889402
851378
963915
439979
726158
573544
396070
977424
545551
27833
384435
431518
251420
377849
501925
399876
381154
941390
982982
851033
424067
310859
86166
974764
731687
503213
938894
332530
204688
910608
941977
831441
448406
841616
274135
516809
382969
584415
690173
949678
605806
989448
369465
788470
411579
252371
501052
128037
97210
35800
711967
310702
181603
799083
840112
432090
645957
114042
434406
338778
266359
780166
597968
997290
80184
418781
305165
160111
44562
850212
471050
268048
806919
24674
732617
944798
542392
765751
263768
14984
889649
403461
761602
821541
800554
505969
951854
873724
640250
418640
534886
2879
871786
91385
23979
545702
266003
692636
110021
306609
675262
936069
353788
543666
155072
618194
640637
742175
349296
986785
890679
263031
640917
819479
272245
880651
799784
385880
289613
579694
402758
282742
73112
424627
589365
576471
384662
520398
506393
78524
682487
968692
858131
402127
616590
437634
958775
208242
581668
112176
51930
812626
308695
890118
162449
573564
301438
247371
420641
857831
529690
658860
127960
567246
392134
912375
468851
515225
275385
502410
218148
795245
733286
880668
665704
498285
329165
41796
60509
55464
355586
325071
97008
607394
723467
78752
630376
216786
624623
809899
258419
81370
981914
567964
449477
984430
887305
41487
837246
165125
351222
229344
506919
148387
352626
614092
151881
241967
246529
154102
130542
882880
323889
973366
793889
228225
253275
328725
311767
434421
916058
418977
253966
49713
850211
40544
599144
419687
476224
612830
24327
437342
672226
40576
459184
430937
350628
201292
291179
835211
534425
418217
800469
980792
1810
684965
57618
342202
523756
222666
396093
973499
790725
685835
444828
1756
564192
562869
113476
480020
326207
230440
207050
922495
375660
834655
947678
46229
582952
452598
526436
57632
540053
993902
393383
386020
361475
166321
225353
707911
583592
915079
917694
234376
686933
20221
150164
23356
927618
195004
753237
978064
849663
90310
687366
794704
777063
782855
252422
88635
471017
20434
136428
811594
652607
568064
846128
595295
695833
821791
746792
396736
267231
753395
872994
739754
474744
601288
520041
887989
778396
217013
740843
938763
713728
693665
576267
686160
742908
858676
33244
776844
345429
15035
886484
585358
560044
627863
244594
872046
81532
582503
81943
811176
578865
790030
128438
717855
670799
391325
826360
720442
810835
99255
202558
929712
973020
675255
827277
508678
887087
784852
601732
326162
545652
373655
705478
63069
716721
595301
636046
652672
640320
221530
447412
428686
392245
723705
61393
732916
34456
428686
393772
675428
792436
256587
581070
349320
936835
794090
163654
325575
277369
496718
926866
202526
26892
949805
839249
255226
389449
731109
512162
139112
745340
849043
507083
854537
973047
308700
596602
787522
489586
103278
49976
363665
592525
123599
17307
782506
145809
200617
271552
829017
425819
450038
999274
119855
640699
464876
732779
882271
777178
589149
930316
204688
20547
888907
344157
105259
96372
220325
358327
203993
516384
524328
896147
128756
37741
867236
487256
336802
70567
872905
995360
932986
893306
352371
54458
90207
63516
995860
875315
755813
122049
562049
471287
712720
773065
997469
373774
936525
220051
973738
494053
469268
116900
357093
182218
778572
153322
39113
564295
757940
515816
392046
492828
669181
429976
45869
778870
784562
635114
205361
155857
707325
445369
497160
248552
478957
428562
952303
704025
193974
70802
649603
930947
70699
325259
226652
474462
943417
90060
802470
523894
586702
640514
317046
233798
600446
825851
910153
727091
892449
527799
674979
946924
383041
631133
201878
8473
854562
74533
186944
395236
918915
91249
651890
633916
125127
574685
232968
138127
602958
828895
895397
986183
304180
855520
226419
995451
879371
230726
749646
875384
156608
310104
712188
962028
884736
349554
200945
5180
779566
103578
970381
776456
191173
406765
654878
224347
534144
69138
580044
509644
188020
855699
59310
780810
187294
174284
65956
989344
297478
412884
518156
414257
752478
406985
591938
789725
816358
933411
666912
169853
995515
132961
707082
751074
265758
897470
950753
306134
511574
707929
472359
90570
291744
90148
93118
89880
287851
65181
654338
794804
131440
234713
5331
526315
301918
833768
544611
876322
69005
78253
917193
54282
714226
152953
421632
32702
411496
65375
368678
21603
10743
952535
822632
901445
300712
79291
575503
120785
802825
377081
301996
367515
173001
246423
779614
651072
294055
837860
94875
678827
189870
880595
973579
725403
755444
216529
322974
440058
598073
678192
330778
453444
552514
434072
82899
83599
930666
690610
644654
189380
219070
429593
426966
858874
826272
229000
69497
639444
240047
41560
265326
137685
639389
403329
722983
793664
345093
874902
365464
874582
411389
706428
725652
538139
537832
722680
845800
71095
877061
460614
332256
905381
431663
288945
490165
380425
698759
756463
205106
348260
748373
613580
667752
657583
182739
170040
635281
454022
422510
972044
712304
337737
910756
435710
768936
610161
963616
633319
322337
494668
821380
150724
23026
624062
25949
712333
614129
19169
462930
991307
116956
771998
861191
37158
901598
950645
819001
317078
251796
852755
657391
743378
75389
155034
987113
237183
575497
30428
48087
767135
473335
352430
480263
24140
982421
290939
673401
462749
160231
391987
524782
382882
789186
508152
505332
724770
170170
333668
211988
292597
175905
451438
919912
940293
157143
836491
709590
181048
794004
85806
841863
185652
37233
690069
339600
846121
157382
463605
283414
815527
997968
21607
231964
110759
761309
680962
496132
417071
697691
741090
515986
355027
666885
929940
542970
455536
21037
501248
96506
458109
893554
311309
236193
808245
341519
410181
938133
386003
330902
269277
464346
700356
873089
665299
248148
670992
141821
586172
138253
199902
717092
708352
280559
14022
141517
566093
135928
657860
747317
683279
16077
860129
579530
166873
299640
792213
286881
764300
557351
660270
142268
659529
587361
246291
501135
718603
507968
879054
387031
984066
7869
736478
279074
426847
347751
942248
564098
446385
798379
348057
451330
415111
144150
686395
936990
883525
436410
751030
471365
673329
14078
934719
417352
287465
592801
2315
570674
259522
815030
6197
189809
228486
287125
14048
13435
359565
867108
58039
871990
314014
909441
20334
849798
429876
870611
964965
105002
827856
37709
892453
132411
872259
81204
638863
106750
29003
184700
707467
895210
225780
288433
82935
177339
141145
589704
909730
67930
330011
72783
219585
476484
826872
292277
910209
515492
999481
162547
667032
906884
567295
380146
454284
5114
352485
138575
12152
206060
422934
476929
967866
9580
254003
941566
825382
556410
364991
773613
418232
646094
852007
775573
20475
255355
908603
784041
674466
916908
493172
686314
258037
442584
463626
402616
799691
292148
142418
952359
79314
205207
537356
80900
508108
904280
792547
350409
111599
625105
148563
839257
463702
252815
250994
366177
949199
626776
550481
870651
950123
997563
287244
508136
399833
318175
265550
553931
414542
9805
138239
269537
265016
361267
381831
417828
434791
757104
77219
412
160645
991845
128729
199411
146458
960471
690276
423514
937047
288594
622048
922212
230818
465625
899919
604138
144262
368775
593788
654165
374944
84702
907736
69199
110197
523302
701921
539210
27992
863040
249349
895821
95523
48087
552341
469552
533539
549827
130953
247360
63533
916805
391559
716271
455491
835165
161214
460135
185662
750360
70865
830503
578566
656256
380520
335471
248609
601388
930341
384217
812474
210648
247217
17972
611174
366593
803215
191731
834796
209073
966303
531660
169986
481590
495584
525285
892779
966707
363705
263455
443678
435296
292995
970763
427934
889634
380463
470115
624126
283980
406883
795547
551428
812933
219186
187029
945037
6759
610651
733124
618493
381863
898801
794665
379813
290059
343369
112654
22517
893632
917581
337984
250753
923061
634675
861878
180192
572354
638091
215417
891514
456515
828420
692808
683317
925457
873033
56211
932686
418282
410003
676434
982
112470
181147
777309
136921
240199
632764
869009
88087
242483
431639
404632
538486
942087
838005
565011
5732
591153
764616
943726
879471
280415
576630
912672
140191
159445
265233
442866
328452
843746
752400
365931
530798
751879
487159
590209
513206
425284
393619
99225
748102
8052
234218
11512
935641
749732
42831
203159
722970
362533
926885
86584
465378
530632
879532
425617
689284
16029
832772
218066
809370
356359
478556
713691
691671
549378
972587
505580
587260
634057
335761
557050
166874
696651
868231
393733
951853
675385
671319
301047
729896
36734
532787
943591
724254
73234
650340
390452
77320
334291
814392
22164
465208
689588
266886
137561
356421
689902
5176
427971
234906
865516
602354
445727
450900
423978
844944
26941
71385
174772
630293
580882
206557
915444
684843
725826
494185
873047
649043
242961
544323
175395
90486
404639
659406
413636
833228
382507
344165
823400
19730
400953
558183
291688
925800
446944
541373
580217
600758
570295
947174
703909
74204
888991
896939
728620
501881
275962
379124
581257
615562
245436
801982
273533
971664
130588
568984
518205
324328
211191
722205
275097
482453
756159
749295
765097
634453
805972
908453
428231
987283
561674
932903
414798
468316
719372
219986
784873
303146
422938
911972
368863
584210
234683
793188
197760
852178
141595
180024
513667
280667
52322
118829
783275
953731
470742
392712
802849
187223
813927
913632
505902
143184
179257
75853
451056
977347
592635
642277
142608
963704
331328
448762
404959
565078
477251
985238
834599
31257
16524
220007
886125
531667
41898
411883
214393
278757
328616
112478
116663
214349
224046
115336
853880
609428
727071
473827
562937
349141
353185
526059
502800
667679
271413
417617
989841
665548
287579
641220
174766
209540
297439
434854
858492
334709
233771
981052
866584
497387
506984
548538
308301
714097
823262
195356
791020
916003
76285
725282
431215
154943
823217
760117
288071
450302
548760
777856
223863
750000
351845
620389
682704
247172
218403
738464
609657
386370
296574
57330
912880
904132
930323
366001
896698
785558
53317
83324
968710
461640
183856
723705
661044
571179
126714
56894
888240
536043
393934
30207
200231
426207
911105
207302
978387
683439
186005
649066
15984
831372
557161
293271
906895
533379
812015
525488
308981
908318
270341
834928
398795
241686
613626
995670
967719
212919
471823
13608
13932
578357
164163
316058
138466
904944
699833
425602
898242
624482
657434
210237
424917
178913
286491
407567
424999
791144
925411
198919
63090
723633
790436
150660
275251
509415
785606
79199
871824
532211
874740
477966
63995
823824
805933
653373
76199
686196
99679
713018
601208
265594
445766
416388
258925
360227
949037
114470
384319
419311
835757
698964
836106
471127
918084
601172
997164
208458
893969
292376
876693
936125
772476
756908
909585
485672
69588
571204
643638
339137
764545
220871
438153
624205
783262
492745
539367
79731
771738
937047
963351
792577
506361
721824
829628
87948
804056
681132
670506
203794
888525
78594
22288
22709
743806
485492
539125
309797
985483
707226
641470
865793
601277
162522
269449
547876
428698
889090
961345
477416
623417
377490
443149
900445
977972
944261
934178
796253
740939
679906
509056
25158
840942
146347
684543
780713
516799
810441
841711
374425
663335
544139
903422
39769
972081
168064
361750
907312
847084
544954
55620
431182
339295
907791
488174
188647
107904
738075
919451
851720
286694
590428
783431
964214
118728
871459
401575
777826
882230
937857
295033
914557
659777
314983
117822
179149
900275
602261
282078
880857
308397
366479
958739
248577
330978
154444
924419
641886
930148
585420
474766
150089
835608
15909
370599
50135
73054
415134
93041
298113
975814
804443
987036
282127
69266
782324
566065
807896
771441
796541
88179
781287
895339
182371
661072
285653
84923
607018
919269
47976
299873
896596
553081
69495
696228
402396
769072
550848
365729
701688
104421
668082
510403
276944
962927
982904
758235
721717
747646
606305
787561
159943
930212
419279
26666
222267
896339
725125
943135
801263
923781
917203
314511
190246
826495
699920
564130
602321
407499
361900
666574
216089
892802
259669
963777
902345
122398
958763
721836
764460
927024
67279
681432
732278
329049
360317
720546
843925
786013
419965
244415
765267
906562
16549
916975
206211
875132
450514
574417
965967
905192
906951
565089
730548
202961
175529
271593
241179
932558
495033
407453
332574
165654
301458
674743
865912
97430
269511
870489
668403
707287
786906
368403
729249
336485
237180
4096
536833
665215
353921
324243
637508
429939
725092
917371
751929
44701
213907
856245
184585
248383
337394
189641
821704
556584
357852
663630
957821
973828
149000
983793
829579
537569
629185
331648
553379
366150
328464
511763
628786
322867
960182
713870
772601
420573
398389
29633
664265
50391
199665
201774
914822
428510
507034
63670
927605
505326
318015
894317
667496
53239
247494
521923
776485
400829
608012
190623
541560
116266
76766
371889
393187
360024
885985
369442
43976
259543
187808
456686
588724
354590
543212
62563
919752
397727
657457
455825
46563
157197
639480
676607
211889
566130
557109
247758
300677
348975
570401
799837
292638
13964
827657
782901
529609
977823
945134
678487
767306
805454
338173
458204
239041
686463
708315
526456
293847
308819
885977
289375
725617
422861
510268
133983
206428
398033
81310
775507
688236
177669
793345
434013
621027
112747
734527
644019
766135
825287
231095
82117
976369
847459
23310
448349
115238
972720
90625
230000
514068
136073
156412
679186
473879
520462
991870
741021
423769
787774
919601
888476
994195
621327
371049
960536
909668
903304
92840
229083
194049
341022
474622
391968
46429
31692
238396
635937
122152
518649
868396
144151
174832
660065
966982
451398
762244
577280
99540
493135
333654
447186
44290
309386
635467
47657
746059
573956
457160
267472
132347
935586
801292
146154
643884
184166
507431
811202
309902
672776
745497
744351
43747
789158
767226
475529
175341
386080
249749
560436
34470
671501
336647
153145
455881
70539
553303
476814
117586
765149
225138
254230
409083
497952
314151
164916
109863
413530
435809
625998
88101
413550
801252
595372
906973
408005
435645
165383
942535
207292
283965
336724
633246
248142
900162
336722
519315
22845
901959
102106
167904
803853
659957
673525
981091
373703
387957
464208
784089
613712
683843
129860
453644
426241
731084
626035
45643
752043
373794
954300
880283
577274
945729
7901
243119
71620
455808
500621
601276
304921
56155
764466
943296
140752
875500
202501
784651
960992
49527
128371
712441
434001
834401
619949
229404
758501
486916
678559
542981
933982
339393
953281
991636
862901
696818
534255
980566
492562
368660
319691
18022
901822
261732
876297
273946
397185
359079
370165
607369
623479
505240
232530
148273
351339
841968
545517
505379
199370
735063
675975
84412
721950
29875
263081
165461
614498
106008
417171
89518
188839
791301
156277
256778
785237
381506
989005
815478
50429
4081
825302
191539
44660
270911
557116
259067
311035
551300
65677
796302
663526
190923
625251
978223
929708
192373
64097
76733
530548
646072
380035
542723
825414
39589
833612
432442
695402
722624
459349
757127
725282
231647
985694
141565
220648
398501
560866
861145
296858
43752
56899
532928
854976
860015
270338
993583
313228
471126
790753
229676
995585
551907
944422
548292
384494
841359
288370
486504
560094
215615
275447
779725
561400
953272
765296
463080
350508
392099
137813
315209
738434
61932
510753
573401
22431
178504
844621
548810
44833
743713
23085
838454
363708
363719
705560
218265
114191
259310
194293
178857
826961
233165
360341
148392
629555
135249
562767
328508
485140
388892
342744
804688
569503
897424
231655
837120
236406
838006
563204
821176
231764
820671
759584
80253
891169
660360
987894
816250
681787
716896
982640
977432
836885
161948
388039
982984
902904
425761
912095
950610
764525
209866
313041
525050
979324
630954
705328
339680
671157
404566
659415
223178
77307
168398
284372
250975
293323
848009
765819
706195
532519
467020
627081
429704
521889
809928
575984
118633
932099
592193
541376
624259
862039
605755
851028
115421
323132
202416
321018
924396
540231
719248
287891
954766
508560
250498
554371
513907
621516
209496
264904
224352
410845
300106
836248
944629
749607
762413
95978
55926
736956
825180
330659
713552
605738
426327
411412
224257
190103
759082
597241
946351
46379
240945
546937
430085
273718
291566
325468
650075
584621
77737
259587
300480
17775
608213
28492
914646
110054
104013
115012
791255
588603
28676
149284
819932
744512
974265
516298
155514
937982
626995
615245
249406
965022
100980
813262
446279
242171
916442
329024
259140
223032
31739
332766
315463
521224
118662
391046
306554
811337
150039
412337
523790
431617
276353
947192
855693
949905
582227
675731
831469
810739
543422
430491
530096
355452
12099
145058
193477
895924
527828
258876
885984
379030
100285
606324
799830
422982
33201
519241
134466
907003
188914
72766
825878
986587
979821
801756
506457
617697
195676
485912
776291
183822
701607
619502
918617
876134
708420
126178
359641
569128
95550
592601
955357
81486
776555
120478
391654
314880
669209
976921
512407
10953
570919
472518
934111
980136
163114
830064
535180
515666
189591
387324
979006
645346
283643
865946
322204
548956
419835
695724
65577
331210
997914
212251
99305
617381
780450
190730
409051
229874
476153
595940
414099
422198
706215
209289
510464
369164
639948
870565
13937
71976
74865
401773
109403
369788
384405
824594
262132
927953
757943
467803
486853
809399
923860
499853
746919
911150
653943
524172
11665
964134
429446
394676
939331
264675
711170
873615
891391
782215
497505
683589
757721
420084
675901
712506
467725
323673
939260
648926
767261
645834
321349
904058
409466
702705
174318
645092
478685
588798
145249
160077
183315
745883
947413
856301
561432
912145
63727
698660
373417
792454
183053
12358
707729
835897
305685
196110
833618
827692
727492
636357
714798
923845
406649
137542
718655
142430
689657
31926
679422
154315
847125
149385
556170
839306
593042
838344
438299
907962
572332
444848
246018
855619
58231
552187
594049
974447
991596
964264
372216
906608
483057
195263
634485
187241
241929
425127
6029
605516
44850
856939
730789
669812
52961
855226
848797
602551
76705
80653
707383
901911
435702
123245
127534
318222
203712
886976
713409
816289
950454
213797
976744
638343
447939
586200
939637
133481
702177
692612
8516
612575
328160
162637
110007
289027
902594
672728
887903
261865
634706
425324
378683
472830
464852
836702
996673
32964
701749
868912
147909
608974
571626
987927
345633
151885
229672
630829
901165
186051
39026
786297
14845
273492
97944
887101
642936
165959
590228
623407
684986
101530
864826
689175
468826
332605
840772
478178
552631
325048
917072
752026
764014
809374
754367
637812
502851
607364
601948
472574
566518
26244
172497
926464
363363
139946
107489
378256
384495
925859
505955
531319
369838
649774
784522
810065
863394
271662
184832
174302
867242
436481
291005
19135
60914
273701
953638
531030
861072
914650
337751
319117
885164
713432
531630
728970
429550
832722
281015
810922
467712
493926
642977
792884
935837
777720
159140
36281
491839
477439
440178
701424
382845
393692
214879
748007
721701
951085
426667
405231
205489
202591
695062
371618
386951
530973
249900
458876
159578
939552
260001
673202
156190
57364
158424
753612
160405
653108
554176
35343
545778
341517
448269
710161
803399
96272
353728
478975
459897
591967
968382
351318
686099
434428
359194
665289
46748
474286
99364
579976
683158
151026
539289
691224
627329
212366
401087
953002
236889
974206
21106
357137
24038
737912
94338
250838
858659
235224
342563
131812
88266
771181
380923
923040
516311
813106
220187
733170
288360
125807
344208
810681
973754
489503
266235
566752
26078
425192
683175
871288
156434
874119
21842
407196
504079
61866
953901
125236
720773
41800
87262
39508
467996
614835
226570
410982
890413
884460
361024
608534
786488
449256
205227
257337
709531
113502
79626
920590
859268
159473
586605
309441
75879
446270
732656
538934
324734
451560
152305
338779
127626
684235
842554
428410
218417
603326
706497
879265
143909
89919
229749
90210
538343
177071
584185
671445
482287
807252
27339
122535
793021
731389
102467
192677
246615
838303
501466
935611
106441
181824
769889
586074
957695
955754
431246
771880
191609
719265
481840
748167
319867
340477
677455
570317
96347
148629
611631
658155
364541
786444
555375
717106
682890
866034
529620
176848
984171
174586
284066
756154
253723
142018
513603
130018
843297
876836
825578
424838
291373
532936
648673
955527
119747
643699
604409
458805
469577
175853
825621
15992
450274
350487
230609
439618
606679
399652
342740
212464
35338
853070
757395
216002
613827
38654
498906
570802
404023
141865
434045
905410
436548
346174
734881
319818
95897
208952
963614
390852
802151
36795
456375
961447
630732
224096
701837
28331
23854
204263
218292
862032
901853
189921
343238
270911
154702
619635
774322
448244
42161
816250
160740
246839
70364
938986
330620
127034
376809
67989
894949
6814
100060
533598
409368
847483
168011
377014
255281
40965
257587
171101
232552
324390
521871
736860
377805
98745
561316
638041
775398
701918
729248
490209
905169
490222
216464
707598
485047
190115
817274
174109
825310
603300
390959
137356
385051
585803
223601
980873
787522
552283
335561
223032
192363
606072
462559
473055
764003
180330
165908
777025
570180
76082
22333
67258
330016
171393
48450
726729
389451
223635
446501
193603
854444
241811
883936
213821
541967
250387
691457
127911
997201
247005
44944
738008
70001
917077
934783
632529
402499
997005
300487
870219
405754
773745
32663
239536
316800
743996
864775
796282
829985
94675
52370
251819
735282
215725
919063
439523
613463
651449
572658
740452
105962
933175
856209
758763
134179
442201
270609
101369
662823
67080
40995
904554
291233
320355
636873
43970
496642
478964
771787
158969
599374
16071
131579
669951
164859
78428
705774
429434
135107
956152
277953
36045
347148
735086
978030
371694
299767
660169
265300
819989
277707
315909
517382
487041
922781
441830
962975
249203
944560
560273
596374
422683
13633
967346
14198
284971
985733
644340
510305
760952
741035
415302
485121
618666
887504
816667
548064
845140
936584
216669
778528
570457
595152
643354
628299
729388
579317
759423
570921
807652
231175
745595
746133
919503
810949
266869
579801
220622
881575
658700
201567
275455
583212
961637
868603
191413
915439
926611
655085
319154
736711
129971
893044
756075
826525
705826
197096
482986
524267
53330
372675
244280
122693
490495
226666
418165
379519
953598
812448
459061
977533
401187
262992
401389
197430
804207
660853
312914
446556
444674
380609
948171
890931
834659
163318
265856
554117
919410
75873
672379
693386
661825
88275
836244
922301
82241
708784
859288
862456
254965
448713
314198
800702
327221
22332
539837
987050
230352
541600
126876
892627
430359
945295
120491
80507
854290
486817
235253
339024
916769
264087
110855
546615
866803
952851
847617
556467
313189
468311
799219
328561
191506
671839
279272
822278
630139
324710
406944
248818
534267
441712
991583
905248
659269
938370
921973
829449
239036
505216
146735
205302
463931
672718
756534
501298
149062
962834
86459
968192
516620
651405
186972
946757
901456
343110
328271
441530
949531
319881
256850
37088
91183
699010
30200
595359
247860
934982
270863
273040
223413
257406
758246
394796
95007
529632
277437
509515
164641
232865
243599
49082
813002
545423
188156
241073
297416
514386
939868
253518
278158
897174
493294
864115
888787
804150
458664
243682
579312
127211
523584
58139
475641
451338
547587
328303
500379
294631
9175
212194
353122
246241
262088
342783
153904
322115
453732
711908
6735
472976
889304
602407
664958
759636
578132
383418
643587
412780
737155
368889
835888
931927
188816
355435
180470
835333
620080
149526
867668
446047
412436
509594
183748
22909
919151
379847
108344
996063
509353
947816
239142
538684
613874
229698
237778
397577
113036
951869
552089
477487
517376
941392
552770
765213
386437
810147
936661
986356
585440
580758
510495
41784
131933
142843
240175
50973
264972
330302
546963
466819
113641
892197
316638
178945
922006
390460
527116
485870
842443
687820
144214
240023
344664
686301
837071
178473
669606
483206
481260
530512
746698
933147
768885
169892
191807
605436
989090
583214
390313
701022
211297
817348
579281
499266
943941
247019
19595
338259
471973
973801
504567
134356
58633
190933
36906
655733
297857
88351
102900
67782
185774
665676
157717
427402
290884
185359
183605
149105
12666
930156
357347
703469
363061
993736
137278
462646
277893
852546
944939
655417
432412
940184
222085
230674
76653
618815
631524
559651
367727
670522
103365
492681
361191
524687
852624
860930
864661
486126
920835
998836
284209
208318
462814
10044
357060
10876
375261
508252
645647
835533
966671
330961
197932
406616
807443
544839
633577
786070
147593
77921
94474
5017
372035
272942
746779
411631
70150
947625
787368
654921
201843
993333
914718
14634
112879
98795
724628
328605
944308
656902
758511
774680
26061
296508
404439
79664
980711
357958
775205
249750
703643
823770
895452
903857
589995
399757
920452
198954
137859
926278
972713
124036
892783
383901
256379
792353
883970
720350
956712
808119
457745
628844
422545
837326
489564
157627
70069
365303
568321
880682
410095
530656
568070
886361
668610
191706
395507
420667
204314
459538
535439
155335
364182
349110
262028
365788
231608
569686
755629
319115
867385
379057
996724
968634
576913
772488
620631
623241
231040
631119
550348
896317
4312
33715
503942
150586
664708
778103
41145
383621
957549
570543
864416
639386
524688
933150
167615
590108
20017
901434
312692
495088
645838
757866
188897
519508
376161
406409
739515
675108
414236
339157
621549
299666
885454
542042
735322
804274
525145
400871
527253
318249
711233
9344
997593
815652
484524
63261
510113
101071
227745
225840
307270
285164
1362
5595
639593
254579
276012
457349
255043
31817
406862
868992
357050
111426
366521
48118
505298
838915
743724
919987
880406
484730
865711
709600
503656
727579
322731
797788
4544
155101
831520
384464
854475
641047
341860
772738
166263
295883
100136
144541
315443
267018
695005
197229
326457
963541
222315
835353
896021
914320
382903
163042
41683
27412
639122
723962
268171
654728
830189
26921
983449
279220
267224
290083
338526
480714
135118
558707
394448
596996
956333
713511
952174
202024
84066
133920
328265
224236
48761
420966
763037
769504
958591
86518
39366
73765
222820
624409
152754
631804
389367
557754
565326
789337
930806
305107
749817
533240
675373
50684
164263
615534
310232
929820
300467
286386
749221
308347
867240
662401
92624
670377
352230
406259
328887
862739
170211
552582
952910
41473
727439
17785
685257
907707
11260
239702
382619
223008
863252
161555
157989
882374
963864
727730
317298
512419
70571
743239
932159
947050
792091
372359
540408
360699
159899
414319
621706
419688
17136
194256
942728
254835
547146
563586
960125
276919
773212
485730
75138
60653
194505
279447
583587
574633
235276
182173
2140
542936
965897
91229
889951
402296
388133
18535
517122
630967
498709
823379
595551
577014
180317
305367
664435
263474
974025
150186
925064
167279
190892
375865
19059
954495
144103
793692
355630
980326
761349
948728
300066
721521
79029
594723
701161
567156
427356
501561
519511
739350
405212
695682
689717
946120
286355
926552
8656
425613
724917
577185
294981
372790
279670
684959
446135
113406
10166
551723
583263
747011
824021
177406
784674
381048
521104
183925
962059
331096
939
862886
913133
765563
338536
954181
435883
744505
13775
732479
544819
17653
119545
47988
486395
922981
912348
599741
337269
881628
419116
465805
86321
107732
287013
768207
727891
763036
941371
553323
195918
903198
398836
187056
223234
438971
867774
576355
325815
292343
632590
555188
377401
253462
52847
678245
503440
674716
681437
610684
319940
254407
695646
66156
769157
570273
392591
896765
120040
899946
149547
893361
571950
709979
404001
241214
726410
372343
599754
962812
770960
982878
583199
449344
802149
743989
168484
724326
627792
259412
669222
294383
833080
155455
296306
598072
399306
930087
456884
818565
315973
588372
280908
392826
241332
263817
11065
434516
453986
163939
135290
349524
25654
108746
984982
475426
964189
952858
881072
373992
267736
616402
578274
27083
806950
348940
360351
139655
664585
747332
388812
585386
676671
539514
873724
773136
608685
356690
724209
788620
339004
63141
82884
901172
91252
817419
109584
712670
888610
839302
47408
906660
494361
800268
740923
871338
754119
696943
245402
994742
398112
161645
270326
374098
583148
316238
772999
707809
103386
844446
351982
101246
751827
252742
588895
408986
974608
595810
156274
18263
117173
882613
991378
80012
595435
548360
315994
505434
935888
336243
694725
444548
476052
69736
198129
708581
212376
24810
671525
610122
267991
83688
945698
407501
810928
738496
605100
480161
562451
777522
222455
214652
863732
441830
336767
726872
736518
294321
133367
797840
830115
243052
438455
230053
561765
318998
713711
48854
988396
570920
61697
520267
471943
90210
158122
265401
491022
617605
37137
551509
294818
926632
476494
899788
30816
301382
562053
679901
171220
74559
637714
774792
737720
33539
847562
946540
561209
648764
657932
176163
75227
529386
31386
279703
229563
305205
225662
395857
297738
604252
243167
362954
870988
920005
540833
285997
879560
458579
268287
15891
402255
294188
623497
223988
956425
150287
164601
552638
893746
813404
549198
295258
930642
916966
980777
275404
105882
673253
920824
918621
671872
209614
872167
731815
885275
756844
250208
520327
17802
216931
71084
318495
545273
478022
349442
767543
743864
132674
781636
649692
190488
747172
123334
60536
692734
37805
614377
299265
923841
378411
530861
814285
439141
654302
535725
66937
94785
388765
969880
59355
919108
428806
474021
794770
955357
443229
772784
563651
88787
406819
295085
140220
592313
836107
404483
454672
13900
117205
951253
990928
467695
820286
15702
847710
159322
902267
286151
345467
142084
429275
442705
115981
783433
77071
669487
725783
631620
782615
390084
655353
330472
432417
139485
74582
699058
296818
700472
616400
346069
558413
867366
890546
991240
668733
830543
508884
878746
304948
970910
174120
629070
632149
605395
953693
528421
864607
714819
62149
7480
802546
325519
981004
582841
913955
943481
622700
826729
549306
226196
9689
411296
460500
701044
962828
835411
921130
160645
519737
19351
998420
12732
580523
27347
13835
857675
542579
583268
626569
545678
266855
830367
80676
985063
229819
58657
572930
813157
562714
126003
887450
893354
492796
395465
361771
875430
536113
442500
861521
710527
936881
880358
633016
81367
429757
542952
479925
181344
141914
851324
146178
50080
235537
166349
546820
42836
17799
808034
634552
525501
895280
987968
454954
259784
104289
247977
830913
730855
476374
439652
233624
961202
178443
219794
314667
776488
684983
807765
169351
115975
528583
284805
437196
171498
416132
190241
444506
94298
53238
916474
83099
480308
359086
178981
80367
722642
752648
601905
953787
447032
484799
543758
772302
847951
651972
686424
442873
111627
93652
791831
258177
714034
633302
276110
514538
780341
408214
147241
875485
778345
956507
172222
614140
450769
836861
297793
835873
531269
620934
463197
748118
319829
734143
640535
650929
486508
93565
511484
683135
664175
528955
446331
604355
15858
261876
196231
252784
991426
765777
647270
644903
468644
873984
781428
564825
557143
663383
369469
656627
241327
863122
614389
533440
942907
132396
549655
549978
310355
341962
949952
320202
426957
43971
13112
877171
466271
374742
412308
376663
356297
35321
732765
338895
944114
951451
23618
501109
648891
111579
407128
133972
221333
637055
858381
279561
301915
175890
787895
459514
582366
584697
535456
8475
938444
361601
977403
373309
687695
43762
285909
857058
107438
660370
20406
25289
286602
252887
282062
544971
654781
45210
697454
584405
872333
212967
917289
429828
967605
221201
189876
461323
932839
889887
250000
142459
743493
437139
446109
594132
845090
869700
468127
64719
926994
134391
771665
357150
480114
668692
619491
767121
43148
275024
571878
76099
498204
506943
948626
475686
896151
539175
893039
428744
656385
34540
708367
924903
904490
894157
300222
707039
700138
625085
725217
179850
956529
93449
916747
956931
481239
918831
3000
230788
787191
925283
464655
66978
97223
965050
812692
903881
269850
347914
746398
971137
626126
683402
718292
155121
930086
70953
615109
584451
251242
934230
165919
540789
301513
266501
819864
514602
358304
861924
494804
776337
210336
590289
204802
839753
815988
143452
610016
595694
746362
38459
761130
193340
690797
829121
272904
974319
530659
862000
346968
753560
890596
699827
171044
901031
189855
185476
260001
724904
295455
185124
502263
561140
185999
249764
181167
660402
169502
416290
391189
882532
885811
109590
227520
645263
443022
777500
341975
323599
341251
946622
518067
786851
732126
898117
575914
548871
547494
250818
531120
530408
181759
494188
925551
664920
568718
745965
982658
89244
462610
118353
325702
456560
632215
903507
796039
184476
655351
956571
751532
298314
648988
258006
271005
281851
761295
889216
858309
214616
386076
112819
391916
516654
964874
779628
359640
72342
207196
601784
152452
31916
659504
5475
132721
870037
564433
176955
35249
683986
776167
154225
357810
204893
228364
792551
6516
45169
662658
982776
81647
897342
322988
610805
59784
497369
66740
434335
481669
514325
854479
602781
28896
284215
469096
550028
130131
783339
896633
441326
161027
876680
787774
480257
929736
273841
35400
32468
158524
448878
614833
835336
335956
904571
595045
192396
38317
360786
777604
807422
151023
316688
397529
122665
728601
797139
546192
262131
721460
332995
405395
566011
277529
795046
809705
783784
166392
164336
9850
298515
762657
275251
709010
998252
699099
404657
321735
407794
658404
385027
946667
53734
260238
589841
273925
221390
371025
584486
798836
64951
238278
444599
621663
317178
890589
626888
242970
323521
91125
358037
652572
948691
30732
450805
826072
315847
714460
19210
753345
983425
35078
702412
184285
915370
510431
44847
612504
302353
416579
176219
276419
839531
482838
248008
873269
329797
972775
467474
964305
490898
239245
801259
340118
658004
454574
242484
508668
787738
546819
444874
876037
786914
165667
881645
774483
241318
537299
805419
186520
512430
651272
937449
783940
967559
321759
19547
798977
781136
820733
740423
524820
573564
75278
915135
221964
766274
544648
831606
298043
762999
636312
848532
962928
701563
588624
366763
696403
291165
525445
207759
879160
156833
312808
91245
655808
203735
98229
876720
907115
810565
681730
220086
537213
382355
682711
792430
375720
320040
864861
24997
609656
500428
805300
437838
564672
393392
142266
324690
70590
257220
398821
743943
764614
223317
784653
771161
466942
24620
673922
938723
175127
400610
459973
800950
370678
382870
949465
788072
136485
532126
64115
397905
993306
646665
918707
471770
764103
62729
158881
942463
790764
307235
400162
711433
240693
285925
738901
838378
13072
858037
593080
643038
437282
293156
420612
360297
250646
841239
627500
76988
338373
939558
23069
519753
808206
89262
464543
764229
999298
893155
360518
559330
85409
563987
28863
175166
913906
291305
542208
443690
279712
803394
759646
413461
780539
323616
939717
275288
848013
689623
632476
707555
723632
613368
172368
29023
363596
733191
650243
876315
412481
323096
64567
501588
408745
996676
655235
629507
167044
405696
287578
400656
733552
288005
361846
649924
940705
327867
62246
480459
264697
446284
773904
886704
28655
657279
178846
757743
201165
997388
885531
677163
151374
532252
683328
555672
90888
272044
625924
550124
879841
400737
449405
537909
76065
484637
883746
236090
458133
401770
915974
468326
747787
241906
692587
764469
759271