39
97
407
565
670
726
764
867
985
993
1085
1297
1316
1410
1412
1433
1526
1601
1673
1708
1915
1960
2023
2041
2150
2153
2165
2198
2444
2546
2566
2588
2682
2699
2772
2893
3278
3314
3348
3362
3371
3493
3670
3769
3829
3900
4053
4245
4262
4311
4352
4626
4741
4800
4928
4958
4986
5275
5279
5312
5330
5386
5473
5496
5680
5894
6107
6257
6384
6456
6494
6554
6675
6719
6790
6832
6937
6940
6980
7020
7043
7140
7628
7639
7640
7931
7979
8089
8157
8218
8220
8433
8526
8557
8558
8675
8769
8839
8932
8981
9092
9112
9130
9260
9286
9526
9549
9918
9928
9967
9986
10000
10027
10289
10534
10670
10743
10902
10930
10976
11047
11116
11209
11286
11409
11434
11657
11729
11857
11896
11924
11996
12271
12308
12420
12487
12501
12719
12755
12855
12928
12954
13248
13256
13303
13399
13451
13479
13614
13668
13805
13904
13918
13929
14217
14217
14362
14489
14522
14770
14875
14982
15050
15053
15112
15199
15324
15429
15494
15516
15672
15813
15863
15905
15943
15947
16072
16172
16284
16285
16486
16726
16878
16896
16999
17035
17050
17178
17391
17501
17524
17669
17859
17896
17939
17941
18061
18064
18083
18192
18240
18263
18335
18474
18502
18626
18730
18785
18897
18905
18933
18994
19066
19263
19310
19331
19437
19509
19614
19654
19998
20305
20443
20620
20684
20726
20750
20774
20878
20926
20963
21026
21236
21239
21362
21384
21435
21546
21907
21928
22188
22197
22258
22270
22311
22413
22420
22500
22547
22664
22853
22894
23045
23051
23177
23249
23374
23480
23484
23781
23865
23933
23938
24153
24178
24270
24321
24541
24680
24823
24870
25157
25215
25781
25791
25827
25855
26305
26394
26510
26571
26653
26809
26847
27078
27254
27390
27432
27692
27709
27709
27878
27921
28008
28440
28467
28474
28526
28577
28663
28694
28958
29008
29123
29145
29147
29295
29516
29701
29947
30037
30068
30187
30244
30426
30561
30793
31046
31105
31355
31522
31573
31717
32047
32095
32247
32448
32586
32721
32758
32896
32920
33053
33096
33108
33128
33270
33273
33496
33583
33819
33869
33870
34016
34056
34153
34201
34336
34387
34418
34461
34477
34561
34577
34621
34690
34798
34872
34892
34935
35158
35198
35239
35260
35314
35368
35422
35480
35685
36016
36016
36081
36093
36216
36255
36358
36513
36606
36685
36809
36862
36988
37138
37230
37372
37388
37413
37463
37545
37626
37950
38244
38366
38637
38671
38881
38902
38903
38959
38980
38984
39179
39258
39266
39278
39303
39316
39701
39723
39885
39887
39938
40071
40107
40180
40536
40584
40608
40650
40719
40738
40741
40902
41030
41096
41097
41219
41439
41704
41753
41854
41955
41985
41988
42207
42231
42388
42705
42749
42772
43124
43140
43143
43201
43306
43535
43823
43950
44051
44260
44269
44330
44338
44419
44464
44486
44501
44515
44536
44574
44584
44721
44818
45077
45164
45164
45288
45479
45509
45511
45581
45916
45922
46035
46088
46119
46259
46304
46546
46619
46632
46699
46702
46971
47010
47063
47081
47246
47304
47377
47505
47557
47634
47679
47807
47812
47910
48004
48019
48084
48124
48303
48360
48516
48518
48522
48578
48597
48645
48688
48695
48867
48890
49003
49322
49422
49579
49696
49813
49860
49912
50004
50030
50075
50269
50290
50444
50529
50541
50620
50667
50773
50781
50923
51059
51158
51336
51344
51401
51481
51519
51911
52018
52064
52150
52244
52249
52322
52333
52335
52352
52680
52711
52712
52736
52867
53474
53499
53540
53614
53653
53735
53949
53986
54092
54362
54393
54416
54448
54529
54572
54580
54666
55495
55508
55646
55718
55781
56070
56378
56962
56985
57042
57168
57168
57170
57193
57248
57445
57952
58080
58137
58215
58749
58755
58827
58829
58956
58957
58970
59121
59192
59204
59241
59318
59355
59478
59494
59522
59534
59641
59649
59661
59754
60152
60260
60357
60847
61135
61186
61273
61398
61426
61680
61776
61789
61946
62220
62325
62337
62361
62746
62832
62906
62939
63049
63096
63102
63167
63255
63316
63429
63432
63443
63552
63566
63603
63612
63812
64044
64077
64178
64334
64525
64637
64659
64691
64736
64799
65035
65056
65061
65103
65304
65414
65431
65619
65730
65844
65904
66113
66451
66504
66601
66628
66639
66683
66735
66740
66912
66933
66975
66987
67028
67201
67257
67267
67309
67357
67555
67663
67851
67952
67997
68094
68096
68115
68143
68175
68224
68260
68327
68348
68429
68516
68527
68566
68593
68751
68827
68984
69041
69322
69364
69451
69574
69591
70112
70141
70190
70210
70326
70836
70843
70890
70949
71174
71461
71533
71574
71581
71597
71626
71768
71829
71884
71931
71953
72012
72060
72183
72251
72268
72532
72612
72773
73063
73108
73111
73230
73238
73322
73330
73375
73386
73403
73415
73423
73513
73513
73529
73695
73806
73920
74082
74188
74256
74315
74365
74565
74620
74844
74899
75041
75071
75287
75531
75593
75654
75676
75726
76131
76209
76213
76381
76475
76502
76528
76549
76579
76662
76674
76686
76760
76837
76922
76992
77021
77035
77077
77157
77220
77243
77493
77519
77639
77718
77915
77978
78167
78267
78374
78489
78495
78590
79029
79071
79151
79154
79157
79255
79445
79581
79608
79724
79740
79771
79805
79845
80054
80067
80069
80143
80239
80450
80883
80901
81022
81188
81315
81349
81483
81537
81597
81748
81981
82044
82090
82176
82203
82233
82579
82836
82889
82925
82947
83048
83139
83180
83259
83486
83528
83644
83859
83982
84118
84269
84293
84431
84453
84800
84893
84923
85278
85315
85328
85455
85511
85664
85673
85986
86085
86105
86174
86399
86467
86509
86519
86536
86737
86743
86822
86979
87064
87067
87355
87567
87761
87918
88156
88165
88213
88239
88246
88264
88381
88414
88673
88782
88792
89051
89214
89245
89709
89870
89892
90106
90242
90309
90557
90588
90588
90612
90702
90764
90827
90858
90987
91058
91283
91289
91313
91325
91345
91572
91840
91911
92009
92116
92306
92374
92704
92709
92764
92880
92894
92958
93044
93056
93070
93138
93157
93260
93296
93297
93349
93352
93377
93662
93939
94073
94295
94362
94375
94496
94586
94693
94748
94764
94778
94892
95105
95117
95140
95225
95245
95247
95469
95609
95794
95796
95828
95861
95933
96194
96306
96574
96592
96714
96776
96884
96890
97084
97108
97152
97172
97270
97279
97327
97495
97505
97659
97772
97814
97818
97951
97978
98007
98078
98239
98903
99011
99022
99347
99435
99440
99691
99914
99962
99973
99986
100020
100038
100159
100176
100253
100611
100812
100815
100832
100859
101186
101230
101321
101399
101438
101456
101636
101637
101639
101790
101820
101842
101919
101999
102032
102041
102121
102136
102218
102326
102424
102607
102918
103066
103168
103242
103262
103266
103412
103423
103546
103827
103882
103885
103933
104021
104025
104043
104056
104190
104430
104480
104773
104850
104892
105004
105089
105239
105358
105387
105446
105457
105472
105777
105779
106020
106106
106143
106155
106427
106632
106739
106876
106938
106956
107025
107033
107074
107082
107100
107216
107357
107392
107421
107633
107641
107654
107672
107779
107849
107879
107881
107940
107946
107983
108046
108081
108110
108272
108307
108342
108627
108643
108660
108722
108879
108939
108968
108985
109118
109273
109288
109331
109500
109552
109639
109662
109713
109836
109887
109916
109967
110010
110080
110087
110234
110296
110354
110359
110360
110368
110397
110529
110564
110635
110661
111135
111254
111292
111323
111612
111657
111719
111764
111769
111837
112010
112053
112059
112076
112240
112520
112693
112703
112737
112777
112911
112969
113298
113377
113409
113521
113539
113594
113688
113717
113775
114285
114355
114419
114537
114643
114808
114866
114946
115061
115136
115162
115166
115248
115280
115305
115458
115458
115650
115755
115989
116023
116142
116162
116329
116553
116669
116731
117320
117340
117808
117843
117887
117927
117929
118072
118443
118486
118510
118645
118810
118921
119099
119234
119275
119428
119768
119834
119936
120051
120087
120175
120350
120352
120442
120527
120559
120719
120978
121198
121202
121280
121303
121640
121776
121802
122029
122117
122197
122245
122441
122481
122544
122602
122673
122876
123012
123044
123222
123283
123306
123349
123354
123366
123525
123565
123672
123772
123973
124043
124157
124182
124263
124348
124432
124483
124538
124557
124785
124905
124906
124945
125025
125063
125084
125102
125285
125313
125401
125403
125686
125695
125815
125921
125922
125977
126127
126251
126449
126582
126877
126965
127048
127062
127071
127114
127134
127354
127470
127494
127611
127766
127964
128063
128437
128580
128629
128651
128655
128690
128812
128857
128910
129007
129056
129079
129183
129219
129257
129371
129392
129553
129578
129731
129812
129905
130094
130337
130682
130755
130792
130796
130836
130917
131064
131163
131276
131481
131483
131659
132060
132249
132582
132669
132748
132809
132906
132920
133316
133386
133429
133678
133687
133760
133886
133891
134055
134404
134450
134680
134782
134810
134991
135021
135035
135071
135295
135313
135338
135382
135443
135529
135724
135752
135852
135911
136004
136026
136037
136183
136332
136376
136404
136442
136470
136502
136507
136638
136701
136747
136868
136875
137049
137095
137142
137200
137389
137686
137702
137912
138013
138016
138080
138228
138264
138272
138430
138734
138750
138939
139388
139421
139479
139524
139658
139914
139937
139961
140028
140043
140166
140219
140340
140736
140774
140781
140915
141062
141109
141213
141245
141426
141447
141599
141653
141671
141789
141913
141976
142128
142176
142495
142575
142576
142594
142812
142812
143071
143392
143397
143411
143426
143650
143719
143818
143825
143833
143840
143887
144032
144145
144287
144322
144889
145052
145061
145120
145140
145207
145564
146125
146200
146224
146259
146454
146504
146504
146670
146692
146904
147078
147116
147156
147263
147362
147439
147564
147823
147833
147975
148243
148447
148515
148567
148580
148768
148828
148957
149154
149329
149408
149474
149550
149607
149608
149701
149903
149952
149953
150030
150081
150171
150456
150586
150588
150622
150809
150817
151037
151062
151142
151167
151245
151280
151289
151338
151426
151602
151604
151936
152094
152151
152217
152531
152639
152681
152690
152798
152808
152821
152998
153192
153222
153300
153368
153550
153570
153708
153771
153938
153970
153980
154014
154131
154176
154181
154343
154405
154548
154671
154711
154773
154854
154873
154884
155028
155207
155302
155412
155515
155540
155561
155630
155668
155688
155798
155993
156082
156265
156287
156392
156514
156561
156589
156745
156904
156927
156940
156958
156982
157123
157152
157198
157198
157275
157282
157377
157380
157459
157534
157555
157847
158014
158162
158202
158303
158331
158530
158582
158637
158715
158830
158888
158895
159262
159373
159384
159665
159941
160073
160256
160256
160282
160447
160575
160661
160822
160994
161097
161185
161230
161269
161289
161335
161375
161396
161568
161799
161814
161876
162174
162189
162212
162251
162443
162451
162486
162539
162579
162793
162960
163233
163409
163459
163543
163618
163838
164013
164125
164203
164223
164260
164439
164462
164468
164801
165122
165131
165153
165191
165214
165224
165339
165393
165409
165447
165498
165702
165702
165930
165988
166041
166116
166185
166429
166480
166585
166843
166922
166963
167029
167133
167193
167285
167403
167460
167558
167595
167777
167851
167860
168008
168046
168354
168461
168501
168542
168722
168971
169054
169138
169142
169206
169262
169277
169469
169483
169618
169677
169817
169856
170088
170298
170454
170512
170563
170566
170709
170732
171052
171055
171210
171384
171455
171501
171542
171551
171700
171710
171774
171828
171866
171886
172079
172120
172418
172447
172464
172741
172790
173110
173392
173462
173606
173632
173651
173706
173836
174205
174565
174589
174880
175033
175092
175101
175161
175280
175362
175630
175728
175783
175824
175828
175832
175852
175921
176040
176045
176114
176435
176444
176484
176552
176555
176584
176603
176853
177123
177132
177211
177633
177670
177760
177821
177858
178017
178098
178156
178197
178333
178483
178564
178692
178698
178760
178764
178892
178943
178943
179081
179165
179225
179278
179338
179662
179706
179772
180062
180091
180115
180200
180255
180279
180283
180457
180775
180811
180925
180945
180952
180984
180986
180996
181037
181114
181470
181555
181612
181648
181733
181846
181900
182106
182275
182280
182366
182954
183074
183307
183438
183502
183747
183833
183847
183871
184101
184175
184270
184357
184549
184618
184712
184792
184794
184814
185222
185234
185263
185673
185765
185776
185841
185936
185997
186296
186409
186464
186539
186625
186634
186679
186718
186892
186943
187051
187052
187142
187144
187168
187283
187406
187430
187470
187488
187718
187876
187885
188046
188059
188221
188221
188281
188327
188440
188571
188600
188857
188955
189263
189422
189633
189648
189828
189879
189892
189902
189908
190042
190113
190327
190478
190933
190948
191038
191312
191486
191562
191690
191819
191886
192006
192014
192097
192257
192344
192422
192431
192473
192512
192557
192607
192611
192647
192658
192661
192680
192895
192948
192969
192992
193217
193377
193387
193389
193477
193586
193594
193638
193778
193898
194191
194628
194635
194669
194685
194709
194741
194754
194795
194850
194948
195005
195063
195070
195369
195489
195509
195517
195637
195719
195759
195814
195825
196038
196127
196621
196654
196699
196707
196769
196841
196870
197170
197194
197206
197273
197395
197480
197576
197656
197671
197843
197893
198015
198209
198286
198288
198296
198326
198636
198643
198657
198672
198748
198869
198955
199134
199314
199551
199602
199611
199636
199644
199852
200114
200128
200129
200271
200292
200294
200335
200373
200506
200616
200660
201041
201200
201265
201270
201394
201416
201527
201636
201929
202003
202119
202187
202245
202342
202439
202498
202506
202573
202678
202748
202829
203133
203153
203198
203241
203303
203398
203488
203527
203670
203704
203881
203957
203969
204079
204280
204644
204712
204827
204851
204889
204908
205167
205276
205417
205438
205441
205444
205451
205544
205592
205622
205771
205925
206001
206078
206093
206096
206117
206237
206291
206316
206468
206518
206565
206636
206659
206684
206752
206772
207118
207229
207485
207502
207540
207624
207646
207667
207732
207786
207808
208018
208137
208340
208554
209015
209106
209148
209151
209199
209217
209235
209252
209488
209544
209613
209716
209995
210104
210111
210230
210254
210577
210625
211001
211044
211246
211338
211339
211352
211395
211432
211611
211992
212028
212037
212118
212207
212345
212597
212985
213285
213573
213750
213850
213952
213970
214009
214058
214103
214171
214182
214215
214327
214510
214607
214851
214972
215003
215007
215397
215609
215785
215991
216185
216230
216772
216885
216887
216993
217029
217144
217332
217365
217383
217551
217590
217725
217842
217870
218177
218187
218397
218399
218515
218519
218587
218603
218681
218867
218949
218994
219230
219302
219315
219398
219589
219789
219974
220045
220162
220175
220243
220408
220529
220592
220748
220840
220899
221087
221118
221306
221472
221579
221599
221655
221767
221879
222085
222102
222175
222490
222497
222554
222562
222624
222782
222783
222790
222812
222841
222943
222980
222995
223232
223384
223413
223468
223584
223732
223872
223946
224007
224052
224263
224291
224433
224477
224501
224645
224720
224832
224887
225006
225359
225403
225702
225724
225860
225870
225955
225960
225973
226249
226377
226587
226610
226635
226660
226673
226824
226972
227070
227097
227148
227183
227280
227633
227654
227679
227682
227771
227893
227946
227976
228035
228388
228556
228573
228716
228730
228836
228948
229028
229096
229126
229151
229215
229263
229322
229506
229953
230037
230093
230228
230305
230335
230412
230452
230559
230703
230717
230778
230789
231096
231211
231335
231441
231530
231548
231555
231763
232197
232282
232316
232483
232548
232707
232799
232965
232986
233123
233197
233350
233420
233491
233635
233704
233881
233902
233963
234042
234079
234089
234245
234297
234322
234446
234534
234783
234796
234929
234988
235629
235801
235918
236020
236201
236207
236210
236314
236372
236553
236567
236719
236728
237031
237100
237183
237318
237379
237451
237512
237590
237608
237698
237723
237772
237816
237904
237928
237970
238072
238115
238347
238638
238659
238673
238693
238775
238848
238929
239277
239342
239497
239751
239800
239911
240389
240431
240481
240514
240546
240581
240583
240633
240766
240785
240854
240916
240948
241019
241052
241103
241140
241155
241172
241257
241257
241391
241423
241600
241631
241655
241660
241671
241700
241760
241784
241819
241831
241871
242036
242069
242088
242373
242539
242575
242718
242821
242827
242830
242870
242956
242982
243164
243337
243469
243478
243739
243845
244039
244073
244081
244163
244416
244441
244507
244571
244670
244735
244864
244886
245051
245102
245104
245163
245180
245196
245236
245320
245545
245565
245678
245707
245754
245870
245913
246218
246286
246420
246429
246753
246876
246896
246946
247043
247059
247163
247273
247610
247829
247850
247866
247915
247920
247921
247937
248015
248125
248416
248449
248562
249014
249074
249095
249112
249144
249234
249309
249309
249509
249579
249914
249957
249983
250378
250480
250496
250601
250802
250826
250988
251096
251186
251271
251283
251329
251331
251491
251522
251577
251648
251738
251802
251867
251868
251926
251982
252092
252094
252145
252183
252220
252241
252332
252345
252362
252365
252374
252394
252428
252445
252453
252546
252593
252696
252796
252931
252960
253133
253324
253336
253421
253434
253473
253628
253684
253792
253866
254097
254214
254387
254550
254571
254675
254778
254782
254897
254944
254948
255057
255097
255188
255303
255321
255329
255343
255557
255643
255731
255815
255877
256110
256350
256450
256488
256765
256804
256828
256929
257175
257223
257259
257342
257629
257779
257801
257891
258047
258058
258119
258162
258179
258294
258324
258447
258500
258527
258594
258939
259039
259389
259609
259617
259629
259839
260180
260194
260284
260786
260996
261041
261357
261511
261574
261592
261764
261840
261936
261961
262141
262305
262351
262355
262381
262650
262681
263436
263464
263489
263501
263560
263686
263748
263878
263901
263919
263927
264208
264552
264607
264939
265038
265315
265449
265469
265488
265828
265957
265970
266022
266098
266205
266262
266301
266386
266556
266621
266853
266980
267016
267121
267138
267145
267371
267519
267655
267702
267719
267989
267991
268073
268114
268332
268434
268808
268958
268959
269380
269464
269748
269807
269828
269864
270090
270235
270247
270271
270733
270774
270875
270981
271084
271223
271275
271538
271730
271766
271822
271948
272114
272253
272360
272360
272499
272515
272557
272609
272635
272707
272770
272840
272842
272959
273034
273197
273451
273559
273592
273669
273716
273851
273861
273944
274013
274090
274094
274162
274229
274291
274491
274531
274634
274648
274800
274870
274885
274898
275266
275273
275316
275392
275686
275692
275702
275845
275982
276031
276079
276129
276154
276308
276382
276428
276444
276552
276655
276721
276722
276761
276879
277009
277049
277166
277343
277468
277554
277588
277633
277854
277918
277948
278001
278089
278093
278126
278230
278357
278365
278539
278625
278828
278856
278923
278966
278994
279007
279249
279295
279442
279495
279639
279876
280006
280040
280060
280209
280287
280511
280650
280755
280755
280793
280849
280881
280905
280924
281071
281199
281221
281221
281576
281672
281730
281806
281844
281915
281943
282229
282263
282270
282309
282327
282360
282605
282789
283010
283067
283214
283299
283413
283451
283657
283869
283950
283984
283988
284162
284284
284419
284686
285010
285051
285081
285109
285145
285178
285259
285270
285282
285330
285359
285363
285462
285518
286170
286206
286441
286446
286812
286845
286871
287093
287121
287174
287432
287495
287539
287572
287604
288026
288209
288220
288222
288391
288661
288923
288931
289153
289289
289480
289524
289723
289733
289850
289871
289997
290034
290105
290112
290125
290231
290358
290402
290511
290623
290637
290652
290793
290811
290836
290847
290871
291006
291403
291518
291603
291703
291710
291958
292180
292874
292932
292944
293251
293259
293370
293438
293500
293604
293621
293703
293891
293911
293915
293940
294121
294127
294141
294347
294385
294749
294755
294838
294922
295062
295166
295206
295414
295893
296111
296128
296277
296338
296442
296584
296641
296715
296919
296976
297027
297113
297256
297404
297454
297512
297727
297890
297896
297919
297924
297942
298071
298204
298218
298306
298357
298425
299248
299307
299343
299397
299441
299533
299617
299749
300094
300230
300732
300990
301002
301003
301037
301129
301226
301560
301607
301792
301824
302122
302158
302402
302513
302666
302717
302728
302765
302783
303075
303125
303364
303508
303673
303697
303775
304091
304106
304122
304166
304248
304266
304472
304472
304838
304896
304903
304973
305174
305234
305250
305425
305537
305573
305592
305628
305689
305712
305716
305797
306073
306244
306249
306411
306452
306539
306567
306619
306736
306785
306786
306895
307060
307065
307237
307288
307486
307695
307756
308009
308140
308148
308158
308200
308215
308446
308518
309144
309254
309340
309349
309354
309419
309838
310081
310108
310228
310385
310402
310406
310462
310638
310716
310967
310993
311041
311209
311324
311433
311464
311902
312044
312146
312196
312513
312521
312523
312573
312608
312669
312914
312933
313008
313130
313162
313170
313202
313240
313350
313671
313704
313746
313824
313837
313870
313985
314051
314052
314138
314161
314533
314558
314615
314642
314688
314753
314884
315010
315314
315320
315399
315401
315553
315598
315642
315804
315878
315882
315954
316045
316061
316082
316486
317006
317076
317312
317338
317372
317431
317563
317701
317715
317769
317819
318208
318249
318253
318266
318269
318626
318741
318891
319063
319145
319293
319428
319443
319608
319657
319976
319992
320000
320015
320225
320363
320397
320521
320665
320846
321011
321080
321106
321175
321322
321367
321412
321447
321451
321541
321542
321657
321685
321713
321760
321961
322016
322067
322210
322222
322670
322993
323009
323124
323158
323166
323305
323318
323364
323535
323540
323661
323696
323730
323732
323746
323820
323832
324038
324146
324170
324304
324494
324733
325218
325252
325336
325344
325431
325548
325569
325629
325683
325884
325906
325968
326076
326150
326486
326584
326658
326691
326719
326780
326784
327014
327111
327233
327351
327379
327388
327495
327642
328051
328231
328478
328637
328848
328865
328892
328959
329120
329146
329182
329194
329488
329514
329616
329900
330187
330271
330293
330665
330681
330721
330839
330852
330859
330910
331051
331052
331054
331324
331425
331561
331664
331690
331971
332002
332007
332288
332328
332597
332900
332990
333279
333310
333330
333413
333479
333510
333622
333729
333749
334029
334038
334146
334417
334472
334548
334567
334624
334741
334923
334981
335000
335114
335209
335264
335326
335381
335399
335401
335402
335559
335599
335663
335706
335864
336128
336148
336323
336422
336467
336752
336798
336920
336947
337206
337339
337452
337526
337589
337721
337746
337800
337898
337915
337968
338114
338236
338316
338615
338716
339022
339060
339184
339510
339542
339695
339786
339935
340004
340020
340045
340076
340190
340240
340336
340344
340359
340432
340542
340723
340799
340936
341019
341290
341345
341607
341670
341728
341731
341903
342020
342192
342276
342717
342865
342879
342945
343091
343249
343270
343428
343626
343684
343970
344065
344078
344083
344101
344242
344312
344434
344563
344571
344617
344731
344754
344777
344817
344874
345357
345383
345416
345586
345675
345732
345762
345833
345930
346414
346448
346795
346800
346829
346997
347294
347306
347405
347574
347604
347665
347674
347696
347868
347899
347964
347988
348017
348019
348255
348355
348510
348662
348888
348903
348932
348939
348995
349027
349034
349098
349197
349226
349330
349471
349627
349636
349739
349798
350592
350714
350724
350762
350835
350846
350854
350898
350913
350993
351054
351162
351373
351378
351393
351427
351632
351639
351649
351767
352069
352097
352299
352480
352755
352818
352839
352944
353117
353296
353536
353548
353552
353605
353864
353943
353984
354125
354129
354338
354351
354422
354461
354478
354776
354812
354974
355040
355159
355216
355321
355380
355486
355607
355847
355863
355891
356327
356328
356389
356396
356423
356520
356556
356698
356766
356792
356852
356878
356921
356939
357392
357458
357533
357701
357985
358022
358335
358382
358394
358506
358603
358628
358658
358727
359029
359091
359121
359214
359396
359575
359800
360042
360045
360128
360154
360285
360302
360316
360483
360685
360753
360823
360829
361363
361743
361754
361797
361908
361920
361959
361976
362013
362156
362170
362179
362232
362244
362410
362416
362538
362586
362806
363048
363299
363326
363436
363437
363500
363632
363822
363865
364009
364010
364092
364093
364107
364151
364244
364296
364306
364480
364770
364885
364901
364992
365027
365075
365084
365108
365111
365146
365222
365227
365338
365609
365692
365779
365808
365825
365852
365970
365986
366009
366151
366205
366236
366394
366434
366706
366726
367012
367054
367209
367247
367338
367527
367708
367737
367812
367992
368091
368322
368621
368674
368689
368847
369017
369038
369144
369149
369189
369315
369656
369726
370117
370200
370361
370382
370417
370487
370876
370925
371029
371214
371512
371663
371705
371712
372032
372268
372694
372974
373070
373246
373425
373526
373540
373593
373721
373721
373907
373971
373981
374279
374353
374397
374483
374514
374528
374538
374541
374546
374574
374626
374669
374709
374933
375089
375128
375552
375590
375822
375904
375967
376015
376344
376369
376618
376867
376868
376940
377069
377120
377249
377354
377510
377520
377597
377678
377718
377837
377973
378148
378258
378419
378483
378508
378542
378590
378630
378698
378908
379161
379239
379347
379398
379427
379510
379624
379887
379940
379994
380135
380251
380277
380398
380600
380626
380732
380778
380809
380818
380835
380931
380941
380961
381072
381088
381286
381331
381428
381619
381620
381715
381732
382011
382070
382141
382173
382220
382269
382295
382319
382429
382445
382468
382489
382811
382843
382865
382964
383001
383018
383079
383203
383241
383295
383383
383416
383463
383522
383554
383585
383641
383705
383752
383784
383810
383832
384128
384201
384245
384328
384352
384596
384620
384857
384934
384968
384973
384984
385019
385028
385193
385794
386083
386102
386208
386294
386311
386499
386503
386606
386642
386744
386764
386954
386987
387011
387185
387216
387240
387436
387716
387836
388116
388277
388282
388381
388409
388520
388552
388572
388643
388709
388762
388804
388849
388899
388909
389012
389233
389463
389504
389570
389576
389665
389669
389831
389838
389892
389906
389950
390022
390080
390428
390466
390522
390881
390984
391123
391129
391553
391566
391914
391949
392220
392436
392557
392786
392925
393298
393358
393591
393650
393795
393917
393988
394299
394340
394496
394518
394552
394596
394635
394681
394712
394723
394780
394866
395097
395309
395410
395477
395656
395842
395999
396010
396011
396072
396105
396173
396490
396640
396672
396685
396707
396849
397200
397230
397383
397644
397696
397704
397705
397762
397838
397989
398030
398178
398198
398234
398366
398501
398520
398635
398705
398845
398859
398945
398955
398966
398972
399145
399255
399262
399293
399332
399360
399448
399505
399553
399618
399965
399968
400006
400070
400171
400233
400340
400416
400725
400735
400855
400982
401048
401054
401095
401135
401440
401492
401563
401665
401922
402019
402032
402178
402267
402301
402408
402497
402503
402668
402755
402838
402886
402983
403004
403022
403083
403176
403215
403225
403255
403335
403412
403624
403646
403657
403669
404002
404025
404208
404258
404276
404345
404358
404412
404524
404546
404785
404957
405004
405046
405052
405058
405076
405183
405293
405322
405413
405484
405595
405934
405938
406119
406165
406215
406633
406761
407014
407042
407298
407328
407445
407552
407608
407649
407728
407749
407751
407775
407817
407924
407934
407941
407947
407949
408097
408184
408237
408371
408382
408503
408660
409017
409020
409124
409324
409491
409516
409643
409670
409691
409765
409816
409863
410130
410143
410196
410308
410364
410530
410611
410618
410702
410779
410936
411044
411295
411316
411383
411483
411507
411634
411725
411743
411913
412013
412023
412066
412131
412248
412370
412831
413008
413292
413433
413463
413521
413818
413827
414210
414211
414314
414393
414493
414716
414722
414750
414842
414842
414966
415153
415203
415250
415300
415316
415533
415590
415593
415595
415735
415818
415880
415976
416163
416166
416227
416316
416317
416398
416461
416484
416519
416619
416626
416644
416695
416927
416935
417057
417214
417238
417391
417418
417573
417574
417578
417597
417609
417656
417684
417713
417803
417871
417932
418131
418250
418267
418273
418397
418670
418783
418852
419132
419160
419275
419295
419302
419345
419347
419364
419412
419456
419578
419629
419659
419708
419770
420174
420184
420346
420443
420453
420590
420666
420768
420772
420823
420922
421020
421065
421181
421234
421426
421898
421950
422040
422192
422408
422470
422530
422649
422711
422828
422837
422862
423327
423440
423502
423640
423717
423732
423943
424049
424111
424359
424792
424886
425136
425143
425195
425309
425416
425487
425658
425938
425952
425990
426039
426046
426239
426342
426343
426400
426623
426660
426674
426846
426851
426930
426967
426998
427250
427323
427556
427598
427652
427758
427830
427885
427888
428033
428042
428044
428137
428397
428410
428561
428619
428620
428632
428731
428764
428837
428866
428888
428937
429199
429323
429446
429524
429658
429721
429952
429975
430316
430442
430624
430766
430824
430908
431171
431233
431492
431558
431567
431678
431738
431753
431759
431907
431912
431970
432156
432276
432584
432623
432780
432792
432802
432907
433343
433444
433449
433451
433459
433684
433712
433779
433805
433808
434042
434085
434105
434157
434430
434459
434690
434832
434838
434863
434875
434906
435031
435044
435249
435276
435341
435401
435495
435497
435565
435828
435871
436205
436210
436284
436395
436406
436421
436672
436681
436729
436761
436811
436991
437090
437244
437370
437636
437662
437671
437682
437789
437872
438037
438136
438201
438205
438250
438258
438346
438438
438500
438582
438611
439089
439224
439335
439335
439374
439483
439505
439565
439624
439856
440140
440142
440167
440244
440302
440363
440557
440639
440664
440777
440839
440869
440954
441090
441179
441195
441198
441319
441495
441531
441644
441787
442032
442041
442064
442145
442174
442359
442564
442628
442688
442762
442970
443056
443057
443074
443162
443220
443321
443359
443390
443438
443447
443503
443692
443715
443833
444076
444096
444108
444211
444567
444580
444642
444809
444869
444922
444931
444992
445021
445125
445222
445272
445514
445563
445583
445628
445773
445854
445895
445993
445996
446156
446207
446384
446560
446717
446806
447007
447084
447503
447508
447707
447838
447853
447857
448118
448135
448365
448449
448472
448493
448646
448647
448772
449006
449192
449303
449368
449408
449432
449480
449581
449610
449651
449666
449762
449805
449842
449899
449952
450048
450058
450124
450154
450208
450419
450522
450674
450920
450951
451010
451027
451050
451180
451188
451285
451334
451807
451841
451871
451896
452022
452111
452139
452183
452196
452252
452273
452288
452358
452370
452406
452459
452695
452772
452781
452921
452921
453455
453458
453554
453575
453744
453748
453759
453796
453831
454001
454181
454208
454227
454253
454314
454381
454454
454500
454569
454745
454773
454831
454870
454964
455151
455195
455210
455457
455476
455545
455629
455709
455760
455768
455909
456012
456047
456297
456380
456472
456628
456712
456783
456878
457104
457279
457295
457303
457347
457354
457399
457445
457519
457556
457759
458030
458070
458072
458093
458323
458363
458402
458586
458647
458782
458793
458880
458904
458967
459061
459086
459340
459403
459511
459596
459803
459808
460071
460310
460382
460615
460680
460890
461089
461143
461326
461521
461526
461641
461762
461856
461910
461914
461996
462002
462124
462148
462245
462543
462597
462605
462809
462869
462967
462969
462975
462976
462985
463031
463037
463084
463121
463282
463408
463514
463529
463913
463997
464209
464288
464302
464351
464353
464795
464865
465193
465407
465436
465521
465566
465597
465709
465734
465753
465762
465937
465954
466160
466197
466550
466575
466585
466644
466765
466804
467032
467060
467065
467101
467145
467169
467303
467403
467507
467591
467636
467667
467671
467825
467843
467889
467925
467976
468055
468108
468113
468163
468277
468296
468676
468791
468902
468928
468940
469539
469768
469776
469850
469913
470211
470279
470368
470462
470537
470781
470917
471068
471618
471734
471772
471783
471796
471874
471900
471945
471975
472000
472252
472267
472489
472700
472744
472756
472807
473007
473113
473440
473451
473693
473727
473854
473938
473962
473990
474002
474324
474387
474403
474629
474688
474764
474967
474989
475080
475136
475188
475308
475314
475653
475656
475670
475676
475840
475984
476045
476115
476256
476602
476648
476668
477117
477327
477407
477448
477595
477606
477654
477716
477725
477826
477972
478052
478137
478138
478248
478281
478313
478328
478615
478656
478760
478947
479160
479182
479364
479373
479388
479500
479695
479824
480058
480257
480403
480890
480961
481099
481232
481328
481342
481455
481473
481524
481525
481802
481883
482321
482336
482344
482376
482414
482628
482684
482789
483076
483079
483117
483228
483360
483402
483404
483409
483604
483835
483868
484012
484023
484078
484208
484379
484540
484604
484715
484806
484856
484901
484912
485007
485112
485882
485967
485988
486373
486373
486479
486500
486516
486516
486603
486631
486681
486686
486833
486866
487022
487303
487429
487460
487499
487555
487744
487745
487832
488022
488203
488244
488291
488346
488377
488804
488825
488891
488926
488938
489280
489338
489358
489364
489769
489857
489909
489963
490323
490435
490604
490626
490649
490653
490791
491079
491179
491280
491308
491332
491356
491453
491531
491730
491954
491988
492020
492043
492076
492237
492427
492663
492802
493035
493067
493243
493364
493430
493507
493626
493823
493829
493897
494042
494060
494312
494345
494396
494435
494583
494642
494656
494662
494769
494807
494850
494853
494872
494902
495165
495190
495541
495569
495575
495717
495722
495739
495905
496334
496390
496510
496571
496649
496687
496791
496800
496889
496953
497022
497058
497094
497196
497227
497281
497559
497564
497604
497605
497686
497819
497914
497996
498014
498136
498160
498170
498188
498220
498277
498369
498516
498571
498618
498645
498725
499153
499192
499195
499197
499219
499260
499373
499489
499539
499958
500003
500024
500068
500167
500265
500280
500282
500412
500452
500906
500971
501183
501197
501253
501284
501548
501603
501712
501735
501751
501759
501811
501970
502001
502160
502169
502187
502230
502336
502409
502557
502570
502577
502635
502712
502731
502758
503059
503350
503591
503729
503778
503907
504022
504077
504145
504199
504239
504298
504362
504529
504608
505060
505119
505408
505571
505609
505718
506130
506348
506410
506468
506706
506791
506844
506930
507328
507335
507505
507533
507704
507760
507769
507809
508047
508118
508221
508281
508393
508624
508684
508700
508746
509063
509113
509193
509308
509416
509466
509554
509653
509667
509730
509776
509910
509920
510255
510275
510358
510464
510740
510814
510921
510937
511015
511028
511187
511257
511278
511379
511490
511668
511827
511835
511872
511944
512076
512119
512291
512490
512518
512527
512561
512729
512901
512988
513129
513206
513246
513286
513334
513334
513364
513607
513632
513755
513852
514037
514065
514066
514081
514207
514257
514308
514319
514492
514503
514629
514638
514704
514772
514940
514971
515174
515189
515502
515504
515606
515687
515726
515837
515925
515950
516032
516153
516341
516366
516548
516591
516685
516763
516820
516829
516838
516870
516902
517042
517095
517135
517148
517311
517416
517657
517701
517946
518025
518089
518257
518317
518516
518584
518610
518759
518812
518845
518921
519567
519614
519801
519872
519968
520040
520132
520161
520188
520341
520492
520539
520543
520614
520620
520658
520658
520780
520848
520872
520879
520929
521023
521154
521220
521362
521426
521586
521590
521773
521813
521849
521866
521941
522123
522255
522541
522788
522789
523083
523170
523360
523512
523533
523542
523569
523641
523676
523682
523815
523991
524007
524192
524218
524219
524334
524428
524440
524536
524541
524595
524638
524657
524780
525045
525054
525058
525168
525465
525549
525612
525695
525746
525886
525929
525940
525974
526066
526133
526196
526265
526350
526420
526484
526635
526698
526842
527038
527202
527286
527368
527398
527584
527591
527643
527655
527726
527867
527909
527962
528002
528192
528200
528242
528452
528796
528820
528882
529144
529583
529760
529820
529926
530010
530079
530131
530349
530369
530538
530573
530663
531106
531196
531432
531475
531478
532049
532116
532281
532405
532462
532519
532666
532815
532952
533237
533248
533291
533361
533467
533571
533672
533780
533900
533910
534007
534210
534489
534629
534722
534763
534769
534814
535030
535137
535166
535229
535266
535483
535550
535558
535564
535567
535708
535861
535866
535964
536016
536030
536093
536129
536261
536261
536452
536504
536530
536735
536744
536923
537062
537119
537145
537155
537229
537313
537372
537505
537536
537871
537979
538089
538217
538237
538242
538314
538382
538437
538495
538532
538674
538780
538890
539027
539054
539470
539538
539837
539848
539890
539931
539996
540029
540249
540305
540412
540462
540549
540624
540653
540708
540712
540809
540844
540871
540897
540916
541118
541121
541419
542154
542194
542328
542401
542627
542678
542758
542847
543054
543261
543283
543349
543444
543566
543858
543883
544090
544099
544143
544183
544209
544255
544401
544405
544465
544469
544600
544616
544638
544770
544904
544977
545163
545165
545422
545642
545703
545800
545906
545967
545976
545997
546062
546372
546485
546752
546912
546975
547027
547113
547127
547263
547379
547448
547457
547476
547551
547609
547653
547849
547959
547991
548065
548103
548144
548148
548271
548277
548294
548368
548400
548919
548965
549132
549327
549394
549758
549794
549821
549852
549991
550092
550167
550364
550484
550660
550689
550715
550828
550870
550901
551099
551178
551469
552012
552063
552115
552162
552313
552548
552643
552645
552808
552848
552922
552989
553003
553098
553120
553137
553406
553432
553596
553627
553704
553797
553989
554045
554079
554087
554188
554239
554445
554490
554513
554515
554743
554761
554880
554904
554955
554967
555069
555086
555090
555208
555239
555445
555584
555676
555760
555806
555951
556355
556612
556616
556716
556755
557006
557031
557159
557180
557291
557296
557684
557887
557905
558068
558253
558410
558487
558559
558593
558702
558990
559122
559230
559237
559256
559294
559575
559663
559785
559852
559863
559886
559946
560064
560099
560111
560115
560116
560212
560242
560266
560307
560356
560932
561010
561258
561298
561356
561450
561880
561883
561908
561950
562021
562199
562447
562709
562917
563127
563132
563165
563169
563195
563209
563279
563450
563462
563577
563811
563859
563914
563986
564046
564103
564150
564228
564289
564522
564551
564723
564726
564783
564812
564887
564902
564960
565220
565565
565792
565842
566079
566207
566301
566374
566474
566570
566871
567227
567262
567411
567577
567577
567593
567601
567646
567750
567766
567811
568002
568041
568106
568146
568508
568763
568910
568995
569092
569128
569194
569226
569293
569620
569692
570013
570162
570596
570615
570876
570952
571057
571166
571167
571184
571254
571378
571623
571685
571736
571739
571910
572032
572053
572092
572150
572269
572745
573022
573139
573190
573201
573258
573396
573477
573504
573542
573556
573633
573649
573699
573769
573894
573961
573984
574130
574203
574314
574361
574441
574458
574541
574556
574614
574884
574937
575050
575260
575261
575515
575552
575568
575715
575721
575737
575745
575765
575791
575845
575848
575914
575935
575955
576115
576256
576361
576553
576699
576723
576743
576770
576794
576835
576967
577010
577163
577169
577191
577256
577307
577347
577565
577639
577815
577840
577904
577943
578028
578084
578116
578272
578395
578598
578617
578623
578746
578758
578831
578861
578876
578929
579091
579103
579207
579209
579215
579433
579540
579586
579808
579874
579933
580049
580070
580154
580222
580230
580243
580316
580398
580465
580498
580515
580524
580690
580729
580953
580960
580972
581061
581150
581190
581578
581652
581797
581803
581806
581844
581923
581984
582219
582228
582331
582444
582481
582667
582741
583148
583155
583732
583761
583851
583979
584041
584100
584166
584171
584301
584412
584480
584568
584679
584743
584971
585000
585243
585257
585273
585418
585597
585716
585954
586176
586359
586403
586503
586577
586732
586771
586940
587122
587477
587504
587577
587750
587878
587960
588008
588057
588137
588393
588492
588788
588851
588929
588944
589011
589015
589107
589156
589176
589186
589316
589335
589402
589585
589676
589765
589854
589878
589900
590092
590164
590179
590307
590474
590491
590536
590608
590642
590865
590894
591102
591186
591237
591240
591341
591408
591424
591585
591674
591857
591914
591995
592071
592163
592276
592284
592356
592465
592505
592789
592812
593008
593032
593101
593169
593273
593782
593819
594015
594024
594077
594152
594202
594369
594376
594564
594808
594874
595120
595159
595210
595270
595293
595536
595552
595561
595609
595734
595751
595770
595842
596256
596354
596379
596556
597045
597107
597148
597223
597304
597452
597490
597550
597721
597726
598080
598092
598179
598256
598264
598275
598488
598553
598619
598629
598631
598827
599132
599257
599521
599535
599653
599761
600015
600096
600109
600245
600376
600452
600456
600695
600755
601072
601458
601568
601579
601748
601807
601846
601906
601985
602043
602108
602155
602218
602277
602560
602669
602795
602881
602892
603221
603306
603478
603485
603494
603744
603926
604127
604129
604190
604299
604405
604405
604495
604515
604617
604671
604754
605105
605106
605190
605689
605753
605760
605840
605849
605985
606028
606203
606281
606331
606487
606523
606585
606611
606616
606703
606763
606803
606849
606854
606926
606979
607111
607163
607399
607409
607445
607504
607541
607754
607766
607873
607925
607925
607939
608001
608068
608117
608165
608355
608529
608595
608733
608983
609102
609170
609556
609586
609866
609873
609903
609930
609988
609994
610013
610281
610289
610467
610490
610842
611191
611412
611559
611620
611658
611892
611899
611945
612119
612209
612245
612343
612505
612521
612672
612674
612783
612810
612995
613484
613900
614067
614329
614447
614491
614520
614678
614741
614864
614988
615015
615351
615352
615437
615500
615562
615630
615704
615778
615817
615989
616008
616066
616139
616247
616318
616360
616540
616550
616605
616682
616698
616800
617006
617016
617021
617186
617218
617233
617359
617391
617498
617503
617628
617635
617970
618362
618453
618458
618565
618609
618799
618889
618898
618904
619172
619257
619347
619403
619512
619619
619654
619752
619753
619790
619819
619822
619856
620133
620183
620196
620301
620322
620352
620363
620405
620973
620986
621096
621101
621253
621331
621393
621555
621660
621790
621836
621962
621996
622009
622041
622138
622415
622655
622681
622728
622806
622891
622925
623061
623070
623234
623248
623271
623454
623500
623584
623779
623860
623934
623980
624003
624087
624237
624319
625322
625477
625491
625500
625515
625564
625643
625675
625746
625901
625961
625988
626208
626244
626306
626462
626593
626660
626668
626830
626837
626874
627015
627043
627062
627250
627401
627499
627536
627644
627650
627809
627815
627820
627855
627872
627941
628539
628784
629038
629063
629070
629131
629773
629877
629910
629982
630347
630421
630432
630535
630585
630618
630633
630735
630746
630824
630851
631135
631199
631294
631330
631366
631402
631508
631566
631784
631823
631971
632030
632106
632253
632306
632350
632371
632544
632554
632585
632589
632611
632668
632698
632731
632830
632864
632902
632910
632919
632967
632986
632990
633001
633184
633189
633503
633606
633685
633690
633691
633731
633818
633868
633933
633978
634017
634091
634123
634346
634440
634454
634599
634642
634731
634771
634933
635045
635124
635139
635140
635191
635199
635321
635509
635682
635750
635784
635855
636029
636067
636123
636231
636266
636270
636313
636336
636338
636407
636412
636487
636539
636547
636579
636868
636980
637153
637495
637509
637712
637835
637942
638229
638232
638244
638431
638540
638585
638658
638835
638839
638917
638994
639059
639359
639426
639431
639492
639688
639702
639712
639838
639973
640121
640152
640918
640983
641326
641374
641558
641618
641702
641919
642138
642158
642213
642251
642303
642311
642510
642748
642753
642801
642933
643128
643139
643157
643426
643587
643702
643724
643726
643751
643853
643881
644051
644071
644207
644589
644695
644913
645047
645057
645078
645216
645280
645327
645352
645480
645511
645525
645571
645666
645806
645932
646453
646517
646605
646607
646646
646701
646986
647117
647208
647565
647584
647620
647633
647664
647699
647816
647917
647952
648127
648334
648453
648541
648574
648589
648607
648982
649005
649124
649291
649333
649365
649399
649402
649416
649584
649631
649665
649755
649792
649934
649948
649956
650248
650259
650319
650329
650403
650427
650587
650730
650734
650750
650774
650975
650981
651047
651461
651528
651706
651722
651762
651787
651810
651842
652017
652117
652152
652177
652224
652305
652551
652588
652715
652742
653156
653233
653290
653477
653497
653525
653607
653784
653864
653889
653934
653942
654196
654219
654233
654263
654278
654538
654624
654685
654865
654875
654920
654923
654945
655002
655048
655049
655087
655216
655222
655441
655631
655673
655855
656117
656386
656416
656615
656665
656779
656814
656817
656948
657042
657077
657121
657233
657234
657238
657303
657387
657422
657515
657761
657940
657954
658080
658291
658419
658605
658702
658766
658781
658793
658804
659034
659122
659660
659738
659744
659794
660247
660296
660322
660370
660383
660429
660514
660517
660537
660639
660739
660895
661160
661204
661410
661425
661583
661660
661752
661832
661927
661981
662005
662135
662198
662208
662222
662521
662601
662614
662675
662712
662851
662862
663183
663212
663303
663512
663598
663603
663818
664039
664054
664209
664352
664477
664694
664910
664929
665091
665103
665186
665248
665317
665366
665378
665562
665663
665664
665714
665794
665827
665854
665868
666007
666133
666137
666184
666204
666218
666274
666333
666531
666683
666781
666797
666976
667134
667147
667156
667406
667411
667608
667798
667900
667988
668086
668136
668140
668224
668255
668395
668672
668807
668879
669124
669136
669236
669303
669441
669445
669527
669549
669564
669615
669718
669753
669811
669909
670158
670313
670355
670614
670626
670656
670793
670810
670815
670837
670915
671056
671063
671261
671372
671476
671530
671612
671954
672236
672247
672263
672318
672433
672597
672693
672762
673159
673268
673355
673393
673496
673533
673557
673681
673749
673921
674123
674294
674334
674543
674667
674669
674698
674857
674981
675277
675376
675383
675396
675412
675466
675620
675724
675738
675912
675997
676063
676142
676286
676631
677097
677189
677245
677319
677430
677608
677620
677660
677901
677919
678497
678514
678615
678668
678716
678758
678811
678951
679001
679051
679294
679470
679523
679722
679812
679821
679841
679871
679925
680338
680444
680496
680725
680753
680770
680871
681056
681090
681136
681148
681350
681483
681496
681694
681703
681836
681897
682019
682024
682073
682118
682629
682684
682700
682712
682720
682783
682865
682887
682979
683086
683105
683397
683510
683697
683743
683842
683847
684011
684030
684039
684120
684208
684246
684303
684432
684490
684588
684659
684711
684798
684949
684979
685002
685213
685221
685486
685547
685645
685766
685875
685998
686260
686420
686794
686925
687042
687222
687284
687329
687331
687431
687443
687547
687615
688148
688237
688325
688712
688785
689023
689139
689194
689203
689416
689442
689691
689926
689961
690090
690100
690120
690270
690321
690388
690475
690672
690888
690912
691016
691055
691148
691320
691493
691628
691634
691669
691669
691836
692047
692140
692148
692153
692495
692630
692699
692741
692799
692800
692893
692951
693033
693099
693399
693481
693529
693614
693624
693902
693909
693959
693969
694130
694247
694359
694403
694404
694754
694791
694800
694839
694973
695112
695188
695324
695338
695354
695361
695509
695946
695999
696229
696273
696611
696625
696666
696771
696885
696902
696939
696974
697034
697301
697421
697952
698057
698179
698210
698460
698670
698809
699039
699178
699284
699526
700230
700332
700568
700686
701013
701240
701584
701643
701810
701813
701855
702033
702381
702393
702466
702521
702691
702705
702731
702871
702938
702950
703113
703364
703435
703593
703609
703665
703756
703828
703896
704102
704255
704319
704461
704504
704665
704707
704733
704736
704818
704869
705046
705161
705162
705172
705241
705560
705607
705671
705676
705946
706049
706157
706312
706627
706633
706639
706741
707129
707241
707628
707666
707685
708088
708499
708669
709068
709072
709303
709381
709793
709958
710039
710089
710173
710202
710213
710225
710357
710440
710446
710493
710507
710628
710765
710783
710850
710872
711232
711393
711407
711613
711637
711748
711782
711802
711928
711975
711980
712099
712134
712355
712485
712958
713132
713457
713518
713653
713945
713962
714000
714074
714178
714268
714576
714577
714659
714753
714755
714926
714930
714989
715025
715046
715054
715189
715192
715397
715851
715861
715909
715979
715981
715985
716165
716226
716258
716312
716376
716871
716940
717270
717376
717551
717592
717640
717712
717735
717872
717993
718069
718141
718198
718210
718249
718261
718280
718421
718580
718615
718646
718799
718927
719000
719139
719446
719530
719643
719667
719697
719737
719845
719871
719944
720122
720147
720216
720222
720361
720429
720528
720705
720724
720790
720952
721058
721499
721617
721657
721768
721782
721832
722017
722029
722096
722324
722443
722642
722670
722921
722963
723041
723437
723608
723926
723974
724168
724317
724328
724385
724463
724629
724719
724811
724848
724908
724984
725023
725054
725055
725087
725117
725138
725224
725366
725383
725418
725497
725903
726108
726128
726159
726298
726420
726557
726604
726716
726900
727024
727137
727406
727407
727590
727636
727796
727973
728099
728165
728236
728475
728643
728831
728898
729033
729265
729302
729385
729586
729734
729791
729882
729943
730056
730218
730301
730517
730531
730546
730720
730790
731084
731272
731324
731375
731378
731392
731417
731422
731454
731500
731508
731773
731867
732238
732273
732381
732492
732524
732535
732802
732955
732959
733339
733362
733609
733633
733680
733826
733858
734257
734537
734621
734638
734684
734837
734944
734973
735007
735039
735078
735336
735428
735511
735700
735906
736075
736296
736377
736460
736549
736558
736751
736760
736849
736870
736877
736942
737129
737172
737229
737260
737492
737500
737533
737536
737739
737766
737877
737937
738281
738317
738367
738379
738471
738472
738530
738560
738627
738796
738822
738956
739002
739011
739192
739325
739333
739613
739661
739860
740032
740079
740272
740970
741042
741157
741285
741322
741334
741666
741891
742058
742084
742114
742139
742146
742160
742182
742204
742213
742389
742389
742390
742396
742955
743004
743035
743069
743077
743165
743179
743275
743322
743428
743472
743580
743595
743726
743746
743859
743991
744003
744020
744046
744073
744189
744221
744222
744269
744297
744389
744390
744424
744494
744541
744552
744634
744703
744731
744834
744929
744930
745034
745040
745056
745126
745227
745248
745379
745526
745576
745585
745598
745695
745908
745913
745978
745992
746159
746364
746369
746454
746459
746559
746728
746754
747378
747439
747514
747531
747607
747687
748045
748166
748214
748265
748313
748471
748510
748734
748860
748888
749013
749048
749195
749287
749398
749476
749553
749654
750001
750027
750092
750337
750417
750468
750508
750618
750633
750858
750862
750885
751054
751244
751259
751555
751714
751757
751771
751806
751866
751938
752047
752192
752247
752436
752440
752547
752707
752772
752857
752883
753009
753171
753326
753411
753557
753559
753581
753636
753666
753935
753989
754064
754228
754240
754292
754423
754628
754768
755027
755144
755155
755244
755249
755314
755384
755505
755794
755843
755857
755912
756137
756238
756244
756263
756269
756295
756478
756634
756686
756747
756915
757011
757185
757342
757349
757389
757461
757640
757688
757757
757871
757896
758057
758219
758283
758422
758554
758655
758764
758938
759055
759113
759210
759220
759467
759733
759851
759941
759969
759993
760230
760429
760523
760590
760636
760809
760852
760875
760935
760987
761196
761325
761337
761585
761590
761846
761860
762015
762351
762499
762632
762871
762876
762878
762997
763021
763238
763261
763495
763506
763630
763708
763773
763859
764091
764101
764180
764265
764307
764495
764612
764939
765107
765293
765371
765447
765609
765689
765769
765881
765953
766057
766196
766347
766399
766497
766728
766951
767041
767112
767141
767214
767220
767289
767476
767575
767604
767739
767773
767797
767879
767881
768150
768179
768282
768423
768511
768751
768785
768865
769049
769186
769246
769549
769640
769676
769696
769738
769744
769772
769832
769934
770101
770354
770406
770467
770706
770736
770774
770781
770846
770857
770935
771073
771139
771180
771368
771414
771455
771691
771697
771753
771776
771830
771857
771885
771991
772014
772038
772147
772218
772228
772270
772386
772412
772494
772601
772625
772727
772729
772818
772883
772914
773156
773368
773405
773459
773651
773784
773937
773976
774069
774078
774282
774486
774539
774696
774741
775046
775105
775183
775190
775246
775270
775289
775418
775633
775782
775793
775942
776051
776066
776094
776307
776379
776466
776579
776961
777045
777276
777300
777797
777895
777912
777932
777994
778078
778102
778115
778207
778405
778752
778770
778814
778908
778926
779006
779064
779168
779176
779192
779241
779273
779329
779494
779567
779598
779779
780341
780425
780860
780890
781196
781408
781587
781640
781726
781762
781845
781944
781992
782059
782265
782269
782463
782492
782745
782794
782828
783083
783104
783149
783203
783268
783303
783436
783558
783591
783612
783806
783969
783993
784032
784463
784523
784530
784625
784633
785030
785219
785436
785518
785582
785597
785695
785784
785818
785865
786130
786159
786220
786373
786412
786494
786536
786742
786746
786760
786781
786785
786831
786870
786953
787025
787274
787284
787287
787395
787498
787519
787596
787875
787918
787977
788056
788123
788189
788201
788554
788599
788608
788633
788677
788711
788854
789038
789100
789427
789681
789967
790041
790110
790507
790548
790611
790689
790901
790973
791046
791201
791350
791355
791419
791434
791670
791736
791742
791971
792024
792140
792227
792229
792273
792308
792327
792376
792574
792631
792704
792903
792958
792963
792973
793225
793275
793699
793817
793840
793988
794009
794029
794135
794136
794384
794468
794579
794673
794711
794993
795176
795336
795390
795449
795486
795653
795680
795728
795763
795806
795897
796182
796226
796306
796432
796479
796563
796611
796676
796701
796810
796825
797260
797269
797408
797422
797452
797478
797489
797556
797576
797582
797601
797767
798060
798364
798616
798794
798882
799155
799517
799623
799812
800108
800114
800291
800405
800739
800754
800783
801068
801107
801187
801190
801283
801400
801426
801677
801740
801776
801827
801828
802011
802088
802282
802305
802560
802572
802622
802782
802832
803141
803330
803358
803479
803504
803578
803586
803605
803650
803853
803989
804070
804163
804199
804260
804295
804313
804334
804447
804585
804694
804712
804806
804815
804816
804970
805011
805054
805065
805107
805173
805229
805449
805509
805518
805693
805734
805877
805928
806077
806101
806115
806213
806295
806324
806425
806433
806689
806755
806807
806944
806999
807010
807118
807204
807299
807423
807614
807619
807690
807745
807764
807827
807857
808117
808269
808358
808472
808506
808530
808661
808702
808883
808989
809026
809065
809166
809207
809391
809449
809521
809951
809995
810348
810472
810482
810493
810558
810716
811048
811163
811595
811760
811846
811919
812130
812205
812223
812507
812680
812792
812823
812905
812958
812967
812976
813102
813240
813489
813552
813576
813598
813614
813832
814047
814267
814326
814411
814457
814458
814586
814692
814693
814827
814869
814958
814975
815004
815005
815022
815344
815421
815476
815541
815748
815861
815877
815894
816002
816045
816164
816187
816591
816601
816644
816644
816821
816881
817000
817055
817101
817106
817210
817229
817240
817319
817325
817325
817354
817458
817508
817566
817703
817877
817936
818053
818149
818178
818238
818392
818748
818890
818949
818951
818969
818976
819058
819197
819293
819300
819368
819411
819486
819637
819648
819687
819697
819716
819849
819990
820024
820064
820066
820136
820529
821201
821339
821364
821507
821680
821784
821841
821856
821931
821945
822103
822140
822330
822342
822542
822588
822659
822660
822833
823250
823338
823354
823392
823589
823643
823676
823841
823855
823899
823927
823930
824013
824120
824135
824295
824398
824401
824674
824694
824767
824809
824837
824892
825087
825128
825169
825179
825357
825513
825767
825844
825970
826254
826319
826439
826806
826848
826958
826996
827002
827230
827348
827476
827484
827555
827657
827664
827692
827698
827863
828128
828177
828266
828411
828474
828501
828601
829077
829093
829118
829156
829366
829442
829486
829540
829551
829553
829572
829603
829626
829717
829822
829873
829902
830107
830113
830320
830431
830568
830765
830814
830821
830827
830829
830878
830884
830887
831340
831372
831381
831433
831549
831899
831968
832217
832314
832315
832593
832611
832643
832689
832995
833019
833084
833283
833407
833413
833466
833488
833673
833685
833895
833914
834058
834151
834294
834347
834475
834494
834630
834788
834884
835012
835066
835287
835350
835459
835660
835806
835824
835836
835851
835853
835854
835926
835946
836003
836181
836514
836600
836709
836824
837074
837078
837153
837385
837541
837736
837754
837905
837924
837992
838056
838268
838325
838340
838394
838708
838711
838744
838824
838825
838954
838983
839043
839104
839108
839973
840066
840081
840093
840188
840265
840557
840595
840627
840900
840974
840975
841012
841040
841043
841279
841518
841623
841624
841668
841718
841729
841753
841778
841905
841966
841979
841987
842008
842144
842327
842417
842507
842522
842565
842668
843034
843264
843376
843399
843504
843634
843768
843881
843952
843986
844158
844187
844207
844214
844391
844456
844668
844824
844889
845017
845091
845143
845181
845193
845210
845363
845395
845490
845517
845643
846098
846267
846422
846731
846800
846924
846963
847039
847052
847129
847261
847333
847354
847400
847493
847549
847566
847621
847739
847789
847794
847889
848009
848100
848150
848298
848398
848434
848859
848964
849078
849156
849248
849261
849429
849447
849460
849476
849493
849622
849770
849814
849883
850132
850205
850593
850626
850761
850820
850913
850940
851002
851033
851039
851176
851260
851329
851414
851417
851483
851494
851512
851557
851642
851669
851759
851842
852157
852217
852274
852462
852594
852773
852808
852821
852959
853046
853053
853081
853236
853257
853297
853518
853568
853739
853842
853973
853974
854103
854190
854468
854521
854742
854756
854856
854961
855287
855315
855319
855356
855377
855474
855496
855504
855699
855866
855969
856108
856126
856288
856338
856372
856390
856774
856829
856931
856947
856962
856966
856973
856995
857181
857284
857391
857449
857657
857727
857796
857876
857923
857990
858080
858174
858375
858577
858715
858740
858770
858809
858851
858966
859026
859037
859067
859226
859313
859334
859413
859561
859718
859744
859794
859954
859995
860147
860185
860292
860314
860314
860381
860455
860567
860569
860608
860698
860843
861035
861082
861189
861199
861209
861247
861502
861566
861625
861898
862132
862149
862168
862211
862310
862326
862424
862542
862712
862872
862893
863091
863110
863212
863417
863473
863768
863855
863898
864056
864120
864149
864178
864222
864276
864313
864391
864494
864770
864779
864892
865026
865062
865071
865099
865289
865315
865335
865466
865502
865583
865617
865679
865780
866041
866062
866070
866072
866112
866150
866260
866330
866363
866371
866453
866489
866647
866658
866671
866678
866720
866902
867005
867324
867467
867484
867561
867589
867812
867830
867833
867848
867864
867909
868095
868135
868186
868223
868271
868328
868355
868376
868449
868499
868803
868855
868879
869005
869098
869294
869321
869411
869434
869465
869656
869901
869947
869991
869996
870014
870052
870200
870294
870726
870777
870861
870892
871005
871090
871290
871290
871294
871479
871519
871757
871968
872690
873039
873124
873167
873345
873495
873523
873643
873779
873965
874201
874231
874342
874430
874480
874687
874811
875113
875244
875452
875493
875529
875620
875667
875718
875819
876001
876134
876191
876203
876249
876617
876673
876723
877242
877553
877555
877756
877914
878007
878007
878089
878121
878181
878199
878245
878465
878486
878657
878680
878715
878745
878778
878959
879097
879144
879257
879394
879471
879555
879564
879603
879733
879934
879940
879972
880043
880054
880057
880146
880235
880276
880436
880525
880651
880891
880923
880994
881030
881395
881449
881568
881587
881635
881771
881878
881984
882058
882103
882125
882304
882327
882421
882730
882880
883089
883092
883113
883254
883382
883422
883485
883530
883874
883968
884120
884277
884612
884620
884627
884672
884945
885013
885118
885124
885236
885310
885353
885857
885900
886108
886158
886223
886266
886267
886664
886868
886901
887225
887306
887309
887444
887455
887519
887589
887722
887904
887920
888073
888398
888431
888467
888516
888727
888742
888758
888949
889092
889121
889348
889504
889602
889768
889817
890094
890099
890304
890315
890413
890524
890672
890777
890779
890991
891053
891164
891326
891352
891375
891452
891578
891708
891720
891836
891949
892043
892059
892089
892155
892217
892238
892551
892608
892616
892743
892786
892988
893090
893096
893132
893341
893405
893648
894013
894181
894316
894401
894419
894446
894546
894614
894743
894866
895031
895037
895086
895193
895212
895316
895350
895385
895467
895505
895536
895581
895589
895623
895738
895761
895926
896043
896098
896101
896672
896681
896950
896982
897175
897353
897435
897568
897585
897623
898014
898076
898161
898163
898167
898361
898553
898571
898581
898604
898630
898832
898845
898973
899132
899206
899387
899806
900045
900140
900218
900343
900463
900600
900709
900754
900809
900842
901025
901073
901145
901185
901321
901360
901395
901434
901450
901451
901503
901736
901760
901774
901873
901877
901904
902130
902244
902493
902586
902739
902880
902886
902888
903267
903515
903517
903533
903724
903726
903755
903781
903886
904060
904082
904204
904212
904357
904666
904761
904854
904962
905343
905431
905710
905886
906202
906218
906219
906364
906415
906480
906529
906634
906909
906951
907304
907332
907634
907690
907693
907873
907943
907945
907948
907959
908005
908093
908097
908179
908309
908506
908626
908660
908710
908942
908971
909066
909133
909359
909433
909471
909729
909830
910010
910149
910163
910213
910555
910658
910725
910991
911049
911077
911149
911222
911236
911259
911380
911400
911416
911484
911553
911613
911655
911795
911839
911911
911933
912246
912426
912618
912707
912723
912803
912896
912943
912968
912996
913084
913105
913106
913177
913584
913695
913745
913818
914001
914011
914015
914159
914243
914472
914624
914667
914679
914719
914855
914920
915038
915040
915062
915258
915258
915343
915420
915570
915661
915725
915735
915804
916056
916437
916536
916542
916553
916615
916886
916919
916942
916990
917091
917114
917118
917211
917361
917421
917939
918076
918125
918321
918352
918540
918592
918700
918816
918839
918899
919074
919399
919407
919547
919662
919755
920093
920452
920599
920604
920685
920791
920811
920870
920872
920929
921238
921318
921345
921349
921469
921531
921574
921575
921607
921623
921662
921685
921873
921979
922123
922257
922282
922319
922413
922462
922747
922810
922950
922953
923153
923228
923231
923314
923577
923638
923705
923707
923763
923774
923958
924142
924210
924268
924415
924438
924474
924531
924598
924664
924804
924883
925127
925138
925225
925375
925396
925441
925483
925573
925581
926084
926162
926407
926468
926681
926788
926798
926841
926950
927226
927282
927294
927297
927375
927581
927585
927589
927707
927832
927841
927957
928185
928232
928410
928438
928477
928618
928638
928820
928920
928943
929006
929030
929094
929246
929293
929432
929474
929479
929560
929591
929854
930127
930168
930313
930323
930542
930721
930755
930761
930768
930993
931138
931193
931249
931367
931428
931456
931520
931662
931937
932044
932152
932194
932333
932387
932507
932604
932615
932697
932876
933012
933190
933307
933411
933468
933514
933639
933672
933856
934294
934307
934437
934601
934747
934773
934842
934986
935248
935273
935429
935434
935509
935554
935583
935608
935805
935924
935978
935980
936034
936042
936086
936225
936308
936372
936434
936642
936804
936861
936983
937056
937124
937250
937377
937658
937818
937864
937981
938208
938322
938371
938587
938588
938680
938717
938797
938810
938908
938942
939077
939210
939217
939281
939300
939389
939420
939588
939592
939694
939708
939719
939864
940001
940093
940106
940202
940253
940267
940309
940656
940658
940872
940895
941003
941287
941422
941526
941528
941585
941660
941710
941766
941897
941913
942090
942099
942149
942227
942276
942360
942360
942363
942461
942478
942693
942749
942905
942978
943078
943131
943197
943219
943418
943683
943683
943765
943808
944023
944268
944282
944745
944753
944779
944879
944940
945017
945073
945078
945189
945403
945675
945832
945839
945984
946391
946470
946498
946559
946588
946663
946764
946918
946966
947032
947119
947186
947231
947277
947506
947538
947636
947679
947686
947710
947763
947834
947841
948056
948210
948384
948389
948405
948409
948447
948529
948566
948575
948585
948681
948769
948778
949008
949118
949186
949215
949244
949383
949399
949454
949854
950492
950598
950634
950689
950698
950701
950923
950946
951012
951052
951129
951220
951318
951581
951597
951626
951769
951769
951785
951821
952020
952170
952174
952319
952344
952471
952535
952587
952701
952732
952824
952987
952998
953019
953036
953044
953071
953108
953119
953252
953392
953529
953769
954056
954542
954808
954901
954914
954999
955475
955505
955524
955610
955716
955732
955831
955870
955964
956091
956194
956282
956287
956368
956474
956542
956792
956864
956975
957166
957387
957464
957573
957685
957692
957777
957844
957939
957999
958313
958437
958613
958830
958835
958878
958983
959547
959582
959740
959808
959902
959964
960029
960036
960042
960224
960382
960389
960424
960507
960619
960682
960858
960867
960910
960917
960958
961071
961136
961168
961469
961661
961683
961696
961848
961864
961891
961945
961949
962025
962074
962147
962202
962248
962643
962666
962783
962805
962807
962912
963165
963235
963483
963649
963700
963785
963886
963950
963998
964027
964159
964300
964413
964439
964557
964673
964739
964830
964895
964912
964922
964963
965142
965162
965296
965315
965535
965848
966040
966052
966114
966137
966178
966198
966781
966789
967013
967055
967177
967249
967325
967487
967734
967740
968058
968094
968113
968185
968271
968347
968691
969256
969495
969516
969548
969687
969705
969971
969985
970051
970183
970308
970389
970561
970597
970619
970739
970820
970973
971002
971003
971034
971151
971176
971267
971308
971633
971638
971808
971860
972298
972303
972416
972437
972462
972527
972732
972764
972793
972950
972951
973003
973030
973186
973260
973319
973439
973555
973565
973569
973585
973600
973620
973658
973785
973844
973870
974159
974223
974365
974698
974792
974841
974969
974980
974996
975168
975258
975275
975340
975434
975485
975593
975805
975821
975934
975976
976114
976155
976217
976289
976570
976656
976687
976732
976892
977141
977209
977296
977304
977326
977352
977397
977448
977547
977554
977607
977679
977709
977766
977781
977838
977897
978050
978054
978065
978094
978132
978423
978491
978620
978697
978702
978746
978849
978878
979161
979279
979311
979322
979379
979382
979452
979482
979601
979795
979839
980053
980058
980166
980197
980496
980711
980762
981080
981089
981108
981174
981278
981353
981353
981439
981440
981442
981528
981570
981701
981733
981827
981927
981949
981969
982142
982151
982168
982388
982397
982398
982514
982554
982721
982742
982924
982933
982996
983130
983458
983501
983620
983950
984070
984121
984299
984384
984407
984615
984809
985111
985293
985411
985446
985618
985660
985735
985743
985749
985798
985862
985897
986077
986346
986456
986470
986682
986833
987066
987083
987336
987361
987397
987595
987716
987800
987909
987982
988076
988423
988760
988792
988821
989010
989051
989244
989411
989512
989600
989982
990078
990162
990193
990219
990219
990454
990585
990695
990722
990967
991008
991077
991081
991230
991397
991434
991478
991935
992036
992271
992424
992448
992544
992658
992672
992674
992775
992987
993016
993074
993114
993568
993926
994177
994235
994243
994258
994380
994424
994490
994530
994651
994787
994935
995081
995118
995353
995357
995366
995591
995636
995660
995704
995826
996066
996159
996316
996437
996600
996641
996740
996821
996969
997022
997109
997452
997547
997591
997671
997699
997715
997737
997916
997953
998002
998077
998234
998294
998356
998530
998618
998645
998741
998804
998891
998894
999162
999166
999516
999805
999898