201
232
438
464
492
629
637
661
795
957
1201
1453
1510
1650
1689
1842
2027
2122
2232
2259
2290
2626
2675
2676
2710
2803
2844
3071
3151
3424
3488
3521
3611
4197
4483
4552
4612
4768
4835
4905
5035
5063
5204
5352
5355
5473
5632
5642
5679
5703
5784
5893
6047
6077
6092
6105
6161
6205
6301
6312
6944
7001
7052
7165
7457
7703
7721
7771
7929
7945
8076
8113
8131
8168
8170
8419
8532
8597
8652
8741
8855
8978
9015
9033
9050
9165
9633
9717
9735
9780
9807
9852
9885
9953
9981
10078
10183
10405
10924
10940
11059
11119
11124
11294
11495
11603
11686
11890
11913
11956
11994
12082
12309
12538
12834
12894
13137
13346
13619
13636
13682
13878
14102
14154
14159
14273
14443
14470
14561
14655
14686
14787
14811
14822
14949
15044
15080
15250
15384
15423
15453
15454
15476
15625
15625
15821
15870
15986
16089
16118
16361
16548
16611
16631
16676
16733
16928
16949
17009
17038
17095
17154
17334
17339
17436
17539
17567
17583
17685
17963
18014
18141
18363
18371
18446
18610
18641
18682
18768
18808
18817
18892
18913
18981
19044
19119
19245
19269
19392
19393
19493
19497
19533
19609
19768
19778
19793
19822
19917
19965
20050
20158
20420
20584
20600
20605
20626
20777
20831
21167
21261
21297
21395
21571
21895
22356
22378
22443
22761
22878
22931
23189
23317
23441
23477
23590
23651
23713
23754
23807
23811
23879
24154
24160
24406
24463
24483
24601
24630
24657
24824
24938
25036
25071
25104
25165
25262
25310
25408
25608
25651
25718
25778
26195
26356
26420
26666
26669
26752
26825
26966
27038
27139
27426
27479
27712
27911
28251
28278
28331
28397
28562
28603
28747
28765
29105
29166
29550
29575
29700
29856
29888
29929
29948
30071
30134
30151
30270
30351
30391
30662
30693
30734
30992
31104
31248
31311
31405
31803
31858
32006
32067
32147
32370
32372
32422
32429
32500
32641
32666
32678
33005
33024
33097
33439
33454
33564
33704
33739
33956
33969
34048
34088
34197
34297
34301
34349
34400
34728
34756
34812
34833
34840
34897
34965
35085
35267
35364
35428
35441
35596
35638
35672
35828
35830
36115
36174
36185
36205
36324
36389
36443
36620
36862
36891
37037
37232
37324
37373
37375
37457
37512
37513
37724
37730
37926
37932
38067
38067
38097
38124
38179
38180
38211
38234
38532
38621
38909
38983
39046
39053
39109
39378
39411
39471
39519
39618
39629
39630
39738
39869
39964
39994
40061
40167
40326
40703
40883
41233
41483
41569
41659
41765
42039
42186
42324
42652
42655
42703
42747
42758
42835
43035
43040
43070
43074
43189
43195
43492
43738
43771
44008
44063
44090
44152
44342
44486
44602
44965
45134
45175
45529
45643
45683
45714
46118
46164
46243
46349
46487
46522
46543
46702
46810
46958
47037
47100
47113
47240
47337
47397
47502
47558
47628
47718
47916
47992
48009
48142
48151
48250
48263
48405
48568
48752
48908
48916
49177
49300
49375
49446
49660
49708
49725
49766
49909
50123
50168
50223
50257
50434
50454
50552
50574
50610
50620
50752
50965
51039
51070
51122
51161
51268
51675
51731
51763
51777
51847
51865
51935
52145
52318
52354
52367
52452
52569
52702
52715
52738
52797
53046
53085
53304
53409
53491
53511
53631
53684
53735
53794
53869
53878
53897
53924
54290
54386
54464
54476
54607
54721
54721
54727
54728
54744
54791
54947
55121
55159
55521
55602
55610
55610
55746
55792
55934
55961
56195
56238
56262
56284
56408
56416
56466
56492
56530
56625
56785
56878
56890
56912
57252
57361
57386
57405
57477
57520
57538
57547
57570
57697
57826
58136
58350
58553
58559
58562
58678
58765
58909
58935
59068
59091
59159
59176
59256
59266
59350
59620
59646
59746
59774
59807
59869
60057
60069
60201
60255
60348
60525
60575
60645
60736
60782
61063
61187
61225
61264
61396
61452
61536
61769
61851
61870
62022
62058
62118
62221
62488
62500
62606
62684
62760
63155
63166
63226
63243
63329
63350
63475
63591
63749
63868
64001
64028
64034
64285
64322
64357
64658
64688
64852
65063
65169
65950
66012
66095
66188
66284
66470
66535
66678
66715
66752
66794
66888
66903
67243
67474
67552
67617
67668
67690
67742
67779
67789
67793
67848
67927
67938
68093
68106
68278
68369
68447
68448
68468
68524
68786
68837
68865
69108
69147
69208
69262
69299
69579
69638
69693
69739
69920
70059
70358
70365
70492
70600
70637
70702
70806
71013
71035
71134
71276
71336
71408
71638
71656
71823
71832
71918
71925
72194
72274
72343
72544
72662
72673
72906
73075
73117
73142
73166
73191
73226
73242
73529
73711
74224
74247
74415
74570
74620
74631
74689
74706
74775
74818
74910
75070
75098
75116
75130
75285
75498
75525
75549
75898
75903
75965
76294
76399
76433
76640
76649
76671
76709
76814
76867
76936
77130
77243
77262
77394
77412
77469
77504
77545
77693
77799
77900
78091
78111
78135
78151
78174
78191
78275
78370
78723
78734
78792
78807
78815
78944
79166
79281
79310
79586
79655
79745
79792
80179
80193
80232
80344
80359
80456
80487
80845
80965
80995
81183
81193
81243
81365
81376
81725
81841
81928
81929
81959
82078
82096
82233
82795
82805
82856
82926
82949
83113
83258
83550
83583
83583
83644
83723
83986
84010
84122
84143
84148
84156
84186
84262
84298
84429
84447
84453
84767
84815
84849
84922
85128
85216
85341
85476
85526
85529
85820
85888
86073
86231
86237
86238
86640
86774
86983
87126
87223
87293
87623
87651
87819
87831
87914
88101
88127
88153
88269
88395
88466
88503
88513
88563
88712
88815
88883
88982
89000
89038
89296
89315
89403
89779
89797
90106
90321
90498
90690
90822
90889
91047
91081
91081
91096
91194
91203
91253
91336
91337
91493
91624
91720
91823
91912
91990
92090
92190
92231
92290
92347
92484
92519
92567
92629
92645
92654
92969
92991
93097
93155
93182
93271
93275
93719
93740
93797
93862
93872
94073
94132
94135
94365
94432
94456
94519
94900
95029
95052
95052
95065
95303
95364
95443
95718
96112
96371
96461
96697
96966
97034
97144
97149
97156
97213
97351
97371
97384
97488
97625
97688
98085
98136
98146
98294
98299
98315
98405
98503
98563
98576
98583
98647
98753
98871
98977
99042
99050
99172
99188
99230
99523
99559
99579
99741
99964
100055
100106
100138
100140
100195
100295
100395
100418
100568
100676
100687
100751
100755
100796
100986
101118
101140
101385
101415
101429
101462
101547
101604
101904
101984
102223
102243
102404
102413
102446
102694
102709
102728
102809
102905
103109
103160
103185
103219
103221
103284
103416
103441
103612
103692
103857
103907
103931
103952
104233
104412
104608
104613
104654
105083
105229
105441
105462
105496
105640
105858
105921
105925
106072
106128
106692
106771
106802
106933
106951
106966
107012
107014
107052
107063
107221
107272
107496
107620
107684
107713
107843
108047
108258
108318
108330
108409
108781
108948
109064
109111
109120
109274
109338
109369
109474
109620
109771
109849
110178
110231
110389
110494
110590
110602
110768
110784
110802
110836
110896
111023
111079
111234
111235
111265
111282
111302
111529
111537
111835
112157
112255
112265
112535
112549
112575
112617
112650
112761
112810
112815
113025
113361
113575
113595
113608
113675
113758
113807
113814
113870
113900
113903
114344
114389
114415
114423
114500
114608
114645
114785
114960
115002
115027
115074
115160
115286
115287
115302
115380
115543
115737
115902
116017
116073
116117
116238
116296
116322
116326
116489
116688
116861
116877
116981
117028
117028
117080
117087
117097
117242
117275
117301
117569
117827
117875
118082
118090
118292
118418
118539
118615
118870
118877
119059
119126
119185
119346
119414
119527
119646
119729
119748
119911
119919
119939
119951
120201
120413
120445
120544
120545
121143
121199
121201
121203
121367
121540
121716
121878
122029
122193
122233
122549
122566
122630
122746
122841
122862
123175
123312
123366
123405
123816
123914
124004
124140
124165
124277
124376
124455
124688
124695
124720
124721
124845
124986
124992
125016
125026
125048
125151
125256
125300
125321
125391
125465
125473
125516
125588
125599
125670
125794
125837
125899
125936
125947
126079
126229
126318
126529
126761
127091
127518
127539
127548
127626
127694
127708
127880
128094
128148
128192
128211
128274
128279
128308
128360
128730
129096
129100
129113
129199
129236
129306
129361
129396
129418
129445
129578
129636
129767
129889
129980
130150
130227
130247
130312
130337
130524
130543
130726
130940
131269
131272
131586
131662
131769
131854
132000
132054
132596
132832
132924
132987
133124
133146
133394
133533
133581
133655
133898
133931
133974
134047
134196
134286
134474
134765
134774
134881
134931
135140
135284
135568
135607
135644
135712
135780
135830
135868
135904
135943
135998
136012
136037
136199
136294
136488
136590
136720
136745
136786
136854
136984
137144
137163
137185
137438
137458
137494
137621
137731
137756
137784
137809
137836
137986
138064
138237
138499
138736
138986
139269
139365
139599
139605
139613
139660
139677
139751
140067
140107
140208
140249
140250
140302
140308
140376
140425
140541
140685
140725
140743
140763
140790
140815
140833
140924
140943
140946
140968
141103
141119
141295
141369
141371
141493
141579
141657
141974
141995
142002
142034
142089
142156
142302
142314
142316
142463
142608
142717
142836
142953
143367
143504
143540
143575
143612
143648
143685
143722
143812
143833
143997
144005
144034
144267
144280
144294
144349
144436
144526
144553
144741
144753
144820
144851
144894
145289
145303
145321
145355
145365
146107
146119
146177
146190
146191
146258
146293
146487
146866
146969
147268
147309
147335
147706
147816
147981
148073
148155
148197
148232
148268
148312
148315
148325
148416
148427
148454
148462
148518
148596
148603
148895
148903
149015
149044
149311
149343
149345
149350
149414
149427
149501
149620
149688
149741
149761
149803
149926
150346
150375
150413
150491
150541
150549
150608
150637
150797
150927
150932
150954
151073
151177
151201
151232
151262
151563
151712
151797
152000
152030
152037
152111
152144
152317
152395
152403
152503
152515
152539
152679
152714
152721
152804
152966
153017
153038
153071
153168
153319
153345
153514
153535
153545
153664
153679
153809
153829
153852
153860
153971
154127
154241
154450
154461
154870
154922
155004
155087
155091
155113
155249
155255
155373
155464
155538
155561
155574
155701
155710
155915
155927
155936
156005
156142
156154
156302
156364
156395
156522
156610
156664
157079
157114
157152
157226
157269
157828
157901
157944
157956
158010
158037
158098
158201
158203
158233
158322
158322
158336
158528
158599
158790
158887
158963
158987
159078
159103
159108
159195
159640
159678
159720
159934
159990
159995
160313
160582
160715
161231
161528
161656
161694
161787
161902
161928
161979
162022
162154
162221
162287
162302
162314
162542
162638
162735
162760
162805
162897
163087
163133
163197
163428
163694
163736
163835
164165
164300
164309
164404
164452
164499
164512
164637
164661
164705
164764
164812
164862
164973
165370
165717
165750
166051
166051
166412
166417
166459
166524
166630
166691
166761
166836
166841
166986
167047
167165
167181
167394
167418
167428
167583
167612
167698
167906
167915
167974
168179
168631
168747
168856
168957
168992
169076
169079
169103
169208
169218
169277
169296
169326
169351
169370
169389
169515
169545
169582
169611
169656
169776
169851
169856
169873
169883
169891
169928
170053
170059
170490
170580
170680
170936
171351
171359
171494
171525
171539
171604
171745
171760
171762
171805
171871
171999
172233
172336
172358
172471
172734
172933
172959
172977
173091
173318
173362
173409
173411
173419
173523
173569
173624
173687
173765
173989
173999
174002
174102
174260
174345
174515
174553
174673
174675
174722
174796
175097
175106
175136
175475
175503
175596
175707
176433
176825
176838
176839
176881
176962
177000
177138
177420
177597
177650
177668
177709
177720
177884
178090
178247
178684
178702
178902
178909
178931
179001
179121
179230
179239
179261
179326
179374
179469
179603
179618
179797
179878
179969
180053
180116
180155
180165
180266
180320
180465
180564
180657
180934
180982
181013
181144
181230
181509
181633
181727
182131
182270
182399
182471
182536
182553
182570
182607
182612
182630
182689
182852
182939
183049
183072
183160
183179
183217
183255
183268
183313
183434
183578
183605
183634
183730
183752
184240
184260
184315
184388
184503
184511
184590
184607
184623
184647
184687
184761
184996
185004
185104
185227
185276
185355
185401
185460
185554
185564
185593
185684
185788
185844
185882
185950
186072
186116
186153
186467
186628
186806
187661
187677
187743
187843
187964
187992
188103
188124
188166
188205
188208
188328
188519
188596
188620
188696
188747
188840
188915
188940
189007
189016
189279
189339
189339
189415
189572
189609
189858
189935
190014
190104
190430
190881
190916
191104
191157
191163
191589
191648
191680
191760
191904
191943
191987
192038
192082
192151
192238
192283
192329
192336
192599
192655
192789
192800
192804
192818
192852
193409
193593
193639
193718
193758
193853
194040
194253
194400
194408
194876
194952
194987
195113
195204
195342
195469
195482
195508
195532
195578
195828
195999
196143
196171
196179
196241
196337
196366
196573
196673
196683
196713
196806
196817
196987
197081
197245
197250
197427
197522
197606
197860
197937
197955
198001
198045
198125
198176
198360
198376
198531
198588
198607
198801
198849
198865
198913
198934
198938
199020
199067
199095
199227
199259
199310
199385
199435
199575
199575
199697
199711
199738
199792
199851
199868
199873
199949
200032
200047
200071
200081
200182
200183
200188
200210
200372
200442
200576
201191
201215
201341
201411
201474
201495
201499
201593
201718
201724
201826
202075
202169
202202
202239
202343
202421
202437
202629
202935
202950
203071
203157
203202
203282
203351
203385
203416
203669
203728
203739
203745
203749
203795
203867
203904
203921
203975
204151
204199
204203
204248
204282
204312
204480
204659
204680
204720
204793
204797
204928
205066
205224
205270
205310
205345
205370
205372
205399
205758
205768
205792
205847
205931
205958
206160
206216
206220
206240
206329
206755
206785
206924
206981
207002
207031
207042
207168
207178
207294
207329
207373
207422
207464
207523
207555
207563
207580
207650
207654
207720
207781
207873
207994
208124
208145
208183
208240
208261
208291
208358
208476
208650
208760
208845
209054
209232
209237
209242
209368
210041
210085
210101
210104
210136
210381
210565
210575
210643
210687
210792
210798
211095
211153
211235
211279
211316
211355
211381
211483
211515
211565
211578
211592
212018
212025
212095
212239
212363
212377
212393
212419
212500
212580
212819
213010
213019
213101
213195
213200
213325
213334
213745
213813
213879
214046
214059
214059
214132
214284
214385
214537
214555
214642
214651
214799
215080
215259
215422
215483
215580
215640
215809
215869
215914
215927
215953
215976
216077
216108
216116
216181
216220
216324
216354
216822
216976
217248
217376
217407
217548
217582
217824
217831
217911
217914
217918
217921
218092
218136
218212
218219
218371
218387
218391
218831
218969
219206
219211
219322
219360
219569
219579
219610
219646
219720
219759
219857
220078
220096
220459
220741
220902
220952
221022
221201
221249
221310
221427
221465
221485
221503
221529
221541
221546
221581
221730
221875
221999
222060
222095
222179
222250
222473
222602
222659
223010
223077
223171
223239
223248
223271
223354
223502
223507
223612
223781
224300
224377
224400
224554
224624
224647
224792
224810
224891
225001
225009
225009
225038
225082
225159
225301
225351
225397
225506
225560
225613
225707
225838
226100
226106
226134
226308
226443
226490
226834
227011
227205
227287
227321
227327
227511
227562
227572
227590
227652
227668
227958
227963
228371
228451
228567
228668
228708
228732
228751
228755
228996
229034
229166
229246
229248
229421
229492
229539
230085
230165
230209
230268
230286
230483
230572
230663
230853
230869
230951
230972
231027
231041
231070
231295
231312
231465
231507
231689
231723
231807
231807
231909
231921
232099
232243
232543
232551
232621
232650
232757
232881
233003
233033
233078
233132
233225
233297
233349
233536
233665
233808
233865
233965
233969
233986
234042
234069
234201
234568
234677
234780
234812
234844
235109
235401
235454
235552
235637
235792
235979
236251
236712
236723
236756
236838
236910
236951
237054
237059
237089
237260
237486
237519
237554
237604
237639
237746
237786
237860
237999
238178
238260
238452
238457
238568
238718
238891
238908
238998
239007
239194
239275
239338
239438
239520
239539
239571
239590
239622
239877
239913
239942
239995
240014
240096
240249
240316
240384
240401
240591
240785
240997
241109
241268
241324
241824
242108
242234
242513
242733
243004
243174
243356
243408
243498
243520
243631
243724
243781
243936
243991
244065
244147
244301
244335
244356
244451
244522
244546
244602
244745
244764
244889
244953
245027
245043
245064
245152
245347
245428
245435
245573
245619
245863
245899
246167
246290
246486
246526
246561
246800
246835
246895
246961
247003
247105
247160
247299
247300
247338
247504
247509
247651
247665
247684
247784
247947
247964
248083
248172
248325
248366
248400
248461
248716
248780
248796
248804
248814
249017
249176
249308
249346
249905
249916
249952
250016
250157
250238
250266
250277
250303
250397
250417
250430
250477
250653
250774
250843
251124
251304
251778
251903
252007
252308
252467
252471
252487
252559
252569
252604
252771
252828
253051
253305
253322
253333
253528
253606
253617
253718
253741
253861
253917
254288
254408
254532
254554
254651
254733
254863
254977
254993
255071
255378
255618
255726
255750
255760
255815
255889
255907
255972
256214
256530
256619
256680
256752
256841
256847
256869
257009
257028
257182
257536
257540
257574
257738
257785
257886
257936
258036
258116
258446
258581
258886
258911
259024
259375
259390
259468
259472
259525
260034
260101
260153
260415
260448
260492
260589
260921
260923
261047
261257
261345
261443
261502
261934
262032
262162
262324
262563
262570
262628
262662
262743
262802
262892
262894
263031
263066
263090
263161
263174
263242
263343
263343
263447
263505
263630
263728
263774
264039
264167
264193
264197
264209
264221
264290
264354
264446
264522
264602
264708
264769
264841
265044
265090
265101
265340
265350
265428
265459
265641
265644
265675
265789
265838
265891
266043
266059
266084
266298
266676
266763
266859
266879
266974
266989
267049
267062
267165
267349
267405
267554
267779
267865
267877
267935
268005
268022
268036
268050
268099
268224
268333
268420
268503
268655
268676
268696
268745
268763
268828
268866
269026
269115
269366
269402
269480
269563
269668
269673
269789
269933
270110
270223
270225
270277
270399
270509
270549
270556
270681
270699
271200
271287
271288
271373
271542
271636
271724
271923
272254
272292
272630
272669
272811
272907
272941
273055
273174
273218
273553
273645
273688
273708
273747
273893
273908
273924
274024
274071
274383
274501
274513
274560
274562
274885
274889
275092
275140
275487
275495
275497
275534
275788
275957
275962
276097
276152
276154
276294
276328
276479
276580
276641
276645
276709
276843
277014
277114
277190
277210
277252
277278
277425
277444
277723
277745
277814
277849
277863
277947
277969
278224
278358
278421
278436
278678
278703
278893
278903
279151
279334
279398
279419
279453
279460
279475
279497
279662
279705
279908
279990
280235
280292
280402
280404
280432
280449
280450
280561
280582
280707
280749
280794
280840
281004
281174
281199
281251
281556
281630
281663
281676
281851
281898
281910
281913
281920
282108
282410
282600
282609
282808
282887
283016
283026
283047
283144
283147
283313
283566
283941
284225
284249
284298
284307
284331
284357
284379
284398
284526
284587
284648
284720
284747
284926
284944
285240
285348
285351
285456
285504
285529
285544
285611
285647
285738
285867
285990
286064
286095
286241
286248
286308
286401
286448
286587
286598
286659
286696
286772
286821
286860
286942
287049
287209
287342
287599
287659
287789
287856
287922
287968
288114
288126
288201
288261
288337
288454
288542
288793
288811
288987
289132
289214
289246
289430
289511
289568
289665
290010
290170
290225
290315
290367
290394
290414
290420
290431
290708
290849
290903
290954
290969
290984
291088
291130
291282
291710
291822
291937
292140
292162
292182
292191
292253
292268
292448
292516
292594
292779
292932
292952
292967
293093
293105
293131
293139
293140
293142
293392
293429
293554
293570
293694
293719
293890
293934
293950
294058
294109
294125
294170
294199
294231
294452
294744
294763
294808
295096
295109
295190
295229
295293
295523
295563
295594
295712
295826
295853
296020
296038
296074
296179
296292
296314
296495
296504
296547
296607
296674
296883
296909
296928
297044
297123
297226
297249
297258
297403
297555
297609
297635
297683
297779
297845
298081
298110
298135
298195
298252
298351
298461
298484
298606
298655
298733
298776
298867
298876
298931
298946
298977
299133
299414
299516
299568
299651
299660
299695
299726
299743
299898
299912
299930
300115
300135
300234
300351
300678
300752
300979
301033
301104
301231
301235
301245
301337
301482
301494
301500
301542
301666
301832
301924
301944
301972
302090
302166
302168
302217
302546
302555
302679
302904
303091
303140
303230
303681
303775
303784
303817
303826
303841
303842
303994
304097
304107
304175
304202
304265
304265
304278
304359
304459
304805
304958
304972
305420
305434
305453
305527
305603
305656
305782
305801
305913
306200
306226
306370
306439
306456
306458
306528
306606
306697
306738
306805
306852
306923
307001
307016
307064
307284
307423
307460
307501
307501
307621
307756
307772
308203
308309
308338
308371
308451
308604
308731
308955
308960
309090
309183
309244
309281
309345
309466
309672
309744
309759
309810
309886
309935
310073
310160
310499
310530
310539
310587
310735
310739
311190
311378
311456
311551
311597
311732
311738
311803
311827
312281
312286
312394
312598
312599
312800
313357
313594
313609
313794
313820
313939
313962
314102
314164
314431
314824
314903
314920
314950
314960
314998
315519
315599
315620
315798
315859
315876
315902
316210
316281
316369
316510
316559
316608
316612
316631
316662
316721
316783
317044
317065
317151
317256
317335
317365
317417
317471
317518
317620
317881
318066
318078
318110
318171
318290
318334
318349
318714
318752
318778
318793
318857
318903
319152
319236
319319
319337
319373
319473
319489
319540
319552
319559
319590
319591
319953
320109
320297
320314
320388
320418
320429
320616
320770
320806
320832
320896
320917
321023
321247
321374
321409
321417
321517
321535
321585
321664
321684
321722
322176
322243
322370
322445
322448
322502
322595
322652
322712
322830
322979
323008
323088
323090
323182
323196
323254
323516
323677
323755
323926
324000
324203
324252
324406
324611
324692
324784
324827
324905
324906
325095
325158
325169
325179
325351
325359
325754
325866
326087
326147
326178
326192
326300
326566
326675
326846
326867
326921
327132
327262
327308
327335
327343
327411
327601
327617
327625
327693
327793
327822
327963
327971
327990
328003
328013
328050
328133
328219
328253
328413
328502
328508
329251
329304
329419
329524
329597
329608
329627
329643
329827
329827
329839
329842
329901
329915
330236
330328
330352
330463
330534
330561
330665
330690
330717
330814
330884
330928
331309
331472
331484
331511
331810
331923
331927
331997
332192
332202
332235
332356
332375
332460
332501
332536
332559
332704
332747
332770
332776
332985
333210
333478
333524
333699
333918
334064
334271
334567
334688
334769
334954
334983
335053
335176
335177
335308
335413
335725
335755
335854
335977
336156
336184
336223
336374
336409
336468
336560
336828
336977
336991
337059
337229
337302
337385
337618
337645
337981
338226
338228
338294
338402
338472
338502
338804
338908
339026
339042
339233
339345
339745
339754
339861
340006
340101
340238
340287
340535
340536
340680
340930
341148
341360
341490
341549
341639
341836
341887
342055
342138
342212
342636
342642
342849
343157
343273
343329
343405
343479
343566
343581
343635
343663
343910
343927
344183
344332
344517
344522
344665
344760
344774
344814
344818
344908
344956
344993
345396
345561
345629
345707
345774
346027
346057
346096
346173
346210
346328
346335
346462
346656
346811
346836
346902
346967
347052
347071
347553
347582
347684
347695
347785
348051
348068
348137
348258
348343
348434
348585
348727
348728
349251
349571
349609
350129
350129
350576
350606
350627
350893
350950
351043
351111
351128
351233
351536
351608
351679
351797
352060
352144
352279
352318
352366
352387
352394
352550
352593
352618
352787
352828
353089
353238
353304
353386
353402
353517
353518
353558
353579
353593
353597
353832
354016
354025
354078
354174
354270
354408
354454
354586
354960
354965
354981
354989
355068
355342
355373
355508
355680
355747
355758
355772
355897
355999
356106
356310
356348
356374
356375
356418
356489
356494
356646
356682
356735
356857
356920
357125
357378
357500
357658
357667
357715
357790
357970
357994
358040
358287
358516
358628
358712
358886
358909
358911
359038
359079
359080
359086
359092
359098
359100
359115
359142
359301
359478
359710
359993
360369
360399
360423
360522
360570
360661
360671
361033
361095
361183
361187
361335
361502
361506
361688
361696
361708
361720
361803
361804
361805
361864
362031
362167
362241
362265
362295
362305
362328
362381
362451
362526
362576
362804
362867
362881
363289
363555
363574
363636
363671
363789
363807
363810
363813
363862
363872
363920
363992
364038
364092
364669
364860
364871
364984
365096
365152
365245
365274
365469
365607
365690
365747
365761
365836
365980
366076
366078
366164
366500
366521
366625
366641
366655
366897
367064
367118
367126
367143
367248
367253
367306
367371
367438
367502
367622
367629
367640
367678
367781
367829
367970
368007
368040
368098
368140
368193
368441
368541
368603
368657
368760
368863
368966
368989
369542
370028
370040
370049
370193
370326
370478
370618
370628
370846
370858
370975
371038
371129
371145
371192
371197
371376
371456
371993
372018
372139
372247
372309
372319
372451
372463
372494
372564
372565
372597
372658
372677
372745
372822
372831
372864
372911
373206
373208
373343
373374
373414
373419
373474
373674
373724
373760
373819
373834
373836
373873
373878
374029
374070
374199
374350
374373
374495
374499
374507
374673
374859
374872
375234
375235
375260
375261
375339
375523
375822
375855
375991
376059
376261
376375
376473
376473
376480
376621
376667
376811
376847
376853
376877
376893
377010
377040
377053
377161
377203
377229
377275
377401
377628
377896
377918
378015
378082
378428
378436
378738
378759
378842
378896
378975
379012
379063
379064
379102
379215
379389
379464
379527
379556
379811
379827
379978
380063
380345
380528
380533
380535
380544
380553
380577
380603
380721
380864
380936
381021
381514
381560
381659
381829
382050
382227
382312
382353
382360
382518
382579
382584
382753
382884
383053
383136
383177
383355
383408
383430
383456
383482
383489
383662
383776
383794
384064
384253
384428
384530
384574
384904
385009
385154
385241
385282
385297
385323
385381
385414
385516
385526
385615
385676
385683
385717
385895
386103
386130
386338
386412
386545
386594
386780
387056
387058
387065
387066
387313
387518
387523
387530
387785
387840
387902
387905
387913
388122
388163
388190
388192
388271
388361
388491
388537
388865
388881
388924
389250
389254
389349
389356
389404
389449
389680
389681
389700
389708
389894
389983
390035
390408
390640
390674
390700
390725
390787
390806
390830
390875
390941
390954
391065
391084
391478
391489
391556
391687
391784
391798
391849
392114
392125
392126
392204
392304
392341
392473
392507
392569
392617
392726
392772
393007
393124
393211
393259
393303
393559
393659
393916
393999
394000
394495
394571
394646
394696
394786
395000
395217
395270
395273
395387
395457
395520
395557
395628
395683
395706
395802
395837
396157
396160
396161
396378
396491
396536
396667
396845
396847
396937
397259
397320
397338
397475
397757
397840
397881
397885
397923
398690
398734
398800
398858
398905
398919
398950
399040
399087
399271
399599
399616
399672
400101
400296
400431
400600
400692
400943
401321
401415
401533
401667
401858
402253
402296
402394
402401
402512
402590
402712
402871
402889
402990
403122
403358
403580
403630
403672
403718
403742
403979
403984
403996
404052
404609
404799
404864
404875
404913
404939
404962
405044
405097
405239
405240
405244
405296
405308
405823
405919
405963
406181
406256
406429
406500
406520
406572
406660
406733
407057
407126
407235
407395
407414
407775
407820
408125
408144
408223
408259
408263
408360
408401
408565
408646
408655
408730
408780
408819
408997
409158
409273
409417
409454
409620
409621
409745
409764
409870
409894
409945
410091
410272
410304
410321
410615
410625
410695
410893
410956
411180
411476
411530
411565
411631
411785
412153
412154
412429
412485
412579
412639
412683
412892
413124
413369
413638
413676
413839
414023
414085
414095
414189
414249
414317
414380
414412
414496
414501
414547
414791
414797
414913
414923
414973
414976
415169
415446
415600
415761
415802
415947
415972
416050
416061
416081
416131
416243
416256
416379
416442
416458
416650
417107
417201
417258
417262
417470
417654
417689
417693
417772
417777
417887
417941
417957
418053
418247
418434
418449
418491
418501
418508
418548
418744
418817
418875
418937
419134
419224
419229
419419
419507
419763
419953
419982
420009
420021
420060
420085
420170
420175
420252
420318
420348
420415
420490
420519
420700
420751
420887
420908
420951
421274
421459
421602
421685
421756
421778
421990
422256
422293
422423
422469
422482
423031
423204
423310
423376
423472
423503
423518
423533
423553
423641
423754
423780
423814
423815
423985
424005
424020
424031
424135
424210
424349
424393
424398
424624
424706
424827
424909
424925
424995
425298
425451
425460
425487
425662
425729
425759
425880
425921
425991
426130
426222
426280
426347
426364
426488
426545
426616
426693
426731
426833
426882
426970
427118
427271
427378
427521
427585
427631
427731
427843
427856
427880
427938
428197
428245
428266
428344
428376
428649
428701
428882
428915
429210
429313
429389
429433
429450
429626
429646
429675
429743
429823
429988
430030
430121
430144
430209
430348
430359
430362
430393
430471
430564
430763
430823
430841
430963
431168
431194
431418
431557
431594
431620
431701
431820
431826
432002
432074
432093
432167
432211
432462
432539
432604
432614
432623
432646
432837
432970
433018
433090
433249
433273
433478
433664
433728
433829
433957
434152
434312
434371
434415
434585
435212
435243
435399
435405
435502
435614
435801
435854
435902
436039
436041
436072
436124
436196
436228
436283
436292
436398
436401
436408
436522
436679
436724
436747
437229
437314
437375
437505
437564
437830
437856
437930
437937
438183
438256
438694
438703
438755
438803
438880
438888
438952
439015
439157
439266
439439
439819
439984
440045
440177
440205
440366
440386
440424
440503
440803
440886
441004
441050
441081
441186
441239
441277
441343
441360
441432
441458
441594
441649
441671
441782
441898
441945
442103
442112
442180
442188
442267
442306
442321
442503
442723
442796
442810
443038
443185
443200
443353
443443
443469
443656
443721
443748
443930
443990
444008
444283
444369
444401
444435
444632
444706
444768
444934
444953
445109
445192
445303
445478
445816
445829
445840
445862
446008
446197
446235
446368
446562
446643
446747
446822
447114
447198
447339
447361
447438
447483
447530
447675
447819
447921
448033
448144
448157
448166
448217
448430
448445
448603
448744
448879
449222
449224
449404
449514
449629
449916
450402
450423
450426
450510
450558
450573
450604
450716
450773
450944
451064
451113
451287
451418
451421
451787
451934
451940
451946
452257
452301
452422
452528
452567
452635
452644
452667
452766
452782
452944
453181
453238
453375
453519
453559
453740
453791
453919
453981
454108
454229
454237
454384
454684
454901
454906
454960
454961
455017
455232
455358
455441
455476
455786
455935
456045
456063
456195
456280
456412
456642
456708
457106
457130
457147
457177
457254
457257
457300
457353
457411
457792
457989
458027
458460
458857
459082
459258
459356
459433
459443
459445
459612
459707
459745
459746
459773
459786
459811
459874
459979
460192
460280
460475
460488
460580
460624
460764
460780
461028
461145
461230
461265
461348
461410
461639
461667
461783
461975
462009
462054
462396
462729
462787
462793
462912
462950
463053
463071
463214
463282
463350
463434
463436
463484
463601
463755
463849
463861
463939
463992
464038
464046
464061
464077
464254
464495
464601
464652
464661
464776
464925
465013
465060
465128
465223
465268
465542
465755
465790
465947
465971
465990
466197
466244
466364
466408
466488
466523
466539
466655
467068
467242
467465
467624
467854
467918
468126
468263
468330
468358
468472
469044
469309
469406
470187
470188
470446
470504
470538
470683
470715
470723
470782
470939
471070
471070
471129
471129
471133
471235
471385
471562
471569
471663
471700
471741
471808
472125
472150
472154
472211
472405
472486
472627
472654
472764
472886
472897
473018
473091
473164
473804
474087
474200
474407
474610
474651
474666
474694
474732
475018
475055
475069
475090
475226
475403
475476
475650
475746
475776
475804
475983
476018
476215
476231
476317
476419
476429
476447
476547
476642
476901
477002
477355
477392
477533
477646
477717
477725
477828
477875
477883
478346
478443
478512
478574
478682
478900
478936
478941
479146
479182
479485
479690
479719
479738
479884
480218
480334
480382
480407
480427
480446
480526
480561
480759
480873
481257
481393
481535
481581
481779
481843
481844
481851
481929
482211
482390
482483
482730
482777
483055
483139
483169
483385
483389
483454
483724
483814
483873
483879
483939
483968
483974
484023
484162
484364
484506
484646
484802
484887
484947
485026
485159
485163
485232
485296
485390
485408
485434
485740
485841
485885
485887
485926
486001
486176
486198
486237
486328
486557
486631
486760
486790
486915
486963
487001
487009
487059
487073
487081
487260
487289
487599
487623
487673
487792
487918
488077
488133
488135
488197
488200
488234
488447
488468
488738
488810
488818
488903
489309
489365
489452
489536
489689
489979
490042
490209
490388
490403
490585
490609
490713
490760
490770
490863
490941
491005
491034
491249
491445
491495
491727
492140
492219
492229
492679
492777
493157
493215
493273
493327
493391
493484
493551
493599
493789
493830
493865
493875
493938
493980
494124
494288
494364
494597
494600
494601
494621
494803
494933
494936
495045
495056
495393
495459
495602
495708
495794
495945
495989
496317
496510
496543
496716
496785
496898
497114
497190
497219
497477
497563
497578
497586
497629
497772
497862
497876
497931
497937
497946
498484
498552
498658
498667
498781
498855
498905
498962
499033
499057
499076
499241
499345
499589
499673
500023
500039
500070
500082
500196
500237
500355
500522
500725
500828
500838
501021
501093
501254
501449
501464
501494
501567
501659
501948
501961
502060
502120
502168
502169
502318
502457
502468
502502
502551
502604
502613
502802
502842
502915
502983
502995
503183
503328
503345
503350
503379
503411
503607
503662
503706
503794
503976
504007
504021
504101
504303
504345
504532
504709
504849
504924
505167
505193
505255
505313
505346
505346
505392
505592
505614
505633
505683
505691
505702
505868
505888
506257
506301
506370
506378
506437
506491
506534
506599
506623
506731
506746
506772
506883
507083
507133
507346
507608
507615
507652
507704
507811
507841
507910
508005
508151
508183
508226
508237
508380
508416
508507
508581
508650
508776
509006
509085
509173
509314
509449
509609
509624
509649
509696
509907
509957
509975
510118
510245
510292
510581
510586
510684
510744
510847
510897
510907
510948
511131
511247
511296
511442
511520
511567
511641
511695
511793
511800
511875
511940
512349
512355
512367
512373
512804
512806
512956
512966
513031
513114
513192
513347
513368
513431
513570
513605
513680
513697
513770
513870
513977
514013
514240
514349
514370
514473
514571
514640
514719
514849
514983
514987
515007
515013
515106
515235
515436
515464
515574
515586
515655
515855
515864
515897
515958
516106
516149
516382
516450
516493
516628
516639
516658
517045
517049
517067
517099
517164
517173
517173
517212
517286
517287
517431
517453
517502
517538
517741
517763
517967
518006
518493
518507
518536
518667
518694
518788
519103
519146
519186
519416
519459
519538
519569
519647
519664
519735
519899
520271
520555
521177
521196
521300
521312
521380
521437
521684
521863
521954
522077
522229
522442
522550
522552
522628
522690
522762
523159
523310
523414
523513
523627
524038
524038
524053
524113
524237
524263
524266
524274
524401
524430
524467
524609
524703
524757
524798
524848
524942
524953
524974
524991
525043
525046
525071
525179
525193
525303
525455
525470
525473
525576
525612
525734
525735
526083
526216
526381
526505
526549
526686
526931
527200
527271
527278
527320
527388
527733
527825
527828
528004
528110
528214
528234
528254
528273
528526
528745
528802
528813
528832
528915
529064
529164
529194
529215
529472
529571
529613
529700
529833
529952
529958
530296
530298
530511
530513
530524
530537
530580
530655
530681
530712
530726
530848
530888
531385
531388
531406
531432
531466
531477
531525
531544
531575
531621
531660
531806
531836
531884
531912
532065
532071
532447
532449
532515
532537
532689
532715
532820
532946
532951
532968
533127
533133
533341
533449
533607
533784
533846
533887
533922
534301
534305
534320
534509
534513
534820
534909
534922
535062
535106
535181
535237
535816
535838
535865
535952
536023
536064
536153
536160
536265
536333
536552
536658
536740
536775
537214
537235
537244
537260
537425
537520
537523
537634
537736
537786
537909
537990
538000
538040
538251
538444
538559
538604
538725
538790
538841
538842
539148
539159
539187
539210
540142
540237
540472
540561
540631
540658
540760
540875
540882
540886
540996
541046
541063
541069
541097
541120
541163
541210
541365
541496
541664
541788
541804
541820
541836
541836
541915
541978
542078
542106
542285
542575
542717
542763
542802
542960
543106
543187
543275
543308
543331
543557
543883
543890
544031
544288
544646
544747
545050
545126
545182
545215
545343
545360
545727
545880
545910
545937
545999
546021
546106
546133
546488
547113
547630
547663
547735
547805
547891
548009
548014
548052
548124
548193
548280
548294
548424
548424
548489
548538
548774
548878
549120
549164
549186
549202
549342
549347
549393
549404
549512
549577
549595
549621
549732
549783
549882
549912
549987
550019
550075
550083
550245
550445
550514
550530
550652
551090
551270
551386
551407
551452
551591
551631
551663
551808
551850
551943
551954
551983
552140
552151
552183
552240
552261
552384
552440
552477
552553
552648
552810
552874
552969
553063
553203
553235
553290
553536
553601
553650
553723
553780
553851
553917
553982
553990
554134
554242
554264
554300
554315
554425
554696
554698
554795
554835
554945
555070
555142
555213
555439
555469
555877
555972
555974
556042
556074
556171
556241
556268
556284
556310
556486
556540
556630
556767
556775
556801
556845
556938
556964
557034
557177
557355
557369
557614
557902
557968
558040
558137
558249
558573
558598
558651
558697
558821
558951
559063
559093
559144
559175
559325
559336
559526
559684
559745
559947
560026
560049
560090
560131
560155
560164
560372
560549
560584
560648
560693
560871
561062
561119
561210
561315
561413
561477
561609
561735
561747
562114
562166
562216
562245
562329
562421
562494
562633
562642
562714
562802
562811
563003
563240
563275
563279
563292
563335
563339
563343
563495
563506
563760
563795
563935
563988
564063
564089
564244
564284
564382
564703
564836
564946
564967
565242
565348
565356
565407
565457
565584
566036
566178
566184
566471
566501
566505
566618
566643
566682
566718
566835
566860
566968
567252
567366
567428
567470
567804
567817
568019
568164
568177
568264
568439
568465
568572
568692
568839
568898
568941
569057
569059
569191
569215
569279
569487
569499
569565
569583
569874
569944
569960
569974
569993
570048
570067
570078
570127
570185
570257
570295
570413
570441
570547
570619
570633
570670
570710
570813
570866
570975
571238
571396
571414
571424
571468
571489
571557
571614
571734
571934
571943
571950
572079
572171
572245
572279
572691
573176
573377
573508
573619
573702
573798
573839
573920
573924
574075
574088
574093
574126
574174
574258
574409
574627
574666
574861
574872
575184
575187
575378
575667
575731
575851
575893
576074
576236
576546
576739
576798
576939
577075
577333
577423
577572
577625
577855
577952
577964
578035
578057
578132
578196
578326
578433
578509
578668
578776
578947
578978
578996
579011
579030
579047
579094
579172
579408
579587
579765
579768
579779
579847
579881
580366
580393
580452
580481
580501
580613
580650
580679
580865
581379
581525
581600
581818
581902
581902
581915
582029
582061
582175
582305
582381
582400
582496
582618
582727
582923
582927
582927
582929
582945
582977
583031
583048
583151
583273
583322
583352
583397
583923
583960
583971
584043
584117
584221
584265
584317
584370
584424
584694
584740
584780
584786
584795
584871
584900
584934
584957
585355
585409
585413
585422
585433
585490
585498
585681
585852
586044
586346
586346
586392
586634
586655
586696
586776
586809
587010
587333
587416
587429
587448
587522
587750
587840
587868
587935
588001
588279
588615
588749
588798
588837
588869
588884
588954
589024
589465
589689
589778
589822
589825
589875
590001
590059
590080
590154
590204
590280
590306
590354
590429
590460
590636
590680
590947
590996
591076
591289
591307
591338
591386
591412
591418
591446
591596
591738
591818
591970
592032
592221
592231
592248
592421
592475
592485
592543
592791
592792
592811
592869
592889
593132
593159
593226
593404
593469
593491
593500
593835
593842
593961
593980
594032
594095
594095
594212
594229
594618
594839
595291
595327
595429
595626
595688
595977
596002
596233
596447
596509
596596
596674
596805
596875
596906
596967
596993
597016
597083
597159
597245
597312
597334
597383
597515
597833
597976
598156
598173
598664
598685
598734
598741
598972
599028
599135
599141
599217
599222
599227
599276
599497
599577
599704
599762
599801
599891
599926
599936
599948
600036
600082
600180
600193
600458
600463
600494
600583
600677
600833
600882
600896
601048
601323
601357
601586
601594
601812
601919
601998
602032
602091
602301
602375
602517
602612
602713
602716
602755
602761
602812
602833
602899
602916
602944
603027
603093
603141
603166
603245
603303
603459
603477
603480
603573
603594
603713
603834
603872
603979
604090
604103
604160
604249
604274
604288
604308
604308
604401
604457
604614
604630
604649
604671
604746
604784
604792
604945
605276
605300
605319
605323
605493
605520
605543
605768
605793
605837
605924
606015
606503
606555
606644
606817
606917
607095
607098
607117
607126
607335
607618
607621
607669
607777
607781
607816
607947
607957
607969
608107
608303
608352
608372
608515
608545
608651
608655
608661
608847
608867
608907
608912
608968
608991
609086
609280
609554
609571
609618
609632
609867
609950
609980
610025
610112
610650
610703
610941
610967
611220
611252
611338
611365
611441
611457
611598
611637
611804
611931
612034
612148
612371
612569
612579
612740
612748
612808
612808
613037
613074
613086
613126
613230
613270
613461
613513
613530
613585
613705
613936
614125
614146
614212
614242
614271
614388
614567
614676
614732
614990
614997
615065
615167
615280
615341
615451
615767
615844
615972
616164
616629
616764
616835
617147
617243
617297
617567
617665
617806
617817
617841
618002
618089
618148
618205
618357
618368
618438
618485
618527
618801
618983
619068
619210
619357
619426
619437
619720
619832
620025
620128
620282
620290
620543
620707
620825
620969
621143
621490
621510
621551
621754
621920
621955
621990
622029
622040
622065
622174
622280
622906
622938
622988
623038
623132
623278
623459
623487
623518
623538
623545
623776
624063
624168
624565
624605
624676
625059
625144
625268
625461
625496
625514
625593
625613
625681
625733
625755
625846
625927
625957
625998
626045
626312
626354
626376
626558
626584
626627
626708
626839
627077
627486
627685
627979
627998
628060
628240
628661
628805
628898
628959
629027
629085
629211
629246
629366
629373
629379
629420
629422
629554
629657
629737
629837
629847
630051
630163
630304
630346
630375
630390
630585
630619
630631
630727
630860
630954
630976
631004
631191
631286
631297
631450
631522
631841
632006
632164
632231
632279
632355
632372
632575
632619
632625
632630
632667
632764
632832
633296
633317
633460
633511
633552
633618
633655
633686
633743
633799
634040
634131
634186
634216
634391
634406
634525
634618
634694
634726
634856
634858
634865
635127
635133
635195
635245
635278
635421
635455
635599
635659
635887
635995
635999
636356
636386
636418
636496
636621
636790
636832
636839
636899
637112
637127
637488
637538
637842
637989
638053
638053
638314
638421
638449
638449
638456
638679
639016
639254
639292
639512
639566
639596
639599
639688
639700
639941
639993
640038
640192
640321
640341
640438
640624
640896
640951
641108
641137
641168
641184
641242
641310
641318
641359
641391
641415
641532
641535
641570
641805
641918
642007
642082
642564
642637
642664
642723
642800
643081
643161
643311
643321
643715
643853
643930
643934
643953
644229
644254
644367
644399
644405
644412
644447
644483
644554
644592
644800
644822
644940
645357
645551
645877
646142
646182
646267
646298
646381
646442
646607
647046
647205
647242
647387
647396
647405
647648
647671
647673
647885
648097
648116
648141
648188
648216
648268
648286
648304
648485
648628
648703
648768
648775
648906
648949
648966
649211
649483
649592
649603
650066
650311
650399
650660
650741
650747
650806
650849
650860
650929
651002
651151
651158
651275
651401
651553
651563
651799
651821
651847
651847
651865
652013
652100
652215
652382
652556
652762
652790
652807
653002
653268
653585
653999
654130
654341
654441
654558
654791
654804
654828
655135
655172
655183
655262
655300
655355
655527
655532
655601
655711
655722
655821
655929
656053
656198
656352
656529
656635
656689
656692
656694
656966
656992
657012
657054
657128
657260
657264
657417
657530
657555
657571
657619
657683
657703
657846
657949
658028
658070
658135
658232
658427
658641
658734
658892
658933
658964
658972
659069
659111
659170
659238
659250
659284
659292
659313
659418
659466
659592
659599
659599
659605
659637
659657
659710
659858
659925
659987
660222
660872
660874
660943
661034
661149
661318
661517
661519
661623
661819
661825
661878
661879
662504
662641
662802
662882
663026
663296
663479
663599
663718
663744
663833
663930
664003
664201
664286
664385
664440
664514
664533
664644
664932
665019
665112
665217
665299
665432
665460
665465
665488
665543
665728
665745
665774
665858
665892
665902
666103
666172
666414
666523
666547
666577
666689
666715
666744
666772
666843
666852
666886
666915
667155
667425
667487
667614
667778
668001
668070
668084
668187
668190
668211
668231
668526
668585
668774
668853
668867
668920
669404
669489
669571
669609
669614
669621
669622
669716
669975
669989
670122
670248
670270
670294
670343
670514
670525
670882
671184
671395
671416
671572
671800
671851
671935
672021
672055
672078
672112
672120
672192
672392
672480
672489
672549
672655
672758
672794
672861
672917
672988
673015
673124
673259
673344
673451
673462
673549
673568
673700
673755
673852
673944
673951
674051
674262
674544
674548
674625
674642
674700
674743
674755
675147
675172
675189
675270
675566
675579
675716
676265
676381
676524
676608
676641
676688
677282
677371
677380
677562
677601
677626
677752
677915
678008
678099
678499
678509
678594
678601
678729
678836
678847
678927
679530
679746
679802
679967
680168
680176
680306
680557
680623
680706
680766
680802
680844
680915
680917
681060
681161
681223
681238
681321
681557
681806
681811
681831
682030
682169
682327
682582
682750
682944
683069
683098
683138
683256
683261
683280
683390
683500
683547
683964
684036
684055
684088
684331
684440
684637
684655
684732
685035
685085
685132
685187
685207
685387
685498
685649
685690
685815
685823
685992
686214
686296
686372
686473
686562
686621
686623
686637
686648
686659
686846
687098
687173
687224
687314
687329
687349
687352
687569
687583
687769
687873
687984
688111
688132
688400
688435
688463
688497
688645
688703
688711
688750
689170
689187
689401
689421
689423
689484
689627
689719
689846
690269
690312
690373
690600
690688
690810
690814
690942
691155
691187
691397
691437
691490
691518
691618
691704
691830
691905
691914
692065
692386
692502
692549
692596
692621
692819
692879
692982
693057
693260
693467
693658
693918
694133
694153
694175
694232
694578
694625
694691
694833
694955
695101
695117
695155
695267
695315
695539
695603
695758
695770
696095
696160
696256
696494
696821
696999
697114
697248
697374
697471
697512
697733
697835
697836
698260
698330
698547
698570
698644
698690
698703
698743
698889
698935
699018
699159
699302
699370
699520
699529
699599
699862
699911
700150
700199
700250
700261
700274
700286
700327
700455
700520
700565
700753
700790
700887
700903
700935
701062
701256
701378
701401
701475
701750
701833
702096
702104
702421
702462
702489
702796
702983
702990
703482
703547
703630
703660
703690
703710
703720
703848
703886
703955
704028
704110
704114
704281
704286
704315
704404
704479
704901
705034
705039
705236
705255
705275
705297
705298
705384
705580
705790
705834
706125
706160
706293
706299
706396
706456
706559
706744
706751
706802
706809
706899
707095
707248
707329
707386
707423
707524
707931
708046
708049
708130
708549
708625
708679
708681
708753
708807
708936
708952
708982
709040
709067
709137
709173
709254
709365
709465
709536
709562
709571
709633
709641
709655
709709
709798
709837
709845
709899
709942
709973
710160
710210
710238
710361
710471
710543
710569
710573
710656
710760
710766
710819
711032
711293
711310
711367
711446
711486
711653
711682
711712
711733
711736
711759
711864
711905
711933
712006
712209
712275
712298
712332
712419
712914
712978
713046
713051
713160
713204
713234
713250
713392
713563
713671
713770
713954
714013
714076
714278
714319
714586
714846
714971
714989
714989
715044
715118
715198
715224
715429
715608
715639
715666
715667
715762
716120
716283
716328
716434
716458
716577
717045
717179
717232
717527
717578
717661
717691
717775
717817
717871
717917
717980
718042
718204
718222
718226
718493
718631
718632
718722
718771
718866
718895
718981
719084
719129
719133
719218
719377
719404
719503
719508
719720
719759
719771
719853
720033
720118
720221
720268
720277
720319
720415
720513
720596
720646
720784
720929
721045
721179
721181
721249
721294
721440
721625
721706
721708
721872
721911
721930
722102
722175
722246
722292
722415
722416
722581
722671
722676
722882
723073
723464
723510
723567
723649
723725
723750
724011
724141
724214
724367
724371
724452
724527
724542
724578
724662
724739
724813
724836
725221
725249
725328
725376
725442
725455
725568
725786
725824
726123
726154
726171
726270
726356
726384
726435
726488
726570
726631
726730
726812
726938
727347
727609
727640
727663
727818
727849
728220
728276
728285
728306
728447
728543
728586
728586
728614
728784
729067
729266
729413
729435
729479
729563
729742
729749
729838
729844
729969
730115
730168
730217
730219
730243
730245
730254
730300
730572
730603
730841
730841
730940
731077
731158
731311
731518
731611
731652
731824
731837
731886
732546
732564
732645
732645
732858
732883
732958
732994
733078
733103
733124
733217
733230
733257
733288
733302
733499
733697
733766
733776
734156
734157
734208
734223
734259
734281
734297
734297
734336
734670
734875
735133
735161
735268
735538
735682
735692
735717
735849
735877
735962
735971
736157
736157
736215
736265
736270
736290
736574
736602
736618
736625
736749
736750
736992
737054
737204
737312
737534
737656
737794
737842
738142
738199
738203
738388
738529
738681
738700
739346
739516
739713
739737
739741
739797
739891
740306
740348
740376
740400
740553
740713
740748
740782
740826
740858
740891
740898
740922
741104
741261
741362
741725
741871
741980
742023
742102
742103
742180
742182
742186
742209
742425
742574
742709
742814
743340
743342
743391
743445
743483
743483
743495
743512
743522
743609
743766
743957
744038
744058
744082
744094
744182
744352
744478
744490
744719
744744
744900
745059
745206
745280
745281
745296
745506
745583
745621
745729
745850
745968
746279
746491
746492
746649
746666
746716
746730
746780
746820
746856
746898
747088
747216
747317
747383
747647
747782
747878
747879
747937
748040
748071
748108
748245
748291
748507
748543
748585
748609
748639
748945
749111
749235
749240
749326
749524
749831
749852
749860
749912
750080
750140
750312
750376
750416
750454
750526
750720
750805
750848
751017
751062
751072
751149
751226
751386
751415
751548
751594
751605
751636
751744
751895
752053
752090
752156
752191
752248
752386
752491
752578
752691
752695
752797
752820
752906
752919
753004
753050
753267
753406
753540
753628
753945
753963
753982
753989
754161
754487
754537
754854
754943
754950
755149
755200
755247
755317
755467
755493
755497
755606
755648
755700
755740
755783
755860
756012
756020
756077
756142
756151
756154
756183
756197
756202
756349
756398
756806
756860
756863
756942
757040
757068
757243
757333
757412
757523
757524
757577
757630
757744
757900
757949
757951
758058
758318
758327
758451
758610
758687
758696
758711
758784
758795
758847
759137
759175
759202
759549
759798
759859
759879
759911
760114
760147
760188
760224
760235
760264
760322
760332
760361
760475
761108
761130
761248
761346
761405
761463
761489
761602
761663
761777
761780
761874
762185
762195
762429
762469
762504
762699
762825
762921
763011
763077
763081
763115
763265
763315
763333
763341
763401
763408
763511
763701
763799
763904
764343
764384
764597
764640
764793
764920
765049
765062
765177
765259
765430
765448
765514
765817
766004
766170
766443
766513
766561
766584
766708
766741
766830
766883
766932
766945
767157
767282
767305
767421
767479
767591
767808
767838
767917
767937
767971
768103
768107
768126
768261
768300
768421
768460
768609
769023
769089
769270
769735
770278
770410
770531
770599
770622
770642
770683
770784
770854
770934
771176
771248
771360
771417
771437
771584
771684
771699
771968
772167
772207
772381
772396
772428
772541
772722
772775
772845
772938
772990
773067
773156
773218
773473
773611
773728
774083
774103
774186
774279
774284
774394
774421
774434
774468
774985
775069
775191
775194
775235
775260
775308
775327
775403
775557
775845
775893
776254
776301
776426
776522
776690
776798
777102
777105
777111
777187
777313
777401
777600
777686
777793
778031
778206
778245
778474
778480
778506
778508
778775
779009
779041
779138
779229
779243
779343
779482
779547
779818
779882
780035
780087
780133
780192
780277
780375
780398
780421
780530
780657
780659
780867
780876
780888
780919
781069
781146
781217
781250
781255
781256
781641
781702
781785
781892
781915
782053
782093
782120
782162
782216
782246
782394
782627
782753
782960
783036
783105
783109
783165
783205
783326
783347
783361
783526
783663
783771
784104
784106
784192
784366
784425
784581
784634
784845
784883
785075
785115
785121
785134
785404
785425
785459
785503
785511
785574
785665
785722
785847
785868
785882
785887
785961
786014
786039
786080
786097
786141
786169
786181
786299
786393
786536
786661
786693
786745
786809
786905
786986
786989
787279
787313
787533
787596
787693
787863
787868
787893
787955
788056
788353
788510
788690
788705
788738
788750
788771
788867
789181
789355
789378
789380
789523
789608
789731
790064
790181
790209
790238
790265
790300
790341
790346
790608
790802
791152
791270
791292
791525
791562
791593
791748
791818
791964
792111
792115
792233
792333
792366
792581
792613
792614
792691
792692
793014
793251
793253
793316
793355
793363
793427
793462
793512
793594
793718
794020
794030
794092
794098
794311
794425
794457
794501
794659
794804
794941
795135
795190
795196
795705
795753
795941
795952
796002
796276
796324
796395
796411
796468
796541
796607
796668
796750
796768
796865
797152
797320
797432
797520
797613
797673
797750
797762
797807
797881
797896
798101
798128
798143
798237
798237
798536
798607
798732
798985
799082
799472
799545
799565
799670
799817
799928
800027
800038
800091
800376
800452
800482
800580
800597
800686
800826
801030
801067
801101
801158
801281
801341
801608
801626
801729
801875
801977
802041
802246
802284
802584
802626
802706
802794
802806
803091
803167
803187
803276
803336
803381
803598
803848
804003
804024
804089
804115
804206
804337
804461
804555
804696
804718
805139
805226
805305
805310
805463
805517
805690
805706
805954
806136
806154
806214
806360
806528
806569
806583
806750
806955
806979
806993
807086
807118
807166
807210
807242
807296
807363
807399
807454
807586
807603
807619
808092
808140
808155
808183
808246
808536
808562
808599
808648
808732
808882
808901
809611
809657
809678
809680
809701
809719
809808
809896
809984
809984
810008
810055
810077
810178
810201
810378
810382
810440
810486
810624
810696
810889
810945
810958
810980
811429
811580
811700
811764
811842
811997
812023
812074
812139
812145
812283
812659
812707
812830
812834
812866
812985
813033
813066
813267
813362
813492
813552
813674
813681
813744
813802
813846
814032
814202
814327
814360
814409
814452
814490
814730
814742
814805
814873
814917
814936
814957
814968
815007
815024
815129
815395
815746
815759
815960
816062
816071
816198
816236
816526
816563
816648
816664
816706
817034
817193
817280
817410
817419
817422
817435
817483
817585
817653
818195
818226
818459
818771
819013
819164
819417
819424
819600
819639
819834
819915
819920
819947
819951
819972
820017
820096
820204
820235
820325
820343
820345
820514
820720
820757
820822
820887
820948
820955
820957
821142
821220
821785
821808
822208
822262
822301
822519
822764
822944
822958
823095
823443
823577
823629
823737
823804
823847
824222
824292
824338
824423
824740
824819
825011
825130
825235
825477
825497
825547
825561
825567
825774
826132
826133
826146
826188
826192
826227
826273
826480
826551
826574
826577
826607
826655
827233
827325
827500
827692
827732
827918
827935
828116
828187
828267
828329
828447
828527
828594
828887
828963
828965
829175
829324
829350
829403
829404
829463
829474
829511
829616
829700
829716
829752
829805
830038
830140
830172
830273
830278
830293
830410
830532
830557
830587
830603
830675
830717
830778
830960
831123
831335
831339
831383
831476
831593
831602
831689
831713
831827
831929
832023
832077
832185
832233
832318
832343
832445
832490
832515
832631
832696
833077
833108
833260
833333
833387
833412
833845
833910
833926
834106
834257
834270
834359
834368
834397
834555
834562
834573
834603
834682
834746
835101
835178
835421
835423
835424
835427
835552
835682
835736
835740
835760
835898
835904
835940
836023
836112
836122
836135
836226
836233
836297
836376
836424
836485
836526
836596
836622
836781
836857
837090
837106
837340
837398
837536
837610
837742
837946
838072
838232
838270
838399
838425
838442
838574
838693
839068
839217
839491
839632
839740
839773
839869
839878
839952
840105
840130
840206
840239
840320
840378
840481
840540
840659
840714
840911
841199
841258
841424
841445
841482
841563
841629
841647
841653
841706
841737
841826
841898
841936
842117
842153
842622
842656
843108
843119
843149
843271
843283
843451
843497
843568
843590
843618
843690
843763
843821
843851
843996
844005
844007
844083
844201
844325
844535
844548
844587
844697
844967
845007
845253
845264
845497
845598
845702
845744
845824
846125
846159
846273
846479
846572
846606
846639
846716
846724
846871
846881
846903
847042
847053
847095
847377
847431
847455
847510
847656
847698
847805
847819
847898
848010
848084
848214
848230
848332
848351
848365
848398
848404
848817
848929
849034
849161
849190
849484
849553
849820
849885
849904
849932
849981
850007
850024
850154
850168
850284
850488
850535
850683
850780
850792
850870
851060
851071
851280
851379
851446
851501
851650
851706
851710
851712
851866
852115
852138
852244
852251
852324
852514
852773
852931
853051
853209
853368
853429
853474
853614
853707
853753
853781
853838
853867
853871
853882
854330
854357
854360
854462
854570
854609
854632
854878
855158
855263
855469
855657
855896
856034
856055
856103
856408
856518
856727
856803
856867
856923
856924
856983
857018
857298
857320
857354
857407
857504
857532
857729
857737
858035
858052
858077
858179
858318
858411
858434
858481
858483
858545
859036
859047
859156
859202
859277
859546
859564
859922
860194
860222
860243
860334
860619
860624
860648
860934
861039
861246
861266
861283
861587
861616
861745
862119
862134
862210
862245
862393
862438
862446
862452
862460
862774
863033
863106
863143
863395
863502
863559
863608
863746
863830
863910
863917
864179
864226
864299
864322
864437
864667
864752
864853
865041
865054
865222
865522
865589
865902
866021
866035
866202
866401
866582
866602
866606
867054
867283
867299
867391
867459
867495
867549
867608
867626
867855
867971
868035
868073
868090
868114
868214
868411
868665
868845
868981
869020
869222
869375
869537
869728
869731
869818
869832
869939
869994
870035
870145
870275
870410
870424
870441
870451
870468
870495
870660
870883
870889
871035
871133
871183
871219
871386
871426
871594
871625
871701
871713
872009
872028
872070
872255
872410
872424
872694
873038
873127
873418
873491
873511
873512
873590
873624
873668
873838
874041
874106
874138
874182
874226
874295
874355
874437
874492
874598
874682
874753
874862
874889
875130
875185
875214
875217
875337
875353
875422
875487
875568
876028
876161
876161
876229
876296
876304
876365
876388
876532
876668
876737
876892
877052
877150
877242
877245
877284
877394
877676
877746
877851
877992
878326
878332
878398
878541
878638
878887
878966
879240
879260
879427
879515
879871
880137
880177
880298
880399
880435
880536
880708
880789
880806
880850
881010
881212
881678
881886
881897
881980
882064
882254
882313
882408
882418
882560
882642
882645
882684
882952
883137
883385
883422
883458
883503
883689
883694
883953
883989
884009
884056
884111
884180
884392
884627
884651
884964
884969
885049
885356
885471
885494
885765
885834
885880
886011
886157
886220
886260
886304
886626
886662
886975
887005
887296
887344
887458
887463
887679
887690
887744
887822
887911
887942
888020
888100
888221
888546
888634
888663
888697
888841
888860
889005
889134
889332
889429
889440
889469
889560
889660
889750
889783
889793
889863
889927
890015
890223
890373
890557
890917
891077
891090
891097
891261
891279
891520
891654
891655
891871
891910
892362
892649
892783
892798
892848
893054
893137
893280
893288
893305
893310
893317
893352
893357
893372
893459
893548
893639
893985
894249
894285
894333
894427
894430
894496
894657
894745
894765
895031
895101
895491
895501
895789
895800
896036
896048
896057
896291
896513
896570
896889
897094
897186
897211
897219
897384
897661
897697
898014
898215
898324
898436
898659
898813
898848
899184
899312
899379
899464
899477
899517
899600
899623
899708
899716
899833
899843
899913
899977
900077
900228
900237
900242
900254
900318
900596
900614
900670
900860
900906
900997
901060
901085
901183
901362
901397
901438
901500
901549
901555
901603
901784
901800
902005
902017
902091
902134
902159
902169
902294
902330
902358
902396
902413
902465
902827
902887
902911
902963
903016
903024
903027
903236
903648
903670
903760
903930
904056
904105
904254
904666
904697
904778
904816
904951
904965
905092
905184
905199
905277
905331
905373
905377
905662
905809
905909
906309
906358
906380
906417
906469
906681
906697
906748
906812
907010
907215
907218
907350
907356
907445
907640
907747
907853
907860
907937
908065
908078
908298
908305
908342
908501
908564
908612
908984
909067
909075
909148
909348
909454
909488
909717
910099
910131
910185
910191
910386
910392
910453
910498
910686
910781
911057
911084
911228
911294
911419
911502
911614
912066
912206
912249
912258
912280
912546
912678
912684
912756
912778
912829
912930
912952
912980
913025
913458
913562
913576
913654
913818
913883
913968
914004
914095
914172
914211
914286
914348
914477
914741
914775
914965
914996
915006
915280
915709
915756
915919
916043
916156
916207
916239
916257
916356
916433
916527
916540
916583
916605
917041
917186
917225
917226
917262
917265
917300
917389
917464
917787
918083
918186
918506
918790
918895
918899
919203
919297
919312
919430
919494
919559
919696
920083
920354
920388
920548
920549
920657
920680
920707
920977
920987
921068
921097
921098
921136
921183
921214
921434
921554
921876
921886
922113
922182
922237
922294
922304
922329
922693
922742
922926
923107
923245
923252
923379
923465
923665
923917
923931
923952
924067
924167
924274
924374
924449
924460
924536
924552
924609
924698
924718
924819
924854
924919
924977
925081
925143
925191
925301
925450
925665
925747
925790
925798
925941
926064
926143
926147
926165
926308
926388
926403
926500
926529
926553
926603
926643
926649
926776
926820
926932
927023
927030
927163
927178
927334
927530
927567
927567
927647
927676
927869
927876
927936
927956
928004
928054
928115
928133
928206
928362
928629
928651
928824
928848
929119
929126
929146
929190
929227
929281
929474
929612
929705
929730
929962
930053
930091
930107
930178
930232
930306
930342
930462
930676
930734
930804
930968
931028
931085
931131
931136
931300
931449
931582
931605
931753
931857
932050
932196
932283
932312
932436
932437
932480
932723
932770
932943
932973
933030
933124
933245
933293
933358
933397
933421
933429
933692
933701
933721
933866
933903
933919
933957
934064
934326
934576
934670
934972
934982
935010
935175
935317
935719
935776
935830
935886
936004
936197
936297
936300
936395
936443
936459
936466
936502
936633
936640
936641
936689
936808
937046
937374
937461
937626
937760
937890
937931
938267
938436
938481
938934
938986
939038
939105
939277
939688
939751
939804
939865
939913
940020
940054
940247
940351
940523
940575
941092
941331
941551
941574
941741
941842
941871
941923
942395
942561
942647
942881
943152
943279
943593
943672
943793
943897
944276
944307
944330
944332
944377
944387
944546
944759
944863
945056
945093
945103
945200
945221
945239
945243
945268
945301
945534
945585
945633
945974
946122
946254
946438
946596
946698
946849
946860
946896
947020
947023
947149
947179
947191
947269
947503
947511
947538
947570
947789
947804
948158
948174
948258
948309
948515
948709
948727
948871
949049
949055
949158
949189
949310
949340
949350
949362
949426
949462
949583
949600
949659
949731
949853
949854
949888
949977
950022
950028
950082
950299
950358
950366
950371
950488
950707
950737
950851
950855
950871
951209
951283
951862
952130
952161
952183
952580
952618
952638
953053
953171
953372
953377
953401
953669
953748
953860
953944
953953
954043
954324
954513
954738
954852
954880
954942
954966
955014
955063
955610
955644
955700
955991
956019
956041
956084
956286
956368
956606
956783
956865
956885
956909
957042
957115
957577
957647
957652
957796
957809
957838
957936
957975
958233
958479
958857
959023
959213
959271
959362
959380
959399
959434
959464
959550
959641
959700
959707
959798
959895
960136
960141
960208
960228
960287
960371
960464
960546
960712
960863
960867
960895
961037
961260
961370
961463
961533
961540
961760
961852
962051
962079
962114
962116
962411
962594
962598
962828
962850
963074
963237
963475
963478
963505
963579
963697
963744
963836
963851
963979
964058
964103
964205
964349
964506
964698
965157
965174
965213
965368
965858
965939
965963
966429
966438
966536
966770
966828
966836
967096
967248
967413
967696
968113
968267
968344
968422
968496
968501
968528
968541
968649
968660
968674
968792
968819
968837
968956
969053
969079
969087
969814
969815
969902
970002
970042
970081
970156
970402
970528
970611
970753
970777
970929
971037
971397
971406
971410
971542
971675
971770
971821
971829
971833
971936
972088
972091
972237
972238
972453
972518
972587
972723
973033
973033
973280
973363
973370
973467
973549
973591
973805
974101
974263
974277
974363
974585
974616
974701
974819
975208
975268
975295
975433
975498
975727
975844
975960
976158
976279
976786
976806
976940
977117
977186
977255
977310
977312
977371
977501
977585
977638
977681
977682
977689
977762
978023
978386
978389
978522
978745
978761
978844
978880
978950
979055
979164
979272
979423
979437
979650
979760
979860
979911
979977
979990
980033
980152
980183
980931
981020
981044
981074
981107
981153
981154
981285
981333
981431
981445
981450
981489
981551
981581
981590
981659
981726
981870
981985
982249
982288
982315
982633
982648
982868
982907
983266
983310
983332
983352
983360
983379
983557
983676
983695
983807
983981
984367
984402
984441
984492
984677
984724
984729
984779
984963
985074
985113
985146
985465
985670
985883
985896
985942
986003
986026
986150
986162
986211
986454
986474
986482
986506
986535
986587
986694
986733
986768
986794
986800
986943
987024
987399
987464
987466
987840
987949
987994
988067
988089
988130
988130
988193
988287
988363
988488
988599
988625
988679
988830
988856
989039
989062
989201
989354
989505
989754
989845
990028
990177
990417
990529
990640
990732
990737
990749
990760
990892
990970
991024
991038
991225
991241
991309
991443
991833
991909
991941
991949
992006
992050
992108
992174
992284
992424
992460
992604
992842
992853
992891
992932
993371
993457
993522
993572
993576
993652
993652
993912
993935
993937
993947
994386
994395
994454
994518
994599
994835
994940
994978
995050
995115
995123
995174
995204
995242
995325
995407
995523
995686
995774
995842
995894
996068
996434
996457
996599
996617
996660
996667
996756
996869
996884
996901
996953
996956
997044
997142
997447
997460
997620
997657
997726
997836
997905
997917
998294
998476
998480
998492
998671
998676
998792
998921
998944
998963
999055
999103
999128
999155
999295
999471
999487
999523
999651
999733
999757
999817
999831
999865
999892
999942
999950
999974