22
58
184
874
1085
1230
1353
1378
1518
1565
1692
1699
1807
1829
1877
2041
2243
2266
2276
2300
2669
2725
2796
2871
2885
2959
3024
3026
3052
3153
3193
3335
3363
3495
3944
3985
4011
4056
4321
4330
4394
4457
4545
4565
4575
4615
4687
4725
4731
4857
5001
5052
5432
5528
5970
6075
6246
6262
6334
6428
6528
6536
6649
6654
6685
6716
6863
6893
6946
7017
7094
7142
7144
7465
7796
7850
7887
8151
8193
8203
8389
8563
8678
8741
8744
8792
8839
8904
8991
9124
9287
9342
9640
9902
9922
10007
10069
10133
10215
10255
10460
10470
10474
10533
10572
10575
10652
10693
10733
10760
10967
11088
11306
11454
11486
11510
11567
11598
11702
11951
12031
12046
12113
12145
12179
12241
12503
12678
12848
12883
12888
12926
12933
13014
13058
13101
13114
13272
13374
13473
13545
13747
13752
14343
14479
14486
14667
14855
14899
15018
15038
15274
15411
15455
15597
15733
15765
15790
15841
15948
16151
16238
16243
16382
16455
16508
16574
16588
16616
16681
17291
17359
17394
17585
17741
17797
17848
17897
17921
18029
18147
18578
18622
18639
18671
18704
18771
18931
18989
19175
19445
19445
19586
19632
19664
19669
19727
19739
19838
19847
19870
19891
19936
20086
20196
20235
20294
20434
20455
20485
20556
20643
20655
20800
20876
20954
21003
21143
21194
21262
21328
21438
21446
21556
21661
21814
21867
21972
22024
22042
22132
22138
22142
22187
22335
22373
22385
22467
22695
22876
23101
23130
23255
23333
23403
23412
23474
23523
23651
23700
23770
23961
24128
24133
24372
24478
24499
24514
24625
24974
24985
25055
25265
25266
25316
25509
25524
25557
25734
25941
26008
26256
26289
26291
26394
26907
26909
26982
27003
27267
27393
27417
27422
27520
27597
27781
27789
27852
27908
27911
27941
27975
28028
28174
28196
28226
28274
28395
28479
28495
28543
28628
28802
28841
28937
29039
29162
29260
29299
29459
29488
29540
29551
29734
30182
30750
30827
30829
30896
31018
31033
31329
31368
31671
31712
31729
31761
32109
32141
32450
32609
32672
32812
32891
32930
33051
33094
33128
33178
33212
33242
33258
33410
33437
33483
33551
33715
33748
33787
33950
33976
34164
34224
34315
34409
34417
34560
34702
34944
35304
35333
35436
35449
35538
35600
35621
35793
35934
35954
36080
36334
36564
36623
36625
36831
36964
36965
36997
37046
37054
37139
37230
37566
37670
37794
37970
37994
38017
38091
38174
38211
38213
38226
38325
38432
38490
38506
38726
38760
38863
38928
39000
39123
39244
39274
39521
39601
39843
40015
40219
40274
40507
40556
40712
41013
41056
41096
41219
41258
41409
41434
41683
41737
41747
41755
41763
41793
42143
42374
42438
42576
42585
42637
42805
42911
42970
42997
43074
43223
43273
43403
43506
43543
43654
43720
43738
44019
44117
44219
44248
44311
44406
44441
44692
44711
44957
44994
45274
45299
45300
45400
45540
45599
45612
45678
45714
45784
45834
45839
46119
46158
46265
46302
46480
46490
46643
46712
46723
46731
46799
46831
46956
47050
47113
47163
47255
47258
47358
47418
47541
47638
47660
47664
47684
47704
47758
47926
47931
48088
48090
48322
48480
48686
48708
49169
49211
49227
49568
49604
49618
49700
50140
50279
50451
50656
50866
50887
50894
51034
51065
51620
51934
52286
52336
52450
52498
52649
52813
52823
52857
53091
53241
53368
53814
53921
54184
54228
54302
54321
54355
54361
54444
54526
54780
54825
54911
55024
55064
55163
55218
55358
55580
55582
55587
55673
55909
56045
56205
56246
56249
56274
56317
56326
56748
57444
57470
57481
57565
57566
57581
57628
57631
57649
57661
57753
58186
58271
58341
58354
58366
58410
58846
58897
58934
59018
59019
59153
59229
59247
59758
60012
60072
60165
60165
60222
60300
61084
61179
61234
61303
61339
61350
61377
61449
61500
61532
61685
61692
61900
61956
62327
62329
62410
62461
62462
62465
62672
62681
62715
62732
62755
62786
62948
62963
63286
63399
63885
64002
64077
64430
64533
64539
64565
64665
64806
64933
65012
65142
65988
66071
66136
66216
66279
66359
66633
66652
66762
66860
66927
66979
66989
67017
67049
67422
67562
67699
67782
67786
67939
68097
68191
68262
68402
68574
68634
68654
68683
68886
68972
68988
68995
69055
69271
69348
69485
69584
69588
69656
69712
69820
69945
69949
69955
70030
70030
70034
70117
70122
70760
70773
70804
70904
70914
70956
71018
71125
71141
71361
71374
71528
71552
71728
71749
71749
71938
71964
72050
72086
72324
72462
72547
72673
72698
72852
72858
72888
73219
73484
73507
73619
73732
73803
73838
74024
74031
74052
74171
74211
74343
74366
74524
74664
74752
74765
74781
74793
74862
74932
74981
75115
75239
75283
75439
75455
75469
75473
75550
75978
76360
76420
76521
76567
76605
76670
76887
77169
77262
77576
77811
77891
77943
77993
77996
78008
78010
78043
78167
78254
78291
78420
78495
78549
78602
78837
79023
79152
79154
79169
79369
79370
79413
79510
79545
79585
79650
79749
79879
79895
80310
80381
80388
80429
80474
80483
80507
80521
80879
80939
81260
81342
81367
81431
81457
81499
81539
81553
81631
81831
82161
82338
82474
82783
82831
82839
82950
83003
83030
83246
83254
83324
83525
83608
83761
83894
84098
84111
84133
84154
84219
84282
84302
84435
84525
84594
84772
85229
85389
85478
85533
85860
86163
86253
86274
86293
86707
86813
86817
86997
87004
87029
87099
87121
87185
87696
87700
87926
87934
87964
87989
88177
88234
88275
88277
88440
88453
88521
88582
88919
88940
88976
89155
89272
89307
89391
89609
89615
89703
89719
89754
89893
90022
90247
90354
90624
90821
90858
90951
91363
91459
91564
91566
91616
91682
91778
91831
91843
91959
92028
92085
92246
92296
92304
92420
92443
92531
92916
92943
92960
93106
93128
93200
93231
93465
93487
93783
93788
93808
93986
94054
94163
94249
94270
94433
94764
94773
94985
95143
95231
95240
95251
95306
95472
95483
95824
96001
96022
96047
96305
96433
96718
96804
97081
97168
97374
97467
97666
97702
97714
98025
98244
98251
98337
98443
98700
98749
99022
99179
99214
99433
99593
99779
99784
99784
99884
99959
99978
99988
100043
100125
100128
100262
100277
100327
100438
100477
100571
100644
100715
100715
101005
101087
101281
101291
101343
101598
101644
101675
101792
101852
101913
101943
101949
101952
102070
102100
102102
102144
102230
102231
102249
102250
102269
102310
102318
102347
102368
102403
102573
102769
102789
102966
103107
103305
103380
103408
103571
103602
103687
103704
104037
104067
104082
104496
104877
104974
105104
105208
105346
105434
105572
105600
105838
105913
106010
106079
106180
106229
106365
106421
106446
106523
106604
106771
106829
106870
106883
106987
107293
107315
107572
107835
108064
108088
108196
108377
108587
108953
108958
109061
109083
109152
109272
109314
109350
109564
109607
109688
109928
110068
110144
110204
110248
110340
110360
110408
110480
110765
110820
110909
110916
110990
111039
111304
111334
111461
111592
111744
111776
111835
111835
111855
111856
111973
112182
112192
112243
112479
112489
112523
112611
112699
112709
112760
112922
112959
113010
113030
113133
113291
113405
113437
113587
113672
113763
113764
114008
114040
114044
114053
114094
114121
114133
114211
114296
114315
114325
114332
114357
114513
114606
114683
114805
114807
114905
114929
115070
115093
115102
115198
115593
115768
115801
115986
116020
116076
116327
116338
116491
116526
116608
116618
116667
116720
116727
116846
116876
116885
116912
117026
117117
117194
117208
117230
117254
117395
117444
117485
117624
117781
117829
117843
117880
117923
117988
117990
118267
118304
118316
118351
118389
118390
118756
119157
119173
119271
119295
119308
119359
119448
119454
119459
119606
119631
119898
120060
120119
120160
120177
120265
120481
120531
120531
120714
120815
120985
121245
121295
121388
121395
121453
121485
121554
121706
121772
121779
121798
122318
122336
122374
122507
122618
122664
122804
122886
122932
122978
123020
123055
123062
123142
123240
123375
123461
123465
123507
123530
123628
123891
123960
124007
124080
124097
124102
124102
124283
124320
124495
124586
124741
124787
124992
125073
125231
125380
125395
125556
125569
125593
125950
125966
126664
126742
127157
127173
127190
127222
127466
127748
127910
127921
127923
127965
127984
128116
128141
128409
128416
128432
128561
128668
128751
128876
128934
129456
129570
129664
129836
129858
129961
130028
130117
130136
130145
130148
130167
130308
130570
130589
130664
130682
130687
130806
131081
131136
131186
131404
131490
131528
131609
131730
131840
132018
132071
132250
132302
132389
132563
132567
132614
132679
132833
132842
132909
132945
133199
133207
133229
133361
133633
133746
133764
133862
133975
134088
134123
134213
134256
134301
134318
134452
134654
134872
134906
134930
135055
135154
135313
135327
135394
135541
135662
135928
135986
136191
136219
136290
136340
136407
136477
136601
136687
136757
136801
136958
137001
137023
137032
137139
137209
137267
137268
137323
137458
137465
137687
137795
137835
137865
137926
137940
138022
138033
138085
138093
138106
138170
138282
138439
138609
138641
138718
138930
139107
139183
139185
139328
139358
139366
139377
139694
139788
139947
140042
140099
140108
140141
140161
140162
140185
140321
140350
140618
140790
140951
141121
141221
141292
141566
141629
141661
141910
141945
142047
142108
142210
142270
142608
142640
142697
142741
142834
142887
142956
143052
143066
143111
143127
143187
143276
143517
143519
143586
143598
143848
144050
144087
144207
144374
144898
144920
145409
146006
146134
146186
146366
146582
146666
146770
146954
147177
147437
147444
147449
147501
147540
147590
147663
147667
147816
148018
148059
148114
148157
148177
148201
148232
148234
148312
148337
148585
148813
148906
149140
149374
149490
149492
149531
149568
149606
149665
149692
149836
150094
150156
150160
150251
150469
150470
150482
150487
150536
150685
150726
150778
150928
150947
151078
151196
151286
151362
151369
151396
151411
151424
151522
151672
151845
151870
151993
152007
152016
152225
152323
152558
152803
152903
152984
153016
153044
153081
153210
153270
153395
153402
153528
153643
153749
153854
153944
153992
154027
154043
154104
154178
154190
154452
154474
154893
154957
154986
155013
155113
155302
155467
155492
155736
155824
155877
155980
156159
156389
156416
156435
156478
156517
156599
156698
156705
156775
156838
156891
156930
156935
156936
156951
156952
156987
157061
157071
157242
157314
157457
157463
157503
157503
157524
157560
157609
157692
157800
157967
158037
158132
158143
158246
158284
158332
158346
158368
158390
158550
158582
158686
158698
158744
158799
158828
158875
158975
158981
159096
159189
159387
159394
159419
159684
159851
159922
159990
160008
160069
160140
160174
160348
160526
160706
160727
160852
160893
161250
161260
161458
161621
161725
161920
162057
162111
162120
162192
162477
162684
162837
162867
162988
163014
163312
163481
163497
163513
163645
163694
163706
163884
164014
164283
164363
164433
164581
164584
164793
165026
165264
165527
165724
165726
165745
165860
165909
165982
166241
166331
166422
166517
166519
166526
166589
166651
167148
167368
167402
167429
167434
167560
167676
167726
167768
167896
167903
167991
168087
168299
168351
168455
168590
168650
168782
168800
168937
169097
169153
169160
169290
169462
169510
169729
169823
169930
169970
169984
170094
170133
170222
170378
170793
170929
170930
170946
170954
170988
171231
171384
171476
171493
171565
171668
171876
171889
171964
171989
172042
172054
172087
172101
172313
172316
172417
172678
172810
172875
172877
173094
173180
173426
173766
173805
173930
173963
174002
174139
174334
174337
174567
174591
174739
174820
174871
174941
175133
175141
175262
175327
175365
175504
175691
175878
176019
176029
176078
176119
176190
176257
176513
176629
176641
176725
176747
176811
176831
176898
176921
176922
177000
177097
177128
177134
177138
177301
177312
177346
177456
177617
177634
177663
177886
177894
177950
178160
178338
178368
178468
178604
178633
178713
178741
178787
178812
178883
178936
178995
179256
179288
179365
179447
179461
179489
179937
179984
180029
180459
180550
180660
180748
180792
180966
181287
181532
181575
181627
181779
181909
182028
182161
182213
182311
182395
182416
182441
182506
182552
182696
182709
182849
182868
183022
183040
183114
183164
183500
183765
183842
183927
183985
184015
184053
184060
184147
184161
184166
184273
184303
184438
184497
184897
184907
185208
185278
185432
185541
185641
185701
185879
185924
186193
186452
186518
186573
186634
186803
187010
187212
187213
187226
187272
187291
187335
187341
187393
187396
187410
187537
187601
187694
187796
187841
188000
188034
188172
188199
188363
188367
188413
188450
188659
188687
188737
188809
189030
189065
189311
189345
189381
189598
189637
189688
189723
189866
189914
189984
189985
190226
190292
190413
190446
190645
190946
190956
191001
191056
191122
191338
191377
191656
191762
191807
191828
191910
192014
192116
192129
192357
192398
192539
192745
192855
192857
192906
192913
193020
193035
193110
193158
193244
193391
193505
193670
193846
193912
193942
193993
194097
194118
194141
194175
194206
194231
194281
194361
194438
194831
195111
195153
195351
195487
195728
195800
195845
195947
196000
196004
196041
196068
196170
196323
196414
196556
196674
196675
196679
196712
196743
196845
197302
197429
197460
197475
197605
197636
197735
197874
197892
198089
198334
198427
198430
198569
198630
198752
198851
198855
198929
199094
199114
199211
199568
199633
199663
199707
199918
199949
200080
200118
200169
200215
200414
200491
200612
200658
200721
200732
200735
200759
200881
200884
201054
201081
201092
201115
201127
201184
201253
201394
201456
201467
201474
201484
201488
201607
201734
201768
201839
201953
202000
202027
202133
202242
202364
202418
202452
202489
202754
202806
202826
202890
203101
203122
203194
203255
203313
203500
203572
203688
203716
204045
204210
204276
204359
204453
204466
204531
204587
204745
204755
204768
204774
204854
204890
205083
205113
205176
205271
205687
205732
205827
205851
205867
206159
206290
206424
206480
206706
206876
207015
207029
207154
207177
207203
207218
207239
207264
207291
207480
207481
207514
207568
207568
207604
207628
207705
207726
207801
208074
208152
208191
208313
208436
208460
208651
208662
208888
209104
209206
209277
209290
209442
209501
209590
209760
209778
209785
209878
210121
210392
210537
210542
210558
210720
210828
211038
211071
211087
211328
211362
211480
211682
211861
212229
212344
212595
212709
212737
212811
212941
213038
213209
213441
213480
213647
213790
213884
214007
214068
214154
214277
214313
214449
214484
214550
214734
214759
214803
214899
214963
215080
215178
215280
215452
215544
215656
215670
216064
216150
216201
216215
216349
216594
216606
216881
217025
217033
217073
217082
217179
217632
217669
217691
217721
217877
217888
217901
217921
217927
218112
218199
218332
218381
218454
218459
218460
218700
218885
218912
219058
219105
219130
219405
219575
219634
219650
219701
219916
219968
220008
220034
220071
220120
220135
220202
220494
220554
220684
220764
220782
220798
221155
221428
221448
221452
221584
221848
222241
222250
222326
222400
222440
222526
222561
222875
222953
222987
223032
223178
223228
223413
223435
223730
223805
223989
224042
224088
224110
224260
224303
224370
224621
224751
224770
224786
224808
224823
224871
224955
225120
225464
225474
225558
225641
225759
225770
225879
225895
225914
226224
226488
226618
226690
226747
226799
226826
227084
227116
227244
227330
227439
227745
228030
228051
228177
228187
228325
228504
228620
228715
228840
228873
228911
228958
229110
229144
229238
229421
229479
229521
229678
229787
229830
229930
230046
230138
230243
230259
230391
230448
230799
230821
230948
230953
231116
231123
231127
231384
231553
231685
231763
231791
232074
232159
232169
232227
232367
232476
232492
232792
232932
233059
233108
233192
233322
233368
233423
233604
233648
233902
234149
234153
234232
234277
234299
234302
234460
234484
234666
234743
234943
235034
235117
235146
235366
235466
235478
235512
235553
235645
235738
235817
235882
235905
236170
236251
236395
236455
236504
236504
236809
236862
236886
236898
236992
237009
237045
237133
237291
237324
237550
237635
237922
238006
238047
238063
238066
238200
238248
238295
238702
238819
238857
238884
238989
239023
239100
239135
239146
239321
239453
239470
239565
239597
239687
239728
239867
239876
239901
240075
240129
240186
240305
240509
240593
240680
240828
240842
240944
241058
241077
241099
241148
241177
241527
241648
241680
241879
242004
242314
242359
242429
242463
242574
242613
242731
242824
242994
243053
243256
243307
243384
243527
243530
243551
243553
243607
243703
243810
243901
244013
244078
244241
244296
244397
244454
244456
244479
244484
244546
244799
244821
244876
244968
244980
244993
245313
245363
245439
245464
245763
245788
245834
245862
245906
246003
246018
246111
246172
246180
246318
246365
246457
246520
246828
247217
247341
247531
247769
247780
248239
248360
248431
248481
248511
248615
248639
248640
248702
248836
249203
249217
249414
249576
249638
249766
250025
250093
250138
250187
250367
250367
250423
250452
250482
250490
250708
250761
250858
250899
251026
251083
251176
251217
251262
251304
251326
251700
251799
251900
251928
252056
252246
252324
252349
252395
252471
252493
252620
252880
253003
253074
253196
253397
253572
253635
253738
253953
253977
254147
254213
254345
254424
254537
254603
254784
254808
254845
254845
254959
254973
255118
255162
255231
255344
255611
255664
255751
255835
255990
256012
256020
256289
256290
256332
256481
256514
256829
256851
256900
257013
257030
257184
257250
257278
257338
257359
257516
257759
257993
258034
258092
258259
258292
258299
258313
258315
258459
258555
258956
259072
259112
259185
259240
259283
259493
259532
259549
259575
259795
259824
259894
260028
260043
260070
260164
260281
260345
260402
260450
260503
260524
260873
260889
260945
261288
261364
261506
261599
261811
261922
261978
262132
262190
262222
262261
262269
262371
262637
262768
262801
262859
262897
263009
263030
263049
263096
263142
263178
263188
263328
263343
263344
263376
263449
263515
263592
263628
263693
263885
263936
263984
264045
264069
264200
264313
264315
264352
264403
264432
264679
264925
265135
265570
265599
265650
265745
265942
266018
266053
266089
266115
266123
266271
266344
266367
266496
266546
266622
266705
266715
266828
266840
266915
267044
267172
267350
267396
267582
267619
267667
267745
267894
268036
268053
268171
268294
268391
268618
268634
268730
268908
268969
269071
269100
269265
269377
269501
269538
269610
269865
269887
270061
270068
270261
270416
270476
270480
270483
270493
270621
270628
270880
270904
270941
271158
271257
271355
271449
271488
271631
271792
271806
271993
272213
272279
272314
272316
272452
272537
272567
272588
272660
272686
272766
272782
272811
272850
272950
273407
273616
273671
273770
273788
273843
273886
274132
274289
274450
274728
274743
274784
274862
274878
274957
275044
275089
275110
275526
275563
275588
275660
275696
275747
275843
275928
276154
276287
276449
276450
276576
276605
276802
276916
277070
277076
277134
277179
277276
277669
277726
277742
277751
277950
277981
277984
278329
278711
278727
278771
278788
278902
279215
279272
279670
279718
279722
279760
279789
280093
280210
280297
280476
280534
280608
280646
280652
280841
280868
280943
281065
281088
281134
281283
281318
281856
281914
282057
282114
282212
282219
282245
282287
282329
282414
282471
282775
282798
282891
282904
283048
283105
283111
283165
283286
283469
283720
283936
283949
283982
284291
284414
284505
284624
284633
284870
284880
285016
285221
285401
285445
285511
285526
285561
285672
285678
285807
286254
286294
286354
286428
286466
286593
286614
286970
287003
287386
287489
287583
287658
287759
287761
287814
287870
287884
288236
288418
288418
288486
288524
288707
288830
288855
288858
288884
288929
288961
289027
289079
289168
289218
289244
289320
289454
289708
289712
289750
289760
289899
289925
289994
290081
290216
290315
290407
290448
290448
290736
290747
291624
291732
291749
291845
291864
291870
291947
292053
292269
292558
292598
292980
293206
293253
293280
293296
293406
293572
293583
293625
293690
293713
293737
293845
293919
293994
294028
294133
294349
294379
294411
294507
294548
294704
294826
294855
295150
295440
295612
295620
295645
295749
295871
295964
296011
296019
296549
296626
296668
296910
297172
297225
297339
297349
297576
297609
297626
297746
297987
297992
298001
298017
298071
298088
298170
298308
298333
298349
298381
298566
298567
298580
298639
298874
298925
299042
299053
299141
299320
299334
299439
299578
299858
299862
299970
300144
300170
300417
300663
300718
300756
300830
300885
300915
300965
301127
301171
301294
301305
301348
301432
301502
301547
301608
301676
301795
302095
302611
302656
302671
302682
302861
302862
302876
303019
303063
303093
303190
303251
303290
303305
303412
303436
303439
303452
303460
303535
303568
303948
304427
304452
304480
304506
304721
304782
304813
304963
304966
305098
305144
305161
305314
305385
305413
305571
305643
305710
305763
305836
305863
305870
305911
305932
306072
306122
306506
306689
306836
306866
307016
307425
307463
307663
307728
307745
307870
307954
307980
308090
308223
308447
308502
308505
308691
308706
308711
308862
308968
309030
309197
309240
309250
309281
309303
309399
309468
309872
310120
310166
310369
310525
310694
310783
310829
310908
311058
311086
311098
311158
311162
311259
311454
311679
311705
311729
311974
312150
312293
312421
312549
312557
312951
312983
313060
313397
313434
313462
313526
313557
313565
313914
313969
314074
314091
314181
314190
314248
314255
314362
314438
314619
314679
314685
314743
314776
314802
314879
314884
314905
315057
315090
315170
315207
315241
315322
315529
315673
315758
315775
315807
315886
315888
315942
316023
316054
316091
316117
316913
316920
316972
317078
317388
317676
317804
317879
317996
318183
318269
318277
318344
318395
318679
318718
318786
318837
318891
318896
318954
319138
319168
319423
319429
319553
319586
319769
319940
320147
320199
320307
320336
320837
320893
320922
321141
321176
321188
321253
321462
321574
321587
321784
321893
321988
322363
322483
322548
322581
322752
322785
322985
323057
323096
323431
323457
323460
323642
323696
323994
324517
324581
324639
324698
324886
325106
325157
325273
325357
325462
325548
325598
325598
325697
325824
325826
325914
325964
326148
326262
326268
326310
326646
327123
327229
327277
327379
327537
327702
327703
327739
327779
327821
327828
328018
328506
328565
328607
328616
328847
328956
329079
329192
329215
329333
329350
329372
329500
329558
329636
329648
329687
329788
329858
330075
330171
330225
330683
330748
330806
330846
331052
331097
331102
331180
331577
331780
331848
331906
332116
332150
332253
332360
332474
332504
332851
332984
333017
333058
333121
333149
333449
333539
333559
333568
333653
333659
333744
333929
334058
334343
334403
334411
334437
334489
334579
334633
334650
334687
334761
334799
335002
335090
335130
335160
335176
335265
335318
335459
335525
335600
335935
335962
336165
336211
336291
336352
336361
336380
336390
336405
336561
336595
336679
336682
336827
337024
337087
337114
337133
337155
337307
337339
337371
337513
337534
337571
337585
337848
338055
338060
338125
338128
338242
338249
338327
338396
338563
338578
338618
338637
338926
338982
339257
339439
339540
339660
339665
339762
339872
339956
340037
340252
340438
340444
340527
340563
340610
340636
340668
340679
340707
340866
340900
340940
340996
341011
341149
341190
341332
341442
341494
341528
341535
342057
342093
342206
342249
342377
342447
342543
342614
342821
343010
343235
343276
343731
344436
344442
344520
344589
344679
344845
344858
344890
344961
345232
345363
345502
345718
345763
345906
345971
346048
346067
346227
346260
346276
346439
346478
346563
346723
346757
346835
346837
346874
347097
347103
347202
347248
347293
347343
347422
347964
348036
348279
348385
348475
348479
348589
348599
348611
348775
349077
349287
349317
349367
349409
349429
349558
349615
350199
350455
350529
350738
350819
350821
350870
350923
350972
351025
351120
351135
351217
351263
351291
351332
351455
351593
351627
351665
351693
351797
351917
351959
352057
352178
352189
352361
352387
352922
353061
353155
353162
353203
353233
353244
353254
353288
353796
353955
353994
354075
354084
354093
354121
354221
354310
354514
354517
354672
354698
354777
355092
355220
355342
355459
355509
355688
355694
355871
355881
356006
356240
356251
356455
356461
356466
356526
356694
356708
356799
356996
357016
357184
357312
357402
357616
357653
358010
358025
358044
358120
358132
358265
358277
358334
358572
358609
358656
358690
358728
358848
358859
358971
359447
359454
359492
359522
359553
359698
359701
359818
359851
360113
360365
360399
360442
360550
360670
360681
360728
360740
360797
360859
360871
360875
360951
361124
361128
361128
361141
361235
361250
361596
361720
361733
361785
361824
361852
362048
362062
362223
362268
362600
362721
362827
362852
363027
363088
363137
363147
363522
363592
363729
363928
363931
364044
364065
364093
364162
364231
364555
364677
364741
364759
364913
365069
365158
365244
365407
365528
365639
366004
366094
366208
366464
366493
366503
366528
366557
366743
366846
366864
366888
366933
366963
366982
367296
367431
367461
367491
367632
367751
367956
368114
368287
368313
368369
368426
368597
368621
368632
368688
368769
368872
369049
369142
369238
369254
369365
369479
369559
369632
369675
369685
369984
369994
370142
370153
370370
370471
370654
370677
370678
370679
370899
370958
371009
371014
371130
371169
371306
371329
371342
371383
371402
371447
371494
371620
371718
371929
371932
372304
372476
372522
372623
372802
372891
373178
373346
373490
373582
373585
373703
373764
373890
373900
373900
373923
373983
374088
374097
374247
374270
374522
374543
374575
374727
374737
374842
374860
375016
375069
375089
375100
375276
375292
375330
375375
375558
375586
375675
375723
375761
375950
376037
376097
376130
376219
376238
376466
376500
376511
376536
376669
376754
376826
377029
377046
377163
377421
377775
377786
377906
377948
378113
378153
378187
378211
378537
378615
378753
378823
378862
378907
379014
379026
379036
379135
379254
379478
379523
379551
379604
379625
379639
379640
379689
380072
380139
380250
380326
380448
380486
380503
380592
380622
380662
380704
380767
380844
380959
381125
381158
381206
381268
381675
381684
381891
381935
381948
382026
382411
382525
382806
382992
383131
383206
383277
383423
383426
383723
383733
383801
383887
383889
383902
384023
384162
384385
384567
384751
384838
385054
385082
385102
385108
385116
385268
385282
385287
385302
385336
385480
385828
385908
385983
386097
386146
386218
386246
386288
386302
386670
386718
386849
386917
386998
387002
387061
387343
387506
387534
387537
387587
387610
387675
387686
387776
387824
387832
388155
388279
388279
388386
388631
389080
389190
389191
389275
389468
389505
389521
389743
389755
389793
389814
389882
390075
390196
390415
390437
390520
390556
390614
390623
390715
390729
390820
390917
390918
391115
391210
391291
391361
391443
391469
391647
391728
391730
391838
391917
392001
392042
392130
392386
392392
392568
392590
392639
392772
392868
392974
392987
393235
393481
393510
393790
393979
393997
394112
394302
394360
394379
394531
394538
394629
394749
394838
394855
394879
395270
395302
395305
395345
395427
395637
395972
396366
396441
396456
396597
396732
396785
396785
397051
397112
397133
397175
397183
397317
397414
397503
397708
397772
397773
397818
397981
398279
398303
398307
398400
398408
398426
398490
398637
398746
398768
398817
398905
399149
399257
399341
399527
399617
399783
399833
399857
400019
400273
400290
400339
400362
400380
400461
400577
400797
400930
401044
401048
401094
401171
401263
401434
401540
401542
401611
402007
402036
402136
402276
402433
402534
402614
402745
402759
402781
402819
402845
402961
403414
403723
403744
403807
403894
403943
403965
404140
404242
404243
404378
404393
404451
404546
405059
405141
405304
405332
405356
405440
405512
405662
405998
405999
406291
406413
406541
406601
406868
406988
407036
407038
407114
407139
407143
407185
407231
407395
407407
407437
407763
407881
407979
408054
408100
408110
408182
408263
408317
408494
408501
408530
408538
408572
408654
408676
408795
408888
408893
409104
409441
409670
409674
409769
409915
409978
410032
410230
410249
410319
410327
410445
410755
410860
410900
410992
411191
411310
411417
411517
411857
411888
412010
412037
412144
412153
412244
412276
412356
412409
412698
412699
412895
413076
413287
413489
413762
413791
413859
413989
414222
414271
415191
415197
415536
415662
415710
416111
416155
416212
416234
416264
416421
416452
416609
416659
416756
416868
417035
417052
417084
417139
417185
417219
417264
417266
417300
417360
417434
417704
417732
417962
418122
418132
418268
418278
418324
418580
418799
418925
418967
418975
419247
419362
419390
419472
419501
419572
419641
419833
419849
419987
420050
420064
420110
420400
420475
420651
420654
420680
420850
421043
421289
421293
421404
421531
421610
421679
421707
421760
422197
422263
422290
422437
422457
422590
422661
422847
422940
422950
422980
422998
423086
423115
423341
423569
423578
423588
423589
423693
423756
423852
423883
423945
424043
424094
424139
424154
424392
424493
424503
424583
424867
424882
425079
425197
425779
425853
425966
426290
426558
426562
426648
426709
426760
426984
427022
427091
427460
427612
427859
427951
428115
428136
428249
428534
428896
428957
428996
429133
429164
429324
429345
429392
429483
429488
429907
429947
429985
430173
430271
430344
430381
430424
430441
430803
430838
431137
431292
431303
431313
431354
431515
431803
431832
431870
432027
432052
432061
432102
432286
432402
432479
432762
432893
432929
433085
433145
433170
433210
433222
433312
433399
433593
433596
433690
433811
433816
433922
433973
434006
434047
434091
434133
434140
434200
434280
434501
434599
434652
434721
434759
434777
434889
434929
434975
435042
435067
435074
435143
435242
435537
435560
435599
435628
435752
435790
435864
435969
436050
436076
436147
436310
436361
436374
436395
436413
436512
436601
436777
436923
436964
436992
437014
437028
437192
437320
437417
437580
437582
437738
437767
437772
438033
438087
438357
438477
438515
438656
438670
438786
438891
438988
439010
439026
439060
439067
439077
439103
439150
439222
439284
439331
439395
439494
439515
439554
439588
439756
440085
440130
440222
440373
440400
440516
440562
440691
440759
440946
440949
440951
440986
441094
441102
441344
441690
441740
441949
441950
441971
442083
442118
442209
442459
442755
442849
443106
443146
443163
443272
443381
443448
443729
443964
443974
444219
444500
444571
444619
444698
444888
444912
444978
444991
445013
445055
445064
445102
445134
445142
445212
445702
445729
445890
446147
446578
446816
446828
446885
446910
447104
447158
447245
447388
447461
447560
447629
447803
447822
447932
448026
448046
448061
448191
448362
448448
448464
448468
448476
448489
448645
448763
448824
449016
449030
449033
449163
449545
449762
449771
449973
450030
450127
450331
450375
450582
450591
450717
450752
450770
450843
450985
450996
451001
451025
451153
451354
451426
451457
451470
451515
451561
451680
451768
451880
451914
451980
452189
452201
452353
452373
452499
452571
452613
452761
452833
452848
453075
453077
453127
453156
453208
453471
453563
453734
453786
453790
453864
454018
454024
454038
454121
454164
454401
454798
454855
454860
454908
455001
455115
455139
455623
455717
455811
455861
455922
455941
456078
456087
456100
456172
456175
456523
456945
457054
457203
457608
457619
457722
457726
457853
458059
458101
458362
458682
458703
458797
458898
459487
459517
459587
459715
459745
459894
459994
460120
460133
460147
460653
460725
460781
461134
461160
461313
461443
461680
461680
462086
462351
462385
462891
463233
463257
463279
463298
463369
463376
463489
463505
463699
463933
464057
464126
464161
464198
464323
464419
464493
464523
464526
464545
464554
464606
464741
464917
465035
465231
465292
465437
465514
465764
465838
465885
465936
466008
466099
466239
466274
466284
466315
466350
466398
466432
466491
466801
466877
467130
467144
467162
467287
467337
467338
467505
467558
467577
467638
467640
467652
467803
467862
467985
468176
468197
468272
468539
468648
468677
468880
468925
469054
469077
469083
469089
469110
469332
469513
469532
469746
469992
470095
470292
470295
470662
470758
470856
470971
470971
471035
471155
471202
471291
471334
471423
471539
471574
471600
471620
471660
471704
471820
471932
472012
472085
472199
472204
472222
472361
472367
472391
472474
472547
472759
472876
473083
473293
473353
473475
473621
473766
473790
473990
474027
474059
474086
474213
474340
474445
474454
474541
474861
475015
475053
475173
475236
475300
475456
475505
475597
475644
475972
476148
476227
476289
476364
476368
476372
476616
476658
476725
476747
476868
476921
477076
477079
477133
477174
477201
477294
477415
477675
477711
477758
477778
477782
477806
478364
478377
478594
478750
478870
479133
479137
479146
479219
479326
479355
479357
479387
479473
479475
479567
479609
479728
479745
479763
479813
479821
479890
479939
479943
479949
480017
480153
480422
480688
480853
481068
481122
481126
481332
481511
481882
482118
482124
482193
482492
482559
482633
482674
482799
483095
483169
483171
483176
483325
483511
483517
483657
483693
483722
483758
484020
484042
484062
484123
484162
484374
484472
484844
484897
484907
484974
485234
485313
485386
485395
485651
485737
485768
485828
485951
485961
486116
486148
486304
486376
486378
486408
486410
486506
486604
486685
486724
487113
487143
487149
487285
487459
487516
487542
487686
487970
488095
488153
488657
488673
488867
488903
489105
489170
489197
489252
489357
489482
489566
489721
489809
489864
489931
489994
490005
490052
490269
490332
490482
490779
490780
490968
490990
491074
491104
491150
491213
491222
491271
491456
491475
491487
491585
491751
491790
491876
491877
492102
492104
492221
492231
492279
492301
492380
492470
492473
492550
492908
493074
493318
493383
493407
493436
493496
493550
493712
493977
494106
494251
494450
494560
494745
494796
494825
494847
495166
495204
495357
495364
495429
495458
495492
495848
495867
495928
496011
496056
496066
496090
496109
496561
496618
496679
496840
496865
496874
497019
497124
497136
497174
497202
497344
497380
497499
497760
497792
498166
498229
498308
498313
498553
498661
498867
498891
499038
499319
499473
499520
499570
499594
499611
499746
499838
500108
500409
500449
500493
500511
500567
500578
500733
500793
500802
500911
501200
501242
501690
501715
501739
501829
501935
502139
502248
502286
502353
502354
502498
502514
502619
502765
503056
503118
503207
503215
503354
503389
503437
503500
503531
503612
503678
504656
504859
504878
504979
505074
505115
505223
505261
505392
505433
505567
505596
505614
505669
505760
505790
505912
505918
506295
506500
506645
506652
506664
506702
506774
506805
506998
507086
507177
507334
507388
507475
507784
508162
508439
508512
508705
508733
508744
508775
508808
508933
508965
508979
509018
509202
509343
509368
509498
509634
509749
509804
509972
510061
510115
510220
510313
510499
510707
510747
510880
510935
510954
511168
511383
511650
511875
511962
512170
512203
512206
512249
512415
512466
512632
512721
512918
513015
513041
513098
513107
513127
513166
513241
513380
513550
513710
513716
513757
513972
513994
514208
514291
514306
514396
514397
514408
514545
514771
514922
515342
515477
515895
515907
515916
515937
515967
516121
516174
516183
516374
516897
516909
516909
517033
517079
517197
517498
517744
517806
517849
518191
518211
518304
518310
518323
518340
518609
519092
519107
519140
519278
519288
519482
519536
519573
519792
519807
519970
519996
520066
520120
520166
520281
520283
520315
520542
520678
520940
521169
521266
521414
521434
521446
521591
521714
521927
521977
522034
522063
522112
522230
522245
522380
522426
522432
522609
522710
522789
522801
522822
522872
522999
523270
523372
523595
523646
523866
523878
523924
524169
524279
524414
524481
524513
524646
524799
524871
524940
524956
525216
525255
525443
525641
525725
526363
526391
526502
526525
526596
526622
526765
526934
526940
527036
527209
527335
527676
527873
527945
528067
528206
528262
528375
528480
528565
528626
528683
528753
528753
528765
528914
528965
528996
529081
529292
529327
529501
529522
529733
529848
529857
529897
529913
530007
530027
530067
530070
530091
530128
530154
530314
530365
530547
530612
530630
531115
531220
531439
531469
531502
531709
532019
532158
532174
532407
532410
532623
532733
532775
532949
532962
533103
533365
533383
533434
533448
533468
533483
533491
533538
533649
533682
533776
533871
533988
534031
534050
534111
534194
534211
534238
534238
534259
534342
534538
534538
534644
535003
535103
535106
535138
535156
535235
535551
535815
536093
536138
536156
536236
536668
536715
536763
536793
537014
537102
537346
537352
537644
537657
537662
537672
537718
537884
538129
538132
538339
538403
538635
538687
538702
538733
538757
538866
538896
539056
539131
539136
539213
539400
539444
539471
539522
539528
539543
539606
539718
539801
539821
539854
540028
540107
540165
540310
540348
540641
540658
540737
540754
540887
540897
540925
541094
541131
541364
541397
541475
541488
541679
541961
542021
542108
542191
542338
542340
542361
542509
542551
542631
542795
542872
542903
543120
543177
543209
543221
543247
543361
543416
543437
543496
543604
543832
543997
544058
544076
544132
544136
544145
544182
544202
544233
544248
544305
544329
544444
544445
544503
544515
544673
544695
544739
544871
545011
545052
545158
545276
545293
545566
545636
545728
545739
545856
545931
545956
546235
546236
546246
546277
546574
546606
546618
546664
546667
546675
546869
546918
547054
547183
547264
547270
547327
547514
547625
547645
547731
547770
547800
547860
548017
548087
548160
548301
548461
548466
548467
548607
548663
548994
549252
549312
549337
549379
549402
549418
549452
549491
549513
549536
549665
549771
549913
549993
550147
550162
550190
550220
550250
550350
550424
550513
550535
550589
550607
550608
550621
550732
550760
550877
551050
551123
551167
551188
551251
551281
551362
551679
551879
551940
552250
552321
552393
552452
552523
552887
552974
553085
553154
553212
553274
553320
553415
553558
553606
553739
553797
553801
553853
553906
553951
554128
554226
554235
554269
554284
554290
554339
554667
554685
554719
554726
554784
554801
554869
555026
555049
555126
555181
555480
555493
555589
555882
556112
556356
556416
556429
556450
556486
556551
556611
556643
556880
557049
557158
557231
557532
557543
557744
557816
557977
558011
558070
558227
558264
558334
558346
558349
558413
558567
558629
558641
558650
558673
558690
558774
558863
558964
559006
559123
559430
559538
559564
559578
559600
559618
559658
559664
559793
559819
559840
560198
560219
560229
560265
560324
560348
560379
560400
560521
560578
560778
560827
560899
560983
561016
561395
561413
561735
561764
561879
561883
562044
562070
562104
562109
562120
562250
562306
562394
562524
562709
562723
562920
563011
563123
563277
563519
563521
563577
563742
563924
564115
564296
564373
564375
564528
564574
564809
564877
564982
565046
565160
565204
565260
565279
565365
565459
565579
565742
565824
565957
566080
566160
566219
566248
566415
566432
566549
566660
566681
566761
566983
567127
567188
567233
567475
567527
567731
567787
567884
567896
567915
568157
568247
568353
568375
568504
568620
568774
568839
568912
569079
569111
569120
569141
569337
569426
569497
569980
570111
570137
570195
570319
570379
570442
570508
570644
570677
570685
570755
570776
570921
571077
571240
571243
571260
571333
571350
571424
571435
571546
572011
572131
572195
572265
572265
572285
572362
572572
572592
572652
572718
572730
572801
573013
573071
573077
573258
573282
573306
573426
573442
573458
573538
573819
573893
573900
573920
574175
574183
574221
574436
574643
574673
574746
575105
575272
575305
575595
575614
575721
576161
576188
576250
576286
576501
576508
576569
576791
576820
576879
576934
576957
577151
577298
577363
577396
577404
577433
577434
577451
577608
577683
577729
577839
577992
578357
578372
578379
578407
578564
578788
578830
578883
578888
579326
579565
579635
579805
579932
580032
580126
580133
580316
580353
580433
580453
580512
580583
580645
580719
580868
580870
581085
581107
581107
581141
581144
581627
581701
581972
582051
582087
582191
582367
582425
582566
582648
582761
583003
583004
583049
583432
583478
583630
583664
583683
583687
583692
583715
583792
583803
583859
583912
584004
584232
584282
584342
584487
584526
584584
584651
584733
584885
584906
585028
585088
585203
585208
585269
585383
585467
585493
585560
585618
585627
585672
585784
585932
586078
586107
586141
586197
586227
586394
586439
586481
586552
586735
586971
587092
587102
587293
587316
587450
587688
587800
587808
587982
588077
588158
588254
588276
588332
588356
588487
588584
588714
588807
589184
589345
589372
589379
589408
589781
589784
590072
590203
590212
590285
590342
590392
590487
590583
590730
590800
590803
590990
591009
591043
591066
591070
591174
591186
591620
591666
591687
591801
591838
591841
591918
592036
592212
592423
592428
592438
592484
592564
592733
592746
592895
592913
592949
593190
593443
593566
593589
593619
593648
593811
593943
594043
594091
594242
594408
594437
594494
594502
594507
594514
594686
594756
594820
594864
594950
594984
595099
595148
595177
595177
595192
595208
595500
595605
595619
596407
596584
596688
596836
597072
597106
597137
597143
597281
597453
597588
597655
597750
597754
597767
597838
597904
598043
598083
598098
598111
598203
598228
598253
598373
598435
598508
598554
598618
598644
598901
598931
598952
599033
599177
599381
599421
599476
599488
599506
599590
600088
600102
600131
600204
600223
600284
600793
600850
600963
600967
601127
601183
601245
601386
601632
601645
601675
601827
601872
601903
602032
602065
602223
602747
602930
602988
603077
603112
603276
603401
603523
603855
603897
604078
604180
604365
604795
604948
605056
605094
605235
605322
605447
605571
605638
605703
605753
605837
606101
606115
606193
606213
606262
606314
606321
606395
606454
606482
606647
606842
606907
607240
607378
607533
607535
607656
607697
607738
607819
608141
608196
608445
608752
608836
608860
608881
608917
608917
608970
609190
609296
609347
609369
609496
609608
609959
610030
610138
610573
610607
610900
611086
611177
611604
611771
611797
611876
611876
611995
612168
612434
612477
612558
612589
612639
612736
612796
612875
612910
613022
613103
613146
613187
613205
613375
613569
613628
613794
613795
613860
614082
614190
614287
614289
614328
614415
614686
614816
614831
614910
614985
615050
615064
615127
615306
615332
615454
615534
615692
615873
615876
615964
616137
616235
616461
616558
616649
616684
616784
616800
617015
617053
617701
617774
617782
617795
617881
618038
618102
618113
618159
618235
618379
618481
618496
618509
618628
618645
618813
618844
618888
619317
619612
619681
619810
619842
619999
620085
620244
620251
620291
620377
620432
620550
620690
620757
621052
621066
621269
621323
621502
621540
621543
621711
621928
622020
622194
622223
622241
622242
622288
622302
622306
622549
622554
622596
622826
623050
623105
623123
623210
623250
623275
623362
623557
623598
623617
623707
623755
623787
623840
623841
623873
624053
624271
624430
624947
625027
625050
625234
625238
625249
625323
625410
625413
625550
625607
625691
625708
625751
625867
626231
626235
626278
626337
626345
626479
626636
626698
626743
626838
626915
626940
626951
627053
627131
627419
627604
627726
627787
627900
627982
628062
628124
628370
628418
628499
628721
628835
629118
629274
629283
629381
629737
629737
629861
629873
629922
629940
630029
630255
630314
630371
630389
630461
630530
630535
630641
630665
630833
631179
631293
631374
631391
631398
631418
632260
632398
632483
632650
632679
632931
632948
633193
633194
633284
633317
633364
633423
633425
633425
633502
633537
633552
633562
633711
633764
633838
634000
634038
634296
634325
634472
634547
634690
634871
635056
635309
635423
635487
635502
635517
635650
635667
635725
635727
635979
636098
636156
636223
636326
636401
636470
636482
636488
636552
636581
636615
637067
637207
637218
637605
637646
637667
637681
637747
637843
637899
637961
638083
638125
638217
638342
638495
638699
638775
638809
638817
638847
639186
639318
639368
639469
639589
639695
639758
639872
639968
640011
640021
640025
640098
640433
640535
640568
640637
640658
640771
640777
640858
641225
641354
641389
641448
641469
641472
641482
641674
641813
641854
641857
641886
641930
642081
642169
642272
642429
642507
642525
642527
642556
642624
642631
642674
642675
642695
642699
643392
643467
643523
643823
643942
644156
644157
644210
644276
644361
644797
644808
644883
644896
645056
645058
645083
645400
645492
645499
645542
645657
645801
645826
646056
646153
646518
646709
646771
646976
647063
647251
647440
647489
647632
647760
647800
647878
647925
647997
648057
648425
648478
648527
648571
648617
648710
648749
648800
649052
649063
649085
649145
649186
649231
649445
649911
650123
650136
650141
650445
650538
650546
650571
650585
650605
650641
650901
650996
651016
651093
651096
651320
651351
651423
651623
651730
651760
651976
652425
652519
652630
652787
652839
652892
652978
653055
653160
653274
653307
653538
653552
653610
653707
653816
653856
653888
654050
654071
654191
654208
654283
654465
654514
654653
655093
655114
655135
655252
655359
655378
655395
655508
655554
655599
655638
655819
655891
655899
656079
656114
656134
656204
656389
656443
656540
656567
656884
656971
657149
657169
657225
657238
657550
657614
657637
657758
657767
657812
658020
658024
658097
658103
658108
658266
658410
658513
658525
658537
658581
658968
659121
659152
659290
659302
659507
659525
659536
659570
659669
659899
659925
660053
660164
660207
660316
660373
660381
660513
660519
660544
660754
660808
660810
661069
661135
661140
661150
661310
661335
661405
661588
661730
661734
661827
662020
662031
662101
662105
662361
662548
662577
662601
662617
662639
662696
662697
662717
662790
662840
662919
662953
663022
663067
663214
663305
663320
663352
663363
663448
663486
663597
663607
663698
663723
663810
663817
663917
664048
664103
664175
664260
664275
664357
664379
664595
664619
664885
664913
665003
665038
665187
665193
665244
665247
665333
665347
665411
665443
665471
665481
665485
665494
665602
665640
665793
665882
666098
666141
666178
666294
666331
666377
666441
666501
666534
666560
666576
666608
666686
666788
666882
667040
667139
667204
667318
667381
667388
667408
667519
667603
667670
667681
667693
667702
667950
667979
667994
668453
668590
668660
668897
669234
669383
669508
669623
669798
669820
669863
670090
670197
670203
670225
670533
670685
670798
670930
670942
670948
671137
671339
671384
671384
671428
671507
671615
671618
671752
672034
672096
672097
672120
672132
672171
672233
672267
672286
672349
672350
672440
672492
672529
672682
672804
672920
672978
672999
673067
673164
673270
673477
673482
673665
673676
673737
673792
673852
673861
673885
673923
673943
674104
674182
674694
674797
674956
675032
675289
675316
675412
675515
675641
675656
675660
675721
675738
675900
675962
676015
676118
676176
676255
676367
676393
676404
676412
676658
676809
676930
677045
677126
677139
677297
677333
677663
677745
677776
677809
677815
677856
678059
678083
678265
678290
678454
678532
678915
679038
679051
679221
679243
679299
679340
679370
679401
679694
679891
679920
679978
680378
680454
680475
680590
680782
680826
681076
681117
681130
681222
681290
681301
681421
681429
681549
681602
681638
682025
682053
682208
682328
682389
682402
682680
682691
682792
682917
683097
683101
683326
683354
683398
683657
683673
683724
683737
683835
683925
684023
684190
684243
684246
684300
684578
684627
684726
684731
684999
685160
685249
685268
685623
685655
685812
685825
686246
686279
686404
686497
686498
686531
686586
686658
686845
686917
687030
687052
687128
687168
687232
687384
687812
687814
688154
688239
688370
688497
688538
688545
688739
688828
688853
688880
688980
689072
689123
689214
689422
689484
689554
689615
689751
689803
689923
690159
690184
690196
690221
690257
690311
690349
690365
690396
690552
690574
690696
690699
690705
690887
690954
691080
691251
691254
691326
691464
691508
691634
691643
691695
691854
692021
692201
692444
692642
692643
692662
692740
692744
692872
692908
692971
693032
693166
693455
693578
693639
693691
694040
694124
694305
694386
694410
694447
694742
694819
694836
694891
694928
695306
695403
695455
695686
695748
695795
696032
696036
696172
696423
696494
696498
696579
696669
696763
696890
696931
697022
697062
697346
697392
697448
697557
697592
697629
697683
697953
698192
698215
698291
698316
698514
698909
698938
698965
698982
699077
699234
699387
699435
699567
699798
699845
699891
699897
699970
700109
700161
700208
700308
700346
700379
700484
700523
700567
700610
700678
700776
700999
701022
701070
701111
701187
701196
701251
701257
701299
701381
701654
701667
701737
701867
701894
701999
702023
702118
702121
702470
702545
702664
702686
703002
703149
703198
703238
703618
704191
704209
704221
704244
704280
704403
704435
704489
704742
704908
705048
705181
705295
705497
705661
705775
706206
706315
706464
706594
706692
706760
706953
706975
707037
707085
707090
707224
707289
707392
707611
707737
707896
707911
707921
708053
708414
708464
708515
708571
708591
708613
708849
709088
709096
709300
709517
709542
709569
709692
709711
709776
709926
709967
710109
710381
710386
710398
710494
710706
710758
710786
710810
710822
710912
711025
711163
711355
711393
711461
711601
711650
711857
711907
711984
712152
712430
712527
712570
712604
712689
712910
712985
713062
713070
713657
713718
713742
713814
713843
713875
713883
713888
714015
714032
714120
714264
714289
714450
714515
714995
715049
715213
715238
715272
715293
715403
715403
715645
715658
715658
715689
715858
715860
715954
715955
716151
716160
716298
716331
716542
716592
716670
716726
717051
717068
717212
717269
717322
717340
717358
717500
717542
717605
717607
717681
717781
717958
718059
718102
718557
718695
718699
718725
718810
718840
718891
718923
718924
718948
719011
719055
719064
719200
719250
719317
719468
719474
719570
719575
719757
719945
720054
720073
720086
720098
720235
720284
720316
720506
720615
720944
720982
721190
721197
721388
721454
721502
721568
721695
721735
721824
722115
722142
722154
722174
722186
722197
722284
722519
722625
722782
722897
723314
723429
723498
723621
723755
723783
723931
724068
724077
724189
724326
724464
724574
724618
724767
724865
724886
724896
724942
724986
725002
725024
725042
725136
725982
726058
726083
726146
726613
726633
726683
726755
727132
727225
727281
727712
727840
728009
728176
728202
728235
728299
728314
728467
728581
728668
728716
728747
728761
728887
728957
729013
729129
729531
729547
729632
729711
729746
729956
729958
730259
730329
730415
730864
730954
731188
731190
731472
731535
731604
731720
731803
731960
732022
732151
732206
732223
732225
732325
732383
732398
732448
732490
732711
732754
732872
732988
733054
733091
733121
733173
733241
733390
733496
733625
733648
733781
733970
733970
734009
734031
734060
734201
734247
734324
734327
734787
734827
735007
735285
735430
735439
735440
735645
736061
736145
736204
736224
736653
736836
737073
737668
737693
738010
738049
738072
738084
738217
738223
738323
738339
738475
738482
738626
738657
738719
738840
739179
739295
739328
739348
739352
739483
739547
739924
739951
740008
740060
740099
740270
740289
740378
740384
740569
740607
740615
740621
740771
740785
741032
741087
741227
741284
741326
741581
741593
741597
741725
741726
741869
741875
742163
742215
742252
742482
742491
742535
742592
742641
742743
743043
743101
743192
743221
743235
743267
743310
743437
743437
743538
743566
743690
743732
743849
743896
743915
744001
744050
744144
744289
744313
744357
744548
744616
744644
744698
744766
744818
744934
745056
745403
745468
745473
745498
745520
745782
745861
745944
745974
745979
746020
746044
746215
746253
746367
746530
746648
746662
746820
746880
747006
747084
747141
747218
747280
747343
747384
747515
747532
747572
747619
747623
747721
747797
747867
747898
747946
748258
748392
748429
748782
748802
748897
749164
749175
749252
749330
749363
749370
749387
749520
749529
749679
749691
749826
749834
749951
749967
750082
750132
750264
750519
750917
750954
751072
751215
751392
751460
751567
751702
751798
751904
752386
752387
752532
752906
752956
753020
753021
753071
753320
753375
753429
753501
753560
753570
753645
753676
753681
753703
753829
753961
754090
754149
754173
754222
754248
754256
754437
754505
754652
754766
754785
754843
754863
755010
755096
755267
755271
755413
755497
755554
755575
755605
755722
756041
756230
756262
756305
756343
756356
756373
756487
756493
756740
756845
756987
757034
757194
757245
757253
757560
757686
757763
758153
758155
758281
758646
758653
758810
758828
758961
759173
759289
759667
759685
759785
759818
759902
759943
760880
760984
760994
761040
761196
761239
761349
761487
761527
761807
761843
761900
762012
762211
762303
762306
762387
762495
762542
762559
762864
762948
762981
762994
763094
763314
763403
763432
763473
763597
763697
764118
764239
764281
764369
764419
764530
764592
764857
765028
765064
765259
765439
765439
765457
765572
765674
765682
765842
765886
765980
766098
766244
766331
766348
766575
766720
766744
766923
767051
767063
767156
767157
767236
767336
767379
767519
767657
767775
767876
767931
768093
768231
768446
768449
768574
768606
768660
768769
768854
769045
769056
769168
769235
769271
769281
769427
769537
769603
769637
769811
769840
770003
770080
770082
770144
770166
770241
770255
770558
770681
770699
770762
770774
771220
771224
771251
771261
771324
771372
771400
771502
771526
771756
771782
771944
772001
772054
772294
772398
772483
772509
772787
772815
772849
772951
772999
773018
773096
773183
773506
773588
773672
773733
773746
773782
773797
773891
773906
773921
773970
774054
774184
774240
774625
774631
774672
774747
774789
775008
775527
775600
775655
775806
775808
775857
775892
775908
775912
775955
775967
776017
776161
776244
776505
776550
776609
776692
776699
776759
776850
776875
776880
776925
777065
777204
777251
777264
777477
777536
777575
777794
777808
777889
778175
778501
779006
779208
779363
779452
779484
779735
779841
779999
780574
780609
780752
780793
780914
781110
781245
781287
781319
781586
781644
781734
782079
782145
782239
782348
782452
782644
782882
782916
782949
782983
783079
783125
783158
783396
783397
783452
783484
783630
783683
783729
784098
784165
784203
784418
784525
784541
784903
785019
785177
785256
785352
785633
785776
785868
785886
786234
786323
786343
786437
786609
786750
786814
786851
786938
787222
787323
787353
787508
787511
787562
787609
787798
787840
787893
787920
788020
788024
788123
788200
788209
788220
788492
788652
789007
789025
789202
789329
789410
789508
789648
789788
789971
790052
790076
790201
790472
790487
790546
790572
790726
791047
791061
791299
791343
791371
791391
791428
791440
791546
791885
791893
791927
792084
792297
792572
792819
792837
792839
792868
792918
792989
793058
793154
793175
793285
793487
793502
793516
793626
793639
793672
793883
793898
794008
794135
794163
794242
794261
794391
794518
794585
794615
794658
794680
794911
794925
794993
795006
795115
795135
795145
795211
795461
795581
795787
795926
795995
796009
796102
796151
796151
796177
796267
796270
796273
796279
796583
796794
796916
796990
797001
797076
797300
797337
797480
797494
797499
797501
797691
797739
797769
797781
797909
797911
797926
797972
798049
798244
798305
798506
798546
798564
798655
798745
798820
798978
798994
799041
799152
799234
799260
799278
799440
799555
799636
799712
799853
800004
800029
800081
800154
800447
800505
800721
800740
800790
800797
800885
800933
801064
801327
801488
801861
801910
801924
802081
802119
802274
802283
802345
802356
802889
802964
802977
803023
803178
803196
803339
803385
803414
803425
803449
803918
804287
804447
804483
804505
804530
804753
804789
804870
804875
804991
805238
805273
805314
805402
805487
805494
805605
805691
805849
805965
806037
806101
806143
806183
806254
806384
806531
806662
806673
806791
806817
806832
806866
807040
807050
807068
807379
807429
807437
807705
807787
807806
807868
807932
807966
808116
808234
808446
808514
808629
808737
808768
808914
809107
809187
809286
809541
809557
809966
810083
810194
810293
810321
810334
810365
810530
810582
810596
810644
810701
810708
810774
810822
811019
811037
811225
811231
811366
811387
811403
811421
811800
811845
811905
811918
811960
812125
812220
812246
812306
812458
812481
812497
812571
812573
812644
812851
813065
813155
813172
813205
813279
813415
813442
813519
813754
813766
813871
813890
813986
814116
814217
814369
814468
814528
814574
814680
814875
814884
814924
815037
815151
815156
815173
815224
815261
815267
815501
815561
815614
815825
815875
815881
816178
816273
816647
816661
816698
816846
817153
817607
817912
817951
818040
818117
818375
818591
819015
819053
819261
819304
819425
819440
819481
820007
820064
820176
820200
820212
820232
820244
820364
820376
820383
820450
820674
820799
821043
821137
821181
821210
821656
821703
821815
821820
822030
822094
822133
822203
822325
822340
822345
822379
822669
822746
822817
822866
822913
823037
823055
823082
823085
823110
823263
823421
823459
823563
823608
823650
823819
823852
823925
824468
824576
824627
824741
824765
824865
824993
825073
825121
825189
825234
825326
825367
825380
825625
825696
825707
825799
825970
826105
826133
826152
826162
826224
826289
826397
826520
826621
826902
826949
826970
827370
827387
827403
827514
828013
828111
828262
828324
828341
828402
828706
828712
828934
829047
829193
829381
829391
829489
829986
830057
830297
830393
830469
830487
830842
830915
830946
831116
831409
831428
831458
831817
831937
832133
832163
832188
832198
832274
832316
832360
832486
832685
832766
833067
833151
833205
833241
833377
833395
833485
833527
833621
833819
833908
833920
833987
834164
834251
834275
834281
834427
834643
834719
834784
834860
834900
834932
834936
835117
835181
835491
835518
835535
835551
835625
835664
835678
835683
835687
835863
835915
836240
836363
836416
836422
836454
836530
836726
837114
837128
837275
837376
837466
837662
837788
837817
838065
838165
838236
838251
838547
838575
838582
838697
838857
838959
839133
839186
839236
839280
839322
839477
839568
839598
839768
839873
839899
840219
840255
840372
840468
840803
840954
841128
841169
841182
841327
841564
841906
842082
842216
842219
842226
842258
842260
842290
842500
842509
842682
842700
842758
842811
843020
843132
843207
843321
843486
843570
843685
843706
843957
843969
843984
844023
844091
844140
844379
844393
844398
844455
844534
844549
844643
844659
844744
844876
844912
844964
845044
845047
845096
845098
845246
845268
845358
845379
845395
845404
845424
845852
846034
846223
846344
846570
846611
846640
846777
846800
846812
846823
846984
847058
847067
847165
847170
847257
847486
847710
847892
847919
847965
848247
848355
848467
848774
848956
849009
849250
849259
849281
849652
849778
849786
849788
849819
849839
849852
849887
849916
849979
850143
850157
850376
850547
850678
850720
850878
850895
850953
851025
851331
851359
851417
851717
851793
851955
851977
852039
852250
852396
852415
852471
852513
852593
852657
852700
852739
852796
853189
853911
854013
854266
854354
854473
854575
854608
854653
854665
854687
854697
855242
855255
855279
855312
855601
855617
855665
855867
855958
856126
856367
856441
856461
856482
856549
856570
856601
856746
856764
856788
856793
857215
857494
857559
857649
857851
857903
857969
858032
858049
858276
858417
858466
858630
858659
858715
858718
858894
858912
858932
858950
858971
859108
859147
859181
859482
859547
859594
859825
859839
859848
859959
860032
860269
860286
860346
861015
861104
861105
861111
861268
861312
861337
861340
861476
861664
861829
861867
861885
861932
862042
862161
862305
862314
862351
862504
862672
862674
862681
862721
862906
863244
863252
863395
863398
863646
863671
863720
863850
863918
864000
864185
864194
864281
864433
864475
864551
864623
864778
864793
865031
865074
865157
865202
865303
865433
865587
866071
866166
866431
866593
866824
866999
867033
867049
867142
867164
867186
867298
867386
867610
867690
867751
867779
867846
868101
868129
868131
868184
868327
868415
868436
868762
868808
868911
868956
869003
869259
869261
869312
869322
869363
869547
869824
870088
870102
870321
870369
870429
870565
870670
870746
870803
871029
871045
871253
871423
871670
871913
872032
872076
872152
872173
872205
872297
872369
872468
872749
872770
872777
872832
873114
873129
873153
873317
873672
873795
873981
873990
874084
874132
874226
874272
874563
874603
874608
874830
874835
874850
874857
874880
874943
874945
874979
875014
875034
875060
875097
875103
875115
875161
875171
875394
875581
875807
876072
876202
876248
876356
876635
876709
876718
876912
876929
877068
877164
877170
877249
877374
877458
877554
877587
877619
877767
877774
877809
877835
877896
878244
878252
878269
878289
878321
878415
878448
878514
878541
878583
878794
878805
878933
879057
879310
879444
879547
879694
879700
879706
879748
879749
879812
879818
880007
880065
880151
880189
880204
880416
880691
880703
880755
881396
881506
881549
881824
881848
881855
881891
881947
882038
882114
882214
882230
882326
882555
882600
882753
883008
883032
883127
883161
883396
883424
883481
883513
883594
883728
883739
883944
884140
884152
884270
884381
884417
884462
884683
884685
884717
884725
885074
885150
885278
885286
885496
885761
885897
885937
886080
886111
886120
886131
886249
886260
886348
886396
886478
886548
886560
886570
886610
886980
887139
887168
887319
887325
887410
887427
887427
887519
887533
887652
887771
888321
888633
888668
888691
888905
889178
889377
889402
889464
889500
889527
889596
889599
889665
889688
889731
889741
889757
889765
889887
889978
890029
890032
890085
890103
890299
890351
890455
890455
890732
890823
890908
891018
891020
891155
891189
891285
891526
891821
891828
891900
892059
892086
892110
892674
892949
893078
893107
893165
893230
893277
893312
893384
893391
893538
893587
893631
893699
893759
893971
894153
894181
894220
894258
894417
894502
894529
894595
894640
894702
894805
894869
894999
895313
895352
895426
895715
896059
896077
896488
896822
896885
896895
897001
897045
897291
897483
898120
898129
898153
898164
898233
898253
898489
898562
898649
898776
898847
898914
898936
898981
898994
899054
899080
899145
899187
899187
899353
899590
899649
899673
899769
899874
899995
900040
900237
900410
900600
900732
900869
900972
901045
901183
901208
901274
901320
901622
901665
901720
901816
901822
901896
902007
902023
902310
902427
902497
902746
903289
903321
903403
903465
903717
903775
903881
904148
904218
904371
904388
904581
904781
904971
905092
905108
905129
905182
905416
905462
905462
905557
905576
905589
905611
905709
905792
905819
905944
906026
906202
906367
906517
906585
906714
906982
907007
907077
907134
907297
907354
907376
907832
907846
907853
907902
907977
907988
908252
908269
908334
908366
908376
908618
908636
908749
908953
908989
909182
909325
909416
909502
909786
909849
909884
909914
909946
910013
910161
910294
910341
910359
910416
910455
910647
910752
910780
910802
911134
911168
911224
911288
911373
911684
911691
911871
911889
911914
911964
912009
912043
912202
912267
912468
912544
912665
912757
912840
912852
912929
913097
913389
913530
913560
913673
914069
914178
914191
914212
914344
914534
914624
914750
914758
914840
914894
915042
915049
915058
915532
915563
915604
915627
915741
915867
916027
916032
916196
916314
916367
916374
916397
916433
916568
916785
916830
916980
916999
917000
917091
917094
917159
917246
917256
917324
917379
917480
917486
917873
917924
917980
918037
918109
918275
918382
918382
918444
918475
918581
918614
918655
918694
918767
918783
918836
918841
918964
918976
919084
919286
919414
919462
919689
919901
920037
920056
920102
920196
920385
920405
920632
920826
920836
920875
920947
921047
921078
921244
921329
921470
921576
921605
921957
922061
922307
922456
922567
922568
922650
922700
922711
922765
922893
922935
923017
923094
923173
923559
923582
923737
923786
923856
923883
923952
924012
924182
924212
924257
924357
924362
924386
924539
924551
924581
924804
924849
925088
925091
925279
925392
925562
926060
926281
926357
926381
926412
926482
926554
926579
926690
926759
926793
926959
927015
927084
927218
927297
927392
927524
927824
927835
927854
927875
927880
927965
928045
928195
928388
928494
928631
928665
928750
928799
929020
929081
929089
929150
929441
929541
929541
929547
929804
929817
930010
930104
930196
930239
930348
930719
930810
930878
930921
930921
930930
930967
931085
931101
931276
931345
931357
931552
931712
931894
931915
931935
931993
931998
932058
932066
932105
932167
932301
932359
932569
932713
932945
933014
933058
933064
933090
933172
933203
933279
933353
933624
933660
933672
933684
933735
933893
933912
934075
934320
934339
934366
934440
934463
934603
934610
934616
934903
934995
935083
935094
935112
935126
935133
935298
935653
935658
935673
935709
935878
935888
935976
936070
936226
936287
936314
936461
936468
936576
936609
936753
936837
936855
936953
936989
937105
937286
937361
937512
937601
937627
937752
937782
937824
937913
937934
938033
938075
938424
938442
938512
938519
938653
938930
938986
939048
939079
939195
939208
939228
939323
939355
939377
939449
939860
940010
940148
940247
940291
940385
940564
940628
940737
940833
940941
940941
940978
941087
941126
941236
941353
941370
941462
941560
941590
941688
941850
941944
942245
942614
942616
942620
942722
943035
943394
943404
943414
943546
943610
943738
944060
944184
944244
944278
944392
944409
944421
944513
944532
944709
944740
944819
944931
945006
945021
945063
945068
945311
945366
945451
945553
945565
945593
945643
945674
945747
945785
945901
945922
946002
946139
946150
946281
946518
946532
946730
946744
947042
947195
947410
947423
947462
947597
947741
947750
947754
947880
948244
948524
948681
948751
948779
948824
949133
949225
949227
949331
949332
949373
949401
949445
949559
949560
949588
949609
949629
949717
949752
949790
949874
949883
949885
950041
950093
950110
950197
950269
950361
950932
951047
951095
951113
951230
951242
951325
951387
951450
951555
951559
951563
951730
951744
951825
951990
951991
952035
952139
952166
952196
952315
952333
952646
952788
953127
953228
953283
953415
953543
953573
953625
953635
953762
953937
954077
954082
954170
954202
954247
954670
954876
954994
955126
955134
955152
955331
955353
955463
955567
956059
956216
956231
956283
956342
956360
956379
956440
956447
956510
956651
956905
957029
957103
957119
957285
957405
957524
957613
957852
957886
958195
958262
958268
958493
958500
958853
958860
958876
959056
959080
959176
959261
959275
959371
959371
959397
959401
959607
959683
959738
959796
959822
959982
959986
960168
960507
960757
960867
960928
961096
961096
961154
961230
961268
961367
961418
961499
961636
961682
962057
962195
962265
962492
962675
962689
962693
962921
962931
962962
963023
963330
963355
963542
963596
963949
963965
964041
964072
964093
964313
964465
964559
964598
964660
964800
964846
965124
965366
965379
965391
965456
965542
966203
966331
966335
966357
966403
966407
966478
966527
966948
967050
967386
967435
967540
967571
967742
967750
967806
968056
968217
968221
968355
968366
968396
968632
968662
968708
968750
968799
968920
968972
969176
969298
969356
969446
969546
969598
969933
969976
969990
970272
970469
970597
970684
970716
970810
970930
971054
971165
971657
971748
971755
971830
972222
972311
972454
972523
972528
972575
972674
972952
973003
973134
973241
973283
973444
973490
973704
973777
973786
973814
973840
974004
974126
974211
974435
974516
975164
975283
975365
975365
975373
975393
975397
975546
975571
975593
975793
975805
975872
975902
975980
976086
976139
976153
976304
976307
976372
976427
976525
976614
976682
976867
976968
977032
977058
977125
977182
977249
977403
977611
977711
977850
978030
978066
978099
978215
978257
978490
978545
978554
978568
978576
979009
979056
979068
979100
979186
979497
979583
979677
979733
979988
980870
980911
980924
980973
980997
981088
981164
981257
981488
981529
981677
981800
981885
981914
981943
982030
982033
982113
982132
982261
982286
982313
982328
982471
982700
982719
982753
982783
982800
982946
983076
983307
983467
983903
983984
984003
984040
984197
984311
984329
984401
984480
984653
984674
984793
984871
984961
984965
985759
986130
986342
986405
986409
986458
986538
986588
986614
986650
986680
986737
986780
986825
986849
987247
987896
987938
988027
988305
988306
988334
988476
988543
988578
988609
988617
988657
988862
988886
988887
988965
989084
989093
989120
989168
989328
989543
989554
989651
989799
990075
990127
990269
990307
990342
990669
990676
990752
990782
990793
990984
991003
991063
991360
991419
991668
992016
992027
992064
992242
992254
992374
992377
992430
992455
992608
992809
992819
993407
993411
993422
993515
993605
993644
993913
993940
994133
994202
994220
994454
994515
994581
994855
994921
995118
995193
995293
995409
995475
995634
995709
995850
995949
996227
996285
996328
996457
996523
996568
996832
996970
996993
997033
997058
997195
997243
997257
997570
997581
997589
997667
997688
997871
997883
997958
997991
998003
998122
998232
998266
998654
998765
998894
998920
998952
998967
998988
999234
999357
999406
999478
999512
999521
999883
999905
999926
999980