13
209
305
339
683
701
797
1044
1054
1261
1391
1414
1443
1568
1776
1783
1925
2226
2378
2436
2527
2562
2580
2812
2886
2931
3142
3196
3245
3260
3345
3470
3545
3616
3665
3969
3985
3994
4018
4062
4318
4745
4797
4874
5034
5754
5987
6008
6046
6119
6217
6430
6822
6869
6870
6922
6933
7032
7079
7091
7386
7679
7680
7928
7948
8190
8200
8234
8500
8524
8530
8563
8764
8832
8836
8889
8943
9122
9169
9178
9262
9292
9339
9496
9575
9609
9639
9657
9827
9927
10161
10425
10522
10619
10724
10804
10856
10886
11048
11050
11426
11615
12150
12268
12311
12336
12582
12627
12720
12721
12728
13132
13200
13409
13442
14029
14070
14120
14267
14366
14399
14428
14574
14585
14799
15062
15091
15136
15397
15398
15528
15535
15550
15589
15623
15786
15787
15806
15838
15842
15872
15895
16106
16148
16374
16724
16724
16866
16915
16952
17090
17125
17219
17250
17331
17334
17414
17452
17497
17600
17730
18055
18079
18100
18114
18115
18121
18152
18322
18343
18497
18501
18520
18521
18773
18885
19034
19080
19302
19347
19382
19414
19445
19577
19634
19673
19768
20001
20070
20120
20153
20271
20271
20399
20531
20576
20629
20781
20799
20809
20883
21003
21153
21164
21223
21279
21339
21567
21790
21801
21839
21925
22155
22224
22252
22424
22434
22704
23008
23082
23438
23478
23507
23553
23628
23835
23855
23867
23881
23914
24032
24049
24137
24194
24248
24279
24386
24423
24463
24512
24526
24535
24547
24588
24739
24837
24842
24865
24918
25203
25264
25419
25537
25634
25691
25761
26102
26309
26345
26439
26517
26583
26856
26909
27043
27104
27440
27514
27602
27619
27855
27882
27891
28185
28265
28332
28416
28428
28449
28570
28619
28675
28760
28963
29020
29030
29147
29149
29293
29333
29783
29824
29897
30047
30254
30321
30432
30446
30566
30684
30724
30778
30922
30971
30980
31029
31036
31050
31059
31069
31079
31138
31452
31528
31558
31600
31674
31826
31886
32036
32171
32198
32298
32390
32408
32481
32493
32496
32508
32508
32594
32619
32844
32880
33155
33164
33188
33231
33278
33347
33461
33504
33565
33659
33734
33762
33923
33942
33956
34060
34285
34347
34401
35145
35173
35182
35239
35287
35785
35872
35878
35946
35956
36063
36261
36331
36331
36338
36371
36465
36502
36871
37009
37192
37281
37406
37445
37518
37594
37645
37674
37746
37859
37884
37908
38018
38212
38214
38289
38392
38461
38531
38758
38937
38958
39092
39162
39226
39328
39358
39473
39546
39579
39636
39718
39730
39754
39770
39784
39832
40030
40145
40415
40445
40498
40567
40594
40695
40874
40915
41056
41093
41211
41285
41319
41321
41423
41599
41682
41742
41780
41872
41923
41931
42027
42196
42258
42353
42561
42598
42706
42843
42894
43007
43073
43110
43124
43155
43267
43314
43337
43344
43589
43629
43769
43807
43895
44054
44189
44304
44390
44418
44526
44617
44914
44946
45033
45078
45082
45208
45320
45374
45656
45704
46054
46426
46562
46632
46676
46824
46930
47030
47174
47225
47235
47336
47377
47469
47522
47553
47613
47616
47801
47803
47849
47865
47961
48211
48474
48598
48602
48636
48786
48871
48912
49001
49034
49048
49061
49127
49157
49335
49385
49392
49433
49712
49724
49751
49816
50154
50320
50492
50699
50748
50757
50831
51153
51288
51578
51779
51857
51897
51906
51995
52091
52438
52558
52616
53130
53152
53198
53531
53597
53623
53795
53918
54005
54147
54161
54201
54404
54835
54896
54904
54939
55032
55060
55375
55642
55678
56018
56060
56082
56125
56146
56158
56216
56220
56230
56377
56418
56477
56515
56538
56633
56635
56669
56996
57094
57198
57277
57307
57579
57665
57728
57792
57922
57959
57982
58120
58146
58169
58213
58259
58295
58385
58550
58552
58726
58832
59102
59156
59161
59173
59184
59234
59557
59569
59783
59922
60128
60132
60211
60437
60483
60620
60653
60730
60769
60934
60961
61138
61217
61444
61447
61606
61716
61782
62223
62270
62286
62292
62300
62343
62360
62381
62408
62483
62486
62486
62523
62539
62597
62824
62848
62940
63053
63143
63168
63177
63368
63400
63459
63582
63804
63938
63994
64008
64099
64221
64287
64330
64586
64631
64753
65127
65501
65602
65677
66161
66407
66471
66478
66496
66516
66611
66631
66705
66741
66819
67063
67173
67287
67520
67595
67665
67765
68140
68222
68343
68374
68450
68495
68659
68679
68697
68764
68802
68805
68892
68947
69123
69259
69420
69445
69486
69602
69620
69787
70002
70015
70135
70219
70337
70350
70412
70513
70607
70619
70620
70716
71018
71058
71061
71166
71563
71563
71566
71594
71663
71824
71859
71861
71882
71988
72028
72131
72283
72306
72693
72703
72753
72757
72796
73069
73176
73380
73430
73473
73565
73602
73657
73836
74003
74067
74146
74393
74512
74551
74660
74962
75017
75165
75419
75458
75550
75771
75917
76073
76112
76222
76234
76401
76617
76838
76916
77109
77109
77176
77209
77209
77296
77298
77361
77539
77542
77614
78061
78129
78352
78476
78494
78586
78785
78829
78830
78887
78891
79251
79260
79652
79787
79853
79889
79894
79962
80273
80288
80482
80554
80661
80788
80817
80823
81193
81258
81265
81733
81862
81866
81895
81995
81998
82087
82105
82125
82129
82134
82182
82216
82220
82283
82320
82686
82727
82762
82813
82883
82893
82904
83242
83317
83489
83535
83655
83721
83886
83907
84286
84503
84525
84529
84674
84832
84863
85004
85020
85032
85250
85742
85820
85934
86000
86023
86090
86201
86240
86287
86312
86449
86491
86594
86620
86709
86713
86720
86731
86860
86860
86860
87076
87121
87303
87342
87405
87467
87496
87623
87681
87761
87884
87932
87944
87990
87995
88026
88299
88442
88460
88519
88580
88721
88817
88847
88870
88989
88998
89010
89027
89052
89098
89159
89204
89603
89815
89819
89973
90001
90206
90212
90348
90451
90477
90766
90786
90800
90802
90816
90927
90995
91023
91047
91146
91282
91354
91590
91674
91733
92126
92271
92381
92623
92716
92913
93116
93193
93270
93465
93673
93700
93772
93775
93918
93930
94098
94103
94280
94520
94624
94658
94682
94703
94995
95013
95111
95227
95406
95508
95621
95640
95822
96087
96168
96236
96686
96697
97073
97080
97571
97584
98140
98375
98386
98419
98429
98601
98787
98807
99058
99099
99128
99239
99389
99470
99741
99845
99864
100014
100034
100079
100250
100355
100624
100632
100780
100869
100883
100899
101010
101046
101097
101117
101178
101198
101277
101292
101598
101653
101676
101996
102036
102062
102164
102362
102422
102577
102622
102711
102724
102784
102832
102883
103069
103162
103189
103358
103539
103676
103696
103851
103912
103999
104341
104382
104524
104687
104704
104779
104799
104906
105088
105265
105302
105324
105393
105394
105404
105486
105581
105606
105955
106003
106111
106199
106266
106291
106310
106372
106445
106456
106578
106773
107144
107587
107618
107730
107776
108136
108169
108216
108321
108389
108509
108558
108661
108769
108952
109085
109241
109361
109428
109515
109626
109653
109717
109820
109858
109915
109979
109998
110016
110062
110063
110208
110264
110318
110323
110331
110465
110518
110543
110634
110893
110920
110977
111129
111281
111299
111310
111337
111352
111392
111441
111617
111620
111688
111772
111819
112148
112160
112238
112324
112498
112526
112538
112726
112840
113103
113178
113242
113344
113506
113565
113848
113941
114000
114030
114055
114088
114134
114169
114223
114223
114292
114295
114356
114446
114472
114493
114692
114999
115029
115188
115410
115411
115448
115510
115637
115651
115670
115749
115866
115888
115995
116054
116241
116249
116365
116429
116625
116700
116746
116775
116781
116784
116977
117040
117092
117166
117242
117453
117482
117524
117729
117738
117939
117944
117955
118075
118094
118178
118279
118432
118627
118644
118936
119020
119068
119073
119085
119173
119203
119344
119370
119375
119501
119526
119527
119544
119585
119601
119707
119768
119853
119997
120405
120406
120506
121001
121080
121123
121247
121260
121384
121400
121569
121651
121712
121712
121817
122127
122220
122307
122356
122418
122512
122589
122624
122635
122826
122838
123122
123289
123302
123343
123386
123419
123430
123447
123537
123828
123917
124183
124307
124426
124509
124515
124516
124677
124707
124712
124757
124881
125551
125707
125752
125761
125888
126086
126098
126119
126406
126583
126793
126794
126818
126852
126871
126893
126936
127450
127713
127956
128072
128149
128232
128303
128338
128402
128432
128446
128479
128782
128964
129056
129357
129441
129579
129589
129605
129618
129672
129692
129810
129811
130067
130200
130207
130245
130492
130575
130634
130803
130864
130957
130974
131112
131126
131173
131254
131333
131400
131411
131429
131563
131624
131724
131834
131925
132098
132222
132247
132410
132476
132652
132781
132798
132812
132897
133218
133283
133294
133406
133575
133629
133895
133984
134113
134119
134125
134142
134215
134280
134296
134416
134471
134512
134517
134567
134570
134837
134845
134880
134898
134903
135007
135042
135118
135253
135267
135275
135377
135411
135476
135510
135632
135664
135765
135881
135889
135895
135950
136377
136446
136455
136531
136532
136758
136811
136914
137013
137342
137440
137612
137637
137791
137824
137922
137937
137964
137991
138016
138111
138240
138252
138258
138312
138335
138407
138619
138620
138650
138784
138828
138877
138945
139134
139143
139157
139378
139384
139532
139588
139609
139653
139785
139866
139872
140086
140135
140524
140885
141000
141043
141175
141245
141251
141256
141344
141405
141433
141488
141601
141656
141724
141813
141979
141993
142163
142205
142209
142218
142853
143052
143139
143277
143283
143288
143363
143368
143382
143408
143552
143817
143933
144104
144384
144448
144674
144800
144976
145072
145154
145177
145195
145232
145341
145361
145382
145638
145716
146418
146646
146694
146787
146804
147068
147089
147181
147402
147572
147835
147908
147924
147932
148018
148204
148241
148287
148446
148472
148736
148750
148910
148955
149015
149021
149189
149226
149328
149520
149599
149628
149671
149680
149745
150130
150153
150212
150366
150591
150649
150701
150980
151012
151086
151104
151244
151277
151343
151543
151790
151897
151906
151921
152279
152429
152575
152625
152667
152761
152825
153055
153161
153173
153182
153208
153282
153296
153343
153513
153548
153645
153718
153751
153812
153944
153974
154024
154204
154318
154382
154445
154472
154554
154663
154707
155050
155067
155289
155338
155393
155507
155550
156172
156212
156271
156548
156584
156602
156620
156674
156678
156691
156713
156824
156849
157052
157115
157284
157332
157384
157422
157491
157509
157574
157582
157901
157975
157976
158213
158327
158362
158501
158598
158665
158711
158712
158723
158743
158772
158790
158825
158908
158930
158945
159079
159088
159593
159596
159666
159688
159854
159941
160122
160129
160152
160184
160229
160311
160479
160539
160675
160708
160861
160867
161080
161225
161294
161354
161395
161450
161645
161781
161830
161868
162151
162163
162235
162332
162552
162557
162685
162933
162977
163084
163125
163273
163372
163384
163394
163490
163514
164181
164315
164493
164499
164528
164545
164565
164829
165061
165071
165396
165421
165475
165606
165798
165826
165846
165902
166072
166082
166092
166275
166335
166574
166739
166779
166790
166981
167120
167224
167302
167362
167380
167584
167609
167710
167747
167826
167875
167965
168063
168223
168270
168375
168630
168679
168683
168744
168779
168811
168816
168979
169124
169230
169274
169370
169376
169427
169573
169587
169751
169780
169804
169871
169876
169891
169949
170071
170096
170103
170193
170330
170421
170508
170571
170585
170619
170625
170774
170796
170839
170904
171069
171122
171149
171248
171249
171271
171391
171457
171458
171804
171900
172220
172229
172261
172363
172555
172570
172571
172719
172733
172848
172863
173224
173484
173495
173580
173583
173715
173730
173796
173959
173994
174021
174083
174198
174198
174206
174223
174231
174345
174413
174432
174457
174599
174712
174834
174959
175067
175096
175337
175521
175539
175557
175672
175804
176032
176122
176192
176484
176529
176612
176694
176714
176718
176745
176799
176909
177130
177171
177211
177261
177443
177447
177501
177634
177810
177829
177889
178381
178415
178491
178570
178617
178699
178757
178851
178932
178960
179004
179224
179451
179499
179517
179675
179747
179752
179822
179841
179894
180271
180437
180555
180560
180605
180620
180695
180851
180917
181009
181123
181473
181480
181507
181508
181558
181682
181719
181720
181768
181816
181857
181920
181967
182003
182031
182170
182183
182274
182275
182518
182632
182654
183008
183031
183033
183168
183237
183380
183448
183465
183609
183635
183645
183826
184167
184350
184461
184513
184578
184584
184742
184902
184950
185034
185073
185293
185322
185454
185466
185471
185574
185595
185670
185767
185829
186065
186101
186157
186441
186555
186788
186886
186952
187090
187396
187482
187604
187704
187877
187940
187952
188042
188101
188114
188276
188699
188702
188732
188737
189250
189339
189349
189410
189480
189532
189596
189702
189807
189838
189918
189933
190046
190471
190571
190641
190702
190760
190852
191111
191180
191181
191212
191216
191377
191399
191428
191504
191558
191597
191702
191891
191954
191999
192154
192206
192263
192451
192469
192480
192543
192850
192991
193390
193721
193998
194151
194233
194466
194562
194693
194884
194910
195063
195090
195110
195141
195228
195243
195333
195421
195496
195851
195924
196228
196237
196354
196475
196651
196712
196825
196921
197206
197228
197260
197489
197659
197731
197910
197930
198050
198169
198190
198263
198394
198516
198636
198713
198751
198831
198849
198865
198915
198924
198996
199033
199164
199171
199287
199298
199367
199491
199680
199994
200139
200161
200329
200636
200641
200713
200981
201043
201046
201159
201200
201309
201318
201410
201566
201671
201801
201808
201827
201979
202123
202167
202170
202328
202373
202740
202828
202921
203060
203095
203243
203254
203312
203456
203583
203600
203693
203908
203997
204007
204053
204103
204135
204243
204467
204505
204528
204602
204622
204640
204659
204680
204692
204739
204946
205204
205257
205296
205530
205742
205779
205808
206005
206078
206136
206195
206265
206599
206618
206759
206796
206851
207001
207157
207352
207413
207414
207464
207496
207532
207699
207768
207770
207976
208227
208314
208655
208710
208846
208879
208916
208962
209012
209147
209433
209455
209539
209690
209710
209729
209759
209778
209918
210610
210685
210733
210781
211040
211114
211318
211445
211557
211649
211755
211862
212282
212289
212379
212452
212552
212719
212779
213049
213083
213105
213169
213202
213345
213449
213495
213555
213608
213923
213948
214082
214269
214302
214376
214475
214515
214762
214881
215142
215152
215175
215185
215201
215306
215423
215525
215534
215578
215642
215668
215954
216026
216028
216353
216532
216640
216665
216713
216725
216767
216786
216974
217215
217227
217328
217400
217555
217606
217648
217779
217782
217792
218044
218050
218086
218251
218289
218468
218560
218573
218574
218574
218604
218703
218871
218991
219015
219064
219120
219152
219379
219446
219604
219649
219670
219757
219766
219869
219899
219981
220126
220273
220556
220583
220851
220896
220945
221056
221126
221439
221523
221541
221549
221574
221643
221712
221758
221794
222077
222097
222411
222451
222458
222761
222766
222802
222912
223044
223086
223113
223236
223317
223326
223579
223741
223807
223838
224094
224236
224356
224427
224477
224502
224680
224719
224887
225179
225257
225401
225422
225491
225875
225907
225945
225981
226088
226136
226269
226294
226391
226589
226624
226727
226731
226736
226970
226971
227074
227079
227128
227179
227407
227466
227622
227729
227869
227926
227941
228158
228406
228455
228479
228559
228585
228621
228790
228978
228999
229075
229261
229364
229395
229407
229505
229657
229660
229681
229731
229764
229883
229897
229945
230033
230086
230131
230205
230466
230530
230786
230820
230997
231215
231283
231607
231671
231996
232161
232289
232516
232519
232811
233049
233161
233522
233630
233717
233830
233842
233885
234037
234052
234061
234127
234360
234575
234584
234828
234837
234924
234947
234957
234994
235223
235376
235590
235600
235719
235743
235867
236273
236280
236299
236299
236382
236452
236567
237459
237489
237495
237611
237648
237671
237810
238093
238223
238269
238331
238479
238685
238819
238845
238903
239031
239375
239387
239499
239499
239635
239682
239944
240051
240156
240200
240220
240227
240395
240471
240658
240883
240904
241031
241170
241243
241248
241289
241382
241447
241571
241878
241929
242357
242440
242462
242537
242687
242829
243019
243047
243059
243086
243098
243257
243289
243303
243322
243398
243550
243597
243769
243820
243884
244064
244195
244197
244371
244544
244579
244820
244923
244932
245050
245058
245074
245242
245302
245775
246080
246086
246128
246155
246200
246464
246763
246799
246986
246994
247272
247384
247561
247638
247705
247886
247983
247988
248724
248984
249091
249109
249142
249313
249332
249474
249497
250005
250340
250454
250643
250647
250766
250780
250848
250945
250956
251055
251067
251091
251232
251360
251614
251682
252157
252181
252269
252457
252894
252968
253099
253106
253289
253379
253499
253524
253610
253710
253860
254113
254299
254327
254375
254627
254695
254884
254950
255100
255197
255316
255370
255446
255896
255925
255983
255991
256139
256202
256288
256504
256661
256694
256900
256943
257004
257045
257075
257131
257142
257220
257234
257236
257238
257336
257370
257372
257392
257631
257790
257835
257854
258213
258255
258346
258350
258376
258388
258388
258402
258596
258850
259075
259090
259294
259642
259678
259746
259829
260070
260107
260149
260390
260507
260543
260629
260718
260929
261008
261063
261065
261093
261202
261217
261293
261329
261588
261937
261992
262137
262202
262238
262254
262420
262457
262536
262537
262616
262854
262989
263087
263158
263158
263196
263412
263516
263748
263753
263772
263782
263861
263869
263912
263964
264016
264032
264032
264064
264077
264106
264291
264406
264420
264442
264965
264975
265213
265213
265322
265523
265541
265608
265689
265836
266084
266128
266512
266539
266627
266638
266804
266847
266854
266862
267174
267333
267383
267397
267493
267561
267579
267598
267698
267819
267865
267870
267883
267922
268113
268123
268131
268147
268262
268280
268312
268318
268441
268661
268731
268787
268823
268871
268975
269165
269389
269407
269436
269461
269526
269602
269654
269739
269743
270076
270167
270207
270270
270446
270571
270833
271508
271612
271657
271806
271959
272153
272197
272490
272547
272757
272880
272882
272980
273053
273103
273223
273224
273292
273426
273433
273527
273593
273642
273695
273830
273908
274228
274300
274362
274586
274597
274716
274787
274825
274907
275038
275089
275117
275151
275161
275246
275294
275415
275461
275470
275644
275732
275863
275896
275899
276033
276326
276373
276404
276419
276530
276550
276673
276678
276709
276832
276921
276949
277049
277083
277361
277363
277365
277379
277485
277577
277700
277805
277817
277875
278047
278068
278156
278786
278951
278956
278985
278988
279285
279290
279318
279346
279352
279440
279451
279552
279609
279693
279755
279823
279909
279927
279999
280194
280246
280258
280274
280357
280401
280485
280498
280534
280600
280653
280694
280771
280825
280975
281015
281176
281448
281596
281762
281898
282133
282195
282234
282525
282610
282674
282717
282782
282858
282886
282920
282942
282989
283146
283203
283369
283435
283585
283681
283694
283696
283770
283890
284066
284084
284192
284479
284553
285075
285149
285188
285262
285522
285603
285629
285744
285759
285919
285960
286064
286219
286323
286330
286610
286927
287007
287075
287145
287191
287238
287271
287313
287332
287407
287438
287511
287720
287721
287777
287782
287801
288009
288101
288155
288197
288340
288378
288534
288562
288577
288793
288909
289143
289313
289512
289635
289886
289912
289923
290191
290325
290356
290358
290505
290588
290788
290791
291082
291083
291085
291329
291355
291468
291487
291845
291946
291993
291993
292119
292122
292125
292160
292421
292544
292575
292735
292874
292990
293013
293042
293086
293277
293579
293596
293603
293887
293929
293973
294087
294135
294285
294353
294454
294498
294620
294630
294876
294928
295082
295212
295243
295251
295256
295261
295478
295667
295806
295848
296164
296194
296222
296237
296361
296388
296457
296597
296772
296861
296874
297105
297120
297381
297415
297425
297439
297490
297519
297571
297675
297749
297832
297946
297961
297964
298062
298102
298194
298388
298614
298733
298883
298900
298994
299210
299386
299439
299620
300077
300132
300181
300210
300294
300328
300371
300589
300814
300909
300922
300963
301060
301077
301176
301334
301437
301603
301625
301830
301880
301908
302005
302095
302329
302350
302367
302401
302587
302627
302929
302942
302945
303032
303203
303237
303337
303341
303361
303439
303632
303644
303695
303775
303986
304070
304109
304250
304256
304343
304549
304982
305115
305415
305471
305574
305792
305862
305899
306051
306053
306064
306068
306073
306098
306200
306306
306392
306393
306432
306575
306598
306606
306640
306760
307196
307694
308102
308116
308178
308307
308357
308418
308472
308524
308726
308740
309211
309293
309322
309329
309460
309663
309888
309904
309944
310486
310493
310609
310622
310802
310897
310916
311250
311263
311291
311326
311380
311444
311526
311617
311783
311857
311872
311902
312040
312066
312070
312140
312143
312170
312292
312358
312396
312438
312650
312783
312843
312851
312872
312954
312987
313059
313136
313213
313216
313370
313531
313707
313742
313867
314032
314109
314249
314296
314315
314379
314392
314450
314456
314659
314669
314845
315058
315264
315480
315491
315572
315578
315603
315747
315892
316193
316257
316427
316560
316602
316630
316696
316702
316727
316752
316978
317045
317154
317398
317474
317566
317652
317970
318008
318128
318139
318181
318438
318462
318487
318515
318568
318798
318810
319130
319238
319352
319459
319580
319734
319790
320053
320079
320228
320302
320370
320573
320580
320652
320702
320876
320903
320944
321099
321405
321705
321749
321844
321969
322149
322352
322556
322601
322756
322773
322826
323087
323314
323318
323371
323567
323649
323695
323704
323706
323707
323980
324013
324254
324344
324379
324473
324550
324685
325215
325394
325442
325580
325768
325967
326023
326077
326124
326172
326199
326399
326622
326743
326750
326805
326947
326989
327008
327023
327165
327173
327338
327477
327590
327747
327754
327805
327889
328029
328067
328091
328118
328138
328270
328477
328546
328642
328655
328688
328850
328891
329004
329146
329271
329273
329470
329523
329563
329594
329699
329789
329819
329867
329904
330242
330487
330589
330668
330700
330735
330750
330773
331067
331172
331328
331350
331676
331784
331791
331837
331859
332036
332067
332359
332394
332739
332989
333102
333162
333272
333537
333581
333595
333662
333788
333981
334045
334183
334335
334594
334725
334930
334967
334987
335115
335278
335330
335400
335609
336023
336033
336079
336128
336185
336261
336349
336538
336803
336817
336888
337073
337174
337326
337343
337522
337653
337725
337753
337936
338041
338114
338205
338295
338775
339061
339273
339436
339493
339641
339716
339740
339898
340085
340156
340230
340292
340329
340415
340496
340672
340749
340780
340854
340881
341073
341109
341371
341501
341640
341642
341691
341721
342010
342041
342248
342352
342618
342836
343085
343093
343117
343337
343637
343714
343819
343841
343867
343946
344196
344335
344455
344456
344532
344563
344596
344685
344889
344987
345016
345123
345228
345299
345423
345434
345536
345561
345636
345663
345813
345836
345845
345932
346088
346130
346237
346273
346288
346407
346429
346746
346810
346959
346976
347168
347223
347487
347488
347630
347701
347734
347768
347839
347989
348031
348110
348396
348480
348484
348514
348618
348729
348886
348957
348963
349060
349227
349438
349609
349771
349774
349811
349956
349986
350014
350038
350088
350096
350283
350756
350818
350969
351119
351191
351222
351242
351478
351714
351723
351785
351875
351928
352049
352093
352118
352206
352214
352386
352394
352473
352530
352595
352903
352996
353035
353129
353268
353288
353386
353433
353434
353534
353700
353764
353867
353880
354017
354443
354615
354762
355055
355083
355117
355148
355164
355269
355336
355393
355418
355588
355611
355814
355846
356189
356214
356259
356408
356556
356564
356663
356733
357071
357218
357225
357241
357264
357269
357387
357408
357419
357504
357510
357517
357586
357611
357653
357760
357964
358033
358046
358147
358154
358230
358353
358557
358612
358808
358813
358911
358920
359082
359155
359239
359301
359374
359405
359412
359454
359473
359621
359660
359718
359826
359911
359956
360024
360097
360333
360386
360423
361516
361831
361861
361960
362183
362232
362237
362332
362445
362505
362613
362647
362833
362933
362956
363265
363344
363370
363624
363644
363646
363660
363678
363743
363743
363806
364031
364136
364161
364176
364518
364521
364674
364962
365049
365202
365211
365222
365283
365376
365437
365614
365662
365745
365911
366015
366041
366074
366107
366182
366731
366846
366864
366938
366988
367058
367067
367071
367136
367305
367335
367499
367632
367637
367652
367663
367683
367718
367822
367963
368155
368606
368621
368659
368741
368891
368891
368974
369116
369175
369181
369256
369420
369435
369503
369579
369857
369878
370255
370294
370341
370396
370608
370630
370730
370784
370904
370911
370953
371075
371083
371083
371174
371298
371464
371465
371735
371824
371872
372089
372147
372172
372562
372724
372759
372770
372927
372965
372969
373117
373208
373326
373348
373374
373426
373455
373650
373668
373758
373812
373903
374336
374493
374512
374699
374806
374907
374976
375388
375540
375643
375765
375934
375970
376143
376221
376221
376359
376441
376470
376477
376635
376675
376766
376804
376812
376948
377257
377264
377421
377442
377724
378089
378152
378190
378232
378300
378565
378635
378818
378826
378890
379077
379091
379101
379111
379127
379173
379321
379386
379684
379800
379854
379990
380131
380157
380162
380224
380250
380460
380495
380593
380693
380747
380775
380863
381089
381356
381412
381413
381441
381480
381640
381644
381757
381759
381820
381859
381966
382049
382126
382338
382372
382424
382548
382638
382647
382728
382770
382793
383032
383241
383393
383426
383437
383462
383536
383609
383615
383687
383693
383764
383783
383904
383999
384019
384022
384052
384123
384219
384431
384434
384435
384446
384480
384497
384582
384672
384825
384894
384967
384979
385036
385199
385359
385778
385850
385902
385974
386074
386085
386167
386210
386372
386386
386465
386502
386552
386553
386851
387446
387580
387677
387790
387795
387811
387843
387977
388006
388026
388149
388415
388602
388679
388750
388840
388984
389004
389037
389062
389118
389148
389423
389525
389624
389673
389794
389847
389936
390002
390176
390271
390425
390699
390962
391042
391125
391393
391685
391703
391708
391779
391919
391974
392066
392185
392223
392245
392476
392640
392695
392712
392730
392775
392823
392977
393041
393594
393765
394033
394037
394040
395002
395169
395170
395172
395201
395258
395443
395490
395593
395665
395717
395786
395836
395911
395955
396085
396222
396435
396663
396754
396761
397210
397412
397423
397644
397695
397840
397917
397943
397988
398172
398217
398251
398379
398384
398431
398464
398498
398709
398859
398947
398957
398978
399612
399871
399902
400156
400413
400416
400444
400590
400600
400619
400715
400994
401125
401612
401937
402086
402143
402255
402259
402334
402506
402625
402644
402736
402810
402904
402913
403043
403067
403161
403180
403217
403298
403383
403410
403558
403559
403627
403774
403919
404323
404408
404545
404705
404986
405211
405244
405279
405357
405463
405468
405484
405600
405650
405709
405742
405847
405907
406183
406338
406388
406561
406566
406633
406657
406842
406994
407052
407265
407278
407569
407666
407689
407934
407939
407984
408027
408090
408148
408238
408573
408577
408623
408788
408981
409245
409267
409336
409340
409416
409537
409595
409608
409659
409751
409877
409895
409923
410003
410164
410268
410280
410323
410436
410555
410612
410696
410723
410731
410839
410997
411035
411313
411382
411489
411573
411766
412247
412249
412318
412389
412389
412405
412410
412653
412728
412742
412817
413048
413115
413144
413253
413428
413523
413653
413793
414118
414152
414201
414523
414599
414676
414743
414747
414825
414943
415099
415114
415210
415363
415368
415439
415686
415796
415851
415999
416297
416303
416439
416565
416595
416687
416846
416851
416971
417149
417250
417254
417623
417635
417801
417930
417997
418059
418128
418217
418369
418381
418537
418588
418649
418660
418663
418664
418844
418845
418912
419026
419061
419187
419195
419306
419361
419477
419535
419549
419579
419707
419785
419852
420008
420015
420364
420428
420436
420448
420478
420517
420675
420681
420887
420934
421197
421198
421258
421264
421287
421425
421425
421524
421533
421678
421714
421767
421773
421830
422032
422035
422093
422200
422202
422287
422440
422493
422537
422628
422723
422893
422906
423016
423047
423112
423213
423416
423554
423672
423675
423715
423749
423789
423828
423876
423881
423972
424011
424018
424087
424099
424206
424210
424257
424310
424314
424527
424601
424760
424965
425219
425259
425282
425476
425630
425699
425835
425911
425962
426231
426410
426416
426544
426590
426625
426892
426900
426912
427020
427159
427197
427282
427333
427408
427429
427652
427678
427721
427786
427852
427854
427882
427924
427993
428255
428733
428811
428934
428941
429028
429063
429097
429282
429291
429355
429388
429427
429534
429553
429647
429745
429852
429999
430262
430328
430358
430433
430443
430521
430534
430568
430709
430719
430804
431120
431226
431262
431538
431540
431812
431923
431960
431978
432075
432167
432208
432315
432571
432661
432816
432917
433028
433033
433146
433232
433302
433477
433585
433610
433717
433735
433744
433759
433760
433951
434369
434500
434516
434564
434619
434631
434635
434642
434828
434870
434907
434907
434918
434969
435099
435187
435357
435535
435758
435781
436022
436191
436228
436392
436404
436461
436572
436756
436778
436790
436842
436965
437130
437333
437436
437452
437480
437639
437688
437691
437773
437791
437836
437905
437971
437990
438172
438173
438291
438371
438421
438459
438489
438568
438605
438643
438649
438760
438787
438908
438993
439019
439318
439422
439520
439637
439858
439859
439988
440057
440082
440147
440202
440277
440289
440388
440526
440668
440692
441251
441372
441496
441559
441725
441776
441895
441899
441909
441940
442241
442391
442437
442480
442490
442608
442781
442789
442817
442986
443182
443203
443422
443739
444176
444202
444310
444490
444618
444676
444792
444921
445051
445183
445256
445312
445392
445409
445448
445510
445575
445648
445942
446052
446209
446222
446321
446375
446463
446665
446678
446803
446810
446864
446881
446904
446932
446957
447085
447146
447164
447605
447680
447770
447775
447791
447876
447883
447884
447970
448109
448229
448313
448358
448579
448736
448835
448841
448896
449038
449162
449275
449292
449379
449441
449570
449854
449883
449948
450120
450207
450209
450334
450395
450406
450471
450558
450589
450738
450756
450773
450871
450890
450911
451132
451213
451437
451697
451944
452030
452160
452445
452713
452789
452869
452873
452945
453044
453123
453131
453202
453246
453361
453532
453574
453581
453776
453877
453892
453986
454302
454433
454829
454977
455017
455076
455083
455148
455194
455195
455423
455513
455563
455656
455681
455684
455700
455875
455918
455927
456078
456239
456253
456353
456372
456798
456839
457085
457116
457178
457511
457516
457873
457908
457945
458015
458089
458289
458667
459125
459160
459192
459391
459789
459809
459847
459878
460258
460393
460403
460431
460483
460635
460694
461089
461099
461326
461348
461520
461532
461580
461957
461959
461979
461993
462091
462211
462250
462256
462812
462911
463063
463068
463096
463302
463624
463636
463740
463770
463853
463887
463961
463985
463995
464064
464151
464152
464364
464392
464535
464564
464788
464878
464994
465120
465318
465375
465417
465530
465752
465804
466065
466075
466087
466137
466283
466430
466503
466681
466687
466730
466768
466850
466890
466962
467053
467062
467108
467119
467480
467502
467660
467781
467807
467811
467901
468107
468182
468239
468333
468380
468435
468534
468713
468823
468880
468977
469087
469204
469235
469270
469388
469485
469516
469599
469616
469621
469670
469859
469885
470037
470038
470129
470152
470209
470302
470303
470493
470784
470809
470895
471018
471099
471118
471180
471275
471893
472467
472532
472627
472845
473228
473343
473415
473417
473427
473469
473526
473674
473869
473902
473986
474156
474357
474627
474665
474835
474858
475351
475516
475814
475892
475975
476010
476046
476072
476116
476223
476445
476632
476683
476831
477120
477200
477242
477278
477378
477430
477464
477477
477539
477597
477843
477862
477904
477905
477955
478097
478116
478170
478451
478479
478502
478670
478719
478779
478963
479082
479303
479667
479995
480007
480028
480036
480049
480069
480224
480231
480748
480763
480796
480798
480891
481047
481215
481289
481376
481429
481672
481798
481982
481995
482178
482237
482274
482358
482367
482381
482408
482474
482586
482648
482768
482780
482787
482819
482995
483052
483188
483318
483363
483514
483561
483591
483724
483830
483879
483920
483934
483967
484043
484089
484275
484289
484470
484552
484561
484740
484740
484762
484826
485028
485199
485265
485347
485500
485622
485652
485653
485729
485750
485833
485889
486177
486275
486299
486393
486439
486562
486687
486710
486915
487023
487027
487094
487178
487184
487271
487658
487693
487792
487802
487903
487964
488027
488096
488202
488252
488558
488567
488731
488753
488775
488799
488902
489218
489357
489528
489545
489664
489786
489827
490126
490161
490175
490200
490290
490379
490494
490500
490686
490707
490768
490782
490807
490820
490871
490943
491172
491222
491248
491250
491291
491305
491349
491481
491519
491739
491847
492113
492123
492138
492168
492174
492221
492395
492550
492621
493021
493057
493246
493277
493470
493748
493769
493804
493963
494016
494036
494152
494230
494322
494425
494516
494570
494846
494896
494917
494958
494963
495008
495105
495121
495176
495290
495316
495411
495418
495435
495591
495648
496021
496160
496237
496337
496350
496356
496387
496565
496599
496651
496657
496742
496749
496844
496884
497002
497087
497125
497296
497403
497515
497528
497646
497756
497779
497782
498094
498404
498540
498554
498569
498620
498667
498728
498850
498941
498983
499043
499171
499317
499436
499445
499537
499540
499615
499690
500178
500297
500312
500367
500381
500479
500539
500586
500618
500676
500677
500740
500783
500874
500876
500953
501431
501458
501750
501951
501999
502046
502113
502301
502322
502481
502567
502588
502632
502656
502778
502887
502987
503009
503150
503236
503248
503279
503302
503307
503546
503557
503587
503611
503618
503679
503680
503775
503935
503941
504312
504461
504505
504524
504685
504765
504867
504886
504968
505046
505247
505282
505289
505371
505391
505404
505469
505483
505659
505748
505899
506051
506060
506277
506305
506427
506467
506573
506614
506734
506932
507208
507274
507294
507318
507318
507406
507424
507426
507463
507482
507755
508118
508160
508267
508317
508457
508539
508593
508779
508906
508994
509464
509508
509547
509843
509962
510114
510185
510274
510275
510301
510304
510328
510382
510592
510768
510970
510977
511009
511230
511270
511455
511601
511719
511811
511828
512040
512070
512235
512262
512470
512516
512572
512582
512623
512640
512997
513095
513189
513307
513436
513464
513519
513526
513546
513755
513770
513803
513912
513971
514011
514023
514183
514285
514561
514613
514634
514935
515064
515072
515102
515152
515448
515500
515535
516089
516130
516182
516225
516267
516336
516444
516620
516665
516820
516880
516974
517019
517041
517055
517511
517716
517788
517801
517802
518039
518238
518384
518402
518413
518643
518693
518710
518872
518998
519199
519500
519544
519672
519798
519824
519899
520126
520244
520542
520563
520591
520711
520738
520799
520898
521033
521144
521178
521384
521469
521578
521662
521799
521953
521978
522015
522028
522088
522102
522275
522297
522327
522395
522474
522572
522577
522710
522825
522835
522851
522861
523179
523203
523285
523321
523345
523413
523570
523652
523724
523797
524070
524180
524318
524325
524354
524942
525012
525053
525109
525317
525323
525417
525721
525809
525812
525824
526485
526537
526577
526581
526745
526778
526932
526935
527284
527385
527512
527523
527784
528325
528623
528717
528958
528989
529044
529064
529106
529152
529166
529432
529468
529614
529616
529723
530244
530252
530317
530448
530548
530561
530579
530713
530844
530883
530968
530999
531008
531120
531339
531534
531552
531764
531851
531912
532039
532183
532192
532274
532285
532319
532376
532381
532572
532741
532773
532881
532970
533056
533110
533143
533151
533185
533436
533726
533809
533924
533983
534091
534102
534188
534360
534484
534565
534665
534690
534790
534988
535034
535087
535152
535175
535248
535306
535356
535497
535552
535596
535706
535786
536058
536143
536214
536324
536399
536563
536576
536650
536697
536803
536828
537116
537176
537272
537322
537457
537559
537621
537682
537933
538195
538294
538346
538506
538507
538608
538672
538713
538998
539030
539033
539035
539041
539058
539058
539069
539156
539185
539196
539203
539496
539521
539663
539763
539810
539859
540088
540096
540184
540310
540494
540589
540672
540758
540919
541007
541037
541111
541255
541292
541360
541531
541938
541974
542004
542055
542295
542434
542533
542545
542671
542903
543130
543151
543372
543522
543522
543568
543904
543955
543959
543983
544080
544263
544425
544495
545215
545267
545381
545485
545703
545765
546023
546038
546080
546120
546156
546158
546167
546589
546660
546701
546853
546869
547190
547378
547630
547636
547896
547932
548016
548099
548255
548272
548330
548350
548466
548535
548649
548653
548789
548961
549125
549251
549287
549344
549722
549748
549811
549845
549908
550006
550050
550131
550294
550324
550338
550346
550346
550350
550424
550492
550866
550971
551066
551158
551383
551429
551494
551517
551578
551748
551790
551817
551854
551979
552122
552139
552141
552229
552327
552339
552399
552482
552488
552548
552646
552762
552787
552804
552858
553004
553060
553234
553291
553368
553453
553484
553833
553846
554344
554463
554524
554590
554657
554855
554922
555064
555247
555672
555711
555872
556013
556083
556366
556376
556423
556427
556434
556466
556605
556644
556658
556819
556839
557038
557070
557088
557149
557170
557189
557272
557466
557607
557676
557684
557745
557818
557877
557954
558024
558204
558262
558363
558403
558411
558437
558498
558548
558588
558590
558626
558737
558902
558944
559022
559078
559121
559235
559253
559279
559329
559410
559436
559464
559587
559670
559702
559710
559857
559927
560084
560150
560170
560221
560238
560256
560361
560420
560443
560444
560716
560834
560837
560884
561045
561119
561465
561517
561626
561656
561675
561706
561739
561906
562084
562445
562511
562545
562589
562742
563081
563157
563284
563341
563342
563684
563799
563918
564017
564414
564450
564501
564534
564623
564640
564839
564850
564892
565067
565291
565295
565334
565441
565479
565537
565879
565949
565978
566145
566293
566471
566502
566658
567055
567079
567262
567291
567627
567688
567695
567736
567829
567845
567900
567915
567935
567969
567976
568002
568248
568357
568529
568541
568547
569158
569184
569720
569729
569769
569824
569868
569888
570156
570275
570279
570372
570451
570463
570769
570883
570896
570988
571003
571084
571144
571165
571257
571280
571299
571523
571743
571855
571887
572102
572104
572189
572226
572350
572372
572614
572752
572832
572894
573014
573036
573136
573146
573229
573496
573509
573525
573574
573678
573681
573781
573850
573881
574037
574083
574385
574521
574571
574593
574714
574771
575122
575191
575230
575253
575319
575323
575769
575868
575908
576042
576105
576230
576237
576344
576434
576441
576607
576840
576916
576935
577091
577097
577229
577283
577291
577296
577375
577604
577806
577889
578102
578165
578257
578292
578334
578506
578511
578518
578546
578675
578719
579021
579198
579337
579391
579424
579502
579562
579753
579844
579925
579963
580427
580466
580704
580803
580904
580955
581040
581078
581099
581219
581397
581460
581469
581616
581775
581820
581828
581885
581928
582200
582223
582247
582482
582581
582815
583017
583197
583441
583646
583705
583742
583843
583983
584098
584120
584211
584278
584291
584425
584473
584519
584557
584589
584746
584827
584918
584924
584939
584982
585068
585080
585086
585606
585637
585714
585716
585725
585759
585803
585877
585878
585913
585921
586122
586137
586255
586270
586355
586460
586673
586858
586867
586883
586914
587030
587035
587128
587215
587249
587329
587354
587389
587393
587595
587687
587936
587941
588156
588176
588207
588211
588352
588361
588379
588427
588801
588873
588958
589061
589109
589224
589486
589543
590178
590237
590255
590285
590325
590386
590397
590489
590617
590621
590682
590955
591282
591476
591573
591596
591675
591687
591783
591906
592154
592570
592627
592675
592685
592757
592822
593000
593010
593027
593130
593233
593386
593398
593407
593431
593497
593659
593694
593940
594017
594041
594105
594239
594280
594492
594570
594629
594669
594728
594785
594851
594885
594946
595028
595366
595425
595539
595681
595754
595844
595973
596032
596259
596412
596416
596529
596600
596614
596698
596708
596809
596842
596848
596876
597032
597152
597280
597393
597461
597486
597691
597727
597973
598084
598099
598200
598281
598441
598443
598461
598520
598672
598678
598886
598938
599238
599338
599392
599448
599640
599660
599674
600079
600125
600558
600572
600595
600967
601090
601144
601237
601265
601362
601534
601673
601716
601789
601804
601820
601952
602033
602087
602107
602119
602168
602170
602269
602360
602469
602533
602717
602753
602803
602854
602949
602955
602991
603105
603117
603149
603181
603382
603550
603654
603684
603707
603715
603748
603805
603824
603886
603913
603918
603962
604113
604342
604345
604354
604742
604855
605254
605397
605444
605467
605475
605517
605553
605573
605779
605999
606036
606453
606600
606620
606738
606834
606842
606917
607099
607216
607276
607372
607387
607480
607482
607483
607523
607777
607817
607957
607990
608019
608080
608179
608204
608356
608634
608749
608917
609095
609131
609178
609217
609267
609540
609663
609696
609704
609762
609816
609828
609991
610059
610133
610164
610236
610339
610369
610461
610490
610508
610511
610613
610694
610800
610915
611034
611062
611138
611247
611410
611527
611531
611572
611686
611761
611762
612010
612053
612139
612232
612267
612327
612570
612628
612707
612715
612748
612840
612885
612951
613105
613106
613259
613383
613398
613422
613771
613967
613979
614052
614094
614574
614734
614879
614958
615061
615125
615380
615495
615727
616005
616126
616378
616405
616641
616664
616738
616773
617410
617622
617698
617715
617722
617957
617960
618044
618153
618621
618846
618934
618936
619020
619024
619256
619357
619374
619464
619644
619669
619734
619844
619944
620014
620059
620230
620387
620467
620663
620666
620676
620944
620965
620994
621032
621038
621080
621181
621478
621502
621519
621656
621718
621867
621954
622076
622147
622209
622266
622312
622422
622469
622503
622529
622623
622686
622720
622874
623040
623191
623233
623235
623290
623788
623823
623835
623960
624021
624136
624222
624224
624308
624310
624476
624509
624780
625298
625351
625363
625412
625562
625633
625810
625829
625894
625982
626079
626094
626284
626359
626528
626671
626747
626847
626876
626959
626977
627023
627190
627211
627246
627248
627258
627435
627493
627596
627713
627777
627959
628209
628586
628646
628692
628697
628866
628873
628891
628958
629052
629271
629284
629407
629426
629650
629708
629713
629848
629922
630002
630360
630477
630639
630821
630890
630990
631016
631188
631211
631430
631536
631679
631802
631861
631862
631955
632049
632088
632136
632251
632311
632346
632519
632616
632689
632691
632823
632932
633167
633180
633397
633412
633420
633437
633545
633603
633713
633892
633942
633948
634024
634259
634532
634548
634649
634735
634844
634866
634879
634953
635271
635293
635333
635397
635398
635452
635479
635482
635581
635664
635714
635909
636065
636093
636098
636151
636387
636453
636543
636578
636641
636740
636780
636793
636813
636826
636945
636953
636986
637030
637068
637082
637206
637256
637273
637391
637961
638170
638213
638481
638497
638666
638750
638822
638833
639029
639077
639196
639294
639374
639406
639523
639533
639649
639771
639775
639783
639922
640019
640039
640105
640142
640149
640401
640602
640737
640987
641045
641109
641277
641330
641493
641647
641758
641969
642026
642049
642180
642602
642726
642816
642863
642905
642970
643247
643250
643553
643633
643779
644094
644250
644457
644584
644717
644787
644854
644923
645066
645076
645309
645324
645340
645354
645684
645877
645889
646028
646050
646091
646183
646198
646203
646209
646440
646715
646769
646826
646873
646922
647035
647125
647126
647144
647297
647587
647643
647921
648004
648029
648041
648053
648095
648445
648639
648743
649004
649018
649018
649082
649115
649167
649251
649308
649346
649355
649489
649583
649741
649815
650166
650267
650306
650365
650390
650424
650506
650506
650540
650648
650730
650770
650844
650862
651082
651100
651102
651202
651465
651534
651600
651727
651915
651942
651954
652102
652111
652132
652197
652380
652451
652740
652741
652763
652768
652834
652879
653149
653154
653254
653270
653393
653611
653657
653690
653773
653870
653934
654001
654224
654289
654304
654580
654588
654664
654781
654859
654943
655042
655086
655172
655462
655480
655577
655602
655704
655815
655845
655955
656162
656182
656295
656317
656328
656653
656714
656715
656721
656753
656976
656987
656988
656998
657277
657411
657706
657978
658015
658023
658073
658142
658353
658376
658533
658557
658893
659110
659188
659201
659247
659316
659329
659546
659592
659609
659679
659682
659768
659819
659829
660066
660768
660864
661052
661064
661229
661420
661477
661501
661645
661764
661767
661807
661887
661911
662136
662198
662351
662473
662493
662547
662805
663038
663138
663213
663254
663321
663620
663661
663697
664084
664116
664240
664404
664423
664439
664547
664576
664594
664666
664784
665151
665284
665295
665336
665403
665539
665626
665680
665794
665918
665984
666042
666159
666278
666579
666741
666848
666903
667037
667100
667113
667142
667348
667368
667423
667726
667737
667881
668050
668103
668229
668303
668522
668540
668598
668699
668736
668741
668825
668832
668870
668898
669204
669231
669554
669922
669988
670000
670037
670074
670139
670162
670166
670198
670441
670494
670629
670753
670813
670904
671049
671137
671156
671170
671408
671521
671541
671558
671624
671734
671869
671906
672222
672299
672375
672387
672394
672457
672749
672811
672878
673028
673047
673047
673057
673167
673248
673474
673623
673949
674044
674049
674156
674165
674174
674211
674329
674667
674687
674830
674962
675007
675032
675105
675326
675566
675617
675624
675778
675823
675984
676033
676113
676115
676535
676653
676719
676923
677029
677061
677115
677153
677276
677316
677395
677432
677545
677763
677774
677958
678287
678306
678906
679052
679089
679091
679205
679269
679271
679342
679519
679737
679760
679845
679872
679959
680028
680163
680237
680317
680492
680602
680633
680687
680867
680927
681096
681103
681166
681308
681347
681411
681505
681572
681863
682009
682197
682349
682387
682507
682620
682629
682648
682680
682696
682699
682827
682972
682991
683035
683101
683203
683203
683310
683365
683581
683582
683600
683608
683660
683674
683716
683728
683780
683801
683883
683911
683938
683948
684010
684082
684229
684626
684660
684781
684861
684901
684941
685135
685202
685375
685391
685501
685546
685573
685627
685641
685711
685951
685971
686003
686063
686098
686226
686433
686461
686464
686573
686593
686690
686691
686705
686717
686831
686991
687059
687093
687162
687178
687239
687418
687485
687541
687624
687661
687694
687705
687740
687835
687849
687859
688018
688183
688192
688233
688386
688473
688515
688566
688588
688741
688813
689001
689024
689110
689273
689342
689740
689745
689852
690180
690244
690333
690346
690381
690487
690645
690697
690719
690747
691120
691127
691179
691236
691254
691302
691721
691752
691775
691779
691885
692250
692345
692353
692370
692469
692592
692622
692738
692738
692769
692914
693033
693129
693145
693171
693294
693334
693600
693671
693720
693779
693902
693970
693988
693992
694075
694136
694170
694174
694250
694377
694742
694878
694907
694959
695064
695163
695219
695241
695476
695529
695829
695869
695945
695986
696099
696181
696239
696373
696477
696559
696611
696669
696738
696860
697266
697537
697668
697687
698077
698089
698117
698397
698549
698572
698590
698595
698657
698744
699075
699098
699262
699277
699396
699471
699588
699648
699759
699991
700025
700091
700121
700129
700168
700173
700220
700342
700345
700777
700828
700872
700878
700915
701243
701336
701425
701449
701478
701571
701660
701702
701707
701767
701797
701860
701935
701939
701989
702276
702317
702325
702380
702440
702630
702687
702794
702800
702894
703328
703453
703462
703531
703631
703650
703674
703676
703736
703931
704158
704245
704271
704425
704437
704562
704575
704625
704674
704715
704715
704987
705021
705195
705378
705459
705472
705504
705751
705922
706002
706234
706417
706426
706729
706797
706972
707031
707250
707253
707315
707322
707378
707506
707520
707609
707628
707670
707809
707851
707865
707970
707972
708022
708254
708301
708341
708368
708492
708546
708608
708815
708947
709010
709032
709036
709089
709334
709433
709434
709466
709540
709622
709624
709734
709761
709793
709968
709978
709994
710130
710166
710250
710410
710503
710585
710652
710699
710765
710837
711228
711293
711378
711401
711406
711423
711597
711604
711765
711925
711987
712225
712369
712442
712542
712831
713035
713042
713361
713688
713773
713833
714097
714130
714141
714205
714286
714513
714731
714802
714917
714992
715018
715110
715170
715232
715329
715479
715501
715690
715867
716152
716631
716773
717017
717145
717380
717422
717513
717707
717740
717918
718010
718196
718503
718539
718589
718665
718749
718782
718784
718811
718931
718971
719035
719100
719496
719542
719603
719640
719688
719708
719845
719907
719947
720067
720148
720545
720789
720975
721000
721060
721325
721511
721598
721645
721666
721753
721976
722082
722113
722237
722286
722292
722485
723126
723241
723243
723387
723515
723620
723651
723749
723832
723963
724151
724248
724352
724489
724609
724821
724871
724903
725003
725095
725111
725116
725209
725284
725358
725453
725590
725594
725725
725737
725980
726241
726402
726445
726540
726565
726637
727086
727194
727419
727506
727591
727614
727800
727808
727942
728028
728322
728444
728498
728548
728854
729166
729253
729605
729850
730170
730177
730372
730625
730680
730773
730802
730821
730848
731014
731305
731372
731471
731604
731644
731733
731748
731848
731863
731877
732171
732293
732294
732300
732411
732523
732583
732763
732814
732979
733023
733041
733047
733052
733062
733108
733194
733445
733473
733740
733897
734074
734131
734142
734442
734753
734834
734836
734849
735112
735116
735131
735161
735185
735287
735292
735442
735612
735806
735879
736427
736456
736475
736618
736792
736795
736827
737072
737216
737325
737334
737483
737498
737665
737676
737718
737729
737778
737967
737990
738015
738184
738304
738359
738363
738398
738415
738600
738661
738765
738801
738806
738947
739060
739156
739213
739304
739343
739345
739423
739425
739545
739675
739769
739874
739938
739938
740109
740370
740372
740389
740449
740495
740692
740805
740962
740983
741088
741113
741292
741598
741620
741807
741834
741876
741878
742034
742129
742201
742258
742443
742490
742507
742699
742749
742758
742795
742815
742991
743016
743070
743252
743287
743288
743474
743702
743775
743821
743872
744557
744754
744787
744825
745007
745036
745193
745362
745478
745570
745582
745674
745810
745824
745831
746194
746478
746481
746494
746930
746975
746991
746994
747039
747240
747265
747295
747514
747766
747987
747994
748103
748208
748285
748294
748361
748499
748502
748705
748808
748840
748915
748929
748995
749000
749162
749167
749197
749203
749219
749267
749357
749494
749638
749718
749922
749951
750007
750146
750313
750684
750718
750731
750845
751145
751328
751333
751352
751411
751515
751622
751664
751699
751732
751948
751976
752356
752420
752569
752670
752953
752979
753111
753136
753250
753928
754028
754173
754240
754312
754341
754355
754428
754642
754795
754892
755147
755651
755810
755868
755965
756036
756181
756236
756625
756637
756834
756898
756928
757043
757232
757281
757370
757376
757472
757474
757603
757692
757731
757936
757993
758124
758238
758333
758552
758640
758739
758739
758852
759021
759035
759121
759227
759381
759382
759492
759544
759698
760051
760085
760514
760580
760604
760653
761274
761426
761630
761753
762082
762082
762340
762366
762501
763055
763144
763146
763153
763174
763319
763337
763387
763570
763794
763799
764067
764088
764095
764306
764402
764453
764490
764549
764724
764952
765087
765119
765120
765206
765225
765468
765484
765487
766032
766122
766141
766323
766362
766459
766616
767311
767344
767651
767672
767678
767750
767800
768103
768103
768117
768152
768174
768238
768282
768348
768432
768450
768519
768584
768696
768952
769024
769109
769273
769373
769388
769395
769427
769455
769720
769804
769822
769849
770016
770165
770203
770217
770271
770279
770488
770684
770712
770747
770816
771503
771601
771649
771663
771683
771691
771743
771775
771948
772160
772230
772380
772458
772585
772643
772915
772939
772993
773021
773151
773170
773212
773268
773366
773474
773558
773676
773856
773858
774131
774143
774159
774205
774223
774257
774268
774300
774423
774571
774584
775073
775333
775612
775697
775844
776207
776216
776290
776330
776335
776392
776418
776425
776531
776583
776735
776781
776812
777024
777142
777380
777399
777405
777454
777490
777685
777715
777993
778070
778146
778459
778583
778636
778698
778741
778744
778815
778968
779152
779170
779219
779221
779349
779373
779533
779546
779553
779940
779991
780450
780476
780528
780569
780738
780801
780921
781035
781050
781487
782250
782254
782392
782573
782654
782673
782717
782723
782724
782739
782746
782860
782974
783207
783254
783268
783476
783485
783668
783734
783781
783804
783839
783847
783924
784216
784225
784275
784297
784339
784350
784381
784538
784575
784655
784678
784762
784809
784868
785069
785215
785351
785365
785399
785466
785471
785547
785696
785716
785737
785772
785793
785798
785840
785847
785864
785878
785937
786077
786244
786333
786473
786588
786716
786719
786738
787005
787079
787181
787251
787255
787445
787519
787567
787654
787789
788187
788287
788529
788583
788724
788781
788810
788853
789065
789108
789127
789195
789221
789502
789578
789678
789771
789859
789934
789968
790060
790101
790146
790263
790543
790597
790657
790736
790752
790776
790794
790816
790818
790947
791045
791182
791206
791536
791773
791828
791859
791931
792058
792292
792300
792733
792750
792780
792874
792915
792933
792970
793234
793279
793383
793444
793449
793455
793664
793744
793749
793762
793940
794048
794116
794170
794218
794268
794455
794607
794749
794991
795073
795083
795333
795446
795883
796015
796039
796041
796049
796088
796135
796236
796261
796293
796384
796390
796637
796839
796841
796950
796984
797112
797137
797177
797359
797394
797413
797435
797686
797792
798039
798101
798304
798343
798415
798429
798519
798718
799043
799090
799151
799160
799360
799362
799381
799440
799477
799854
800065
800130
800130
800174
800175
800225
800266
800395
800821
800845
800858
800903
800975
801009
801059
801105
801297
801350
801538
801557
801618
801714
801820
801929
802122
802428
802462
802587
802854
802940
802991
803008
803199
803234
803259
803355
803436
803476
803690
803734
803973
803984
803997
804141
804251
804255
804325
804336
804383
804463
804465
804626
804859
804962
804996
805111
805268
805329
805507
805754
805871
805929
805964
805994
806007
806081
806320
806446
806518
806557
806581
806651
806720
806979
806995
807215
807233
807441
807462
807631
808161
808485
808610
808627
808789
808849
808871
809029
809249
809304
809315
809387
809521
809530
809633
809686
809759
810048
810156
810199
810205
810269
810461
810490
810563
810587
810622
810718
810977
810990
811027
811116
811119
811528
811669
811685
811867
811913
812009
812144
812194
812365
812409
812548
812586
812663
812801
813130
813213
813383
813578
813618
813694
813737
814001
814040
814332
814493
814829
814838
815085
815197
815299
815310
815590
815670
815676
815705
815706
815808
815887
815928
816012
816404
816458
816505
816558
816656
816662
816708
816725
816917
817210
817357
817363
817401
817583
817651
817826
817845
817870
817912
817923
818035
818253
818362
818365
818388
818680
818685
818867
818877
818913
819191
819245
819273
819314
819320
819444
819466
819643
819704
819751
819806
819882
820004
820158
820299
820506
820531
820604
820657
820809
820835
820953
820997
821100
821135
821261
821305
821330
821342
821434
821472
821559
821672
821732
821779
821854
821870
821935
821939
821968
822014
822111
822114
822124
822148
822177
822222
822461
822561
822812
822825
822872
822947
823032
823162
823207
823321
823493
823561
823617
823683
823735
823807
823941
823996
824008
824107
824355
824382
824502
824696
824820
824848
824851
824867
824895
824913
824920
824923
824974
825414
825448
825489
825610
825734
826053
826082
826102
826217
826366
826368
826697
826753
826767
826819
826900
826905
827061
827095
827168
827201
827280
827323
827374
827409
827500
828076
828104
828119
828156
828182
828310
828440
828543
828567
828598
828668
828733
828744
828752
828792
829140
829348
829504
829611
829642
829695
829707
829810
829876
829929
829943
830002
830054
830402
830529
830595
830647
830662
830726
830960
830966
831024
831350
831426
831534
831627
831644
831712
831787
831820
832015
832185
832191
832321
832409
832554
832561
832589
833081
833287
833374
833685
833772
833775
833836
833852
833870
833874
833939
834159
834299
834371
834421
834423
834531
834559
834568
834764
834963
834996
835193
835222
835335
835351
835432
835454
835510
835521
835648
835764
835767
835833
835854
835911
836038
836158
836434
836525
836556
836582
836706
837033
837071
837104
837182
837205
837382
837546
837608
837640
837782
837890
837928
837991
838062
838117
838118
838172
838239
838244
838316
838591
838627
838729
838959
839055
839110
839269
839357
839423
839458
839840
840085
840164
840248
840401
840619
840708
840868
840985
841027
841125
841148
841269
841295
841386
841623
841820
841821
841842
841942
841994
842074
842190
842232
842242
842249
842272
842351
842414
842477
842512
842602
842656
842690
842781
842814
843112
843202
843296
843339
843487
843667
843760
843765
843859
843883
844032
844195
844284
844286
844533
844590
844616
844639
844689
844713
844736
844738
844749
844771
844787
844862
844899
845057
845233
845325
845475
845527
845553
845553
845688
845768
845816
845943
845943
845993
846061
846191
846255
846385
846498
846717
846756
846798
846818
846842
846893
846904
846992
847034
847364
847408
847631
848044
848116
848220
848303
848383
848386
848489
848584
848675
848812
848841
849056
849096
849110
849130
849137
849189
849465
849502
849752
849959
850047
850062
850311
850311
850369
850402
850779
851083
851136
851148
851216
851394
851445
851488
851495
851637
851854
852187
852224
852232
852463
852535
852588
852636
852705
852764
852876
853012
853014
853201
853392
853409
853480
853579
853664
853694
854001
854087
854163
854198
854297
854298
854378
854479
854538
854543
854544
854579
854623
854684
854809
854925
854959
855069
855088
855477
855539
855540
855553
855634
855803
855918
856051
856110
856111
856151
856200
856310
856490
856536
856602
856628
856771
856855
857015
857101
857276
857445
857458
857656
857687
857720
858014
858039
858144
858306
858320
858498
858796
858844
858912
858936
859076
859139
859145
859230
859352
859541
859573
859597
859982
860038
860050
860386
860526
860877
861058
861174
861177
861356
861531
861787
861826
861837
861887
862005
862058
862241
862733
862869
862909
862956
863001
863032
863104
863107
863222
863323
863381
863449
863518
863568
863571
863707
863789
863796
863940
863962
864117
864295
864325
864326
864332
865059
865100
865109
865341
865341
865772
865794
866158
866268
866373
866712
866717
866743
867245
867397
867676
867687
867689
867747
867803
867858
867993
867996
868164
868167
868175
868182
868234
868310
868387
868623
868720
868722
868741
868903
869067
869274
869372
869738
869882
869946
869946
869957
869970
869992
870024
870052
870071
870086
870195
870218
870241
870274
870318
870322
870413
870527
870625
870665
870677
870682
870709
870838
870924
871037
871041
871127
871305
871320
871326
871511
871547
871553
871618
871765
871788
871812
871885
871938
872052
872231
872376
872453
872520
872564
872749
872788
872829
872844
872994
873035
873070
873095
873200
873345
873414
873612
873707
873781
873802
873841
874114
874120
874161
874223
874269
874402
874421
874422
874452
874482
874496
874581
874726
874809
874816
875113
875382
875395
875441
875472
875514
875967
876022
876031
876035
876111
876207
876345
876568
876599
876908
876925
876941
876970
877009
877209
877251
877277
877289
877325
877369
877389
877732
877737
877750
877854
877983
878057
878139
878180
878264
878297
878368
878451
878462
878567
878627
878769
879006
879028
879072
879166
879309
879365
879367
879490
879598
879710
879725
879739
879751
879795
879985
880143
880150
880203
880351
880359
880425
880664
880704
880710
880718
880737
880844
881155
881172
881192
881291
881381
881417
881420
881761
881887
881997
882082
882106
882135
882399
882428
882438
882440
882760
882827
882942
883006
883038
883198
883260
883279
883415
883642
883694
884162
884248
884420
884452
884485
884515
884539
884803
884863
884864
884909
884966
885113
885227
885411
885559
885584
885586
885926
886188
886193
886198
886231
886234
886331
886552
886659
886679
886726
886769
886811
886844
886949
887067
887109
887231
887394
887409
887439
887455
887615
887843
887844
887880
888046
888344
888415
888629
888750
889063
889215
889229
889390
889464
889752
889902
889968
889981
890010
890010
890066
890549
890771
890776
891039
891104
891106
891237
891262
891275
891462
891468
891567
891597
891930
892201
892506
892649
892674
892749
892852
892899
892985
893126
893331
893340
893371
893479
893550
893559
893568
893588
893592
893680
893687
893703
893727
893782
893975
894037
894131
894245
894292
894457
894618
894624
894664
894721
894805
894814
894820
894921
895024
895025
895053
895295
895317
895341
895453
895487
895597
895683
895871
896071
896112
896129
896318
896326
896539
896548
896549
896588
896671
896727
896757
896814
896950
897031
897064
897071
897083
897371
897445
897576
897607
897656
897720
897762
897848
898114
898145
898239
898339
898418
898624
898985
899577
899710
899815
899919
900090
900119
900233
900260
900350
900468
900552
900571
900667
900801
900805
900867
900870
900984
901113
901155
901171
901480
901713
901786
901822
901832
901998
902081
902096
902118
902177
902277
902293
902422
902682
903040
903051
903560
903716
903781
903882
903895
903992
903996
904022
904063
904072
904480
904493
904533
904693
904751
904929
905389
905428
905508
905622
905867
905875
905884
905974
906215
906436
906764
906861
907029
907040
907054
907159
907165
907223
907407
907465
907668
907913
907920
908045
908273
908545
908603
908682
908722
908939
908987
909009
909146
909486
909612
909680
909725
909837
910033
910206
910560
910737
910936
911114
911255
911277
911307
911364
911412
911702
911773
911983
912180
912196
912326
912371
912686
912741
912782
912850
912940
912971
913155
913368
913462
913507
913552
913679
913691
913815
914024
914074
914255
914671
914956
915144
915162
915310
915319
915338
915482
915664
915739
915860
915917
915943
916090
916261
916512
916567
916573
916648
916778
916787
917039
917105
917151
917236
917269
917305
917408
917489
917497
917606
918341
918477
918549
918621
918700
918884
918920
918980
919476
919512
919548
919660
919660
919706
919803
919825
919890
919939
920180
920199
920211
920261
920512
920722
920736
920839
920841
920867
921046
921083
921148
921202
921368
921372
921549
921902
922072
922117
922125
922250
922292
922296
922407
922423
922604
922632
922802
922860
922913
922927
923187
923212
923249
923267
923469
923580
923593
923680
923737
923767
923883
924020
924144
924255
924316
924599
924609
925249
925410
925540
925646
925661
925685
925715
926115
926165
926190
926223
926261
926375
926440
926705
926793
926967
926996
926996
927023
927343
927666
927905
927960
927970
927995
928072
928164
928266
928359
928531
928576
928828
928901
929027
929091
929165
929282
929288
929290
929303
929356
929399
929538
929560
929604
929691
929748
929775
930125
930131
930259
930435
930450
930579
930771
930802
930858
931148
931184
931198
931382
931392
931456
931985
932212
932278
932426
932702
932850
932874
933074
933085
933148
933288
933322
933367
933440
933445
933479
933503
933572
933573
933822
933903
933950
934015
934034
934055
934069
934165
934248
934369
934404
934745
935010
935032
935174
935341
935378
935510
935739
935945
935983
936061
936130
936278
936575
936578
936742
936768
937003
937145
937169
937450
937569
937844
937996
938163
938248
938256
938340
938495
938552
938565
938700
938867
939006
939021
939211
939236
939285
939410
939573
939642
939786
939879
940049
940141
940426
940437
940494
940502
940810
940857
940874
941052
941133
941198
941223
941230
941537
941557
941599
941836
942017
942033
942046
942132
942218
942234
942243
942268
942317
942335
942576
943027
943169
943203
943246
943269
943345
943483
943516
943578
943738
943744
943775
943989
944103
944121
944145
944244
944341
944468
944658
944757
944782
944798
944879
944959
944973
944985
945018
945038
945061
945595
945736
945918
945972
946201
946339
946612
946678
947103
947112
947126
947153
947179
947279
947367
947489
947593
947752
947968
947974
948001
948207
948321
948330
948411
948412
948452
948582
948619
948816
949140
949167
949887
950008
950063
950457
950459
950654
950715
950756
950777
950827
950831
950942
951113
951146
951243
951361
951524
951570
951776
952043
952120
952137
952153
952182
952187
952223
952829
952934
952951
952967
953027
953045
953197
953259
953296
953386
953482
953499
953514
953578
953763
953840
954067
954152
954279
954373
954405
954411
954424
954671
954773
954784
954836
954920
955004
955505
955797
955929
956024
956194
956589
956615
956652
956692
956696
956880
957058
957098
957109
957117
957160
957180
957240
957298
957318
957587
957593
958045
958073
958204
958414
958503
958740
958872
959095
959254
959397
959421
959433
959434
959503
959521
959621
959916
959930
960080
960441
960479
960549
960649
960730
960805
960845
960903
960918
961076
961187
961232
961233
961275
961308
961318
961389
961418
961466
961517
961561
961702
961817
961904
961935
961959
962125
962396
962397
962486
962538
962549
962575
962775
962785
962849
963056
963171
963329
963448
963499
963667
963836
964093
964282
964287
964344
964411
964549
964782
964889
964968
965084
965131
965338
965393
965487
965536
965656
965768
965831
965831
965839
965912
965939
966064
966087
966101
966275
966280
966292
966390
966483
966572
966634
966703
966735
966806
966939
966967
967025
967028
967151
967151
967188
967232
967273
967512
967536
967878
967880
967993
968072
968124
968151
968327
968621
968873
968923
969000
969000
969001
969047
969218
969260
969422
969461
969626
969686
969702
969728
969767
969835
969838
970090
970169
970314
970420
970493
970526
970601
970811
971009
971040
971087
971129
971405
971569
971605
971793
971868
971882
971915
971964
971977
971986
971998
972085
972087
972234
972440
972466
972468
972559
972563
972731
973023
973109
973118
973138
973153
973177
973258
973260
973357
973396
973494
973602
973753
973940
973961
974079
974082
974088
974108
974215
974458
974491
974521
974581
974682
974815
975002
975096
975301
975391
975506
975578
975740
975743
975798
975964
976212
976250
976482
976512
976684
976767
976821
976864
976899
976901
976949
976975
977135
977185
977228
977295
977404
977683
977817
978133
978169
978177
978177
978211
978267
978290
978364
978469
978502
978517
978610
978641
978792
978956
979105
979137
979141
979271
979360
979513
979638
979847
979867
980000
980052
980241
980324
980499
980591
980660
980829
980910
981132
981140
981213
981425
981436
981464
981629
981655
981693
981749
981760
981768
981841
981901
982158
982193
982483
982543
982700
982837
983229
983285
983352
983448
983675
983705
983723
983766
983827
983848
983908
984049
984061
984168
984496
984806
984825
984893
985717
985937
985961
985978
986246
986262
986282
986299
986344
986377
986526
986675
986731
986731
986769
987002
987114
987204
987277
987297
987390
987487
987593
987694
987728
987745
988018
988245
988256
988351
988629
989079
989108
989323
989333
990024
990063
990109
990311
990745
990802
991052
991156
991178
991224
991255
991272
991360
991392
991447
991472
991494
991813
991886
992253
992321
992323
992457
992543
992593
992625
992730
992853
992906
993009
993113
993115
993202
993322
993399
993579
993590
993719
994047
994160
994203
994286
994305
994401
994606
994824
994963
995003
995100
995101
995105
995138
995254
995271
995348
996005
996009
996091
996212
996364
996384
996453
996457
996693
996848
996852
996985
997064
997105
997191
997257
997258
997288
997337
997548
997588
998008
998083
998132
998216
998409
998464
998586
998709
998989
999102
999178
999374
999548
999607
999921