41
70
260
444
510
593
703
896
1032
1033
1060
1126
1211
1684
1731
1783
1802
1866
1926
1994
2323
2457
2463
2518
2692
2902
3322
3371
3721
3766
4006
4067
4071
4111
4260
4651
4686
4770
4819
4872
5129
5206
5206
5365
5498
5569
5834
5853
6005
6461
6574
6665
6876
6901
6921
6930
7017
7140
7163
7379
7394
7615
7807
8202
8242
8305
8523
8526
8623
8630
8656
8770
8816
8906
8926
8974
9049
9231
9323
9361
9366
9475
9518
9631
9694
9756
9872
9959
10100
10224
10260
10265
10519
10710
10865
10949
10973
11222
11290
11318
11349
11379
11505
11580
11856
12027
12036
12170
12231
12321
12327
12457
12536
12786
12967
12981
13031
13040
13099
13227
13263
13267
13322
13411
13549
13595
13625
13803
13883
13962
13976
14026
14042
14270
14279
14496
14529
14555
14596
14899
14975
15131
15131
15153
15333
15457
15509
15624
15821
15870
15895
15916
16294
16473
16618
16631
16718
16905
17077
17257
17323
17345
17354
17450
17452
17597
17807
17969
18009
18010
18296
18308
18555
18565
18573
18637
18849
18988
19219
19402
19557
19860
19879
19926
20231
20575
20645
20662
20667
20843
21056
21240
21254
21426
21639
21747
21943
21976
21999
22002
22094
22187
22473
22498
22574
22680
22753
22798
22822
22905
22943
22973
22979
22993
23074
23260
23268
23573
23826
23847
24141
24172
24189
24357
24467
24512
24545
24563
24566
24573
24632
24760
24786
25014
25060
25073
25088
25435
25545
25948
26490
26566
26670
26805
26880
26966
27051
27069
27082
27244
27316
27401
27406
27501
27552
27642
27985
28165
28245
28338
28526
28622
28734
28765
28889
28941
28969
28993
29103
29160
29171
29556
29641
29665
29669
29721
29826
29861
30040
30076
30181
30197
30314
30346
30491
30530
30620
30634
31009
31052
31076
31088
31118
31243
31289
31296
31318
31325
31397
31505
31813
31839
32215
32528
32541
32549
32961
33024
33272
33309
33321
33408
33418
33590
33701
33759
33925
33999
34065
34104
34123
34151
34240
34362
34582
34599
34875
34905
35210
35219
35247
35293
35425
35686
35879
35962
36171
36212
36621
36627
36722
36887
36894
36954
36999
37030
37159
37300
37311
37496
37547
37653
37739
37962
38159
38258
38262
38350
38407
38449
38467
38485
38506
38550
38837
38916
39011
39232
39247
39447
39883
39906
40315
40564
40604
40654
40766
40863
40883
41041
41070
41443
41608
41971
42155
42390
42573
42868
42886
42925
42986
43008
43173
43485
43663
43707
43758
43863
43885
44183
44223
44243
44303
44329
44394
44403
44494
44604
44622
44641
44741
45109
45121
45209
45224
45276
45483
45595
45640
45671
45937
45949
46011
46028
46121
46142
46152
46672
46702
47013
47127
47131
47140
47217
47265
47280
47310
47681
47738
47746
47788
47936
48038
48149
48216
48237
48247
48326
48442
48466
48476
48553
48623
48830
49045
49164
49195
49333
49360
49509
49751
50226
50292
50330
50347
50356
50407
50550
50561
50613
50637
50741
50832
50953
50969
51043
51160
51702
51767
51822
51858
51968
52005
52078
52176
52318
52337
52440
52465
52482
52571
52578
52672
52768
52824
52899
52973
52995
53296
53348
53544
53646
53674
53786
53841
53974
54041
54118
54151
54289
54455
54519
54524
54641
54799
54804
54876
54907
54960
54978
55026
55155
55234
55312
55359
55396
55653
56121
56188
56243
56298
56357
56530
57028
57047
57087
57110
57170
57253
57271
57294
57485
57519
57609
57732
57942
57973
58029
58089
58106
58221
58378
58388
58393
58487
58500
58584
58619
58765
58910
59016
59152
59219
59245
59320
59456
59466
59617
59773
59970
60080
60089
60438
60500
60615
60814
60815
60840
60857
60997
61091
61223
61355
61642
61760
61787
61872
61964
62013
62024
62048
62222
62237
62356
62547
62738
62869
62898
62959
63183
63196
63268
63294
63863
63917
63919
63995
64087
64129
64241
64378
64807
64821
65114
65161
65171
65290
65392
65436
65447
65449
65524
65606
65660
65697
65770
65874
65966
65969
66026
66091
66133
66194
66327
66384
66391
66632
66654
66661
66718
66734
66882
67017
67111
67286
67298
67306
67308
67330
67445
67552
67567
67669
67716
67716
67768
67890
67950
68030
68031
68275
68283
68304
68350
68506
68528
68626
68635
68636
68660
68667
68901
68932
69061
69114
69164
69255
69373
69563
69845
69967
70007
70089
70283
70300
70497
70544
70625
70662
70805
70818
70923
70925
70971
71036
71295
71297
71320
71550
71564
71589
71644
71705
71831
71985
72238
72273
72331
72561
72829
72953
73015
73083
73245
73270
73301
73404
73631
73641
73794
73992
74701
74751
74875
75045
75107
75175
75397
75445
75516
75521
75535
75678
75706
75803
75878
75912
75926
76121
76158
76281
76283
76322
76407
76549
76720
76739
76780
76906
77068
77128
77223
77250
77483
77530
77718
77855
78020
78232
78233
78306
78333
78378
78385
78681
78752
78792
78831
78958
79070
79346
79547
79593
80127
80161
80258
80348
80487
80614
80690
81002
81051
81107
81155
81165
81283
81403
81570
81623
81623
81635
81718
82117
82450
82510
82591
82593
82644
82814
83267
83328
83461
83600
83684
84140
84227
84265
84284
84401
84469
84537
84889
84950
85199
85276
85335
85351
85414
85439
86025
86214
86228
86507
86574
86825
86844
86885
86948
87012
87040
87150
87456
87519
87575
87658
87761
87790
87905
87949
88068
88200
88202
88285
88357
88370
88428
88452
88521
88555
88690
88700
88717
88918
88967
88985
89136
89335
89417
89703
89849
90113
90186
90313
90504
90542
90670
90721
90833
90901
90907
90911
90929
90962
90991
91086
91268
91271
91279
91290
91353
91359
91370
91453
91459
91536
91615
91748
91752
91836
91958
91984
92001
92209
92246
92265
92441
92586
92799
93081
93088
93193
93263
93274
93286
93448
93675
93933
93945
94037
94114
94120
94239
94451
94479
94652
94905
94971
95110
95210
95213
95244
95257
95518
95621
95762
95818
95841
96205
96268
96710
97147
97224
97266
97269
97288
97336
97414
97466
97668
97734
97857
98062
98123
98169
98201
98314
98392
98397
98491
98594
98938
99120
99235
99384
99424
99680
99768
99896
99920
99991
99996
100257
100261
100416
100434
100438
100511
100655
100757
100805
100872
101178
101234
101243
101321
101356
101357
101373
101382
101408
101437
101443
101471
101498
101506
101703
101857
101877
102146
102198
102272
102352
102550
102612
102620
102646
102744
102848
102880
102892
103172
103174
103248
103448
103577
103778
103825
104022
104030
104134
104275
104402
104455
104607
104655
104731
104831
104940
105192
105274
105279
105308
105351
105406
105419
105487
105530
105653
105837
105858
106148
106388
106401
106470
106505
106671
106719
106760
106762
106928
107058
107060
107326
107362
107423
107540
107547
107575
107616
107624
107754
107853
107898
108014
108090
108182
108212
108212
108305
108322
108467
108487
108556
108689
108966
109141
109158
109254
109602
109681
109735
109789
109818
109872
110091
110134
110200
110395
110442
110672
110989
111137
111182
111244
111268
111300
111312
111350
111372
111385
111385
111486
111627
111668
111753
111753
111795
111944
111945
112022
112032
112087
112271
112368
112428
112514
112568
112585
112614
113036
113297
113333
113430
113496
113545
113602
113705
113853
113885
113921
113994
114209
114313
114412
114430
114469
114560
114573
114644
114737
114829
114941
115037
115226
115271
115306
115354
115362
115471
115655
115712
115721
115733
115915
116071
116105
116310
116342
116516
116813
117003
117033
117081
117162
117281
117469
117486
117536
117624
117736
117764
117967
118097
118101
118342
118346
118768
118807
118848
118988
119094
119128
119148
119196
119336
119373
119443
119692
119765
119979
119998
120108
120123
120206
120400
120437
120444
120449
120499
120537
120644
120735
120809
120834
120922
121029
121038
121117
121168
121188
121233
121287
121388
121500
121662
121690
121690
121775
121939
121973
121982
122006
122093
122126
122224
122315
122333
122349
122353
122443
122676
122832
122888
122913
123001
123030
123060
123069
123073
123100
123102
123102
123203
123207
123220
123280
123454
123793
123840
123864
123968
124035
124045
124085
124350
124373
124437
124995
125402
125536
125583
125709
125826
126021
126139
126222
126223
126470
126513
126609
126618
126640
126965
126993
127053
127240
127314
127321
127481
127574
127602
127629
127949
127982
128092
128182
128319
128505
128512
128691
128704
128780
128849
128885
128940
129040
129085
129167
129202
129280
129366
129460
129629
129697
129917
129981
130204
130275
130346
130447
130494
130505
130573
130608
130681
130750
130878
130950
131034
131268
131327
131335
131367
131431
131443
131543
131544
131561
131867
131942
132138
132350
132388
132519
132524
132532
132624
132689
132824
132846
133051
133231
133648
133712
133785
133894
134024
134136
134205
134432
134442
134585
134606
134859
134996
135043
135092
135342
135402
135448
135575
135766
136066
136126
136136
136404
136469
136646
136682
136703
136724
136815
136865
136917
136963
137109
137123
137169
137210
137437
137446
137486
137518
137522
137582
137689
137695
137778
137974
137985
138004
138240
138479
138505
138531
138785
138827
138902
138913
138958
138984
139065
139202
139294
139304
139693
139828
139837
139900
140014
140061
140151
140239
140355
140370
140468
140525
140540
140572
140637
140780
140831
140844
140871
141016
141293
141312
141381
141531
141553
141611
141734
141907
141985
142041
142136
142191
142239
142317
142413
142490
142498
142533
142544
142946
143005
143018
143060
143147
143187
143447
143642
143673
143706
143745
143822
143836
143922
144149
144178
144179
144328
144352
144409
144419
144494
144708
144725
144828
144838
144915
145019
145041
145075
145209
145342
145405
145485
145642
145753
145932
146036
146068
146645
146656
146878
146890
146906
146931
146934
146950
147385
147535
147568
147577
147597
147644
147912
147920
148094
148120
148150
148350
148437
148441
148565
148724
148795
148840
148874
148877
148927
149065
149137
149468
149499
149536
149642
149748
149990
150075
150133
150169
150271
150296
150336
150522
150597
150604
150605
150609
150620
150625
150635
150955
151179
151230
151511
151563
151632
151687
151931
151970
152017
152087
152168
152567
152596
152854
152856
152893
152926
152980
153015
153065
153278
153334
153518
153836
153836
154315
154345
154463
154578
154691
154769
154945
154955
155219
155227
155273
155325
155561
155765
155889
156127
156152
156228
156585
156590
156625
156901
156944
156990
157014
157300
157319
157557
157644
157917
158129
158326
158342
158346
158364
158407
158748
158761
158981
159002
159006
159012
159032
159225
159404
159614
159658
159844
160105
160209
160334
160549
160567
160666
160747
160772
160787
160833
160911
160998
161024
161124
161262
161269
161407
161410
161695
161806
161833
162120
162141
162397
162406
162426
162438
162534
162550
162572
162600
162665
162698
162775
162815
162819
162841
162925
162979
163202
163206
163261
163311
163327
163404
163431
163677
163723
163799
163871
163920
164064
164198
164241
164267
164318
164402
164413
164610
164621
164722
164746
164866
164919
165108
165185
165276
165296
165323
165337
165380
165539
165647
165664
166068
166131
166393
166410
166429
166435
166590
166832
166922
166978
167045
167176
167410
167537
167912
167917
168028
168080
168251
168361
168541
168751
168768
169003
169032
169047
169155
169313
169465
169550
169561
169628
169736
169750
169851
169883
169947
170010
170076
170165
170172
170231
170242
170269
170504
170516
170616
170747
170775
170981
171077
171080
171199
171266
171292
171321
171327
171350
171384
171567
171691
171879
171946
171975
172012
172218
172246
172293
172470
172765
172874
172878
172913
173125
173161
173260
173477
173774
173776
173800
174079
174080
174194
174349
174399
174438
174616
174636
174656
174702
175117
175169
175290
175629
175714
175757
175900
176047
176492
176613
176617
176705
176864
176886
176927
177004
177164
177277
177386
177505
177529
177661
177676
177953
177959
178025
178062
178233
178329
178334
178380
178387
178559
178731
179094
179110
179155
179178
179207
179327
179469
179510
179542
179551
179603
179757
179772
179978
180163
180194
180290
180338
180349
180413
180596
180736
181112
181171
181292
181390
181425
181692
181750
181867
181905
182103
182198
182322
182431
182439
182498
182568
182751
182788
183038
183208
183255
183321
183338
183369
183410
183908
183957
184026
184346
184430
184601
184690
184693
184710
184800
185071
185136
185190
185241
185271
185271
185290
185461
185666
185810
185825
185915
186158
186323
186365
186518
186594
186807
186827
186980
186994
187580
187920
188019
188050
188535
188790
189108
189204
189302
189442
189552
189609
189620
189651
189692
189742
189786
189793
189856
189967
190216
190425
190448
190601
190606
190620
190663
190726
191021
191168
191197
191235
191341
191348
191485
191563
191602
191863
191915
192257
192284
192509
192578
192618
192817
192833
193121
193196
193210
193343
193473
193550
193947
193952
193969
194193
194414
194492
194619
194653
194855
194978
194983
195140
195142
195212
195341
195364
195457
195520
195632
195692
195746
195911
196229
196296
196441
197080
197220
197229
197542
197614
197873
197920
198185
198405
198471
198483
198484
198585
198675
198689
198709
198710
198763
198813
198874
199097
199128
199227
199269
199347
199524
199992
200056
200115
200325
200327
200365
200370
200404
200661
200849
200957
200962
201003
201184
201229
201295
201313
201318
201408
201732
201751
201764
201976
202037
202348
202448
202591
202604
202810
202896
203017
203064
203124
203323
203446
203555
203572
203669
203717
203759
203776
203865
204050
204261
204349
204410
204432
204458
204496
204522
204840
204876
204913
204920
205049
205050
205182
205200
205234
205235
205236
205310
205798
205838
205841
205958
205962
206128
206135
206185
206200
206341
206372
206506
206787
206810
206964
207323
207340
207447
207559
207565
207641
207740
207856
207924
207924
208010
208018
208109
208131
208360
208620
208707
208723
208974
209122
209272
209392
209768
209930
210069
210214
210224
210354
210381
210630
210745
210835
210979
211137
211258
211482
211503
211518
211658
211835
211990
212038
212082
212159
212196
212366
212596
212607
212643
212837
212922
213339
213367
213389
213449
213770
213890
213976
214176
214344
214543
214665
214888
214892
214908
214950
215230
215261
215271
215380
215431
215517
215907
215945
216002
216020
216177
216196
216202
216222
216344
216478
216514
216559
216674
216922
217367
217440
217742
217744
217898
217917
217972
218011
218019
218023
218074
218109
218336
218391
218458
218485
218617
218704
218720
219123
219341
219722
219840
219873
220000
220042
220083
220106
220153
220155
220320
220413
220480
220498
220514
220615
220701
220752
220831
220851
221003
221044
221067
221140
221152
221429
221444
221531
221654
221732
221771
221800
221859
221883
221888
221890
222030
222044
222182
222189
222325
222561
222624
222885
222917
223160
223308
223332
223397
223420
223524
223564
223601
224073
224299
224417
224568
224651
224765
224887
224991
225043
225063
225149
225349
225463
225505
225520
225581
225582
225593
225641
225758
225840
225922
226013
226102
226261
226274
226585
226778
226867
226889
226952
226986
227050
227145
227188
227334
227381
227518
227762
227867
227922
227984
228257
228283
228315
228435
228580
228634
229060
229096
229219
229311
229341
230430
230534
230588
230699
230760
230808
230922
231069
231222
231230
231554
231569
231577
231585
232019
232040
232099
232252
232278
232315
232445
232469
232489
232530
232681
232742
232801
232814
232887
232962
233041
233158
233313
233362
233447
233564
233730
233843
233859
233989
233990
234028
234106
234170
234179
234223
234224
234358
234594
234617
234620
234623
234633
234660
234820
234890
235051
235156
235439
235462
235624
235636
235715
235736
235736
235757
235847
235967
236099
236188
236205
236219
236231
236364
236371
236483
236575
236754
236793
236930
237177
237184
237507
237601
237606
237847
237910
238007
238131
238131
238367
238389
238675
238698
238735
238834
238926
239150
239222
239326
239340
239538
239697
239894
240003
240184
240257
240346
240537
240554
240565
240737
240778
240947
241004
241035
241087
241160
241208
241217
241218
241293
241315
241465
241586
241599
241711
241737
242188
242350
242384
242675
242712
242751
242795
242834
242970
243281
243316
243422
243599
243609
243654
243747
243831
243938
244253
244370
244811
244834
245040
245200
245268
245316
245355
245376
245468
245495
245547
245645
245684
245775
245806
245918
246011
246165
246221
246244
246254
246263
246293
246589
246744
246820
246912
247127
247281
247352
247480
247554
247664
247713
247819
247843
248016
248098
248102
248160
248195
248220
248252
248461
248774
248800
248900
249045
249302
249576
249601
249690
249802
249946
249996
250028
250406
250502
250522
250585
250713
250779
250829
251022
251166
251262
251324
251488
251742
251837
251848
252014
252315
252559
252628
252641
252646
252647
252839
253074
253183
253293
253361
253364
253496
253545
253623
253665
253859
253902
253961
253972
254158
254381
254400
254404
254420
254478
254781
254957
255052
255109
255274
255395
255517
255558
255729
255743
255858
255992
256189
256219
256350
256371
256475
256524
256538
256559
256561
256588
256616
256674
256721
256721
257181
257197
257245
257611
257687
257817
257841
257903
258040
258079
258414
258506
258895
258926
259215
259276
259360
259368
259394
259476
259741
259768
259932
259948
260078
260115
260127
260164
260496
260503
260596
260608
260656
260824
260890
261051
261188
261213
261310
261546
261578
261895
261917
261990
262031
262033
262085
262103
262188
262236
262289
262364
262381
262506
262584
262584
262681
262719
262779
262884
263224
263343
263359
263475
263542
263559
263611
263616
263803
263842
263850
263959
264046
264047
264048
264212
264307
264538
265091
265404
265493
265516
265686
265906
265919
266012
266067
266170
266329
266426
266459
266529
266570
266735
266841
267073
267084
267221
267526
267735
268054
268190
268334
268462
268845
268890
269339
269515
269547
269593
269638
269670
269781
269839
269902
269992
270072
270178
270178
270189
270192
270359
270457
270602
271302
271321
271331
271490
271579
271630
271648
271652
271788
271791
271800
272050
272051
272275
272303
272397
272446
272479
272694
272727
272761
272883
273009
273055
273068
273163
273217
273334
273380
273428
273511
273662
273696
274233
274442
274574
274805
274923
274925
274937
274998
275011
275160
275199
275227
275228
275267
275359
275557
275618
275948
275969
276007
276180
276225
276274
276292
276368
276377
276420
276542
276577
276579
276604
276841
276878
277067
277160
277233
277283
277354
277454
277485
277944
278133
278210
278218
278342
278684
278690
278743
278821
278888
278921
279092
279102
279300
279301
279303
279541
279693
279747
279781
280025
280044
280053
280313
280331
280384
280575
280594
280594
280804
280889
280950
280954
280975
281123
281193
281477
281565
281655
281688
281703
281746
281746
282320
282396
282476
282515
282566
282679
282993
283020
283115
283251
283316
283372
283410
283540
283814
283817
283953
283991
284354
284401
284420
284440
285033
285047
285075
285080
285131
285358
285374
285679
285764
285848
285871
285940
286071
286075
286195
286356
286407
286525
286576
287004
287116
287184
287313
287321
287402
287637
287781
287800
287949
287962
288028
288066
288102
288150
288488
288726
288779
288796
288800
289031
289097
289223
289269
289288
289292
289628
289703
289898
290011
290019
290026
290133
290256
290387
290479
290678
290689
290782
290899
291012
291034
291137
291164
291185
291341
291532
291668
291706
291904
292213
292390
292431
292631
292692
292881
292907
292923
292953
292994
293192
293239
293417
293445
293482
293589
293738
293904
293969
294016
294044
294189
294314
294408
294416
294433
294504
294700
294808
294914
294939
295186
295187
295216
295217
295269
295349
295494
295733
295757
295840
295954
296080
296084
296086
296227
296689
296711
296780
296843
296850
296860
296884
297220
297638
297820
297838
297861
297989
297997
298083
298344
298365
298370
298443
298447
298501
298660
298728
298755
299021
299112
299151
299195
299286
299300
299517
299775
300029
300041
300115
300166
300211
300251
300278
300363
300610
300667
300695
300696
300700
300860
300953
300963
301168
301267
301280
301302
301361
301416
301427
301522
301698
301723
301775
301777
302117
302123
302179
302212
302608
302654
302733
303053
303088
303341
303684
303808
303852
303916
304054
304147
304527
304606
304706
304770
304813
304865
305113
305135
305250
305284
305328
305620
305652
305823
305840
306087
306168
306217
306413
306565
306763
306866
306925
306935
306986
307104
307247
307424
307513
307546
307597
307710
307820
307841
308151
308161
308230
308439
308525
308642
308990
309019
309020
309091
309242
309312
309361
309452
309479
309573
309814
310302
310336
310672
310672
310734
310781
311140
311221
311241
311344
311456
311652
311717
311730
311748
311920
312007
312144
312207
312280
312316
312481
312856
312945
313171
313218
313273
313464
313488
313495
313504
313636
313760
313921
314194
314297
314356
314362
314372
314395
314401
314482
314519
314661
314688
314721
314724
314849
314957
315017
315018
315268
315472
315556
315710
315714
315754
315756
315985
316012
316018
316042
316212
316241
316275
316399
316461
316490
316502
316759
316810
316879
317095
317341
317608
317623
317846
318116
318124
318240
318329
318352
318388
318422
318484
318817
318861
318874
318902
318909
318932
318946
318950
319086
319214
319305
319567
319599
319637
319653
319731
319751
319841
319994
320109
320157
320272
320595
320697
320808
320971
321002
321039
321066
321170
321264
321276
321342
321413
321513
321556
321596
321625
321749
321796
321891
321900
321906
321925
322015
322053
322063
322152
322174
322176
322235
322392
322420
322442
322447
322592
322619
322639
322668
322862
322936
323234
323262
323281
323287
323377
323408
323749
323877
324026
324106
324433
324439
324507
324855
324945
325109
325161
325178
325319
325416
325457
325519
325544
325695
325848
326003
326015
326049
326076
326081
326328
326381
326711
326831
326966
326979
327210
327289
327390
327414
327495
327528
327528
327530
327740
327747
327748
327899
328055
328148
328635
328825
328907
329002
329148
329325
329414
329443
329465
329471
329540
329596
329619
329669
329803
330201
330217
330346
330393
330399
330403
330436
330471
330556
330614
330741
330753
330774
330876
330891
330962
330965
331090
331181
331257
331303
331320
331329
331781
331810
331832
331851
331857
331907
331966
332134
332221
332444
332644
332662
333002
333088
333221
333307
333336
333447
333475
333645
333731
333904
333981
333984
334369
334628
334638
334638
334853
334889
335004
335047
335119
335377
335438
335463
335568
335590
335659
335890
335910
336195
336287
336437
336520
336584
336696
336708
337095
337103
337137
337321
337628
337631
337721
337841
337868
337886
337943
337951
337980
338013
338021
338182
338281
338313
338348
338401
338483
338648
338802
338860
338895
339065
339104
339379
339444
339662
339664
339730
339746
339789
339856
339865
339928
340009
340018
340028
340092
340143
340236
340335
340370
340394
340479
340487
340562
340632
340762
340834
341030
341053
341171
341212
341252
341357
341411
341569
341627
341763
341772
341818
341903
342251
342270
342603
342829
342860
343043
343067
343144
343146
343188
343199
343497
343580
343706
343805
344075
344101
344151
344227
344419
344446
344548
344680
344699
344814
344822
344876
344970
345047
345169
345172
345423
345455
345460
345467
345481
345557
345685
345708
345757
345935
346074
346227
346297
346335
346521
346642
346746
346843
346878
346909
346934
347073
347078
347122
347143
347251
347383
347650
347663
347666
347667
347676
347767
348162
348362
348509
348660
348716
349175
349197
349203
350100
350104
350163
350209
350235
350287
350310
350421
350438
350621
350660
350875
350912
351045
351249
351421
351460
351483
351744
351948
351994
352152
352166
352220
352346
352377
352462
352623
352643
352651
352689
352716
352913
352941
353111
353337
353442
353746
353836
354159
354169
354171
354254
354439
354555
354582
354689
354741
354760
354826
355005
355156
355238
355281
355282
355609
355642
355674
355725
355735
355860
356162
356241
356467
356467
356669
356734
356822
356879
356921
357307
357321
357370
357383
357476
357512
357606
357616
357716
357807
357890
358025
358062
358101
358120
358279
358289
358304
358390
358448
358818
358850
358913
359017
359086
359131
359243
359360
359777
359787
359937
359943
360101
360158
360290
360312
360392
360394
360433
360876
360918
360957
361089
361255
361290
361301
361342
361450
361739
361929
362052
362289
362338
362369
362402
362546
362567
362607
362700
362828
362871
362890
363096
363154
363341
363392
363425
363453
363540
363618
363670
363760
364027
364027
364090
364178
364199
364273
364436
364457
364592
364710
364790
364935
365061
365401
365481
365509
365559
365619
365805
365825
365987
366109
366125
366152
366214
366324
366405
366430
366678
366691
366717
366822
366823
366835
366888
366942
366946
366970
367195
367281
367358
367413
367456
367461
367569
367663
367754
367916
368050
368081
368137
368294
368326
368474
368542
368550
368586
368633
368961
369123
369131
369210
369231
369241
369242
369304
369578
369609
369639
369912
369945
370018
370035
370101
370187
370211
370289
370356
370396
370553
370662
370664
370728
370748
370772
370822
370900
370934
370966
371177
371202
371296
371350
371446
371546
371649
371766
371787
372175
372267
372386
372450
372496
372596
372694
372841
372893
372911
373028
373040
373107
373114
373194
373297
373298
373324
373414
373444
373471
373588
373673
373699
373737
373788
373802
373951
373984
374019
374082
374275
374373
374475
374481
374515
374564
374840
374849
374889
375135
375341
375348
375371
375460
375466
375766
375913
375937
376022
376039
376165
376196
376317
376420
376445
376490
376507
376719
376730
376742
377009
377014
377020
377077
377087
377100
377232
377358
377423
377480
377527
377579
377612
377662
377955
378071
378156
378215
378246
378388
378447
378498
378585
378644
378650
378653
378697
378940
379301
379410
379588
379598
379600
379646
379804
379826
379993
380037
380041
380063
380136
380288
380468
380487
380537
380659
380671
380672
380771
380826
381038
381175
381353
381410
381538
381587
381987
382066
382087
382488
382530
382557
382916
383024
383224
383311
383383
383556
383656
383807
383888
384149
384172
384183
384359
384649
385142
385259
385306
385315
385342
385392
385419
385479
385510
385581
385623
385658
385666
385743
385797
385804
385856
386010
386012
386064
386131
386217
386227
386751
386756
386963
387356
387364
387377
387434
387457
387468
387589
387642
387757
387763
387812
387913
388026
388232
388398
388436
388646
388720
388788
388863
388940
389009
389168
389181
389297
389514
389622
389689
389694
389734
389796
389800
390077
390145
390180
390385
390573
390612
390748
390898
391176
391281
391335
391511
391621
391654
391658
391706
391779
391901
391974
392064
392076
392295
392451
392527
392536
392557
393138
393238
393339
393355
393430
393611
393778
393788
393841
393964
394116
394219
394277
394346
394417
394458
394487
394923
395069
395137
395205
395267
395744
396053
396060
396125
396387
396395
396651
396757
397110
397135
397382
397500
397522
397639
397648
397670
397708
397736
397746
397967
398027
398170
398226
398244
398341
398343
398375
398408
398480
398499
398547
398676
398827
398834
398971
398974
399020
399408
399435
399521
399546
399548
399560
399749
399938
399977
400837
400876
400962
401116
401148
401161
401197
401467
401510
401772
401989
402159
402253
402354
402408
402489
402568
402592
402693
402952
402965
403105
403123
403217
403262
403413
403414
403436
403627
403628
403729
403732
403760
403826
403879
403886
403914
404064
404125
404353
404469
404704
404724
404782
404912
405069
405289
405381
405423
405557
405668
405681
405900
405923
406104
406173
406204
406245
406248
406257
406319
406634
406810
406820
406914
406941
407017
407288
407314
407334
407379
407680
407718
407836
407864
408051
408138
408355
408381
408481
408519
408769
408812
409103
409175
409292
409320
409353
409461
409541
409993
410024
410153
410230
410245
410314
410371
410399
410442
410446
410461
410552
410670
410727
410868
411002
411308
411356
411895
412053
412229
412327
412353
412523
412844
412913
412977
413059
413080
413241
413561
413929
414148
414173
414322
414553
414577
414633
414707
414750
414928
414965
415247
415248
415338
415497
415522
415662
415684
415906
416429
416550
416679
416768
416787
416938
416978
416987
417008
417079
417286
417361
417490
417508
417536
417616
417680
417680
417713
417926
417976
418222
418364
418881
418892
419031
419114
419193
419201
419329
419352
419487
419507
419772
419788
419834
419834
419891
420098
420166
420199
420244
420370
420463
420552
420636
420896
421046
421062
421104
421124
421204
421206
421349
421392
421528
421778
421890
422021
422185
422196
422231
422288
422508
422540
422545
422725
422839
422843
423038
423209
423863
424229
424301
424480
424494
424557
424646
424720
424770
424774
424798
424838
424942
424976
425273
425391
425441
425513
425619
425716
425746
426018
426075
426108
426183
426299
426312
426340
426354
426390
426644
426850
427136
427167
427189
427290
427315
427341
427359
427415
427472
427584
427665
427799
427863
427922
427992
428075
428124
428304
428306
428430
428538
429130
429133
429205
429326
429327
429376
429409
429682
429733
429797
429820
429950
430128
430363
430419
430465
430551
430916
430952
431000
431045
431092
431528
431606
431729
431925
432094
432131
432312
432496
432621
432624
432800
432865
432973
433035
433147
433158
433171
433273
433313
433428
433445
433543
433596
433727
433904
433988
434003
434045
434097
434132
434181
434545
434626
434955
435018
435187
435199
435215
435322
435573
435580
435618
435658
435721
435766
435797
436036
436037
436145
436223
436371
436604
436720
436740
436836
436847
436875
436943
437198
437205
437319
437327
437352
437414
437434
437549
437750
437846
437922
437959
437961
437963
438020
438021
438034
438213
438251
438304
438413
438466
438867
438945
439152
439188
439255
439258
439297
439311
439332
439377
439557
439649
439718
439754
439773
439792
439808
439888
439945
439949
440035
440140
440255
440366
440409
440752
440809
440898
440964
440975
440983
441004
441170
441444
441509
441539
441547
441690
441768
441773
441826
441902
441933
441942
442065
442546
442752
442758
442777
442837
443035
443057
443318
443339
443412
443519
443522
443719
443819
443849
443920
443930
443970
443982
444040
444044
444184
444200
444210
444310
444406
444545
444574
444698
444780
444828
445098
445239
445498
445646
445673
445887
446030
446115
446172
446200
446324
446325
446427
446463
446607
446713
446716
446757
446765
446920
446985
446997
447264
447380
447515
447630
447684
447862
447959
447965
448009
448134
448174
448358
448359
448382
448417
448702
448786
448851
448857
448960
448977
449085
449123
449268
449483
449562
449746
449760
449843
449924
450306
450419
450876
450877
450914
451017
451427
451466
451564
451622
451716
451726
451829
451999
452063
452095
452138
452145
452157
452228
452254
452257
452270
452293
452320
452360
452446
452480
452483
452558
452563
452679
452763
452782
452965
453047
453290
453531
453598
453765
453778
453780
453846
453891
453952
453984
454036
454066
454229
454243
454424
454520
454531
454545
454627
454674
454734
454868
454943
455031
455064
455095
455266
455502
455567
455678
455694
455793
456313
456328
456465
456550
456815
456821
456842
456949
457032
457117
457452
457470
457489
457511
457535
457573
457673
457697
457809
457837
457918
457949
457968
458007
458210
458392
458497
458536
458537
458638
458691
458703
458708
458827
459015
459248
459409
459866
459952
459965
460231
460273
460372
460384
460416
460419
460509
460555
460586
460664
460865
460874
461161
461278
461341
461367
461378
461540
461567
461574
461599
461617
461696
461841
462040
462116
462135
462256
462266
462373
462373
462491
462733
462836
462851
462936
462986
462993
462996
463172
463203
463271
463363
463446
463460
463463
463548
463674
463724
463831
463863
464117
464145
464411
464745
464798
464848
464909
464949
465118
465137
465234
465842
465973
465973
466141
466516
466597
466649
466730
466750
466878
467200
467324
467388
467443
467492
467525
467984
468027
468071
468113
468214
468253
468408
468451
468855
468907
469084
469280
469302
469614
469654
469670
469913
469920
470060
470161
470296
470316
470345
470354
470370
470381
470497
470579
470610
470642
470659
470710
470725
470738
470852
471007
471135
471232
471463
471522
471568
471708
471787
471826
471893
472401
472405
472494
472508
472688
472987
473237
473329
473381
473468
473474
473507
473553
473774
473870
473928
474056
474088
474524
474751
474827
474893
474911
474913
475079
475292
475353
475385
475413
475501
475531
475578
475869
475904
475987
476021
476214
476222
476282
476296
476598
476624
476830
476892
477415
477430
477436
477561
477708
477736
477887
477896
477941
477969
478007
478104
478224
478276
478300
478382
478435
478439
478511
478636
478783
478844
479171
479196
479730
479761
479848
480125
480309
480374
480469
480536
480545
480635
481178
481192
481224
481428
481482
481599
481705
481734
481822
481846
481876
482090
482511
482633
482641
482937
482959
482974
483194
483236
483311
483315
483367
483499
483684
483808
483874
484065
484258
484281
484286
484372
484391
484500
484711
484756
484845
484900
484954
484961
485121
485271
485359
485624
485806
485818
485974
486070
486093
486287
486313
486351
486391
486544
486544
486677
486687
486691
486809
486870
486923
486949
487001
487158
487251
487281
487350
487394
487459
487516
487611
487713
487862
487888
487966
488026
488040
488198
488216
488229
488248
488265
488278
488389
488656
488682
488702
488986
489004
489015
489046
489186
489470
489583
489600
489641
489663
489691
489883
489924
489947
489948
490087
490283
490518
490617
490638
490777
490792
490881
491121
491135
491264
491406
491445
491515
491668
491670
491868
492004
492221
492560
492632
492773
492783
492908
492910
493250
493283
493288
493310
493382
493391
493552
493580
493619
493690
493707
493772
493849
493928
493992
494009
494210
494220
494223
494233
494295
494414
494435
494455
494491
494642
494794
495051
495185
495402
495605
495645
495714
495859
495945
495953
495969
496007
496008
496038
496159
496170
496255
496319
496475
496631
496647
496769
497280
497450
497465
497676
497735
497745
497770
497859
498078
498116
498263
498294
498315
498372
498447
498450
498743
498774
499171
499435
499496
499592
499599
499629
499670
499878
499891
500192
500785
500787
501032
501361
501363
501480
501555
501556
501586
501641
501767
501801
502026
502036
502309
502427
502431
502465
502546
502663
502680
502714
502718
502800
502863
502937
503223
503259
503364
503502
503577
503861
503959
503979
503989
504009
504064
504113
504117
504159
504206
504277
504320
504345
504596
504631
504705
504849
504931
504961
505044
505111
505120
505131
505179
505263
505302
505539
505607
505740
505776
505832
505914
505930
505965
505984
506077
506129
506165
506512
506544
506751
506948
506968
507036
507148
507294
507306
507386
507406
507644
507724
507739
507819
507837
507845
507943
508026
508247
508250
508298
508548
508632
508795
508956
509258
509277
509300
509318
509446
509576
509581
509591
509607
509734
509768
509822
510071
510195
510320
510382
510542
510620
510714
510837
510838
510925
511032
511046
511117
511371
511486
511601
511666
511696
511939
511988
512112
512225
512319
512434
512440
512526
512657
512730
512750
512768
513260
513273
513273
513293
513406
513645
513704
513725
513958
514031
514091
514138
514142
514150
514166
514271
514295
514342
514393
514496
514590
514825
515005
515043
515110
515162
515409
515439
515486
515657
515782
515925
516299
516596
516616
516660
516767
516787
516801
516975
517127
517262
517349
517359
517588
517594
517822
517941
517941
517954
518095
518358
518515
518549
518741
518812
518839
518935
518942
519124
519154
519178
519297
519574
519579
520068
520148
520180
520276
520319
520369
520478
520511
520666
520813
521156
521207
521254
521398
521515
521851
521921
521982
522531
522662
522801
522843
522855
522933
522955
522975
523154
523448
523482
523602
523649
523760
523770
523818
523829
524270
524281
524532
524667
524719
524820
524941
524995
525129
525249
525498
525554
525625
525948
526483
526732
526746
526782
526859
526920
526964
527188
527263
527313
527321
527454
527672
527895
527903
528308
528324
528478
528665
528816
528824
528835
528975
528992
529028
529255
529542
529599
529603
529632
529640
529643
529726
529908
530102
530229
530252
530497
530560
530987
530999
531017
531206
531362
531376
531381
531545
531663
531757
531892
532011
532032
532468
532527
532546
532619
532659
532663
532730
532770
532873
532938
532950
533058
533454
533455
533486
533673
533697
533737
533839
533912
533975
534071
534214
534530
534620
534656
534670
534791
535078
535144
535147
535309
535377
535531
535582
535835
535903
536011
536027
536473
536901
537027
537115
537151
537235
537300
537371
537454
537507
537618
537697
537739
538239
538255
538256
538325
538455
538704
538771
538876
538911
538932
538969
539014
539199
539202
539236
539245
539371
539733
539793
539960
540084
540097
540117
540246
540256
540345
540388
540425
540759
540818
540832
540876
541116
541166
541215
541241
541661
541700
541738
541892
542004
542175
542286
542335
542366
542478
542535
542694
542798
542888
543191
543232
543262
543285
543297
543324
543400
543400
543459
543532
543772
543826
543971
543998
544092
544132
544190
544245
544493
544540
544603
544933
544944
544988
545328
545477
545496
545516
545669
545721
545863
546052
546169
546234
546241
546247
546283
546315
546361
546588
546613
546632
546709
546845
546910
546935
547146
547186
547331
547389
547655
547659
547670
547803
547869
547939
548233
548381
548409
548563
548661
548713
548765
548790
549000
549101
549190
549274
549403
549516
549585
549747
549777
549826
549891
550064
550235
550297
550372
550396
550450
550587
550627
550645
550659
550713
550851
550959
551052
551119
551162
551190
551282
551435
551525
551526
551553
551715
551922
551980
552060
552065
552089
552126
552157
552323
552355
552423
552461
552575
552663
552741
552751
552916
552926
552936
553155
553215
553479
553566
553832
553925
554120
554292
554338
554359
554417
554486
554640
554666
554680
554757
554915
555014
555220
555231
555243
555285
555496
555502
555521
555602
555695
555830
555868
555879
555918
555967
556056
556071
556190
556210
556286
556341
556398
556415
556529
556602
556626
556651
556664
556713
556879
557060
557083
557186
557269
557287
557540
557558
557681
557702
557880
557899
557959
557967
558453
558453
558547
558558
558565
558588
558696
558796
558855
558914
558994
559165
559250
559315
559469
559629
559697
559719
559746
559884
559913
559994
560082
560082
560128
560268
560440
560496
560604
560785
560933
561024
561355
561386
561396
561410
561681
561883
561894
561966
561995
562028
562070
562220
562327
562328
562467
562505
562705
562721
562999
563241
563475
563505
563557
563570
563726
564029
564057
564308
564408
564446
564741
564775
565049
565068
565264
565277
565323
565397
565403
565491
565628
565667
565719
565756
565872
565889
565951
566313
566333
566403
566449
566651
566664
566787
566788
566857
566867
567036
567094
567146
567274
567281
567288
567358
567431
567475
567604
567712
567917
568033
568101
568105
568519
568597
568716
568960
569235
569527
569734
569766
569777
569839
570063
570076
570237
570267
570339
570405
570671
570901
570917
571001
571123
571193
571355
571418
571685
571747
571770
571941
571960
571963
572170
572275
572501
572532
572585
572681
573013
573175
573180
573309
573318
573383
573618
573708
573748
573850
574038
574158
574285
574547
574610
574706
574712
574859
574918
575058
575281
575511
575974
576011
576060
576067
576143
576144
576182
576190
576293
576322
576332
576425
576542
576553
576568
576751
576785
576855
576934
576991
577067
577353
577438
577445
577582
577614
577756
578116
578126
578140
578190
578199
578441
578678
578744
578801
578853
578862
578925
578959
578973
578973
579119
579144
579162
579222
579238
579451
579569
579661
579666
580258
580339
580412
580704
580726
580748
580783
580816
580838
580874
581288
581301
581323
581445
581452
581458
581465
581730
581734
581848
581960
582124
582219
582480
582546
582648
582669
582770
582832
583045
583243
583290
583333
583476
583487
583494
583532
583539
583650
583664
583722
583771
583796
584085
584103
584145
584205
584209
584218
584312
584999
585017
585151
585347
585382
585426
585545
585590
585624
585660
585745
585763
585795
586068
586083
586085
586099
586273
586312
586458
586645
586805
587390
587443
587478
587546
587561
587576
587738
587792
587800
587974
588142
588154
588173
588177
588193
588528
588552
588689
588702
588731
589082
589155
589222
589255
589460
589470
589495
589566
589652
589708
589875
590050
590123
590185
590242
590356
590481
590540
590549
590631
590667
590695
590747
591200
591278
591384
591644
591716
591843
591846
591940
592029
592070
592134
592257
592630
592696
592713
592785
592936
593052
593208
593209
593500
593532
593587
593742
593941
593975
594004
594081
594100
594112
594143
594173
594364
594408
594560
594574
594590
594930
595107
595207
595330
595356
595452
595478
595525
595555
595754
595818
595931
596084
596268
596466
596473
596519
596786
596875
596894
596920
596957
597031
597056
597204
597295
597499
597525
597690
597804
597869
598110
598152
598207
598290
598296
598492
598725
598925
599080
599202
599259
599305
599324
599510
599637
599716
599784
599844
599920
599954
600029
600151
600191
600375
600389
600425
600567
600578
600794
600877
600995
601079
601289
601323
601373
601377
601742
601747
601877
601888
601967
602046
602157
602363
602559
602626
602706
602738
602867
603058
603100
603131
603136
603284
603284
603470
603556
603564
603595
603619
603743
603803
603846
603975
604022
604052
604084
604374
604543
604670
604812
604845
604933
605061
605307
605438
605567
605592
605906
606116
606251
606487
606609
606837
606885
607221
607391
607417
607425
607666
607695
608033
608091
608152
608462
608509
608566
608690
608750
608766
608835
608862
608920
608960
608968
609148
609617
609716
609750
610166
610178
610201
610269
610299
610395
610656
610957
611067
611184
611270
611522
611544
611644
611648
611688
611724
611771
611820
611863
611883
611899
612217
612241
612308
612404
612586
612920
613121
613211
613230
613259
613262
613284
613308
613454
613625
613808
613844
613971
613996
614358
614422
614440
614483
614554
614635
614684
614853
614955
615206
615222
615232
615266
615518
615555
615569
615576
615622
615646
615827
616025
616044
616208
616209
616260
616357
616455
616597
616640
616665
616673
616725
616843
616880
616947
617016
617092
617114
617139
617149
617172
617214
617248
617575
617768
617845
617853
617874
617932
617947
617955
618068
618366
618424
618468
618566
618771
618793
618876
619181
619249
619252
619606
619896
619920
619948
619975
620349
620423
620433
620642
620685
620705
620741
620743
620851
620931
621083
621093
621214
621285
621326
621420
621430
621439
621691
621721
621947
621962
621976
621993
622214
622225
622373
622425
622472
622504
622527
622578
622839
622867
622879
623362
623443
623529
623624
623652
623781
623804
623825
624112
624213
624399
624543
624631
624686
624815
624860
624872
624925
625086
625150
625179
625229
625265
625459
625501
625559
625751
625914
625945
626002
626053
626061
626415
626456
626490
626551
626561
626582
626587
626679
626767
626771
626851
626887
627063
627098
627394
627612
627648
627842
627846
627883
627901
628062
628103
628234
628325
628366
628376
628662
628752
628872
629118
629169
629324
629446
629506
629667
630018
630294
630364
630440
630474
630497
630506
630515
630603
630606
630716
630732
631032
631507
631555
631578
631694
631778
631796
631862
631927
631968
632097
632135
632363
632366
632371
632473
632673
632707
632807
632821
632840
632893
632903
633006
633032
633101
633126
633140
633244
633452
633600
633761
633954
634023
634028
634051
634175
634303
634378
634447
634468
634490
634620
634641
634786
634880
635024
635160
635226
635298
635328
635554
635669
635799
635864
635977
635994
636032
636137
636144
636175
636243
636291
636379
636396
636497
636510
636614
636728
636813
636847
637139
637181
637190
637251
637564
637679
637866
638187
638213
638226
638265
638324
638400
638595
638753
638764
638831
638839
638876
638933
638936
639116
639226
639502
639669
639758
639857
639897
639942
640021
640249
640257
640261
640427
640652
640668
640760
640812
640813
640854
641013
641017
641117
641122
641138
641322
641393
641526
641906
642085
642104
642222
642533
642673
642730
642900
642905
642975
643084
643109
643119
643340
643426
644253
644425
644715
644786
644789
645042
645080
645514
645639
645672
645677
645691
645708
645755
645833
646019
646242
646292
646325
646469
646513
646736
646748
646827
646879
646931
646965
646999
647030
647046
647048
647049
647085
647145
647406
647470
647605
647673
647770
647944
647963
648162
648229
648262
648284
648398
648450
648514
648519
648638
648700
648736
648820
648876
649010
649063
649133
649139
649141
649183
649350
649359
649448
649486
649505
649595
649633
649732
649766
649831
649916
650007
650082
650143
650146
650179
650228
650480
650541
650890
650905
650937
651008
651041
651223
651384
651509
651852
651866
651874
651920
652191
652465
652507
652576
652601
652703
652755
652826
652891
652944
653081
653088
653236
653290
653517
653531
653863
653931
654012
654032
654114
654248
654316
654417
654421
654481
654507
654524
654563
654637
654653
654692
655454
655476
655590
655662
655784
655948
655964
656030
656272
656433
656541
656578
656686
656687
656738
657137
657147
657170
657526
657616
657755
657900
658116
658165
658296
658394
658413
658550
658742
658746
658787
658799
658856
658975
659010
659025
659056
659112
659134
659717
659721
659785
659993
660014
660111
660225
660280
660335
660460
660557
660628
660797
660816
660958
660975
661063
661066
661104
661145
661172
661186
661214
661494
661515
661728
662119
662144
662232
662244
662340
662352
662433
662461
662494
662586
662638
662734
662926
662960
662970
662992
662999
663036
663167
663341
663385
663401
663520
663667
663786
663853
663856
663945
663952
664114
664120
664195
664218
664326
664365
664416
664508
664667
664893
664894
665030
665111
665145
665188
665189
665356
665510
665646
665671
665824
665932
665937
666069
666078
666086
666119
666200
666374
666417
666438
666442
666453
666573
666582
666827
666912
667145
667163
667426
667449
668018
668486
668553
668569
668580
668605
668765
668772
669217
669231
669231
669349
669368
669405
669462
669528
669630
669767
669809
669995
670037
670191
670418
670480
670497
670596
670620
670662
670704
670742
670771
670796
670857
670877
671010
671080
671200
671201
671212
671327
671360
671391
671707
671728
671816
671907
672271
672333
672370
672386
672390
672439
672478
672517
672624
672703
672743
672885
672918
672958
673024
673081
673143
673335
673514
673580
673670
673727
673760
673846
673990
674154
674207
674249
674254
674331
674419
674442
674641
674721
674803
674828
674949
675174
675236
675251
675643
675839
675910
676008
676115
676255
676276
676755
676899
677078
677251
677268
677280
677307
677328
677422
677480
677546
677574
677681
677716
678030
678055
678140
678151
678240
678400
678510
678588
678717
678775
678851
678948
678961
679199
679221
679276
679413
679525
679998
680040
680067
680118
680205
680365
680506
680526
680667
680784
680803
680814
680874
680947
680971
680977
680984
681064
681081
681179
681224
681283
681360
681488
681521
681595
681597
681607
681648
681838
681844
681925
681938
681951
681962
681970
682102
682166
682262
682412
682446
682581
682627
682681
682948
683010
683087
683107
683181
683226
683453
683766
683834
683979
684127
684195
684280
684294
684299
684421
684448
684477
684780
685187
685356
685384
685391
685630
685652
685660
685873
685975
686014
686310
686342
686546
686784
686791
686837
687023
687141
687246
687349
687386
687516
687599
687624
687655
687808
687811
687874
687967
688047
688322
688549
688745
688839
689030
689074
689094
689133
689238
689332
689352
689426
689476
689540
689590
689727
689764
689817
689847
689919
690166
690226
690272
690348
690418
690419
690443
690472
690567
690568
690705
690830
690840
691051
691068
691125
691254
691266
691306
691314
691339
691493
691493
691503
691595
691745
691795
691890
691932
692005
692114
692257
692335
692389
692412
692422
692473
692779
692807
692904
693002
693081
693382
693470
693546
693656
693739
693792
693817
693916
693930
693997
694134
694136
694210
694231
694324
694341
694367
694369
694466
694491
694615
694672
694772
694911
694968
695036
695078
695163
695267
695376
695432
696324
696579
696617
696635
696661
696878
696915
697014
697316
697353
697573
697660
697713
697742
697875
697896
698079
698217
698299
698300
698321
698508
698560
698654
698733
698946
699350
699479
699636
699732
699864
699923
699966
700025
700130
700331
700347
700403
700406
700582
700618
700652
700727
700751
700779
701137
701159
701258
701272
701283
701319
701464
701652
701688
701805
701978
702121
702199
702236
702239
702347
702367
702489
702566
702572
702632
702725
702809
703103
703106
703220
703240
703311
703412
703413
703513
703630
703722
703733
703744
703805
703864
703949
703952
704115
704277
704317
704669
704854
705134
705161
705244
705272
705309
705322
705335
705648
705919
706072
706175
706401
706468
706604
706691
706793
706808
706860
707016
707071
707343
707344
707567
707638
707785
707851
707866
708210
708401
708489
708494
708532
708634
708690
708725
708734
708754
708840
708856
709078
709113
709516
709560
709603
709669
709749
709749
709751
709833
709870
709890
709894
710056
710096
710126
710207
710334
710564
710663
710690
710743
710794
710898
710938
710952
711204
711307
711859
711956
712012
712232
712296
712305
712310
712513
712630
712659
712687
712719
712799
712903
712930
713069
713112
713127
713161
713258
713660
713760
713803
713853
713867
714071
714138
714139
714177
714219
714246
714270
714294
714347
714385
714486
714516
714583
715046
715081
715117
715512
715547
715599
715704
715724
715738
715783
715907
716047
716106
716187
716235
716253
716332
716342
716380
716413
716437
716483
716631
716632
716674
716839
716983
717015
717049
717159
717388
717395
717455
717588
717651
717743
717760
717888
717940
717951
718166
718322
718327
718484
718531
718687
718812
718865
718877
719030
719316
719378
719386
719493
719508
719614
719693
719738
719871
719874
719881
719901
719947
720195
720309
720462
720488
720549
720550
720558
720946
721134
721157
721168
721243
721277
721764
721806
721922
722130
722164
722216
722268
722270
722311
722481
722586
722654
722658
722759
722880
722899
723061
723206
723316
723334
723390
723447
723642
723742
723859
723904
724143
724169
724220
724347
724514
724524
724607
725016
725118
725132
725152
725415
725625
725692
725775
725811
725846
725851
726142
726459
726488
726528
726536
726728
726761
726790
726833
727003
727028
727103
727139
727170
727185
727263
727291
727318
727346
727355
727575
727842
727961
728311
728567
728669
728768
728844
728862
728957
729215
729323
729390
729466
729829
729856
730135
730146
730216
730226
730279
730326
730352
730421
730889
730970
731136
731159
731162
731203
731298
731365
731541
731603
731779
731935
732079
732237
732256
732289
732465
732492
732500
732670
732988
733029
733074
733104
733228
733350
733360
733418
733511
733520
733700
733769
734051
734153
734184
734314
734429
734472
734609
734752
734838
734845
734892
734915
735031
735169
735174
735214
735218
735277
735574
735698
735703
735712
735731
735738
735750
735879
736292
736304
736350
736543
736852
736861
736908
737110
737207
737278
737306
737465
737640
737785
737792
737939
737965
738028
738176
738224
738363
738397
738496
738597
738697
738788
738851
738942
739004
739132
739236
739533
739534
739566
739691
739702
739760
739794
740170
740236
740285
740312
740606
740643
740717
740773
740911
741131
741213
741239
741259
741301
741331
741389
741399
741430
741537
741635
741733
741770
742016
742025
742089
742138
742141
742205
742217
742297
742312
742325
742407
742421
742434
742476
742577
742582
742749
742818
743139
743141
743255
743281
743474
743555
743666
743670
743680
743759
743799
744034
744424
744467
744496
744554
744562
744644
744667
744781
744975
745118
745268
745281
745352
745364
745417
745475
745660
745719
745759
746001
746181
746197
746205
746454
746495
746738
746767
746868
746996
747023
747063
747077
747233
747268
747280
747429
747480
747554
747702
747977
747982
747998
748129
748166
748212
748612
748897
748945
749249
749296
749445
749621
749771
749831
749854
749868
749922
750238
750338
750577
750595
750734
750842
750849
750852
751022
751054
751212
751350
751579
751782
752159
752193
752282
752352
752406
752581
752916
753009
753069
753109
753246
753297
753588
753640
753903
754024
754233
754253
754334
754364
754392
754400
754531
754720
754787
754844
754960
754972
755221
755254
755473
755535
755580
755642
755648
755808
756214
756275
756380
756400
756553
756686
756803
756804
756830
756873
756972
756985
757006
757116
757250
757316
757339
757515
757618
757635
757773
757848
757896
758125
758164
758209
758273
758399
758607
758613
758708
758783
758849
758872
759207
759369
759372
759449
759482
759490
759491
759507
759614
759646
759653
759713
759987
760047
760068
760102
760371
760404
760447
760508
760754
760816
760819
760946
760954
761066
761098
761310
761365
761593
761702
761719
762077
762268
762287
762636
762675
762676
762768
762919
763205
763261
763290
763353
763527
763667
763716
763758
763867
764155
764204
764223
764298
764430
764997
765132
765218
765238
765285
765335
765366
765412
765488
765719
765794
766026
766060
766108
766153
766254
766347
766476
766548
766715
766745
766761
766862
766899
767049
767193
767224
767368
767422
767697
767789
767868
767958
768104
768187
768200
768306
768310
768760
768914
768972
769004
769162
769248
769296
769447
769472
769477
769563
769687
769762
769882
769982
770044
770086
770218
770472
770496
770496
770819
770820
770827
770835
770843
770861
770951
771036
771141
771320
771381
771382
771533
771600
771719
771806
771876
771938
771976
772043
772127
772129
772274
772297
772479
772683
773098
773107
773202
773353
773372
773441
773543
773599
773618
773621
773622
773710
774138
774239
774297
774390
774430
774544
774888
775075
775141
775142
775276
775493
775624
775702
775750
775785
775919
776142
776176
776339
776546
776691
776712
776768
776835
777039
777097
777173
777268
777343
777502
777506
777703
777730
778026
778034
778070
778094
778165
778762
778869
778872
779068
779069
779145
779207
779495
779673
779819
779952
780148
780278
780493
780500
780545
780550
780673
780849
780976
781043
781128
781215
781283
781346
781425
781468
781526
781700
781815
782458
782509
782570
782604
782953
782967
783074
783080
783097
783143
783220
783241
783254
783377
783417
783517
783585
783604
783730
783735
783786
783979
783990
784063
784110
784215
784250
784267
784307
784422
784451
784462
784499
784608
784636
784697
784705
785231
785371
785536
785561
785882
785989
786063
786072
786362
786367
786379
786412
786460
786539
786557
786648
786724
786828
786880
786922
787086
787137
787225
787377
787412
787765
787838
787846
787889
787957
787963
788066
788074
788137
788211
788224
788288
788397
788473
788487
788535
788557
788663
788713
788736
788832
788991
789073
789357
789463
789516
789562
789623
789814
789927
790240
790344
790611
790637
790826
790944
790975
790996
791138
791432
791500
791711
791734
791856
791869
792103
792222
792415
792729
792823
792930
793217
793299
793316
793338
793442
793580
793794
794071
794142
794207
794212
794261
794470
794501
794508
794720
794870
794976
795067
795114
795231
795311
795517
795524
795594
795600
795662
795693
795747
795772
795879
795913
796037
796038
796042
796081
796084
796113
796153
796349
796449
796509
796605
796622
796716
796756
796911
797109
797140
797217
797239
797440
797628
797662
797906
797929
797936
797986
798211
798441
798496
798521
798748
799064
799085
799096
799170
799397
799754
800003
800095
800097
800177
800457
800565
800613
800806
800845
800858
800877
800899
800908
800952
801088
801090
801095
801484
801570
801590
801598
801632
801746
801758
801970
802341
802645
802650
802717
802941
802943
802971
802991
802992
803024
803311
803493
803622
803723
803725
803748
803749
804184
804192
804231
804248
804572
804742
804808
804844
804943
804950
804981
805092
805162
805267
805367
805492
805546
805580
805611
805714
806104
806141
806170
806241
806313
806758
806857
806860
806876
806932
807037
807239
807442
807637
807721
807756
807799
807800
807845
807898
807911
807933
807955
808075
808107
808176
808208
808468
808505
808538
808542
808584
808801
808855
808857
808914
809073
809078
809182
809403
809779
809809
809928
810078
810131
810213
810640
810699
810709
811204
811239
811506
811644
811771
812015
812020
812092
812352
812502
812538
812694
812700
812870
812986
813179
813190
813205
813223
813281
813421
813442
813480
813485
813806
813826
813850
814087
814151
814216
814281
814367
814405
814406
814913
814917
815087
815152
815196
815321
815408
815710
815728
816029
816186
816258
816275
816337
816365
816397
816432
816745
816792
816852
817124
817136
817152
817218
817222
817442
817527
817683
817690
817813
818036
818090
818159
818489
818837
818854
818875
818882
818924
818956
819070
819133
819204
819271
819365
819606
819677
819770
819821
819895
819993
820005
820026
820156
820398
820452
820752
820810
820855
820966
820976
821063
821067
821090
821167
821535
821648
821701
821864
821899
822323
822390
823066
823076
823084
823152
823272
823447
823486
823509
823610
823708
823856
824055
824084
824099
824376
824432
824620
825012
825052
825086
825274
825377
825446
825466
825494
825518
825641
825649
825759
825788
825797
825984
826118
826242
826446
826628
826702
826772
826805
826886
827183
827196
827223
827342
827445
827450
827511
827512
827611
827728
827822
827849
828145
828345
828374
828385
828986
829115
829142
829150
829315
829394
829544
829609
829650
829714
829796
829829
829834
829888
829913
830117
830203
830252
830352
830485
830527
830574
830603
830883
831314
831319
831534
831557
831723
831790
831804
831824
831828
832126
832304
832305
832339
832367
832391
832496
832511
832520
832628
832651
832709
832743
832855
832900
833072
833226
833231
833381
833386
833404
833518
833568
833627
833662
833883
833955
833977
834092
834110
834143
834174
834214
834275
834296
834322
834351
834410
834791
834810
834832
834833
835011
835178
835369
835408
835415
835607
835715
835779
835826
835996
836079
836163
836288
836405
836431
836467
836584
836614
836725
836732
836827
836839
836851
836869
836896
836941
837132
837134
837187
837378
837393
837458
837488
837497
837507
837521
837569
837573
837710
837834
837939
838001
838107
838137
838169
838183
838200
838213
838364
838396
838636
838646
838916
838923
838996
839109
839285
839390
839498
839532
840132
840215
840259
840308
840518
840613
840670
840718
840922
840952
841128
841417
841529
841578
841905
841938
841963
841998
842526
842557
842619
842691
842706
842717
842915
842968
843024
843043
843131
843145
843276
843522
843613
843652
843750
843752
844283
844371
844587
844587
844727
845023
845194
845353
845353
845398
845402
845432
845462
845575
845588
845604
845814
845978
846086
846219
846272
846699
846912
847053
847103
847144
847195
847247
847324
847392
847496
847600
847609
847727
847730
847973
848275
848297
848323
848379
848405
848519
848537
848574
848664
848857
848858
848958
849000
849104
849172
849580
849736
849766
849845
849853
849861
849888
850073
850201
850344
850353
850355
850391
850602
850612
850800
850922
851016
851274
851461
851547
851615
851719
851761
851770
851773
851780
851943
851970
852033
852088
852094
852187
852264
852589
852794
852820
852827
852891
852999
853038
853056
853187
853276
853279
853382
853427
853442
853651
853752
853997
854059
854288
854346
854360
854364
854414
854456
854535
854889
854995
855082
855110
855167
855236
855341
855388
855458
855501
855592
855942
856009
856064
856086
856270
856556
856755
856799
856817
856956
857295
857299
857503
857579
857590
857667
857903
857955
858045
858091
858195
858195
858398
858487
858596
858737
858819
858827
858919
859038
859108
859109
859156
859470
859487
859646
859667
859921
860004
860123
860344
860762
861068
861251
861252
861333
861357
861477
861592
861608
861779
862089
862166
862195
862378
862413
862483
862538
862777
862795
862881
863160
863323
863458
863470
863507
863746
863751
863820
863928
863966
863969
863975
863991
864009
864035
864199
864481
864485
864609
864731
864812
864909
865380
865505
865670
865839
865873
865993
866277
866488
866601
866642
866885
867001
867119
867169
867170
867184
867189
867198
867403
867406
867487
867524
867538
868047
868084
868155
868189
868249
868362
868494
868842
868849
868902
869082
869109
869119
869121
869264
869289
869334
869346
869514
869573
869651
869659
869684
869732
869775
869841
869854
869855
869904
869929
870011
870040
870091
870237
870253
870567
870720
870756
870757
870788
870942
870986
870997
871073
871081
871094
871238
871556
871560
871566
871655
871670
871733
871825
872008
872032
872286
872292
872601
872791
872938
873126
873341
873509
873618
873622
874055
874061
874243
874366
874428
874507
874528
874545
874573
874618
874738
874745
874778
875081
875111
875143
875147
875455
875468
875574
875616
875804
875938
876197
876260
876409
876464
876587
876787
876885
876922
876938
876966
877315
877535
877594
877723
877791
877821
877837
877873
877911
877925
878131
878234
878278
878312
878353
878508
878700
878709
878827
879003
879171
879466
879502
879593
879848
880004
880010
880032
880066
880072
880287
880323
880776
880817
880851
881207
881244
881398
881576
881625
881627
881668
881691
881744
881827
882220
882236
882244
882386
882502
882513
882564
882666
882818
882944
882990
883053
883092
883092
883114
883134
883214
883222
883231
883373
883524
883577
883691
883878
883888
883898
884233
884309
884588
884603
884845
884981
885058
885143
885168
885203
885316
885317
885454
885735
885791
885892
886015
886054
886204
886298
886401
886429
886439
886475
886493
886507
886706
886763
886769
886780
886825
887018
887313
887424
887460
887605
887622
887789
888053
888066
888083
888107
888110
888126
888138
888146
888368
888447
888579
888731
888945
889017
889073
889077
889153
889224
889319
889431
889469
889539
889644
889649
889824
889856
889953
889998
890000
890097
890150
890293
890338
890418
890524
890599
890870
890920
891002
891083
891092
891157
891235
891386
891519
891629
891716
891757
891760
891838
892020
892081
892128
892240
892249
892281
892661
892685
892724
892935
892979
893044
893079
893117
893356
893524
893591
893592
893829
893883
893899
894024
894061
894068
894109
894128
894147
894302
894471
894521
894524
894580
894619
894719
894765
894784
894895
894907
895233
895244
895375
895398
895412
895475
895475
895506
896045
896213
896348
896508
896553
896671
896821
897032
897313
897494
897565
897639
897724
897920
898173
898419
898500
898656
898735
898950
899024
899128
899170
899343
899531
899553
899557
899622
899698
899800
899829
900023
900116
900163
900462
900507
900565
900705
900773
900799
900816
900848
900873
901023
901124
901181
901861
902246
902323
902457
902630
902834
902877
902899
902984
903292
903374
903653
903734
904097
904154
904175
904305
904417
904751
904909
904944
905068
905161
905214
905279
905434
905500
905651
905736
905981
906001
906023
906118
906167
906194
906236
906239
906311
906502
906529
906739
906780
906850
906854
906874
906980
907317
907398
907503
907604
907906
908102
908182
908197
908225
908297
908318
908387
908690
908806
908823
908833
908882
909186
909222
909444
909503
909646
909680
909735
910009
910145
910171
910216
910357
910593
910601
910622
910680
910979
911048
911123
911219
911415
911456
911474
911773
911786
911894
911934
912180
912430
912462
912679
912706
912845
912961
913019
913080
913349
913501
913514
913516
913567
913611
913738
913808
913835
913891
913934
914034
914036
914314
914623
914653
914967
915033
915128
915300
915503
915584
915633
915814
915823
916047
916202
916286
916546
916566
916599
916707
916785
916855
917046
917736
917776
917817
917933
918079
918147
918185
918316
918766
918801
918812
918845
918849
918876
918885
918915
919114
919266
919319
919522
919682
919766
919826
919872
919996
920038
920103
920122
920557
920728
920859
920968
921059
921128
921155
921326
921614
921670
921836
921913
921920
921929
922021
922227
922373
922432
922580
922710
922827
923014
923022
923023
923113
923146
923160
923209
923340
923611
923759
923838
923854
923871
923925
923939
924113
924231
924252
924547
924590
924658
924685
924687
924702
924728
925119
925191
925232
925339
925347
925375
925576
925643
925682
925684
925805
925839
925857
926030
926225
926415
926554
926580
927125
927149
927159
927184
927223
927297
927354
927488
927490
927521
927609
927855
927938
928034
928136
928382
928466
928523
928540
928645
928718
928761
928949
929173
929177
929472
929488
929733
929914
929994
930019
930160
930217
930313
930363
930365
930516
930768
930890
930923
931067
931097
931126
931485
931510
931672
931750
931904
931993
932115
932225
932336
932385
932418
933193
933359
933388
933487
933497
933547
933602
933604
933751
933982
934231
934367
934390
934432
934465
934560
934609
934714
934749
934771
934947
935057
935104
935346
935437
935470
935516
935560
935701
936126
936170
936518
936585
936689
936723
936975
937111
937124
937291
937292
937414
937626
937840
937883
938191
938249
938314
938463
938681
938699
938745
938779
938822
938888
938920
939020
939045
939287
939558
939701
939715
940129
940146
940194
940221
940254
940256
940571
940861
941159
941270
941307
941339
941365
941377
941548
941635
941696
941768
941876
942195
942238
942245
942261
942435
942438
942454
942550
942921
943226
943311
943349
943351
943446
943508
943570
943712
943775
944099
944366
944396
944640
944726
944764
944899
944936
944950
945037
945210
945231
945271
945277
945482
945516
945639
945685
945699
945737
945786
945895
946078
946101
946175
946188
946318
946318
946322
946518
946570
946628
946736
946741
946944
947041
947046
947115
947148
947254
947358
947385
947396
947410
947445
947522
947613
947717
947763
947770
947809
947882
947983
948037
948064
948153
948298
948459
948567
948627
948630
949497
949548
949715
949833
949842
950123
950335
950418
950483
950519
950581
950832
950836
951064
951139
951160
951181
951183
951194
951712
951868
951877
952090
952179
952308
952411
952442
952620
952667
952810
952942
953350
953353
953477
953666
953719
953774
953972
954015
954166
954663
954749
954782
954874
955164
955412
955518
955706
955807
955857
955901
956006
956122
956288
956730
956950
956977
957058
957107
957108
957130
957175
957239
957397
957577
957642
957669
957733
957808
958192
958701
958720
958816
958969
959132
959308
959366
959425
959592
959781
959862
959928
959946
960168
960289
960296
960620
960699
960786
960803
960877
960998
961083
961096
961104
961122
961216
961280
961326
961792
961840
961860
961866
961975
962000
962015
962023
962228
962234
962248
962277
962343
962401
962459
962672
962767
962770
962791
962795
962894
963206
963395
963498
963515
963542
963554
963607
963609
963732
963737
963921
964101
964173
964245
964347
964532
964566
964570
964575
964782
964849
964922
964942
965258
965307
965375
965406
965557
965561
965586
965739
966097
966193
966291
966435
966462
966529
966553
966567
966614
966657
966709
966739
966789
967085
967103
967246
967610
967700
967926
967952
967963
968266
968286
968292
968298
968382
968390
968454
968635
968683
968709
968768
968834
968903
968906
968918
968936
969019
969039
969084
969118
969354
969503
969702
969746
969753
969819
969824
969906
970014
970176
970210
970229
970362
970557
970622
970674
970726
971063
971241
971245
971265
971422
971452
971708
971884
972100
972127
972128
972269
972551
972561
972581
972649
972915
973134
973190
973223
973312
973354
973361
973375
973430
973753
973825
973831
973890
973898
973997
974022
974210
974221
974268
974270
974503
974598
974959
975037
975073
975073
975129
975132
975207
975217
975451
975576
975606
975729
975817
975966
976028
976096
976098
976187
976420
976598
976650
976768
976839
976912
977087
977339
977402
977463
977600
977632
977654
977793
977803
978008
978237
978334
978347
978359
978616
978763
978836
978967
979049
979112
979186
979272
979644
979655
979704
979742
980136
980330
980458
980501
980510
980534
980620
980652
980695
980727
980919
980930
981056
981113
981149
981150
981446
981496
981599
981739
981745
982260
982306
982929
983046
983170
983207
983219
983425
983440
983458
983505
983727
983806
983857
983890
983906
983951
984005
984327
984561
984928
984943
985067
985419
985450
985488
985502
985519
985632
985642
985771
985841
985870
986044
986070
986334
986552
986624
986709
986963
987202
987278
987299
987301
987408
987432
987514
987538
987578
987797
987807
987842
988051
988204
988250
988526
988745
988826
988970
988999
989031
989445
989566
989577
989581
989620
989882
989929
990010
990646
990691
990724
990845
990855
990919
990979
991011
991032
991178
991224
991261
991276
991483
991674
991699
991823
991830
991910
992196
992213
992223
992405
992413
992566
992667
992701
992761
992765
992780
992828
992891
992906
993070
993149
993170
993176
993343
993418
993572
993594
993639
993655
993838
993882
993903
994028
994070
994125
994183
994409
994542
994600
994602
994744
994808
994860
994961
995098
995268
995454
995651
995808
995987
995996
996057
996160
996416
996828
996896
997000
997104
997340
997772
997862
997965
998036
998244
998286
998460
998501
998728
998767
998818
998844
998864
999016
999046
999081
999127
999166
999182
999354
999380
999476
999887