15
38
133
169
178
312
420
711
813
827
927
1273
1310
1569
1586
1758
2195
2222
2250
2345
2548
2591
2618
2639
2867
2886
2956
3102
3322
3424
3474
3475
3867
4007
4106
4180
4272
4516
4681
4696
4812
4901
4933
4974
5085
5106
5198
5222
5432
5503
5654
5851
6045
6351
6358
6428
6576
6661
6714
6853
7078
7124
7311
7332
7396
7613
7664
7847
7976
8011
8021
8102
8288
8288
8305
8320
8680
8718
8947
8965
9017
9018
9035
9037
9116
9489
9537
9557
9572
9681
9760
10147
10360
10436
10466
10544
10623
10718
10797
10835
10907
10921
10999
11109
11203
11358
11380
11444
11516
11579
11766
11773
11791
11910
11991
12223
12612
12745
12770
12810
12821
12845
12960
12980
13014
13017
13105
13273
13402
13503
13665
13787
13811
14039
14201
14207
14296
14317
14413
14581
14774
14826
14862
14941
15142
15157
15292
15508
15567
15743
15926
15948
16000
16039
16074
16114
16125
16162
16221
16350
16374
16382
16456
16497
16501
16649
16687
16690
16692
16765
16777
17022
17035
17103
17106
17141
17409
17484
17630
17710
17884
18037
18070
18178
18305
18867
19183
19304
19325
19339
19563
19694
20040
20136
20205
20415
20547
20650
20787
20831
20864
20930
20989
21188
21202
21280
21286
21317
21341
21433
21476
21532
21593
21743
22022
22187
22204
22248
22476
22601
22622
22675
22720
22733
22748
22885
22964
23077
23103
23174
23444
23529
23613
23616
23631
23688
23761
23764
24019
24122
24294
24375
24543
24578
24614
24643
24843
25317
25365
25380
25486
25486
25487
25510
25701
26116
26118
26183
26344
26664
26700
26909
26989
27087
27124
27168
27315
27369
27462
27467
27489
27533
27547
27678
27698
28011
28038
28145
28195
28225
28227
28331
28418
28497
28666
28702
28706
28916
29006
29012
29037
29047
29066
29070
29351
29369
29734
29760
29773
29803
29834
29900
29988
30038
30077
30162
30194
30225
30268
30491
30531
30598
30718
30772
30773
30819
30847
30956
31255
31469
31711
31938
32204
32275
32294
32313
32405
32505
32531
32553
32661
32808
32904
33033
33118
33155
33161
33195
33220
33335
33446
33497
33707
33794
33874
33922
33928
34291
34436
34464
34643
34962
35181
35201
35512
35614
35696
35949
35949
36003
36038
36107
36213
36334
36344
36541
36592
36634
36754
36759
36937
36977
37209
37230
37258
37511
37542
37701
37729
37881
37930
38003
38013
38051
38127
38132
38314
38352
38358
38480
38499
38532
38588
38727
38838
38951
39099
39138
39180
39195
39375
39597
39637
39655
39706
39764
39846
40048
40105
40127
40846
40928
41077
41079
41177
41185
41328
41329
41369
41444
41474
41480
41574
41605
41618
41658
41758
41956
41998
42025
42056
42111
42233
42370
42420
42561
42636
42704
42926
43030
43114
43158
43308
43403
43409
43526
43676
43783
43798
44083
44112
44183
44355
44473
44758
44818
44991
45070
45264
45364
45564
45659
45665
45838
45867
45867
45951
46115
46250
46257
46410
46611
46612
46652
46653
46702
46760
47126
47202
47287
47322
47389
47641
47837
47915
47924
48103
48139
48274
48283
48494
48538
48579
48645
48730
48788
48884
49002
49094
49146
49519
49621
49667
49757
49795
49841
50042
50050
50206
50358
50564
50751
50756
50803
50852
50963
50991
51108
51501
51589
51833
52260
52398
52436
52480
52694
52724
52978
53235
53345
53367
53410
53708
53831
53949
53969
54046
54221
54251
54470
54487
54606
54662
54725
54817
54901
55289
55577
55784
55970
56095
56215
56275
56294
56305
56467
56513
56546
56634
56751
56906
57009
57026
57055
57081
57140
57263
57422
57478
57832
58093
58115
58124
58160
58280
58400
58532
58671
58673
58710
58718
58723
58798
58892
58908
58957
58990
59117
59229
59288
59481
59687
59699
59730
59872
59944
60008
60072
60128
60130
60188
60205
60221
60381
60685
60711
60794
60926
61023
61073
61456
61556
61614
61625
61631
61783
61877
61991
62014
62049
62079
62131
62381
62433
62437
62451
62518
62549
62590
62788
62892
62919
62999
63007
63075
63117
63121
63176
63190
63245
63403
63517
63617
63746
63867
64086
64391
64413
64597
64809
64820
64859
65043
65148
65156
65240
65306
65353
65364
65446
65524
65672
65752
65894
66365
66573
66632
66654
66970
67005
67289
67341
67468
67534
67588
67615
67740
67744
67830
67921
68027
68111
68201
68262
68334
68390
68551
68768
68881
69064
69120
69487
69580
69847
69895
70114
70300
70315
70360
70428
70450
70519
70604
70679
70709
70810
70816
71225
71443
71583
71663
71671
71991
72088
72140
72264
72391
72568
72582
72705
72805
72990
73041
73078
73503
73542
73638
73814
73937
73955
73997
74059
74082
74175
74235
74269
74330
74523
74767
74969
75033
75317
75354
75413
75562
75594
75768
75834
75988
76001
76220
76327
76446
76533
76716
76795
76885
77051
77066
77163
77171
77310
77546
77646
77724
77874
78021
78024
78210
78337
78350
78386
78812
78917
78927
78999
79316
79328
79386
79402
79430
79479
79794
79856
79917
79934
79937
80060
80285
80773
80833
80943
81041
81111
81150
81447
81499
81511
81529
81710
81770
81859
82037
82091
82162
82570
82716
82750
82816
82895
83064
83193
83246
83335
83375
83453
83467
83541
83657
83825
84211
84288
84346
84385
84554
84907
85088
85206
85360
85392
85481
85567
85781
85783
85795
85987
86362
86385
86393
86584
86717
86875
86894
86950
86994
87204
87240
87273
87297
87535
87894
88021
88480
88610
88770
88957
88963
89305
89426
89639
89738
89950
89986
90018
90136
90293
90447
90481
90492
90879
90969
91396
91480
91559
91586
91653
91829
91912
91934
91953
91971
92183
92783
92870
92896
92957
93120
93161
93167
93243
93255
93274
93279
93598
93719
93720
94085
94094
94172
94236
94471
94794
94838
94928
95033
95078
95108
95429
95483
95495
95522
95616
95618
95654
95995
96253
96272
96358
96564
96574
96668
96675
96690
96721
96774
96929
96934
97095
97214
97242
97343
97377
97495
97592
97637
97646
97903
98047
98135
98135
98258
98366
98443
98652
98695
98919
98979
99109
99140
99142
99180
99355
99401
99424
99605
99693
99733
99794
99984
100068
100075
100123
100224
100355
100518
100683
100724
100803
100842
101037
101243
101308
101342
101394
101532
101558
101685
101751
101831
101954
102000
102114
102569
102579
102606
102836
102916
103016
103183
103351
103580
103763
103888
103901
103924
103993
104005
104154
104247
104250
104394
104451
104535
104606
104637
104655
104681
104805
104822
104827
105310
105652
105754
106132
106256
106445
106786
107175
107324
107406
107637
107733
107925
108251
108324
108331
108654
108676
108835
108869
108934
109132
109244
109302
109345
109484
109555
109662
109701
109893
109896
110320
110410
110520
110553
110621
110705
110818
111040
111079
111115
111232
111517
111844
111866
111936
112024
112045
112239
112344
112372
112390
112513
112559
112653
112740
112783
112824
113020
113129
113152
113331
113588
113616
113745
113848
113917
114112
114153
114339
114412
114502
114537
114598
114766
115053
115139
115360
115682
115690
115760
115813
115822
116039
116209
116398
116584
116712
116714
116752
116859
116862
117012
117107
117237
117277
117326
117373
117457
117563
117712
117816
117864
117958
118004
118051
118108
118459
118466
118513
118580
118926
118986
119027
119041
119043
119188
119317
119328
119561
119866
120116
120252
120915
121032
121055
121093
121443
121483
121543
121660
121735
121866
121944
121948
122061
122218
122313
122555
122658
122696
122721
122868
122999
123037
123080
123125
123291
123359
123392
123411
123516
123607
123766
123922
123973
124024
124075
124324
124379
124398
124632
124654
124725
124789
124816
124829
124855
124883
124930
125028
125046
125193
125223
125241
125268
125296
125639
125685
125700
125740
125792
125957
126204
126211
126265
126772
126896
126917
126962
127052
127218
127414
127486
127497
127515
127658
127710
127724
127787
127820
127822
127941
127948
128105
128127
128133
128135
128192
128197
128225
128238
128330
128462
128593
128688
128768
128890
128905
128922
128954
129014
129360
129509
129608
129872
129936
129995
130037
130075
130312
130437
130478
130634
130668
130725
130749
130939
131044
131109
131201
131260
131276
131571
131637
131850
131920
132084
132501
132517
132543
132621
132638
132812
132829
132897
132940
132944
133038
133041
133045
133171
133226
133288
133296
133334
133358
133360
133377
133389
133524
133652
133820
133862
133872
133898
133953
133973
134079
134089
134309
134409
134447
134468
134517
134564
134698
134793
134834
134948
134966
134968
135012
135193
135325
135327
135387
135406
135511
135567
135641
135864
135880
135976
135995
136017
136042
136189
136219
136252
136495
136661
136671
136727
136893
136911
136986
137475
137487
137493
137601
137725
137750
137780
137894
138010
138044
138142
138162
138211
138479
138527
138855
138857
138871
138953
139110
139382
139423
139565
139628
139870
139992
140530
140784
140857
140859
141136
141177
141215
141254
141269
141295
141348
141359
141467
141617
141626
141740
141811
141812
141855
141868
141870
142263
142300
142358
142449
142520
142834
142885
142972
143348
143403
143481
143509
143588
143605
143932
143974
144014
144220
144244
144292
144410
144476
144701
144890
144909
144945
145024
145042
145519
145637
145689
145719
145797
145908
145912
146122
146126
146255
146283
146605
146613
146899
147034
147035
147111
147114
147120
147154
147264
147332
147373
147395
147399
147455
147818
147897
147897
147951
147968
147981
148164
148217
148443
148531
148685
148796
148813
149129
149178
149422
149518
149742
149861
149946
149962
150002
150041
150107
150126
150360
150411
150475
150634
150649
150731
150849
150859
151015
151025
151045
151108
151278
151611
151761
152008
152160
152314
152553
152606
152608
152956
153043
153055
153070
153127
153209
153235
153298
153396
153415
153461
153508
153583
153686
153697
153869
154063
154115
154133
154142
154150
154160
154186
154297
154313
154662
154812
154833
154930
154965
155134
155231
155354
155382
155528
155585
155685
155739
155876
155983
156003
156208
156407
156568
156647
156700
156700
156854
157011
157192
157277
157421
157425
157467
157754
157924
158069
158175
158202
158347
158383
158440
158443
158585
158784
158952
158982
159023
159215
159274
159412
159454
159670
159693
159696
159935
160141
160258
160474
160514
160569
160649
160730
160744
160901
160907
161048
161129
161145
161161
161205
161480
161588
161627
161640
161897
161948
162265
162396
162478
162609
162665
162706
162741
162777
163087
163150
163327
163459
163620
163658
163770
163851
164038
164177
164317
164427
164447
164460
164629
164739
164839
164920
165005
165100
165141
165297
165307
165463
165557
165778
165793
165821
165918
166162
166189
166228
166289
166418
166554
166674
166796
166958
167330
167376
167411
167496
167519
167618
167661
167804
167856
167914
168299
168412
168691
168849
169122
169161
169162
169169
169198
169275
169401
169559
169606
169611
169772
169883
169956
170055
170064
170071
170119
170133
170365
170652
170947
170977
171020
171032
171051
171164
171185
171408
171417
171425
171455
171637
171733
171871
172056
172103
172179
172294
172333
172336
172360
172399
172663
172790
172877
173005
173113
173279
173584
173631
173662
173756
174087
174166
174219
174231
174260
174372
174478
174520
174615
174748
174785
174942
175018
175031
175129
175134
175162
175401
175466
175480
175741
175762
175800
175891
176077
176315
176351
176440
176560
176577
176706
176798
176872
177135
177186
177256
177258
177272
177393
177429
177495
177546
177561
177607
177635
177665
177669
177884
177910
178058
178187
178254
178471
178503
178504
178530
178584
178601
178616
178764
178976
179023
179058
179207
179500
179506
179510
179655
179694
179906
179965
180223
180243
180261
180378
180504
180529
180684
180765
180803
180921
180975
181236
181371
181390
181417
181602
181608
181787
181924
182031
182109
182335
182464
182515
182530
182559
182588
182744
182807
182857
182879
183102
183172
183260
183332
183415
183455
184012
184113
184180
184215
184220
184674
184772
184852
184853
185575
185692
185744
185883
186140
186208
186281
186283
186328
186380
186417
186484
186484
186544
186741
186779
186919
187120
187157
187159
187167
187170
187289
187362
187438
187441
187548
187867
187869
187935
188101
188150
188320
188462
188754
188756
188800
188818
188832
188876
188914
189238
189324
189523
189599
189824
189937
190134
190178
190226
190236
190347
190567
190929
191005
191225
191452
191536
191580
191628
191907
191983
191991
192074
192112
192424
192441
192576
192629
192634
192784
193002
193169
193323
193371
193422
193813
193967
194032
194179
194199
194273
194319
194425
194484
194605
194742
194799
194878
195045
195052
195081
195132
195365
195462
195573
195661
195737
195838
195854
195885
196197
196218
196402
196575
196855
197034
197277
197387
197459
197561
197646
197683
197825
197930
198017
198044
198289
198777
198887
199022
199083
199213
199286
199364
199489
199582
200209
200571
200615
200618
201032
201486
201581
201748
201767
201939
202021
202049
202128
202219
202250
202483
202691
202831
202962
203130
203254
203264
203337
203356
203420
203458
203636
203726
203754
203811
203851
203985
204078
204244
204552
204811
204814
204840
205031
205131
205202
205397
205451
205597
205745
205862
205961
206053
206233
206284
206316
206391
206434
206628
206803
206994
207011
207053
207059
207139
207190
207200
207206
207408
207526
207679
207825
207944
208008
208029
208079
208139
208186
208291
208366
208373
208379
208483
208507
208606
208698
208744
208888
208925
209016
209281
209524
209709
209752
209898
209898
209930
210065
210121
210187
210211
210232
210281
210305
210340
210366
210458
210477
210491
210515
210540
210551
211022
211028
211047
211204
211223
211349
211375
211492
211600
211781
211869
211978
212092
212249
212263
212330
212399
212441
212598
212600
212720
213074
213074
213186
213265
213333
213562
213633
213802
213827
213844
214067
214127
214183
214190
214210
214226
214357
214439
214449
214474
214477
214637
214657
214659
214760
214783
214796
215024
215094
215110
215156
215475
215550
215665
215757
215758
215805
215814
216009
216064
216136
216168
216277
216418
216428
216622
216719
216737
216822
216880
216880
217017
217091
217249
217422
217541
217596
217599
217640
217761
217802
217893
217894
217942
218066
218143
218210
218247
218259
218268
218626
218629
218803
218946
218980
219109
219190
219343
219488
219713
219867
220008
220046
220209
220290
220367
220391
220753
220828
220938
221181
221247
221256
221310
221410
221442
221484
221583
221770
222432
222481
222645
222980
223026
223183
223262
223267
223275
223409
223550
223651
223711
223711
223721
223826
223832
224012
224205
224252
224369
224369
224531
224744
224754
224874
224880
225156
225267
225378
225624
225691
225854
225910
225926
226038
226075
226158
226205
226323
226482
226495
226707
226772
226790
226956
226980
227212
227258
227275
227305
227327
227355
227366
227375
227397
227464
227622
227722
227806
227852
227911
227997
228089
228114
228176
228278
228289
228493
228643
228817
228838
228994
229019
229046
229184
229197
229485
229503
229533
229561
229619
229651
229766
229768
229777
230022
230114
230182
230392
230442
230474
230792
230793
230906
231077
231177
231241
231505
231699
231765
231798
232146
232167
232184
232327
232601
232759
232825
232879
232957
232989
233229
233237
233280
233391
233413
233427
233428
233546
233802
233890
233921
233965
234082
234190
234358
234378
234417
234614
234694
234769
234944
234967
235308
235424
235895
235976
236079
236096
236222
236228
236232
236254
236254
236259
236340
236621
236674
236776
236824
236849
236942
237115
237116
237348
237357
237431
237490
237587
237761
237794
237812
238028
238080
238198
238201
238298
238309
238351
238375
238444
238501
238514
238630
238710
238720
238721
238741
238781
238789
238899
238923
238988
238992
239459
239885
239903
239943
239955
239993
240056
240070
240202
240386
240483
240524
240533
240567
240657
240903
240922
241218
241275
241305
241465
241511
241609
241685
241804
241909
242263
242269
242477
242585
242599
242770
242789
242811
243007
243009
243091
243200
243257
243307
243352
243360
243444
243577
243672
243685
243709
243750
243839
244280
244359
244417
244686
244911
245025
245030
245031
245097
245184
245223
245486
245601
245614
245635
245812
245830
245898
245915
246004
246014
246105
246125
246386
246418
246483
246667
246854
246925
246954
247146
247176
247290
247461
247517
247648
247745
247774
247783
247806
247843
247901
247961
248025
248214
248228
248282
248400
248441
248489
248534
248591
248614
248745
248809
249070
249162
249180
249227
249269
249312
249329
249330
249531
249531
249706
250090
250114
250126
250295
250469
250531
250611
250641
250716
250835
250931
251152
251159
251187
251385
251464
251502
251510
251573
251677
251744
251819
251821
252177
252285
252305
252353
252434
252464
252523
252531
252546
252551
252553
252557
252653
252673
252765
252779
252896
252927
252932
253173
253304
253343
253393
253559
253888
253931
253935
254443
254686
254808
254845
254950
255008
255154
255196
255212
255224
255297
255332
255461
255567
255621
255727
255796
255832
255969
256257
256609
256720
256957
256988
257003
257057
257151
257341
257358
257389
257394
257495
257602
257644
257771
257793
257801
257842
258180
258300
258392
258507
258545
258555
258832
258957
258997
259171
259304
259367
259475
259551
259721
259729
259931
259976
260005
260208
260392
260403
260406
260773
260815
260990
261009
261131
261197
261213
261225
261274
261447
261451
261453
261511
261572
261616
261668
261697
261797
261831
261997
262065
262126
262304
262349
262523
262585
262617
262695
263180
263291
263316
263415
263442
263526
263614
263680
263694
263721
264224
264225
264304
264339
264423
264604
264642
264711
264718
264750
264832
264965
264991
265051
265224
265249
265411
265483
265764
265877
265928
265999
266110
266237
266376
266570
266601
266703
266726
267182
267225
267283
267351
267386
267474
267531
267629
267709
267806
267854
267876
267904
267959
268098
268117
268262
268297
268370
268433
268483
268694
268744
268828
268828
268898
269016
269059
269181
269303
269305
269570
269784
269849
269884
269947
270046
270063
270065
270080
270093
270205
270248
270310
270360
270406
270508
270729
270739
270820
270826
270893
270972
271164
271176
271255
271788
271882
271916
271987
272065
272173
272315
272442
272497
272693
272754
272838
272845
272859
272953
272988
272992
273019
273231
273240
273278
273540
273638
273652
273690
273755
274089
274257
274347
274454
274639
274678
274684
274693
274821
275011
275059
275096
275186
275196
275233
275371
275392
275447
275575
275678
275875
276150
276187
276245
276322
276460
276574
276642
276652
276720
276743
276744
276795
276804
276876
276979
276987
277077
277115
277287
277316
277367
277634
277896
277965
277980
278077
278123
278153
278403
278577
278666
278713
278814
278842
278968
278995
279028
279076
279168
279206
279299
279331
279590
279752
279805
279863
279992
280038
280199
280223
280419
280473
280498
280560
280850
281045
281120
281380
281501
281591
281709
281878
282009
282009
282045
282083
282133
282193
282244
282305
282478
282507
282539
282615
282711
282737
282824
282950
283224
283342
283355
283375
283421
283437
283771
283779
283798
283908
283944
284033
284083
284192
284294
284317
284353
284382
284485
284518
284731
284962
285090
285274
285309
285449
285487
285610
285752
285852
285853
285880
285964
286068
286164
286215
286507
286508
286522
286539
286604
286616
286707
286870
286947
286966
287065
287188
287309
287315
287317
287373
287582
287617
287641
287750
287926
288148
288195
288198
288202
288216
288789
288915
289092
289664
289758
289860
290005
290114
290157
290187
290193
290389
290446
290770
290927
290967
291091
291203
291268
291352
291466
291823
292024
292030
292053
292130
292160
292220
292252
292303
292349
292351
292362
292379
292461
292475
292649
292739
292753
292790
292935
292953
292976
293153
293175
293603
293936
293977
294067
294172
294304
294347
294377
294481
294554
294613
294932
294966
294989
295053
295383
295399
295463
295727
295888
295912
295934
295990
296109
296186
296245
296493
296767
296776
296777
297014
297021
297037
297174
297181
297251
297392
297433
297489
297637
297644
297753
297849
298048
298227
298231
298346
298632
298702
298764
298845
298878
298898
298904
298955
299008
299025
299081
299117
299130
299168
299230
299233
299316
299318
299336
299597
299659
299669
299935
300138
300223
300662
300787
300862
300867
300948
300948
301266
301355
301448
301595
301675
301689
301843
301915
301988
302112
302205
302306
302316
302393
302564
302576
302630
302723
302731
302860
303051
303108
303238
303418
303696
303697
303903
303917
303985
303992
303993
304038
304329
304338
304372
304446
304461
304564
304686
304736
304879
304886
304949
305290
305333
305343
305344
305376
305466
305488
305610
305704
305828
305899
305993
306032
306058
306110
306228
306400
306452
306598
306707
306727
307020
307063
307205
307223
307270
307356
307381
307445
307452
307773
308024
308113
308124
308273
308302
308325
308363
308418
308584
308614
308672
308701
308830
308857
308869
308882
308933
309083
309094
309322
309359
309384
309481
309500
309581
309668
309829
309953
309956
310127
310275
310283
310495
310553
310575
310600
310671
310980
311079
311089
311155
311168
311231
311301
311431
311464
311493
311527
311615
311671
311767
311790
311807
311820
311964
311968
312032
312188
312309
312445
312791
312821
312825
312992
313041
313070
313253
313578
313731
313827
313846
313846
313905
313984
314057
314064
314119
314122
314144
314199
314437
314560
314668
314837
314856
314960
315068
315132
315509
315660
315858
315972
316126
316136
316419
316513
316572
316593
316720
316744
316974
316999
317002
317014
317070
317301
317313
317416
317516
317715
317898
317959
318105
318122
318192
318197
318411
318697
318758
318795
318883
318887
318944
319071
319103
319128
319260
319509
319662
319752
319841
319884
319907
319946
319958
319999
320060
320102
320220
320295
320392
320421
320457
320465
320492
320588
320641
320709
320729
320942
321020
321045
321155
321191
321232
321359
321451
321673
321693
321919
321954
322189
322231
322429
322839
322886
322893
323025
323275
323279
323486
323524
323543
323548
323738
323818
323885
323897
323928
324096
324138
324139
324287
324296
324334
324381
324490
324575
324773
325059
325117
325345
325347
325369
325424
325450
325578
325662
325755
325759
325790
326046
326293
326388
326544
326555
326700
326818
326876
326915
327017
327025
327089
327210
327423
327545
327718
327747
328223
328419
328429
328593
328622
328720
328735
328746
328974
328978
329315
329378
329513
329561
329694
329821
329881
329977
330081
330268
330274
330397
330416
330695
330801
330816
330868
330872
330924
331050
331151
331223
331254
331287
331297
331499
331799
332002
332164
332371
332443
332666
332708
332917
333024
333268
333376
333459
333558
333710
334033
334357
334407
334616
334726
334850
334892
334987
335013
335075
335102
335214
335321
335359
335613
335669
335737
335854
335864
336079
336185
336236
336349
336565
336574
336612
337014
337030
337031
337235
337316
337316
337328
337329
337343
337418
337531
337545
337546
337695
337850
338076
338193
338283
338738
338743
338840
338894
338942
339027
339057
339189
339334
339369
339449
339628
339785
339835
339971
340071
340084
340092
340125
340249
340331
340478
340559
340708
340746
340956
340999
341058
341081
341294
341373
341512
341595
341658
341673
341841
341937
342056
342084
342135
342311
342318
342439
342530
342576
342685
342716
342756
343178
343195
343407
343659
343681
343702
343720
343757
344373
344485
344582
344589
344604
344648
344992
345018
345044
345155
345192
345193
345415
345416
345496
345513
345518
345575
345721
345845
345873
346055
346088
346132
346172
346506
346536
346925
346967
347282
347299
347373
347520
347580
347616
347691
347816
347848
347856
347882
348246
348479
348527
348542
348594
348598
348794
349019
349077
349165
349566
349792
349817
349994
350003
350054
350068
350208
350408
350570
350651
350951
351163
351285
351290
351401
351422
351696
351734
351816
351874
351893
351906
352217
352311
352469
352788
352881
352906
352967
353038
353087
353164
353197
353225
353226
353257
353312
353337
353398
353402
353660
353683
353761
353926
353947
353985
354089
354202
354218
354315
354429
354661
354843
354962
354971
355015
355438
355474
355498
355656
355668
355769
355823
356039
356195
356298
356334
356374
356436
356644
356697
356724
356908
356999
357102
357233
357244
357254
357273
357373
357451
357519
357538
357594
357770
357798
358058
358117
358220
358315
358411
358528
358545
358666
358691
358752
358874
359075
359091
359217
359274
359708
360007
360046
360198
360202
360373
360446
360742
360974
361034
361036
361239
361259
361293
361313
361513
361609
361707
361755
361812
361874
361888
361902
361928
361977
362071
362127
362131
362200
362304
362335
362399
362451
362456
362523
362668
362688
362780
362812
363193
363301
363346
363370
363499
363773
363845
363866
363897
363949
363992
364355
364420
364444
364595
364787
364825
364839
364907
365045
365672
365700
366150
366227
366291
366426
366640
366952
366991
366995
367021
367033
367620
367661
367668
367783
367784
367797
367936
367952
367999
368058
368250
368772
369184
369255
369551
369697
369848
369881
369899
370051
370072
370283
370394
370507
370515
370518
370625
370694
370760
370829
370869
370993
371024
371027
371155
371186
371206
371260
371305
371341
371458
371746
371916
372051
372062
372075
372087
372168
372210
372329
372353
372567
372646
372679
372723
372831
373079
373347
373348
373451
373597
373716
373813
373876
373913
374069
374339
374355
374471
374503
374852
374985
375279
375372
375507
375534
375651
375704
375705
376037
376038
376139
376190
376306
376430
376549
376595
376638
376692
376711
376715
376750
377000
377031
377088
377216
377221
377252
377270
377276
377312
377351
377374
377464
377761
377832
377850
378015
378029
378293
378485
378493
378727
378743
378778
378829
379027
379048
379089
379160
379191
379202
379330
379418
379434
379472
379525
379617
379622
379686
379994
380092
380210
380299
380305
380343
380477
380495
380515
380541
380607
380758
380784
380816
380828
380897
381116
381140
381311
381378
381389
381446
381825
382044
382127
382333
382423
382450
382556
382709
382712
382759
382769
382815
382836
382866
382974
383049
383091
383213
383229
383289
383291
383363
383422
383505
383529
383895
384690
384958
385039
385142
385194
385199
385202
385238
385258
385295
385380
385399
385433
385483
385587
385909
385935
386152
386225
386393
386465
386565
386643
386648
386694
386799
386909
386947
386985
387036
387095
387142
387292
387367
387507
387522
387541
388059
388127
388261
388344
388356
388516
388527
388658
388798
388891
389086
389158
389182
389191
389266
389313
389326
389371
389378
389424
389446
389536
389600
389682
389893
389971
390327
390499
390517
390595
390778
390892
390912
390968
390977
391333
391343
391465
391525
391541
391543
391653
391734
391905
392059
392080
392185
392328
392346
392523
392532
392616
392713
392979
393024
393127
393557
393648
393727
393761
393944
394018
394090
394161
394311
394319
394320
394356
394372
394495
394546
394566
394644
394793
394867
394903
394918
395023
395172
395201
395210
395266
395401
395483
395534
395539
395605
395713
395875
395922
395928
396079
396241
396375
396454
396642
396683
396770
396864
396977
397030
397501
397529
397537
397555
397711
397756
397799
397897
397927
397983
398019
398290
398338
398557
398568
398811
398845
399071
399170
399197
399306
399309
399399
399410
399504
399574
399732
399786
399884
399997
400014
400282
400300
400367
400369
400495
400742
400784
400850
400943
400975
400978
401212
401464
401543
401655
401757
401782
401840
401911
402026
402110
402363
402390
402548
402757
402854
402892
402918
402939
403023
403084
403353
403467
403690
403714
403744
403839
404285
404288
404503
404694
404698
404736
404753
404851
404982
405014
405079
405255
405289
405586
405736
405782
405792
405886
406073
406111
406183
406299
406355
406362
406371
406465
406501
406504
406505
406519
406597
406607
406741
406851
406906
406982
407042
407298
407408
407421
407440
407556
407787
407944
407964
408093
408109
408169
408268
408341
408349
408437
408456
408473
408527
408527
408615
408661
408717
408733
408768
408797
409179
409242
409425
409471
409788
410026
410057
410062
410154
410160
410519
410552
410553
410576
410638
410839
410902
411063
411111
411185
411239
411502
411744
411797
411858
412079
412139
412140
412308
412412
412873
412989
413020
413248
413332
413346
413406
413496
413562
413605
413605
414067
414186
414229
414328
414443
414461
414505
414529
414537
414607
414860
414889
415096
415150
415163
415211
415331
415485
415599
415651
415653
415660
415794
415925
416026
416141
416219
416340
416395
416486
416724
416901
417008
417135
417172
417239
417401
417513
417574
417652
417671
417904
417906
418024
418094
418385
418525
419041
419063
419308
419416
419545
419613
419730
419817
419850
419863
419980
420031
420062
420198
420275
420352
420421
420472
420550
420690
420889
420990
420990
421051
421235
421250
421300
421396
421582
421597
421731
421965
422114
422240
422260
422303
422604
422658
422761
422804
422805
422850
422859
422955
423142
423159
423376
423387
423404
423409
423462
423586
423597
423709
423789
423803
423892
423943
424067
424070
424109
424309
424519
424554
424656
424759
424884
425069
425207
425410
425515
425677
425834
426039
426182
426223
426393
426508
426522
426535
426536
426863
426958
426991
427033
427095
427169
427195
427771
427918
427929
427960
428051
428148
428220
428308
428375
428386
429036
429051
429093
429187
429570
429598
429692
429778
429859
429933
430159
430178
430476
430598
430654
430682
430912
430991
431078
431138
431174
431195
431261
431336
431455
431746
431842
431863
431894
431918
431931
432020
432083
432190
432203
432322
432716
432834
432840
432881
432950
433096
433200
433252
433458
433589
433735
433765
433785
433802
433931
433955
434105
434125
434165
434388
434580
434679
434747
435357
435591
435796
435804
435963
436068
436321
436330
436339
436414
436440
436457
436526
436583
436664
436728
436771
437097
437353
437488
437505
437552
437578
437606
437769
438254
438510
438578
438951
438965
438967
439081
439115
439237
439241
439298
439623
439765
439775
439819
439872
439876
439902
439914
439962
439994
440008
440142
440228
440255
440278
440306
440335
440347
440376
440448
440504
440727
440779
441066
441227
441235
441299
441318
441428
441558
441577
441653
441692
441813
441833
441871
442057
442073
442280
442331
442340
442348
442521
442649
442684
442727
442891
442932
443049
443088
443200
443217
443268
443325
443366
443685
443774
443887
443921
444043
444106
444211
444257
444282
444282
444592
444698
444951
445164
445241
445525
445543
445593
445668
445832
446197
446282
446295
446338
446383
446471
446589
446625
446746
447101
447143
447262
447264
447405
447494
447863
448061
448544
448682
448778
448804
448815
448966
449180
449297
449541
449565
449769
449884
449981
450039
450222
450410
450606
450652
450736
450834
450999
451048
451522
451574
451650
451665
451756
451841
451887
452011
452069
452148
452199
452211
452268
452338
452576
452587
452614
452734
452767
452795
452840
453151
453318
453424
453435
453719
453721
453725
453760
453763
453767
453938
453957
454167
454271
454306
454360
454553
454642
454646
454719
454806
454911
454995
455183
455223
455499
455584
455585
455657
455887
456087
456458
456632
456638
456819
456861
456866
456873
457131
457152
457212
457218
457258
457466
457478
457882
457929
457942
458229
458421
458521
458608
458644
458658
458733
458747
458762
458853
458942
459159
459182
459202
459298
459404
459480
459482
459632
460050
460164
460288
460292
460320
460400
460455
460596
460819
460825
460828
460882
460962
461059
461147
461263
461346
461400
461462
461538
461569
461620
461705
461820
461964
461997
462026
462036
462078
462180
462279
462408
462440
462485
462545
462625
462699
462704
462707
462762
462792
462897
463021
463034
463131
463282
463326
463461
463579
463580
464003
464005
464036
464072
464209
464212
464365
464368
464457
464614
464868
464900
465114
465215
465262
465297
465347
465347
465354
465436
465468
465621
465663
465743
465776
465789
465876
466039
466040
466078
466082
466165
466169
466271
466504
466542
466638
466934
467140
467152
467205
467320
467468
467669
467975
468032
468040
468066
468078
468097
468176
468188
468202
468955
468968
469006
469016
469026
469081
469237
469489
469554
469586
469625
469660
469903
470062
470157
470279
470285
470360
470653
470750
470752
470878
470946
471181
471344
471432
471509
471643
472025
472177
472289
472380
472389
472396
472555
472661
472698
472727
473027
473043
473148
473266
473392
473413
473462
473522
473817
473857
473998
474040
474163
474379
474445
474684
474722
474732
475127
475131
475248
475266
475294
475314
475340
475495
475616
475803
475875
475915
475938
476210
476356
476428
476609
476625
476859
477125
477206
477208
477287
477378
477594
477824
477877
478141
478572
478592
478842
478874
479068
479135
479147
479258
479513
480111
480128
480172
480414
480490
480512
480631
480708
480721
480833
481093
481240
481290
481319
481321
481547
481746
481844
481871
481897
482048
482267
482509
482592
482746
482777
482942
483017
483134
483137
483341
483440
483774
483852
483873
483959
484008
484076
484140
484246
484266
484508
484550
484608
484610
484817
484960
484993
485076
485243
485272
485334
485497
485774
485865
485906
485928
486055
486298
486335
486436
486552
486813
486977
487005
487022
487037
487046
487095
487141
487167
487181
487313
487368
487396
487709
487774
487883
488143
488459
488575
488634
488640
488949
489195
489274
489315
489556
489601
489625
489666
489698
489751
489983
489989
490095
490441
490448
490470
490557
490576
490792
490819
490954
491039
491115
491219
491250
491325
491378
491379
491625
491666
491712
491734
491866
491927
492311
492450
492537
492579
492720
492730
492807
492906
492924
493166
493254
493326
493418
493453
493569
493746
493803
493910
494013
494083
494145
494366
494722
494828
494917
495012
495027
495084
495143
495392
495394
495465
495717
495803
495928
495942
496061
496102
496285
496317
496553
496601
496624
496733
496845
496865
496923
496963
497113
497194
497214
497232
497506
497667
497683
497831
497834
497855
497904
498202
498236
498297
498544
498811
498960
499014
499156
499302
499447
499450
499573
499867
499887
499931
499980
500034
500044
500075
500078
500102
500110
500164
500822
500938
501018
501031
501039
501064
501141
501303
501489
501654
501967
502081
502095
502164
502488
502513
502551
502588
502807
502852
502899
502995
503014
503022
503182
503278
503342
503477
503552
503763
503891
503914
503958
503965
503991
504091
504105
504220
504597
504767
504789
504876
504917
505012
505121
505288
505323
505473
505710
505755
505948
506129
506131
506187
506221
506281
506297
506320
506672
506870
506930
507454
507579
507626
507784
507875
507926
508019
508058
508362
508433
508476
508598
508626
508627
508651
508947
508995
509000
509031
509109
509122
509137
509299
509341
509509
509667
509746
509746
509821
509844
509904
509968
510025
510027
510060
510069
510073
510174
510314
510379
510412
510485
510485
510677
510719
510939
511198
511232
511235
511327
511682
511718
511720
511750
511937
512076
512088
512109
512317
512318
512377
512401
512412
512432
512481
512493
512532
512565
512582
512618
512707
513067
513122
513347
513409
513484
513975
513976
514009
514143
514163
514175
514197
514234
514262
514300
514433
514495
514612
514652
514919
515047
515519
515578
515601
515649
515894
515940
515950
516015
516344
516429
516524
516567
516568
516691
517419
517428
517455
517522
517543
517574
517575
517630
517645
517677
517683
517718
518439
518445
518486
518553
518654
518826
518840
518989
519084
519285
519315
519318
519383
519760
519803
519837
519887
519902
519991
520048
520080
520112
520196
520216
520282
520315
520370
520389
520416
520449
520551
520575
520611
520680
520744
520867
521067
521100
521189
521266
521377
521463
521589
521627
521649
521657
521725
521761
521870
521875
522001
522002
522017
522040
522048
522053
522146
522230
522394
522472
522506
522647
522683
522771
522793
522809
522952
522968
523083
523104
523187
523306
523447
523591
523647
523872
523983
524032
524146
524285
524339
524423
524443
524635
524702
524807
524882
524917
524980
525106
525354
525368
525470
525564
525727
525744
525878
525999
526040
526133
526217
526316
526344
526639
526689
526764
526873
526933
526951
526965
527133
527293
527477
527753
527940
528045
528105
528121
528161
528257
528334
528680
528703
528822
528868
528958
528971
529157
529196
529225
529227
529508
529588
529806
529822
530006
530062
530084
530161
530278
530491
530590
530709
530740
530806
530891
530965
531157
531237
531247
531451
531498
531671
531798
531801
531850
531929
531930
532029
532103
532129
532327
532350
532583
532611
532846
532936
533145
533147
533170
533231
533255
533371
533527
533619
533898
533938
533982
534069
534090
534151
534255
534264
534358
534796
534972
535119
535161
535168
535333
535354
535396
535562
535666
535716
535755
535838
535914
536017
536098
536144
536215
536419
536422
536531
536622
536683
536874
536902
537006
537061
537333
537454
537465
537522
537597
538045
538463
538578
538638
538909
538916
539079
539159
539232
539245
539265
539349
539450
539472
539580
539695
539697
539786
539804
539874
539889
539951
539992
540039
540065
540078
540108
540146
540282
540455
540459
540775
540813
540863
540944
541058
541185
541306
541385
541387
541647
541733
541842
542004
542113
542155
542185
542225
542483
542483
542542
542656
542679
542680
542682
542687
542754
542755
542887
543127
543165
543230
543284
543368
543390
543456
543554
543563
543582
543710
543742
543789
544036
544142
544344
544791
544913
544976
544983
545017
545044
545087
545241
545260
545391
545437
545521
545600
545758
545833
545942
545970
546125
546519
546902
547051
547094
547187
547220
547224
547408
547413
547470
547585
547622
547629
547643
548019
548074
548075
548444
548455
548514
548544
548621
548690
548899
548925
549111
549333
549475
549781
549810
549909
549940
550088
550135
550166
550180
550208
550222
550299
550319
550404
550404
550495
550684
550941
551007
551250
551511
551769
552358
552444
552700
552730
552790
552917
552997
553097
553153
553304
553504
553534
553630
553702
553810
553910
553950
553998
554021
554125
554270
554280
554341
554398
554655
554685
554707
554818
554822
554970
554970
555117
555159
555296
555329
555457
555597
555704
555751
555788
555880
555991
556120
556155
556188
556356
556420
556509
556536
556587
556593
556631
556631
556692
556752
556768
556810
556815
556893
556934
557014
557095
557218
557219
557247
557290
557303
557400
557514
557534
557541
557586
557611
557645
557721
557803
557885
557948
558329
558379
558503
558812
558857
558988
559233
559242
559416
559428
559430
559618
559712
559751
559796
559935
560223
560264
560285
560299
560565
560680
560731
560750
560783
560789
560807
561127
561168
561344
561515
561535
561755
561922
562041
562060
562080
562188
562224
562224
562305
562414
562625
562697
562747
562819
563019
563457
563634
563688
563789
563848
563923
564194
564254
564262
564309
564491
564663
564722
564848
564928
564938
564941
564999
565022
565566
565955
566116
566155
566290
566451
566521
566831
566889
566957
567018
567106
567153
567155
567163
567430
567493
567604
567730
567898
568081
568084
568116
568326
568413
568518
568743
568776
568917
569049
569455
569587
569599
569651
569672
570051
570814
570962
571303
571452
571652
571756
571870
571943
572106
572201
572202
572234
572263
572283
572405
572424
572462
572478
572713
572775
572962
573126
573224
573285
573326
573355
573514
573644
573647
573761
573792
573955
573992
574080
574095
574113
574503
574553
574616
574699
574732
574844
574863
574865
574885
574899
574997
575294
575360
575362
575392
575523
575542
575622
575716
575730
575784
575797
575800
575885
575917
576086
576272
576347
576348
576366
576536
576538
576551
576762
576801
576912
576937
577013
577154
577196
577268
577341
577492
577576
577585
577736
577742
577820
577964
578041
578158
578299
578422
578436
578449
578653
578663
578684
578690
578799
578800
578847
578935
578970
579008
579044
579107
579263
579352
579672
579794
579798
579878
580008
580117
580160
580408
580449
580547
580721
580736
580855
580893
580911
580943
580961
581013
581066
581246
581519
581556
581562
581570
581722
581724
581933
582006
582079
582107
582246
582318
582343
582370
582459
582464
582485
582518
582548
582584
582796
582825
582923
582957
583066
583121
583239
583254
583283
583521
583554
583585
583621
583656
583664
583868
583949
584041
584052
584206
584273
584348
584376
584437
584561
584795
584950
585118
585161
585250
585282
585371
585524
585536
585577
585614
585623
585702
585786
586169
586397
586429
586495
586653
586672
586923
587053
587106
587170
587237
587266
587360
587581
587613
587831
587891
587894
587900
587970
588032
588108
588117
588180
588239
588252
588451
588489
588568
588578
588611
588791
588862
588881
588896
588898
589147
589243
589247
589328
589329
589425
589550
589630
589730
589871
589894
589967
590115
590200
590219
590273
590277
590399
590555
590585
590599
590690
590799
590807
590876
590877
591120
591228
591377
591469
591607
591729
591988
592010
592590
592708
592894
592948
593006
593080
593121
593293
593312
593322
593335
593547
593556
593654
593679
593685
593768
593776
593801
593825
593885
593895
593956
593970
594049
594061
594083
594380
594411
594486
594572
594578
594628
594914
594989
595103
595338
595396
595594
595625
595698
595790
595856
595970
596192
596202
596240
596322
596482
596751
596850
596988
597005
597069
597196
597758
597900
598045
598149
598162
598230
598476
598700
598781
598829
598838
598857
598962
599082
599237
599250
599257
599347
599505
599739
599773
599931
600022
600032
600113
600136
600371
600426
600575
600596
600655
600675
600724
600730
600751
600772
600814
600831
600877
600908
601135
601182
601433
601538
601590
601669
601784
601901
601986
602123
602182
602488
602495
602507
602545
602548
602612
602673
602694
602715
602767
603021
603050
603113
603201
603288
603307
603422
603554
603663
603783
603821
603918
603940
603978
604319
604448
604456
604500
604525
604777
604796
604825
604960
605410
605539
605549
605580
605598
605792
605900
605946
606047
606249
606260
606292
606663
606768
606972
607094
607126
607365
607761
607820
608418
608524
608554
608747
608870
608883
608897
608982
609005
609055
609057
609106
609144
609148
609257
609658
609730
609768
610012
610050
610154
610224
610526
610550
610630
610700
610871
611028
611175
611207
611390
611500
611674
611719
611730
611806
611959
612086
612090
612097
612140
612173
612266
612285
612407
612452
612453
612463
612491
612874
612887
612998
613025
613142
613251
613418
613472
613570
613914
614055
614239
614340
614344
614386
614591
614608
614620
614818
615065
615191
615266
615296
615308
615316
615389
615629
615689
615721
615762
615956
615972
616130
616130
616546
616570
616576
616634
616702
616723
616970
617035
617063
617139
617196
617201
617233
617255
617330
617380
617396
617599
617621
617625
617730
617748
617869
618050
618145
618202
618263
618400
618441
618474
618510
618514
618691
618709
618801
618941
618976
618997
619171
619425
619446
619626
619782
619838
620047
620101
620163
620173
620241
620260
620293
620367
620430
620452
620460
620546
620768
621175
621224
621295
621439
621559
621628
621702
621771
621786
621816
621893
621942
621959
621967
622028
622275
622456
622468
622791
622873
622954
622978
623053
623073
623268
623307
623352
623418
623641
623655
623660
623721
623729
623825
624142
624207
624221
624355
624391
624518
624534
624693
624707
624820
625061
625200
625245
625245
625447
625452
625535
625677
625706
626250
626355
626400
626411
626984
627044
627075
627078
627130
627144
627329
627395
627445
627598
627600
627648
627676
627703
627722
628062
628205
628310
628379
628772
628819
628871
628916
628961
629156
629403
629404
629471
629848
629995
630029
630192
630515
630656
630697
630719
630868
631093
631113
631174
631255
631331
631487
631513
631598
631602
631621
631790
631932
631943
632148
632380
632419
632453
632670
632786
632839
632887
632922
632995
633022
633187
633312
634033
634037
634069
634105
634158
634334
634423
634528
634655
634776
634827
634919
634978
635055
635107
635182
635387
635425
635554
635569
635680
635766
635899
636018
636022
636064
636230
636241
636384
636437
636487
636511
636634
636779
637238
637272
637444
637477
637764
637944
638034
638111
638112
638299
638341
638496
638595
638638
638922
638924
638957
639116
639230
639260
639486
639755
639977
639996
640028
640220
640806
640853
640877
640885
641072
641134
641297
641455
641800
642019
642204
642372
642547
642558
642669
642676
642698
642720
642781
643122
643257
643357
643372
643555
643738
643814
644037
644226
644342
644383
644407
644434
644783
644812
644832
644876
644910
644929
645041
645110
645144
645278
645431
645471
645511
645574
645691
645757
645815
646034
646082
646199
646268
646279
646296
646426
646626
646648
646776
646830
647125
647361
647440
647479
647531
647532
647596
647791
647868
647902
648004
648027
648074
648430
648570
648578
648649
648773
648828
649083
649110
649203
649289
649337
649533
649535
649598
649714
649719
649769
649780
649850
649865
649984
650007
650202
650307
650761
650770
650796
650851
650923
651002
651048
651206
651212
651270
651273
651625
651666
651711
651749
651882
652049
652178
652185
652770
652933
652998
653014
653088
653284
653308
653327
653360
653365
653553
653621
653704
653721
653759
653790
653964
654161
654167
654228
654476
654517
654544
654662
654679
654750
654896
654948
655163
655175
655185
655224
655273
655441
655546
655838
655964
655964
656053
656111
656191
656210
656427
656686
656703
656964
656977
657148
657152
657350
657390
657464
657700
657772
657802
657903
657907
657963
658050
658070
658290
658336
658428
658461
658753
658760
658937
658957
658965
659042
659330
659394
659400
659419
659632
659709
659883
659917
659988
660073
660117
660119
660192
660293
660463
660529
660543
660672
660741
660896
660962
660967
661068
661094
661166
661172
661302
661369
661465
661553
661772
661801
661894
661941
662076
662081
662120
662179
662217
662259
662296
662564
662619
662630
662638
662995
663009
663063
663151
663174
663267
663429
663661
663956
664026
664193
664217
664271
664383
664401
664502
664616
664685
664694
664768
664810
664915
664988
665002
665113
665115
665139
665200
665244
665324
665498
665818
666016
666060
666073
666096
666112
666199
666227
666229
666346
666399
666589
666648
666677
667109
667191
667223
667381
667756
667984
668159
668387
668436
668554
668885
668920
669356
669787
669891
670070
670123
670173
670200
670211
670225
670304
670369
670384
670444
670646
670847
670899
671171
671472
671747
671776
671786
671968
672084
672167
672214
672216
672543
672703
672925
672984
673029
673042
673048
673064
673118
673258
673410
673581
673625
673635
673759
673944
673995
674202
674343
674447
674512
674593
674690
674703
674757
675159
675417
675530
675658
675689
675858
675920
675953
676017
676020
676121
676175
676370
676379
676594
676682
676737
676819
676821
676882
677290
677563
677800
677953
678296
678327
678466
678589
678713
678743
678761
678780
678793
678817
678981
679054
679120
679309
679316
679371
679405
679438
679443
680225
680358
680470
680570
680626
680662
680703
680812
681208
681466
681481
681660
681963
682032
682078
682322
682397
682414
682556
682568
682616
682617
682677
682709
682838
682890
682891
682894
682918
682936
682952
682983
683027
683664
683679
683701
683804
684128
684191
684249
684385
684410
684681
684783
685087
685378
685436
685531
685544
685616
685711
685797
685857
685903
685903
685922
685990
686068
686432
686447
686704
686793
686800
686811
686875
687070
687125
687138
687373
687397
687448
687637
687945
688245
688290
688366
688372
688433
688536
689043
689084
689129
689245
689394
689498
689539
689547
689645
689891
689967
690035
690077
690242
690313
690355
690574
690637
690770
690773
690830
690931
690934
690960
691366
691418
691430
691499
691567
691663
691778
691815
691845
691873
692037
692059
692115
692162
692307
692325
692381
692412
692412
692496
692524
692532
692684
692852
692881
692943
692961
693344
693419
693479
693886
693979
694063
694099
694343
694401
694418
694625
694628
694673
694914
694974
694979
694981
695187
695205
695290
695293
695321
695476
695668
695812
695851
696014
696015
696151
696271
696472
696498
696826
696960
696983
696998
697220
697270
697357
697440
697602
697617
697751
697792
697927
697983
698051
698227
698421
698444
698503
698550
698559
698599
698609
698620
698788
698799
698819
698826
699014
699087
699225
699237
699242
699284
699323
699513
699584
699744
700040
700133
700402
700708
700729
700934
701160
701230
701524
701688
701725
701737
701785
701798
701907
702257
702559
702562
702582
702691
702739
702796
702917
702930
703016
703168
703469
703499
703913
703979
704184
704214
704297
704422
704547
704656
704722
704730
704742
704851
704912
705099
705251
705255
705328
705350
705554
705664
705667
705677
705686
705724
705764
706030
706290
706313
706317
706319
706397
706495
706522
706548
706676
706726
706786
706932
706973
707478
707525
707539
707759
707820
707908
707964
708111
708160
708366
708493
708577
708650
708682
708708
708725
709306
709388
709457
709480
709538
709643
709827
710004
710125
710180
710529
710542
710543
710905
710906
711100
711258
711309
711329
711435
711495
711520
712122
712182
712197
712224
712395
712524
712563
712600
712771
712775
712807
712816
712935
712998
713225
713369
713379
713454
713499
713510
713557
713719
714040
714068
714141
714152
714179
714195
714246
714254
714362
714438
714461
714687
714728
714748
714849
714971
715071
715390
715479
715524
715813
715890
715909
716023
716190
716194
716395
716629
716678
716791
716984
717188
717222
717320
717322
717605
717704
717704
717736
717838
718285
718370
718461
718566
718733
718955
719135
719329
719330
719334
719335
719384
719739
719818
719876
720068
720330
720515
720562
720569
720806
720814
720845
720988
721020
721220
721385
721574
721654
721763
721814
722343
722358
722436
722517
722637
722752
722811
722812
722837
722869
723198
723250
723290
723301
723384
723423
723471
723684
723722
723827
723994
724046
724409
724422
724566
724667
724701
724761
724877
724961
725009
725024
725501
725642
725748
726121
726155
726172
726236
726389
726600
726653
726711
726733
727061
727068
727113
727204
727627
727703
727768
727776
727875
727884
727951
727962
728012
728107
728272
728324
728435
728525
728905
728938
728989
728992
729015
729027
729204
729294
729361
729924
729928
730186
730191
730199
730256
730323
730567
730732
730757
730771
730784
730935
731004
731012
731016
731057
731100
731123
731193
731401
731621
731685
731801
731803
731833
731902
732084
732116
732120
732134
732233
732238
732541
732648
732747
732752
732974
733215
733411
733513
733543
733545
733713
733789
733823
733826
733992
734002
734010
734217
734238
734286
734564
734663
734685
734749
734815
734839
734926
734938
734971
735051
735165
735483
735667
735752
735761
735763
735782
735864
735962
736080
736153
736203
736316
736498
736648
736669
737012
737224
737327
737484
737548
737579
737635
737638
737733
737789
737838
737983
738134
738143
738181
738701
738724
738733
738791
738891
739076
739295
739353
739359
739402
739541
739643
739753
739781
739781
739787
739998
740019
740085
740402
740619
740633
740695
740750
740770
740995
741022
741118
741195
741260
741307
741410
741454
741633
741743
741814
741841
741843
741991
742139
742263
742307
742373
742437
742501
742518
742519
742607
742692
742872
742965
743031
743149
743321
743350
743413
743426
743592
743663
743746
743746
743881
743885
744111
744169
744244
744407
744649
744666
744819
744843
744871
744941
745007
745044
745056
745139
745141
745151
745301
745397
745582
745706
745969
746156
746190
746327
746374
746438
746584
746726
746852
746858
746898
746924
747045
747354
747422
747576
747611
747780
747834
747948
748011
748047
748119
748151
748214
748332
748410
748503
748619
748768
748794
748833
748867
748962
749219
749282
749364
749462
749480
749647
749673
749681
749759
749875
749986
750174
750181
750266
750469
750862
750889
750942
751148
751181
751312
751469
751487
751518
751532
751548
751565
751600
751859
751887
752336
752440
752517
752543
752703
752762
752975
753027
753084
753257
753278
753290
753349
753430
753574
753604
753745
754293
754368
754536
754594
754619
754713
754860
755085
755209
755297
755368
755405
755414
755456
755601
755770
755844
755868
755875
755917
755958
756126
756252
756392
756394
756454
756640
756682
756805
756855
756946
756991
757125
757137
757207
757249
757279
757421
757472
757510
757577
757649
757754
757766
757914
757977
757991
758045
758081
758106
758236
758284
758375
758458
758466
758534
758820
758902
758972
759184
759243
759260
759530
759531
759688
759806
759872
759991
760068
760498
760558
760798
761049
761134
761138
761190
761264
761278
761279
761281
761341
761343
761389
761417
761455
761482
761482
761615
761797
762163
762165
762181
762399
762434
762836
762852
762858
762913
763000
763048
763096
763322
763626
763765
763785
763869
763905
763922
764218
764459
764512
764552
764613
764655
764710
764714
764752
764829
764866
764990
765063
765090
765117
765164
765176
765291
765330
765342
765369
765429
765510
765599
765613
765895
765963
766001
766071
766133
766245
766290
766510
766515
766634
766687
766975
767086
767123
767155
767195
767267
767356
767450
767649
767738
767877
767877
767890
768068
768200
768305
768435
768527
768585
768722
769047
769057
769072
769177
769467
769475
769640
769789
769800
769876
769924
770157
770481
770579
770735
770788
771508
771597
771804
771883
772152
772262
772571
772601
772697
772872
773149
773228
773229
773233
773304
773374
773461
773481
773686
774012
774271
774286
774508
774509
774576
774626
774723
774910
774944
775124
775217
775348
775534
775582
775653
775663
775842
775975
776180
776218
776504
776541
776572
776588
776768
776906
776955
777046
777237
777299
777325
777436
777600
777787
777817
777835
777839
777977
778203
778552
778615
778622
778631
778650
778745
778877
778958
779109
779115
779119
779282
779388
779481
779564
779598
779622
779659
779664
779829
779945
780096
780266
780277
780414
780544
780549
780824
780889
781038
781140
781251
781253
781281
781334
781363
781449
781485
781505
781653
781787
781824
781829
781984
782305
782445
782481
782500
782550
782712
782945
783031
783647
783683
783733
783768
783830
784045
784070
784161
784452
784497
784549
784880
784990
785005
785014
785073
785330
785489
785694
785695
785724
785902
785949
785976
786097
786471
786576
786653
786724
786844
786890
786918
786928
786987
787045
787136
787175
787209
787217
787285
787298
787345
787398
787415
787530
787676
787701
787708
787720
787734
788111
788155
788220
788227
788350
788408
788451
788529
788559
788559
788668
788751
788773
788816
788854
788897
788899
789099
789464
789497
789499
789574
789590
789724
789830
789906
790166
790425
790530
790606
790770
790814
790859
791019
791272
791289
791552
791584
791594
791674
791716
792003
792027
792210
792328
792333
792600
792610
792816
792935
792995
793028
793087
793162
793206
793299
793441
793496
793774
794191
794241
794453
794594
794610
794819
794986
795018
795059
795122
795389
795540
795563
795872
796231
796244
796461
796548
796601
796648
796996
797117
797240
797251
797255
797447
797556
797648
797736
797762
797807
797943
798051
798142
798312
798373
798457
798621
798855
799116
799126
799164
799383
799390
799444
799518
799609
799769
799802
799895
799912
799977
800030
800069
800174
800235
800528
800711
800716
800748
800835
800955
800955
800966
800998
801065
801130
801162
801307
801309
801520
801638
801675
801697
801725
801817
802023
802159
802239
802380
802426
802427
802654
802766
802787
802818
802912
802940
802974
802991
802998
803067
803115
803330
803577
803783
803975
803981
804059
804137
804277
804343
804436
804485
804527
804543
804572
804850
804860
804863
805214
805411
805432
805445
805530
805649
805726
805825
805831
806032
806104
806235
806412
806548
806601
806605
806730
806764
806766
806859
807001
807049
807085
807091
807507
807564
807915
807917
807995
808096
808122
808184
808258
808285
808325
808366
808397
808680
808754
809074
809077
809108
809112
809128
809172
809246
809475
809739
809784
809877
810089
810128
810165
810317
810333
810344
810414
810477
810653
810692
810827
810924
810975
811009
811027
811093
811093
811124
811219
811404
811420
811659
811782
811812
812119
812160
812262
812298
812488
812862
812916
812948
812958
813029
813255
813480
813509
813727
813825
813866
814165
814912
814912
814959
815008
815085
815149
815316
815349
815429
815535
815596
815673
815846
815849
815858
816084
816185
816261
816305
816470
816471
816563
816630
816774
816776
817005
817093
817149
817441
817487
817662
817667
817698
817804
817913
817973
818186
818379
818923
818990
819001
819078
819170
819255
819297
819356
819394
819426
819574
819606
819679
819734
820010
820230
820239
820443
820446
820805
820808
820812
820837
820846
821316
821322
821430
821446
821470
821651
821688
821712
821735
821781
821927
822070
822290
822317
822352
822453
822676
822785
822825
822858
822865
822910
823025
823209
823236
823348
823350
823515
823527
823533
823650
823654
823673
823751
823835
823903
823916
824081
824130
824215
824272
824509
824541
824772
824825
825044
825338
825389
825563
825568
825611
826144
826264
826314
826577
826698
826702
826828
826878
826885
826921
826985
826991
826999
827010
827343
827379
827431
827703
827754
827963
828074
828134
828286
828329
828557
828743
828842
828881
828926
829240
829361
829423
829752
829868
829976
830020
830104
830342
830528
830604
830667
830667
830870
830871
831027
831136
831141
831333
831358
831378
831419
831433
831580
831656
831666
831881
831908
832011
832011
832159
832272
832311
832331
832540
832556
832557
832644
832712
832910
833038
833139
833250
833419
833620
833644
833803
833855
833929
834353
834376
834379
834588
834633
834653
834674
834751
834795
834944
834972
835043
835059
835121
835199
835327
835655
835746
835753
836002
836012
836103
836338
836395
836621
836699
836809
836816
836847
837130
837290
837380
837668
837765
837791
837798
837801
838214
838298
838389
838500
838599
838622
838707
838713
838715
839032
839035
839035
839058
839282
839290
839427
839646
839650
839697
840374
840409
840432
840448
840537
840665
840701
840916
840951
840955
841148
841159
841160
841222
841534
841647
842110
842252
842268
842475
842502
842509
842588
842618
842713
842714
842727
842808
842840
842931
842980
843013
843104
843285
843335
843807
843827
843903
843931
844144
844181
844268
844299
844334
844508
844533
844573
844654
844960
845173
845212
845230
845646
845834
845846
845888
845965
845997
846037
846449
846450
846456
846481
846663
846668
846683
846822
847041
847218
847291
847664
847705
847725
847891
848196
848220
848232
848374
848500
848502
848524
848953
849028
849094
849150
849159
849181
849187
849212
849263
849665
849688
849865
850007
850020
850042
850212
850366
850658
850844
850913
850965
851058
851103
851133
851383
851514
851609
851980
852042
852065
852080
852460
852680
852997
853100
853108
853166
853172
853228
853273
853425
853657
853836
853851
853907
853933
854278
854344
854437
854492
854578
854624
854708
854722
854806
855019
855031
855206
855376
855445
855448
855449
855461
855553
855896
855976
856009
856106
856199
856338
856412
856419
856440
856458
856754
856799
856832
856839
856877
857056
857064
857092
857134
857500
857511
857940
857971
858093
858191
858236
858245
858565
858570
858825
858897
858916
858994
859291
859388
859393
859440
859550
859599
859599
859697
859731
859950
859978
860092
860210
860259
860268
860310
860322
860353
860381
860381
860711
860812
860925
860935
860942
861016
861045
861176
861231
861262
861285
861546
861607
861856
861859
861924
861979
861993
861995
862013
862032
862043
862047
862084
862129
862178
862187
862223
862236
862284
862408
862483
862547
862562
862589
862691
862758
862843
862879
862992
863037
863374
863492
863522
863756
864119
864182
864191
864220
864484
864638
864793
865133
865450
865553
865577
866023
866139
866229
866289
866292
866500
866523
866555
866633
866670
866709
866841
866917
866987
867052
867184
867205
867216
867225
867292
867375
867751
867816
867890
867991
868043
868229
868332
868555
868576
868587
868862
869039
869147
869195
869246
869282
869304
869327
869334
869420
869642
869988
870133
870151
870165
870184
870321
870554
870681
870759
870913
870939
870981
871067
871123
871124
871164
871186
871378
871486
871637
871676
871698
871820
871842
871875
872067
872336
872365
872400
872546
872630
872676
872699
872773
872847
872907
872930
873033
873081
873252
873454
873494
873561
873575
873660
873764
873923
874090
874164
874651
874652
874830
874923
874964
875092
875127
875129
875157
875240
875265
875315
875316
875354
875383
875397
875674
875878
876112
876253
876258
876325
876378
876401
876454
876485
876566
876586
876623
876633
876749
876814
876904
877412
877424
877691
877698
877773
877782
877834
877920
878005
878226
878252
878320
878380
878460
878541
878548
878564
878647
878792
878949
878950
879121
879125
879141
879201
879335
879359
879488
879901
879912
880095
880187
880546
880733
880787
880919
881062
881121
881295
881345
881412
881793
881848
881896
882065
882173
882237
882252
882473
882588
882671
882702
883037
883118
883171
883322
883346
883410
883412
883473
883497
883524
883554
883672
883721
883939
884010
884075
884088
884345
884470
884526
884544
884637
884765
884828
884890
885409
885772
885876
885923
886090
886221
886320
886532
886820
886894
886899
886937
887409
887459
887464
887592
887626
887647
887806
887871
887875
887894
887908
887953
888057
888241
888320
888341
888426
888444
888502
888528
888770
888784
888807
888946
889099
889281
889641
889690
889794
889797
889900
889986
890031
890052
890158
890248
890285
890329
890421
890828
890863
890914
891084
891091
891291
891381
891395
891545
891551
891730
891876
891905
891911
891922
892027
892313
892583
892826
892845
892902
893038
893071
893085
893229
893552
893585
893611
893630
893663
893701
893752
893952
894035
894058
894130
894275
894368
894376
894379
894422
894544
894695
894958
894984
895017
895024
895071
895162
895226
895278
895301
895695
895882
895939
896180
896406
896539
896578
896615
896736
896808
896900
896958
897011
897148
897328
897423
897480
897515
897576
897664
897707
897784
897824
897970
898016
898162
898165
898336
898685
898814
899034
899084
899116
899360
899391
899403
899424
899569
899680
899773
899934
900154
900158
900191
900255
900397
900438
900445
900469
900529
900787
900906
900913
901025
901058
901183
901364
901421
901456
901559
901800
901802
901804
901958
901964
901988
901994
902063
902165
902220
902238
902297
902354
902382
902383
902468
902588
902661
902685
903114
903184
903292
903345
903351
903438
903494
903517
903571
903611
903905
903935
904032
904252
904277
904402
904407
904519
904631
904653
904721
904807
904819
905077
905264
905300
905305
905318
905325
905498
905599
905700
905705
905715
905923
906002
906014
906051
906187
906643
906928
906943
907295
907467
907471
907485
907641
907655
907704
907721
907833
907947
907972
907975
908002
908046
908556
908591
908807
908889
908902
908988
909059
909072
909120
909207
909275
909464
909555
909662
909789
909831
910022
910140
910145
910240
910586
910708
910790
910817
910876
910920
910922
911066
911118
911139
911152
911449
911730
912033
912098
912188
912403
912483
912506
912526
912560
912657
912895
912917
912954
913061
913076
913076
913136
913333
913334
913367
913374
913376
913489
913507
913523
913577
913639
913777
913976
914038
914491
914500
914543
914548
914565
914741
915076
915149
915159
915176
915300
915365
915440
915508
915527
915637
915640
915671
915769
915895
916087
916174
916269
916457
916609
916678
916978
917069
917145
917192
917323
917454
917636
917639
917640
917675
917750
917774
917811
918220
918504
918547
918616
918768
918955
919009
919067
919387
919401
919499
919791
919857
919873
919882
919886
920075
920099
920133
920138
920170
920633
920846
921004
921013
921151
921155
921202
921250
921330
921391
921487
921574
921683
921883
921980
922262
922380
922385
922424
922527
922620
922722
922740
922784
922837
922839
922848
923108
923122
923155
923306
923361
923399
923892
923893
923940
924005
924523
924541
924664
924780
924936
924947
924970
925023
925116
925294
925338
925486
925589
925602
925811
925890
926010
926208
926267
926322
926408
926422
926625
926675
926682
926750
926908
927045
927148
927155
927316
927446
927473
928172
928227
928259
928395
928448
928515
928697
928734
928740
928856
928892
929199
929262
929413
929469
929633
929643
929654
929659
929815
929951
930020
930195
930242
930261
930272
930305
930654
930695
930721
930721
930733
930973
931021
931031
931050
931372
931382
931532
931614
931656
931956
931981
932225
932231
932247
932277
932336
932363
932468
932653
932690
932725
932742
932933
933040
933163
933221
933338
933349
933413
933430
933434
933585
933631
933850
933935
934018
934115
934173
934536
934569
934588
934637
934650
934750
934860
935064
935186
935413
935415
935427
935520
935524
935645
935692
935740
935771
935927
936020
936207
936223
936223
936439
936449
936571
936589
936604
936606
936666
936687
936833
936868
936882
936886
936899
936992
937022
937201
937388
937435
937534
937673
937760
937939
938084
938225
938323
938369
938371
938626
938717
938917
939044
939227
939262
939316
939389
939417
939454
939735
939751
939837
939982
940119
940182
940201
940361
940378
940400
940417
940459
940533
940686
940775
941101
941240
941461
941869
941944
942163
942274
942303
942319
942533
942605
942741
942779
942851
942972
943008
943105
943177
943342
943405
943583
943748
943770
943814
943996
944125
944218
944468
944479
944525
945511
945521
945585
945648
945658
945696
945863
945892
945957
946017
946113
946119
946609
947102
947561
947889
947982
948045
948077
948202
948220
948245
948333
948430
948569
948590
948894
949032
949061
949083
949360
949379
949520
949813
949827
949885
950004
950077
950117
950222
950297
950303
950475
950600
950656
950680
950769
950871
951004
951296
951457
951539
951721
951725
951902
951965
952026
952029
952252
952554
952572
952610
952695
952740
952842
952904
952954
953417
953564
953667
953880
953913
953971
954044
954113
954295
954305
954331
954466
954552
954588
954619
954810
954920
955067
955154
955218
955228
955464
955465
955565
955600
955707
955813
955892
956037
956205
956210
956264
956503
956582
956796
956861
956903
956973
957013
957065
957223
957261
957642
957718
957790
958002
958197
958470
958543
958558
958738
958756
958909
959026
959254
959348
959365
959426
959430
959476
959609
959661
959716
959751
959876
959901
960131
960294
960370
960397
960533
960604
960608
960675
960746
960905
960930
961015
961275
961304
961394
961493
961550
961677
961738
961888
961959
961971
962144
962153
962171
962255
962338
962592
962712
962783
962802
963196
963215
963228
963548
963719
963777
963801
963891
963946
964245
964250
964322
964464
964465
964491
964658
964883
964950
964950
965037
965080
965340
965342
965423
965594
965595
965768
965770
965781
965841
965866
966027
966075
966112
966315
966646
966690
966711
966767
966859
966868
966902
967070
967110
967189
967355
967417
967435
967438
967451
967491
967551
967603
967844
968017
968060
968163
968241
968249
968309
968436
968509
968530
968589
968598
968702
968720
968917
968937
968990
969145
969647
969684
969724
969843
969903
970018
970112
970123
970285
970311
970365
970530
970811
970821
971068
971156
971229
971469
971799
971960
972265
972290
972476
972511
972604
972661
972671
972675
972685
972965
973111
973305
973327
973607
973650
973821
973903
974004
974357
974669
974996
975062
975063
975066
975193
975205
975259
975264
975469
975554
976065
976258
976389
976396
976406
976432
976452
976542
976602
976612
976649
976663
976687
976689
976768
976816
976841
976960
976972
976995
977015
977015
977029
977073
977102
977187
977231
977250
977354
977466
977490
977541
977732
977833
977931
977958
978195
978201
978229
978372
978411
978426
978512
978515
978685
978739
978763
978768
978912
978997
979077
979182
979292
979335
979662
979676
979819
979848
979885
979904
980003
980004
980043
980192
980241
980285
980390
980399
980492
980624
980684
980746
980796
980799
980836
980912
980954
981060
981115
981259
981349
981368
981439
981460
981502
981584
981635
981894
981948
982141
982232
982315
982468
982908
982976
982998
983195
983414
983424
983449
983475
983479
983736
983739
983846
984161
984395
984406
984806
984948
985047
985339
985405
985745
985757
985875
986487
986511
986595
986603
986625
986694
986723
987124
987146
987165
987406
987521
987699
987885
987918
987941
988008
988025
988061
988151
988264
988492
988638
988744
989078
989219
989236
989256
989358
989418
989442
989458
989536
989722
989753
989832
989856
989857
989907
989910
990099
990338
990452
990562
990564
990585
990683
990730
990788
990789
990812
990838
990865
990881
991043
991130
991169
991207
991277
991353
991366
991432
991464
991536
991589
991745
991942
992016
992041
992344
992360
992365
992383
992398
992426
992527
992560
992718
992794
992809
992948
993048
993107
993175
993397
993445
993536
993684
993955
994075
994400
994555
994575
994655
994676
994790
994818
994880
994913
995046
995138
995150
995165
995372
995504
995573
995650
995810
996009
996016
996091
996158
996180
996717
996777
996790
996852
997004
997041
997059
997075
997179
997236
997446
997525
997715
997760
997900
997906
997907
998159
998194
998218
998379
998433
998615
998692
998888
999085
999309
999405
999574
999637
999675
999746