62
89
162
241
333
340
447
577
621
636
644
650
652
678
986
1020
1072
1088
1089
1124
1230
1247
1283
1304
1450
1488
1489
1513
1648
1650
1662
1726
1906
1999
2001
2002
2009
2085
2119
2235
2511
2530
2590
2644
2772
2967
3029
3086
3103
3240
3298
3513
3592
3659
3972
4140
4311
4356
4418
4444
4449
4503
4545
4771
4935
5024
5034
5047
5243
5251
5382
5520
5548
5598
5621
5632
5688
5691
5702
5730
5821
5883
5884
5908
5931
5977
6057
6323
6384
6462
6530
6594
6628
6642
6660
6714
7018
7042
7043
7096
7148
7224
7238
7425
7451
7487
7615
7629
7737
7790
7852
8069
8459
8503
8577
8635
8715
8889
8894
9026
9110
9138
9179
9237
9504
9766
9887
9908
10342
10571
10684
11271
11304
11436
11457
11471
11502
11512
11539
11621
11697
12016
12050
12107
12135
12275
12377
12546
12551
12627
12751
12832
12893
13054
13147
13199
13263
13623
13890
13921
13933
14030
14189
14207
14297
14421
14497
14533
14575
14609
14800
15014
15078
15134
15202
15568
15712
15767
15784
15803
15982
16022
16433
16491
16521
16797
16806
17065
17165
17454
17521
17678
17800
17880
17996
18005
18009
18096
18123
18224
18346
18524
18967
18974
19063
19096
19264
19311
19493
19599
19604
19675
19712
19760
19764
20106
20122
20293
20317
20431
20471
20560
20596
20660
20734
20825
20851
21335
21474
21724
21797
21817
22001
22060
22136
22290
22314
22356
22387
22434
22469
22526
22720
22788
22891
22960
22986
23118
23252
23313
23346
23442
23533
23598
23628
23708
23893
23899
23962
24010
24041
24077
24157
24158
24368
24484
24670
24747
24905
25012
25093
25126
25291
25310
25545
25687
25857
25868
25877
25958
26048
26064
26407
26633
26717
26862
26867
26895
26915
27103
27155
27159
27169
27338
27368
27579
27597
27787
27893
28019
28174
28256
28272
28436
28472
28481
28636
28650
28755
28765
28827
28830
28956
29139
29162
29178
29197
29277
29341
29417
29540
29670
29687
29699
29713
29877
29883
29940
29973
30031
30135
30248
30397
30432
30605
30693
30748
31008
31328
31365
31391
31393
31418
31552
31560
31583
31687
31881
32003
32046
32161
32282
32832
32840
33005
33096
33116
33124
33224
33295
33326
33584
33809
33823
33839
33896
33913
34031
34196
34261
34263
34411
34713
34731
34751
34880
34964
34967
35253
35255
35305
35329
35406
35713
35745
35792
35883
36092
36108
36366
36391
36582
36630
36661
36742
36785
36789
36842
36908
37030
37047
37154
37297
37485
37661
37844
37971
38088
38191
38338
38377
38694
38749
38758
38820
38905
38957
39012
39379
39430
39515
39781
40025
40072
40431
40534
40685
40911
40985
41074
41092
41097
41395
41499
41532
41539
41593
41596
41655
42173
42201
42414
42456
42598
42727
42736
42751
42752
42782
42908
42913
42998
43046
43053
43158
43458
43552
43608
43653
43706
43720
43857
43932
43953
43954
44035
44287
44344
44397
44560
44740
44821
44859
44942
44954
45006
45296
45497
45525
45534
45548
45556
45783
45787
45793
45803
45815
45947
46203
46329
46374
46441
46671
46675
46805
46857
46905
47177
47230
47238
47254
47293
47756
47943
48141
48220
48281
48456
48458
48504
48549
48652
48721
48846
48855
48887
49071
49331
49428
49569
49646
49742
49807
49917
50006
50085
50156
50176
50306
50415
50450
50476
50540
50725
50733
50750
50955
51163
51316
51394
51575
51617
51662
51682
51696
51715
51936
51948
52246
52283
52318
52459
52485
52544
52565
52746
52919
52974
52998
53153
53715
53764
53788
53829
53842
54191
54343
54374
54477
54655
54937
55479
55700
55739
55802
55808
55822
55840
55858
55861
56073
56210
56290
56307
56400
56469
56475
56512
56570
56580
56601
56603
56677
56754
56939
56941
56989
57167
57183
57235
57328
57382
57503
57547
57599
57917
57957
58602
58618
58658
58781
58783
58828
58872
59019
59083
59106
59176
59192
59477
59541
59684
59903
59912
59957
60127
60259
60401
60471
60687
60785
60897
61035
61208
61219
61229
61389
61572
61603
61945
61968
62057
62088
62142
62149
62211
62251
62309
62320
62523
62880
62893
62943
62972
63061
63107
63122
63386
63400
63556
63559
63625
63648
63664
63693
63762
63765
63798
63809
63970
64025
64087
64094
64164
64340
64495
64732
64805
64861
65105
65416
65430
65559
65620
65834
65883
66080
66124
66132
66339
66447
66448
66555
66564
66898
66915
67189
67493
67697
67749
67794
68150
68151
68178
68209
68463
68603
68775
68813
68881
68956
68991
69391
69400
69451
69507
69853
69855
69928
70334
70377
70620
70661
70758
70758
70873
70901
71309
71363
71463
71701
71735
71852
71870
71905
71920
72009
72042
72069
72072
72128
72248
72277
72383
72487
72711
72839
72857
72939
72964
73119
73311
73445
73539
73559
73707
73709
73785
73796
74080
74304
74311
74436
74620
74643
74678
75039
75248
75280
75410
75636
75667
75694
75698
75812
75843
75897
75992
76155
76350
76437
76480
76537
76634
76813
76839
76847
76901
77088
77287
77351
77504
77534
77547
77572
77816
77832
77902
78126
78148
78185
78387
78388
78394
78400
78618
78737
78747
78760
78762
78838
78869
78991
79064
79154
79244
79273
79274
79280
79405
79466
79472
79543
79555
79822
79873
79876
80008
80058
80121
80448
80527
80545
80737
80793
81022
81233
81591
81726
81730
81925
82016
82115
82139
82210
82386
82395
82603
82613
82624
82753
82755
82878
83080
83383
83716
83804
83999
84036
84167
84194
84267
84305
84341
84385
84390
84402
84442
84443
84780
84835
84854
84865
85001
85031
85133
85215
85272
85532
85763
85799
85804
85978
86095
86149
86176
86316
86559
86837
86941
86983
87118
87359
87362
87364
87396
87700
87707
87937
87986
87994
88026
88087
88168
88181
88292
88373
88440
88456
88525
88654
88666
89012
89106
89162
89223
89372
89372
89375
89563
89637
89645
89713
89738
89802
89820
89837
89926
90068
90328
90381
90394
90575
90722
91003
91041
91076
91099
91192
91276
91431
91559
91601
91615
91863
91924
91940
91998
92181
92221
92235
92238
92358
92458
92468
92572
92601
92680
92726
92862
92869
92916
92940
93037
93329
93500
93682
93741
93819
94091
94172
94450
94480
94591
94697
94893
94976
95038
95127
95142
95358
95370
95539
95631
95668
95674
95684
95706
95750
95960
96211
96225
96299
96315
96317
96318
96406
96427
96617
96855
96915
96948
97098
97197
97229
97254
97521
97575
97865
97920
98201
98309
98435
98455
98576
98859
98866
98904
99105
99112
99445
99489
99549
99604
99841
100053
100636
100733
100784
100922
100936
101097
101205
101337
101350
101357
101765
101794
101914
102160
102163
102184
102243
102404
102406
102691
102799
102848
102966
103173
103181
103231
103258
103384
103440
103668
103682
103717
103818
103968
104107
104267
104334
104360
104472
104537
104666
104922
105153
105168
105170
105231
105341
105383
105437
105577
105594
105664
105713
105783
106431
106545
106665
106669
107124
107161
107164
107407
107537
107641
107693
107743
107757
107884
108018
108285
108451
108543
108591
108687
108739
108853
108869
109016
109132
109537
109768
110012
110287
110295
110626
110769
110900
110901
110975
111212
111221
111255
111365
111405
111454
111473
111518
111592
111759
111784
111946
112048
112198
112227
112253
112324
112329
112339
112461
112561
112764
112840
112982
112996
113171
113325
113479
113488
113632
113684
113701
113703
113839
113945
114034
114188
114266
114487
114577
114749
114790
114842
114868
114873
114975
115238
115377
115431
115442
115468
115479
115514
115602
115656
115660
115682
115733
115808
115945
115985
116064
116316
116330
116417
116423
116477
116639
116671
116732
116743
116767
116775
116991
117169
117270
117375
117637
117642
117729
117796
118012
118148
118182
118185
118220
118247
118470
118559
118648
118664
118744
118751
118780
118810
119408
119707
119715
119772
119793
119843
119845
120023
120071
120317
120424
120700
120713
120904
121032
121132
121227
121339
121584
121821
121845
121949
122207
122313
122396
122460
122495
122571
122721
122794
123013
123015
123079
123287
123389
123477
123498
123655
123856
123962
124037
124060
124225
124405
124451
124537
124679
124688
124780
124835
124882
125070
125102
125280
125291
125329
125425
125430
125433
125601
125882
125938
125943
126158
126198
126293
126434
126627
126669
126746
126757
127106
127114
127147
127152
127167
127192
127238
127374
127376
127420
127459
127507
127528
127610
127624
127694
127714
127790
127791
127916
128041
128235
128430
128452
128597
128636
128692
128770
128813
128930
128986
128998
129078
129118
129248
129294
129411
129487
129541
129679
129733
129748
129824
129876
129972
130021
130047
130098
130233
130429
130495
130530
130916
130953
130961
130987
131039
131110
131131
131354
131389
131719
131802
131953
131959
132039
132087
132108
132130
132131
132377
132406
132451
132723
132757
132816
132883
132946
133004
133017
133105
133138
133243
133260
133379
133492
133529
133563
133720
133724
133750
133752
133775
133979
133991
134059
134112
134131
134187
134209
134213
134238
134345
134740
134885
134902
135023
135049
135095
135134
135138
135313
135399
135440
135488
135710
135715
135721
136130
136200
136204
136623
136666
136750
136870
137201
137317
137358
137451
137494
137536
137586
137613
137654
137698
137740
138084
138106
138191
138276
138296
138310
138395
138473
138577
138601
138614
138737
138828
139237
139259
139307
139318
139363
139391
139535
139540
139634
139729
139779
139788
140018
140025
140117
140171
140365
140466
140520
140726
140815
141026
141119
141317
141462
141485
141638
141946
141961
142050
142132
142152
142152
142174
142196
142211
142245
142251
142277
142444
142533
142620
142717
143007
143173
143485
143537
143664
143890
143932
143991
144149
144179
144202
144238
144377
144477
144577
144685
144740
144812
144825
144870
145188
145577
145843
146010
146026
146111
146143
146221
146335
146476
146575
146820
146840
146860
147031
147036
147076
147115
147157
147203
147308
147593
147653
147682
147690
147717
147720
147723
147834
147893
147912
148067
148080
148127
148163
148220
148242
148244
148277
148392
148400
148667
148726
149059
149060
149068
149252
149310
149344
149465
149474
149512
149531
149672
149906
149983
150141
150246
150335
150441
150835
150887
150893
150979
151223
151250
151267
151337
151461
151757
151896
152015
152027
152365
152502
152531
152885
152943
153181
153417
153588
153668
153730
154013
154120
154294
154433
154605
154713
154794
154858
154876
154964
154986
155356
155492
155512
155541
155642
155702
155712
155812
155836
155888
156034
156052
156081
156087
156142
156159
156272
156343
156545
156841
156875
156932
156950
157036
157246
157317
157397
157501
157518
157874
157912
157984
158168
158199
158252
158256
158290
158306
158415
158428
158455
158552
158642
158806
158927
158964
158996
159439
159520
159623
159627
159686
159725
159872
159970
160050
160144
160399
160438
160461
160604
160723
160792
161113
161143
161248
161250
161485
161604
161672
161767
161810
161938
161971
162058
162163
162208
162265
162265
162266
162308
162456
162607
162615
162647
162648
162867
162903
162927
163161
163274
163386
163636
163824
163967
163996
164091
164272
164391
164432
164679
164826
164900
165033
165072
165140
165157
165186
165273
165418
165447
165510
165652
165756
165984
166142
166507
166684
166780
166885
166912
167628
167705
167934
168019
168101
168209
168269
168341
168447
168456
168532
168561
168607
168676
168793
168805
168955
169044
169151
169269
169346
169415
169466
169589
169672
169688
169705
169752
169772
169843
170044
170067
170119
170202
170482
170829
170856
171019
171105
171202
171210
171216
171312
171419
171425
171526
171533
171570
171974
172010
172450
172522
172599
172754
172761
172905
173078
173119
173139
173228
173349
173380
173387
173401
173516
173552
173628
173679
173786
173789
173830
173905
173907
174030
174087
174088
174141
174209
174433
174540
174725
174771
174808
174868
174871
175057
175233
175390
175457
175490
175557
175596
175708
175755
175788
175886
175973
176093
176490
176674
176761
177170
177353
177365
177416
177647
177946
177947
177951
178030
178135
178140
178354
178429
178455
178470
178479
178523
178726
178842
178954
178976
179094
179128
179295
179318
179377
179453
179492
179510
179545
179551
179563
179603
179616
179652
179727
179782
179785
179787
179819
180145
180280
180305
180320
180382
180443
180447
180497
180513
180647
180750
180752
180866
181332
181364
181528
181556
181709
181715
181828
182048
182085
182133
182228
182288
182304
182332
182401
182415
182638
182642
182660
182827
182851
182934
183006
183027
183031
183404
183637
183731
183751
183771
183797
183811
183859
183942
183951
183961
184061
184068
184285
184414
184550
184578
184748
184764
184842
184857
184921
185221
185332
185334
185420
185439
185524
185580
185641
185830
186174
186200
186234
186253
186409
186455
186538
186784
186996
187201
187203
187271
187423
187448
187612
187670
187772
187851
187946
188000
188085
188300
188317
188346
188348
188361
188572
188719
188724
188782
188837
188850
188893
188896
189001
189060
189139
189218
189407
189550
189560
190044
190178
190304
190631
190646
190929
190944
191143
191144
191224
191316
191320
191459
191505
191535
191739
191765
191784
191934
192051
192141
192166
192215
192323
192388
192521
192577
192585
192590
192741
192807
192831
192965
192981
193008
193156
193169
193278
193291
193419
193838
193989
194122
194161
194173
194244
194308
194436
194507
194548
194628
194822
194923
194948
194948
195246
195451
195487
195530
195696
195973
196062
196103
196120
196251
196279
196334
196836
196837
196902
196981
197039
197044
197152
197168
197198
197240
197250
197357
197684
197754
197824
198022
198141
198284
198565
198848
198890
199127
199341
199394
199407
199490
199528
199650
199667
199762
199795
199810
199811
199877
199991
200089
200182
200215
200252
200321
200672
200981
201069
201072
201139
201185
201217
201278
201290
201374
201587
201588
201589
201589
201741
201813
201962
201982
202032
202065
202096
202196
202217
202468
202525
202799
202815
202847
202894
202914
202985
203046
203109
203273
203362
203636
203685
203883
203901
203937
204167
204178
204278
204357
204445
204643
204746
204848
204908
204910
204959
204986
204992
205039
205044
205193
205215
205346
205381
205515
205518
205521
205713
205807
205833
205838
206008
206017
206031
206423
206484
206560
206583
206609
206751
206824
206830
206896
207050
207164
207208
207341
207485
207997
208008
208106
208335
208636
208694
208850
208891
209215
209245
209479
209541
209589
209745
210101
210162
210226
210233
210442
210533
210690
210735
210953
211308
211421
211763
211765
211882
211891
211903
211946
211949
211964
211982
212006
212228
212397
212408
212725
212784
212788
212832
212902
212978
213203
213345
213452
213522
213543
213785
213833
214199
214220
214233
214373
214505
214510
214608
214648
214655
214705
214719
214961
214987
215310
215358
215423
215641
215736
215741
215997
216023
216118
216265
216305
216323
216720
216735
216855
217155
217162
217186
217210
217245
217315
217337
217510
217552
217683
217688
217789
217883
217931
218005
218043
218229
218273
218378
218384
218449
218540
218557
218668
218789
218800
218941
218950
219173
219286
219421
219461
219532
219622
219694
219806
219905
220030
220051
220069
220158
220212
220306
220752
220753
220988
221303
221307
221462
221528
221588
221657
221766
221811
221892
221943
222055
222055
222107
222126
222181
222204
222226
222273
222396
222642
222952
223516
223522
223586
223597
223706
223823
224303
224419
224524
224561
224562
224586
224595
224611
224656
224837
224916
225084
225153
225158
225378
225555
225643
225725
225876
225980
226084
226176
226184
226277
226335
226339
226342
226372
226440
226449
226514
226650
226756
226813
227041
227317
227331
227384
227434
227492
227802
228277
228287
228354
228390
228504
228544
228629
228716
228824
228830
229007
229146
229181
229291
229371
229409
229706
229727
229965
230292
230488
230499
230505
230507
230597
230618
230714
230749
230897
230921
230947
230954
230985
231194
231278
231374
231504
231518
231577
231594
231609
231674
231734
231742
231791
231864
232114
232122
232181
232230
232313
232454
232473
232559
232688
232747
232770
232791
232812
232936
233021
233093
233327
233597
233650
233766
233895
233897
233914
233922
234011
234100
234183
234242
234378
234462
234603
235075
235094
235249
235511
235707
235854
236334
236575
236602
236871
236912
236945
237067
237101
237121
237216
237249
237279
237295
237318
237326
237384
237554
237571
237693
237761
237820
237910
237934
238033
238215
238392
238432
238493
238620
238852
238937
238971
239028
239062
239361
239435
239493
239508
239542
239590
239789
239840
239876
239889
239947
240140
240199
240406
240545
240554
240604
240628
240798
240849
240858
240870
240947
240948
241064
241115
241382
241391
241453
241490
241539
241572
241603
241683
241751
241774
242015
242510
242603
242872
242896
242930
242965
243082
243405
243481
243533
243618
243648
243976
244004
244035
244072
244188
244260
244267
244384
244487
244535
244845
244985
245009
245113
245190
245456
245460
245530
245531
245650
245750
245888
245922
246000
246028
246625
246629
246694
246736
246837
246888
247185
247239
247271
247352
247387
247428
247461
247591
247633
247793
247907
247952
247995
248165
248197
248232
248524
248567
248615
248619
248770
248843
248901
249155
249158
249186
249305
249322
249409
249648
249658
249925
250027
250027
250176
250343
250584
250733
250779
250789
250961
251155
251357
251502
251510
251604
252025
252149
252163
252297
252414
252629
252861
252880
252921
252931
252934
253089
253181
253197
253326
253467
253483
253657
253794
253922
253990
254004
254010
254140
254642
254967
255013
255040
255304
255439
255497
255929
255990
256108
256315
256348
256354
256414
256476
256498
256681
256726
256729
256865
257274
257335
257589
257612
257689
257747
257920
258140
258343
258370
258474
258490
258549
258646
258795
258876
258996
259083
259187
259193
259332
259622
260006
260018
260172
260274
260481
260486
260542
260573
260608
260635
260648
260754
260769
260773
260917
260969
260979
260991
261055
261129
261185
261252
261271
261536
261558
261803
261951
261979
262044
262048
262135
262212
262217
262268
262372
262484
262566
262620
262643
262757
262901
263002
263197
263229
263545
263573
263688
263769
263893
263995
264012
264020
264024
264080
264111
264118
264174
264184
264397
264406
264603
264642
264670
264863
265035
265162
265408
265421
265499
265595
265596
265612
265743
265854
265900
265979
266030
266117
266241
266357
266366
266810
266855
266917
266940
266947
266952
266978
267166
267219
267329
267467
267490
267514
267919
267961
268091
268206
268213
268287
268396
268499
268519
268587
268844
268953
268964
269004
269294
269321
269346
269867
269879
269955
270174
270247
270683
271063
271165
271179
271217
271268
271483
271595
271598
271630
271633
271647
271879
271968
272053
272189
272212
272329
272341
272490
272550
272651
272658
272716
272817
272883
273002
273182
273192
273229
273415
273526
273590
273632
273636
273808
273844
273906
273977
273986
274019
274115
274118
274268
274519
274672
274705
274734
274971
275069
275117
275231
275268
275364
275429
275517
275556
275620
275624
275768
276033
276139
276262
276322
276363
276508
276646
276705
276720
276775
276824
277011
277041
277291
277337
277365
277397
277426
277509
277510
277675
277684
277958
278043
278138
278147
278186
278238
278309
278421
278422
278503
278916
279102
279153
279280
279284
279302
279379
279789
279982
280004
280240
280278
280498
280813
280858
280947
280970
281034
281202
281361
281391
281405
281477
281588
281693
281740
281839
281839
281853
281941
282014
282056
282326
282392
282412
282579
282596
282695
282720
282759
282802
282837
282948
283130
283310
283554
283602
283706
283798
283976
284191
284366
284474
284539
284615
284667
284820
285041
285334
285454
285708
285717
285732
285876
285894
285915
286057
286108
286266
286442
286516
286558
286600
286639
286671
286745
286777
286817
286863
286864
286880
286893
286991
287131
287189
287349
287417
287490
287537
287561
287590
287697
287802
288047
288212
288335
288349
288694
288785
288810
288853
288952
288995
289019
289166
289210
289321
289614
289616
289685
289852
289869
290104
290169
290218
290422
290468
290661
290784
290928
291137
291203
291366
291460
291464
291588
291708
291715
291776
291905
291930
292071
292153
292237
292283
292362
292536
292574
292642
292669
292980
293019
293071
293109
293303
293307
293548
293572
293620
293633
294096
294147
294158
294307
294394
294491
294595
294768
294838
295149
295169
295274
295314
295691
296004
296042
296089
296259
296267
296470
296671
296688
296717
296868
296896
296960
297565
297591
297600
297651
297679
297859
297861
297876
297989
298035
298159
298353
298456
298622
298639
298791
298820
298834
298887
298942
298950
298954
299122
299142
299155
299377
299397
299461
299538
299631
299641
299894
299899
299921
300020
300098
300118
300171
300218
300407
300468
300519
300556
300735
300769
300811
300829
300848
301058
301061
301077
301284
301309
301318
301328
301351
301440
301444
301450
301546
301596
301611
301752
301997
302071
302140
302183
302372
302385
302630
302727
302877
303094
303211
303374
303460
303478
303606
303715
303847
304222
304330
304367
304379
304463
304473
304621
304889
304967
305008
305478
305625
305982
306111
306117
306121
306377
306579
306660
306672
307607
307671
307732
308087
308238
308286
308383
308407
308421
308474
308760
308774
308810
308819
309044
309083
309346
309361
309769
309968
310127
310131
310175
310198
310234
310262
310351
310382
310411
310590
310619
310630
310686
310758
310768
310995
311104
311205
311225
311323
311346
311380
311484
312096
312170
312354
312359
312440
312452
312502
312620
312715
312902
312906
312906
313017
313055
313156
313366
313385
313450
313563
313731
313859
313891
313931
314097
314175
314203
314281
314302
314618
314756
314886
314895
315027
315075
315146
315306
315316
315346
315580
315604
315823
315864
315920
315922
315957
315982
315985
316006
316047
316225
316360
316427
316440
316478
316677
316712
317303
317350
317356
317410
317544
317716
317801
317801
317814
317945
317964
317967
318031
318066
318170
318249
318275
318318
318338
318593
318659
318786
318805
318891
318996
318997
319036
319125
319125
319143
319222
319337
319546
319550
319566
319568
319610
319669
319864
320070
320107
320283
320422
320465
320517
320648
320734
320799
320921
321091
321147
321229
321338
321454
321689
321749
321805
321818
321860
321893
322110
322159
322334
322474
322572
322588
322760
322771
322827
322912
322920
322973
323061
323297
323322
323466
323550
323552
323628
323640
323918
323939
323953
324000
324012
324019
324085
324155
324476
324624
324709
324756
325204
325257
325286
325288
325332
325481
325564
325773
325884
325922
325990
326451
326668
326750
326884
326937
326997
327158
327203
327422
327536
327697
327778
327795
327805
327996
328035
328052
328100
328126
328133
328137
328171
328304
328346
328508
328703
329032
329056
329073
329137
329250
329304
329468
329520
329532
329578
329763
329939
330062
330074
330175
330361
330364
330407
330561
331055
331084
331113
331128
331248
331254
331394
331439
331577
331586
331649
331655
331661
331681
331798
331927
332035
332060
332192
332263
332415
332460
332529
332542
332634
332656
332662
332690
332739
332882
332893
333375
333379
333446
333447
333656
333674
333707
333855
333955
334033
334151
334162
334195
334272
334446
334461
334524
334567
334712
334996
335142
335358
335467
335526
335564
335691
335726
335864
336171
336569
336589
336608
336786
336830
336926
337227
337412
337485
337695
338067
338142
338187
338353
338623
338716
338764
338768
338777
339003
339008
339087
339310
339453
339499
339510
339516
339615
339629
339655
339746
339749
339756
339911
340133
340138
340155
340330
340787
341487
341509
341510
341570
341648
341659
341697
341781
341923
342231
342256
342283
342895
342918
342964
343085
343168
343273
343275
343309
343334
343385
343619
343955
344073
344129
344255
344302
344306
344390
344488
344626
344678
344743
344861
344868
344946
345036
345307
345402
345431
345762
345841
345870
345905
345925
346034
346095
346399
346425
346437
346603
346616
346619
346634
346792
346840
346889
346923
347037
347185
347236
347238
347328
347393
347436
347573
347761
347820
347904
348052
348126
348395
348436
348451
348505
348519
348903
349063
349064
349198
349210
349294
349474
349514
349543
349547
350086
350131
350167
350186
350514
350563
350615
350634
350682
350727
350831
350853
350884
351060
351096
351287
351338
351445
351458
351460
351551
351602
351688
351733
351863
351891
351934
351961
352020
352099
352303
352327
352350
352708
352749
352829
352991
353557
353609
353646
354030
354219
354286
354358
354361
354393
354448
354601
354658
354705
354815
354906
355034
355051
355055
355204
355565
355838
356026
356110
356155
356202
356435
356453
356497
356504
356564
356646
356708
356768
356827
357015
357060
357409
357512
357613
357680
357814
357899
358199
358352
358384
358606
358903
359011
359109
359158
359327
359613
359850
360033
360110
360182
360186
360350
360478
360604
360814
360825
360947
361110
361111
361307
361486
361599
361603
361653
362004
362367
362390
362490
362915
362948
363000
363057
363083
363246
363262
363285
363304
363360
363370
363384
363410
363472
363472
363484
363670
363832
363996
364047
364149
364170
364443
364551
364709
364832
364868
364972
364973
364977
365148
365211
365384
365536
365570
365626
365675
366129
366236
366240
366266
366303
366342
366384
366388
366516
366682
366686
366765
366815
366854
366945
366959
366968
367220
367280
367353
367423
367450
367612
367731
367741
367958
368093
368134
368153
368313
368325
368350
368445
368471
368532
368757
368778
368860
369104
369202
369340
369580
369623
369645
369658
369718
370207
370520
370720
370720
370874
371156
371189
371261
371285
371365
371406
371462
371482
371977
372176
372259
372471
372779
372788
372852
372887
372953
373022
373094
373146
373287
373305
373321
373323
373362
373400
373447
373467
373552
373665
373726
373814
373992
374143
374345
374431
374504
374533
374617
374774
374864
374991
375109
375228
375228
375273
375315
375562
375623
375629
375675
376264
376287
376335
376373
376413
376444
376485
376873
376957
377049
377089
377135
377136
377193
377244
377264
377443
377499
377522
377626
377717
378021
378108
378152
378246
378479
378528
378872
379001
379197
379268
379307
379486
379540
379588
379662
379710
379973
379998
380243
380293
380379
380530
380976
381168
381185
381338
381358
381367
381400
381416
381532
381914
382000
382259
382271
382287
382351
382442
382444
382456
382475
382506
382688
382745
382809
383001
383030
383134
383251
383303
383693
383730
383742
383762
383781
383840
383926
384047
384180
384255
384338
384773
384896
385269
385326
385412
385556
385590
385597
385747
385783
386118
386208
386230
386257
386320
386335
386435
386488
386716
386759
386904
386946
387106
387116
387227
387446
387524
387588
387634
387678
387761
387765
387822
387940
388186
388193
388259
388358
388387
388872
388981
389151
389157
389430
389568
389602
389605
389657
389864
390021
390034
390046
390106
390500
390603
390627
390652
390678
390705
390749
390749
390750
390770
390925
391294
391383
391652
391685
391704
391795
391840
391951
391954
391979
392009
392016
392066
392502
392541
392615
392656
392913
393314
393333
393344
393477
393567
393739
393799
393925
393948
394032
394116
394200
394238
394256
394602
394667
394808
394860
394934
395061
395116
395238
395249
395320
395406
395412
395545
395606
395680
395737
395776
395809
396261
396741
396770
396782
396811
396876
396878
396995
397019
397052
397111
397229
397838
397907
397983
397993
398033
398047
398177
398211
398224
398385
398478
398483
398715
398784
398791
398885
398935
398938
399003
399046
399495
399562
399670
399677
399723
399731
399897
399898
400022
400088
400103
400745
401078
401207
401209
401397
401421
401518
401549
401644
401908
402167
402308
402357
402564
402593
403016
403123
403306
403446
403676
403731
403907
404023
404077
404192
404311
404325
404327
404481
404510
404536
404715
404806
404937
405023
405119
405187
405387
405403
405447
405527
405910
405928
406001
406070
406194
406214
406310
406358
406414
406585
406744
406824
406874
406921
406945
407034
407104
407504
407528
407543
407605
407929
407931
408109
408134
408196
408219
408244
408270
408350
408400
408575
408622
408671
408691
408820
408941
409176
409245
409283
409304
409354
409423
409580
409818
409958
410000
410042
410213
410265
410363
410399
410468
410480
410503
410588
410738
410742
410861
410862
410979
410982
411016
411231
411250
411275
411344
411419
411423
411602
411842
411894
411933
412080
412116
412149
412239
412371
412409
412534
412597
412671
413093
413226
413313
413328
413481
413553
413805
414076
414100
414131
414156
414259
414363
414488
414516
414563
414761
414945
414962
415036
415135
415257
415269
415325
415377
415441
415668
415684
415849
415852
415852
415898
415989
416033
416040
416124
416312
416319
416332
416399
416485
416495
416637
416761
416853
416874
416960
417062
417106
417276
417302
417339
417366
417426
417476
417683
417721
417806
417937
418068
418075
418125
418196
418232
418317
418344
418449
418541
418674
418894
418916
418934
418940
419029
419353
419489
419653
419687
419783
419816
419978
419980
420024
420038
420047
420058
420152
420243
420279
420472
420482
420600
420619
420744
420929
420929
421121
421139
421282
421330
421359
421398
421501
421519
421528
421584
421687
421805
421842
421864
421905
421975
421998
422025
422391
422459
422533
422735
422836
422869
422923
423216
423281
423400
423424
423587
423688
423709
423992
424023
424111
424315
424357
424570
424646
424797
424887
425025
425157
425195
425197
425205
425242
425270
425704
425970
426022
426081
426150
426209
426276
426296
426336
426562
426589
426656
426727
426816
426877
426918
426998
427059
427117
427209
427233
427387
427399
427551
427579
427613
427769
427904
427953
428031
428073
428157
428184
428249
428339
428576
428684
428703
428775
428839
428889
428908
429051
429092
429131
429156
429297
429481
429584
429616
429823
429901
429947
429977
430001
430179
430214
430245
430298
430349
430419
430549
430585
430590
430704
430736
431040
431160
431413
431451
431476
431544
431581
431588
432066
432145
432294
432312
432332
432366
432424
432913
432925
433277
433444
433513
433545
433843
433849
433903
434204
434297
434575
434635
434656
434666
434824
434827
435061
435140
435617
435641
435721
435723
435841
435863
435876
435932
436031
436155
436220
436564
436575
436588
436591
436706
436711
436763
436852
436898
437036
437212
437217
437567
437734
437738
437740
437785
437833
437844
437916
437960
438068
438192
438198
438253
438255
438287
438339
438609
438688
438756
438788
438854
438891
438988
439047
439067
439218
439240
439314
439375
439552
439837
439949
439953
440072
440184
440218
440231
440285
440432
440530
440551
440659
440764
441057
441137
441330
441404
441438
441478
441717
441724
441750
441894
441955
442029
442090
442095
442102
442200
442227
442306
442371
442379
442561
442566
442612
442687
442720
442852
442852
442983
443070
443079
443102
443300
443364
443420
443526
443549
443821
443850
443856
443962
444057
444154
444224
444503
444624
444740
444785
444864
444914
444977
445069
445072
445125
445159
445482
445551
445833
445854
445857
445888
445996
446222
446425
446545
446675
446716
446717
446764
446788
447059
447068
447068
447176
447438
447506
447536
447671
447999
448020
448095
448096
448235
448272
448306
448358
448538
448667
448706
448758
448843
448895
448911
448919
448943
449000
449015
449091
449096
449299
449387
449426
449472
449529
449547
449728
449823
449962
450024
450140
450401
450605
450886
450899
451233
451364
451457
451509
451592
451675
451695
451821
451852
452228
452236
452456
452915
453044
453207
453282
453477
453537
453932
454014
454059
454063
454116
454146
454202
454459
454564
454619
454750
454778
454823
455264
455337
455413
455572
455618
455999
456014
456127
456331
456391
456461
456484
456579
456625
456712
457006
457111
457181
457189
457194
457321
457480
457593
457654
457673
458111
458179
458341
458423
458491
458665
458680
458692
458751
458769
458849
458853
458972
459033
459041
459053
459143
459214
459236
459300
459451
459550
459550
459596
459625
459709
459770
459955
460030
460064
460106
460197
460220
460389
460400
460458
460516
460605
460920
460977
461150
461223
461271
461301
461332
461384
461481
461523
461529
461676
461700
461981
462139
462165
462244
462247
462320
462359
462377
462763
462892
463174
463184
463242
463443
463565
463649
463665
463674
463802
463819
463825
464050
464072
464204
464270
464342
464357
464430
464515
464528
464539
464581
464871
464876
465058
465104
465156
465178
465183
465214
465300
465855
465875
465898
465951
466148
466203
466226
466470
466559
466639
466838
466918
467063
467125
467134
467625
467867
468031
468483
468566
468609
468737
468992
469141
469214
469272
469290
469320
469753
469760
469920
469924
469943
470149
470169
470259
470275
470384
470453
470575
470650
470790
470792
470826
470827
470868
470898
470986
471030
471082
471393
471534
472253
472466
472511
472539
472716
472898
472993
473043
473079
473087
473104
473219
473327
473358
473548
473617
473674
473736
473891
473918
473992
474000
474009
474018
474126
474404
474408
474638
474663
474891
474950
475048
475111
475161
475241
475271
475334
475472
475524
475537
475554
475562
475660
476372
476480
476559
476579
476816
476868
476869
476983
477078
477181
477223
477246
477268
477371
477433
477576
477903
477980
478048
478393
478404
478441
478603
478662
478733
478861
479015
479073
479119
479228
479291
479326
479393
479441
479470
479680
479753
479897
479919
479950
480088
480327
480347
480472
480590
480792
480962
481025
481137
481185
481308
481330
481367
481452
481482
481532
481542
481615
481667
481772
481868
481918
481920
481980
482037
482140
482162
482493
482498
482542
482594
482763
482847
482936
482943
482994
483119
483287
483563
483626
483878
483978
484005
484173
484248
484685
484690
484702
484781
484840
484878
484899
485027
485335
485402
485444
485505
485620
485622
485687
486084
486274
486342
486620
486703
486782
486799
486909
487039
487117
487148
487352
487374
487408
487562
487563
487614
487704
487780
487881
488102
488298
488301
488351
488560
488589
488640
488725
488761
488888
488967
489006
489096
489417
489685
489697
489699
489785
489802
490035
490154
490157
490326
490357
490752
490787
490800
490915
490944
490981
491030
491140
491340
491376
491384
491384
491408
491492
491553
491716
491758
491796
491917
491962
492000
492002
492110
492217
492223
492357
492523
492568
492878
492895
493032
493054
493357
493432
493577
493609
493650
493661
493665
493691
493765
493851
493968
494102
494125
494410
494626
494780
494890
494937
495217
495293
495329
495333
495411
495416
495455
495459
495581
495666
495725
495829
495911
496158
496496
496560
496562
496588
496612
496629
496746
496794
496859
496935
497030
497037
497076
497120
497122
497128
497227
497369
497438
497576
497765
497862
497905
498026
498100
498129
498149
498202
498326
498346
498493
498517
498696
499069
499262
499395
499401
499412
499450
499476
499533
499739
499870
500017
500058
500171
500214
500337
500390
500425
500450
500466
500790
500831
501202
501298
501317
501318
501500
501545
501790
501791
501868
502037
502047
502086
502113
502117
502165
502223
502326
502364
502385
502454
502580
502590
502739
502990
503084
503427
503482
503623
503638
503742
503811
503891
504041
504070
504086
504097
504231
504290
504325
504430
504434
504472
504512
504541
504716
504899
505273
505349
505417
505474
505516
505585
505694
505722
505741
505917
506009
506158
506239
506317
506462
506673
506696
506738
506875
507004
507004
507122
507367
507440
507520
507578
507647
507677
507717
507746
507809
507828
507926
507984
508459
508532
508817
509074
509181
509202
509337
509393
509405
509444
509484
509525
509526
509658
509714
509814
509893
509937
510455
510513
510554
510672
510758
510906
511024
511143
511203
511275
511306
511339
511394
511558
511580
511617
511652
511926
511934
511980
511988
512166
512197
512267
512343
512383
512454
512504
512505
512718
512746
512766
512889
513004
513021
513185
513259
513586
513845
513917
514020
514024
514067
514139
514485
514527
514532
514560
514585
514596
514598
514788
514807
514857
514979
515037
515062
515087
515102
515171
515400
515470
515557
515740
515797
515832
516310
516387
516430
516475
516752
516794
516852
516881
516888
516910
516919
517079
517112
517169
517445
517606
517655
517712
517934
518106
518152
518154
518371
518435
518625
518752
518986
519272
519340
519424
519846
519950
519981
520152
520188
520316
520406
520421
520670
520880
521075
521098
521115
521120
521433
521449
521524
521629
521744
521886
521890
522173
522269
522273
522468
522486
522686
522861
522909
523027
523301
523389
523399
523421
523524
523564
523757
523758
523856
524039
524201
524231
524537
524554
524856
524875
525131
525630
525928
525987
526033
526501
526534
526602
526672
526717
526735
526941
526986
527172
527177
527243
527257
527357
527714
527727
527762
527782
527848
527876
528424
528519
528807
528898
528911
529031
529230
529242
529260
529445
529921
529977
530286
530656
530685
530720
530746
530844
530923
531006
531025
531052
531062
531191
531416
531423
531451
531712
531957
531991
532228
532334
532377
532378
532725
532905
532936
532969
533139
533460
533689
533699
533772
533970
534036
534151
534176
534178
534770
534803
534887
534904
534948
534976
535170
535286
535396
535432
535500
535768
535775
535867
535899
535999
536015
536069
536137
536147
536248
536288
536351
536466
536588
536679
536681
536691
536692
536715
536778
536792
537219
537279
537279
537357
537387
537684
537734
537912
537918
537959
537983
537988
538005
538076
538109
538215
538247
538262
538315
538315
538583
538653
538706
539090
539092
539112
539122
539154
539192
539316
539435
539508
539642
539686
539728
540113
540136
540184
540319
540392
540407
540443
540471
540733
540844
541272
541308
541518
541566
541643
541687
541688
541701
541719
541762
541885
541887
542012
542031
542198
542316
542409
542455
542502
542546
542607
542853
543312
543329
543416
543644
543777
543846
543908
544136
544160
544274
544309
544371
544460
544728
544789
544921
544932
545151
545332
545445
545514
546082
546093
546102
546135
546269
546278
546381
546423
546453
546505
546690
546691
547066
547115
547199
547241
547313
547348
547621
547621
547855
547892
548066
548100
548199
548296
548309
548380
548547
548801
548822
548848
548881
549005
549282
549396
549471
549561
549623
549642
549772
549841
549896
550000
550041
550175
550281
550313
550350
550574
550579
550882
550996
550997
551036
551132
551254
551378
551408
551456
551541
551681
551913
552162
552342
552384
552430
552453
552520
552751
552879
553033
553129
553250
553257
553426
553450
553483
553488
553610
553793
553929
553947
554221
554315
554354
554425
554511
554638
554685
554784
554805
554819
555246
555273
555298
555323
555330
555501
555906
555977
556046
556320
556339
556387
556505
556619
556730
556744
557090
557314
557370
557400
557615
557625
557738
557833
557917
557937
558009
558013
558015
558206
558424
558447
558457
558506
558508
558853
558854
558863
558897
559077
559482
559593
559738
559761
559949
560106
560311
560588
560615
560706
560830
561080
561089
561135
561404
561457
561469
561494
561534
561615
561823
561844
561846
561956
562070
562095
562228
562237
562281
562308
562367
562495
562550
562786
562871
562960
563083
563102
563248
563316
563438
563538
563552
563605
563676
563681
563731
563846
563912
564218
564249
564251
564366
564409
564741
564753
564789
564849
564926
564969
564986
564987
565011
565014
565046
565229
565231
565416
565436
565459
565505
565525
565560
565677
565802
566068
566225
566259
566431
566586
566658
566743
566749
566779
566824
566830
566852
566954
567011
567243
567269
567310
567379
567512
567625
567792
567862
567871
567997
568051
568060
568078
568137
568175
568341
568582
568655
568749
569165
569199
569468
569815
569850
569944
569960
570207
570411
570549
570630
570702
570773
570790
570827
570829
570892
570941
571009
571125
571131
571295
571365
571494
571596
571599
571711
571799
571999
572005
572060
572119
572127
572300
572324
572490
572592
572724
572736
572824
573014
573027
573027
573098
573299
573336
573540
573569
573788
573874
573898
574056
574080
574304
574449
574769
574925
575041
575151
575230
575273
575353
575523
575564
575593
575709
575727
575891
575933
576068
576161
576203
576393
576525
576626
576694
576770
576779
576857
577181
577289
577317
577337
577397
577436
577541
577649
577724
577916
577919
578018
578078
578270
578279
578382
578478
578553
578572
578609
578653
578707
578832
578852
578946
578956
579015
579054
579358
579532
579576
579648
579755
579756
579804
579882
579982
580053
580109
580309
580418
580460
580467
580505
580527
580556
580609
580729
580783
580805
580923
580980
581268
581390
581434
581552
581562
581701
581724
581726
581883
581934
582088
582188
582597
582629
582657
582813
582832
582841
582902
583234
583325
583670
583700
583825
583831
583838
584106
584554
584612
584680
584751
584783
584821
584865
584922
584951
584968
584976
585169
585227
585531
585712
585829
585849
585956
586294
586480
586626
586700
586726
586761
586774
586792
586856
586977
587355
587364
587456
587581
587688
587707
587727
587756
588048
588063
588072
588167
588208
588223
588242
588258
588260
588323
588392
588439
588702
589075
589128
589129
589148
589218
589274
589310
589447
589528
589640
589681
589838
589962
589994
590021
590031
590047
590139
590184
590202
590279
590304
590342
590817
590822
590934
590938
591129
591204
591268
591274
591293
591301
591362
591380
591399
591416
591464
591667
591728
591806
591982
592068
592187
592284
592692
592700
592711
592733
592821
593010
593240
593576
593672
593823
593968
594116
594158
594258
594258
594372
594776
595264
595473
595554
595977
596055
596117
596216
596274
596313
596487
596700
596826
596861
597188
597207
597229
597675
597701
597854
597979
597996
598100
598253
598316
598492
598546
598597
598840
599038
599279
599383
599696
599885
599946
600014
600214
600316
600373
600658
600686
600952
601159
601179
601606
601675
601820
602075
602265
602306
602437
602461
602502
602678
602706
602896
603003
603046
603050
603167
603254
603734
603750
603903
603959
604251
604294
604429
604562
604566
604679
604704
604761
604875
604883
605059
605316
605571
605858
606168
606171
606303
606624
606696
606772
606910
606939
607012
607303
607512
607613
607631
607660
607766
607814
607908
608046
608205
608206
608245
608304
608330
608432
608466
608529
608566
608687
608765
608904
608932
609273
609425
609464
609470
609576
609626
609826
610015
610196
610271
610412
610906
610924
610936
610963
611096
611169
611247
611328
611332
611388
611445
611526
611609
611746
612060
612111
612194
612312
612335
612346
612505
612642
612843
612939
612980
612987
613132
613236
613739
613828
614086
614090
614444
614560
614807
614889
614926
615162
615322
615359
615418
615583
615585
615649
615678
615806
615869
616017
616067
616195
616281
616414
616452
616576
616584
616735
617091
617132
617212
617219
617270
617429
617441
617502
617520
617637
617684
617706
617710
617818
617823
617880
617958
618068
618161
618289
618308
618372
618393
618395
618465
618512
618572
618578
618721
618752
618900
618999
619022
619134
619244
619324
619439
619473
619766
619771
619788
619906
620074
620265
620435
620467
620474
620520
620756
620795
620875
620910
620928
620937
621045
621050
621177
621354
621371
621456
621634
621639
621690
622019
622054
622101
622165
622203
622228
622294
622319
622462
622626
622723
622732
622749
622925
622982
623230
623428
623506
623694
623705
623739
623765
624020
624021
624040
624097
624128
624184
624383
624395
624401
624458
624556
624668
624695
624762
624793
625329
625367
625544
625561
625645
625676
625811
625938
626197
626217
626382
626396
626448
626567
626744
626835
626927
626961
627073
627386
627431
627520
627538
627810
627856
627948
627989
628006
628016
628034
628171
628274
628275
628538
628567
628917
628940
629032
629190
629223
629242
629331
629381
629385
629421
629795
629846
629965
630033
630157
630193
630231
630600
630669
630705
630731
630742
630745
630812
630828
630836
630846
630907
630931
630996
631099
631108
631130
631149
631222
631321
631337
631342
631401
631691
631713
631716
631752
631809
631908
631916
631956
631963
632313
632467
632482
632550
632583
632729
632738
632749
632802
633045
633050
633221
633489
633576
633769
633795
633892
633945
633981
633988
634123
634128
634168
634333
634570
634745
634749
634761
634833
634877
634949
634954
634976
635107
635114
635211
635224
635263
635326
635457
635588
635614
635730
635803
635818
635881
636007
636075
636096
636101
636139
636217
636284
636302
636530
636540
636675
636850
636871
636897
636918
636966
637006
637013
637077
637143
637231
637250
637454
637635
637688
637856
637895
637902
638093
638098
638262
638515
638542
638716
638931
639067
639228
639277
639421
639636
639654
639952
639978
639987
639989
640008
640043
640138
640184
640357
640359
640591
640826
640830
640836
640839
640986
641179
641246
641351
641469
641567
641656
641784
641821
641953
642002
642120
642216
642236
642278
642291
642397
642504
642574
642583
642585
642613
642784
642912
642968
643012
643043
643115
643236
643305
643337
643458
643460
643589
643788
644017
644070
644096
644180
644350
644366
644463
644495
644513
644651
644707
644715
644729
645025
645073
645083
645110
645192
645526
645544
645611
645652
645661
646032
646139
646270
646301
646481
646511
646553
646634
646690
646694
646775
646913
646956
647125
647214
647268
647273
647302
647314
647381
647685
647841
648208
648278
648396
648398
648410
648589
648689
648960
649213
649240
649261
649281
649285
649380
649416
649421
649507
649546
649552
649613
649761
649772
649777
649798
649798
649943
649947
650080
650201
650213
650666
650737
650797
650840
650854
650995
651107
651363
651472
651484
651666
651707
651846
651914
651980
652083
652268
652383
652431
652494
652529
652581
652730
652898
652899
652978
653089
653452
653511
653859
654138
654505
654549
654551
654650
654695
654851
654932
655036
655244
655357
655461
655491
655509
655770
655899
655956
656355
656381
656461
656598
656674
656711
656730
656922
657056
657056
657334
657448
657529
657564
657667
657892
657979
658017
658198
658262
658397
658417
658582
658629
658662
658669
658855
659077
659151
659207
659225
659227
659286
659319
659466
659582
659851
659983
660323
660345
660494
660515
660589
660642
660650
660741
660902
661127
661214
661266
661281
661296
661439
661493
661843
661996
662207
662295
662443
662466
662503
662505
662570
662821
662836
662845
662861
662903
663083
663258
663289
663777
663797
663962
663977
664123
664137
664154
664413
664641
664914
665059
665381
665640
665812
666188
666282
666474
666487
666550
666587
666763
666853
667046
667068
667363
667410
667438
667470
667491
667697
667711
667719
667724
667822
667826
668092
668105
668260
668302
668328
668512
668602
668638
668715
668752
669032
669172
669278
669296
669692
669697
669758
669780
670152
670218
670552
670749
670799
670886
671093
671143
671426
671459
671505
672040
672114
672130
672665
672934
672994
673029
673266
673370
673439
673584
673725
673820
673906
673947
674235
674349
674761
674969
675055
675101
675197
675355
675456
675538
675653
675674
675689
675691
675935
676037
676057
676235
676292
676336
676453
676501
676563
676686
676691
676752
676833
677026
677051
677069
677239
677336
677344
677392
677398
677710
677721
677732
677785
677832
677871
678107
678351
678392
678588
678895
679058
679190
679228
679309
679516
679767
680183
680349
680414
680467
680550
680605
680613
680652
680707
680822
680826
681162
681313
681314
681402
681618
681651
681745
681962
681996
682103
682160
682426
682489
682668
682668
682986
683117
683209
683256
683291
683301
683340
683443
683529
683703
683724
683808
683840
683961
684089
684094
684444
684454
684670
684907
684969
685507
685521
685557
685633
685814
685862
685945
686179
686426
686533
686847
686989
687238
687240
687297
687438
687480
687509
687534
687556
687607
687640
687641
687979
687986
688138
688181
688419
688452
688477
688775
688869
689040
689422
689567
689823
690130
690206
690313
690351
690601
690625
690685
690867
690954
691039
691259
691296
691414
691453
691700
691740
691741
691745
691868
691921
692031
692059
692173
692327
692725
692895
692955
692993
693001
693082
693143
693344
693501
693571
693795
693797
693821
693825
693898
693944
693962
694011
694071
694076
694076
694344
694355
694451
694548
694558
694632
694707
694752
694757
695233
695409
695491
695543
695578
695756
695886
695957
696046
696053
696107
696202
696261
696463
696483
696793
696878
696923
697131
697170
697272
697362
697679
697695
697751
697837
698038
698103
698137
698360
698427
698458
698515
698562
698638
698653
698787
698826
698979
699234
699447
699542
699574
699617
699778
699792
699831
699845
699857
700070
700123
700383
700594
700677
700683
700725
700797
700807
700838
700934
700950
700996
701023
701074
701120
701153
701231
701280
701384
701579
701596
701719
701733
701823
701855
701866
701891
701928
702028
702226
702398
702601
702662
702708
702789
702836
702885
703076
703266
703277
703568
703643
703759
703775
703801
703839
703840
703846
703862
703959
704078
704325
704357
704811
704824
704965
705526
705624
705676
705728
706070
706140
706182
706251
706294
706304
706459
706652
706733
706863
706922
707131
707265
707487
707635
707650
707712
707937
707954
708003
708006
708050
708245
708253
708279
708329
708422
708539
708618
708631
708815
708993
709205
709307
709476
709673
709795
709915
710025
710116
710275
710292
710482
710556
710716
710717
710767
710807
710872
711046
711128
711133
711158
711354
711445
711457
711527
711682
711696
711871
712021
712099
712138
712369
712394
712424
712611
712739
712914
712965
713007
713032
713267
713524
713648
713686
713702
713711
713818
713825
713869
713893
714115
714266
714438
714556
714603
714644
714648
714747
715083
715332
715447
715503
715894
715938
715952
716128
716430
716685
717064
717082
717278
717550
717563
717603
717697
717754
718284
718410
718515
718590
718747
718778
718937
718963
719044
719239
719248
719289
719304
719657
719845
720061
720175
720200
720409
720526
720612
720968
720974
721263
721272
721276
721298
721300
721594
721936
721990
722063
722207
722216
722257
722631
722699
722706
722735
722757
722809
722828
722905
722951
722977
723186
723375
723521
723642
723711
723759
723790
723874
724227
724448
724584
724680
724769
724914
724943
725034
725121
725287
725541
725654
725793
725821
725839
725852
725956
725960
726003
726120
726353
726552
726596
726623
726771
726776
726814
726911
727009
727090
727253
727406
727567
727586
727659
727729
727799
727893
727992
727997
728165
728209
728380
728469
728470
728563
728573
728614
728649
728650
728705
728810
728907
729108
729209
729283
729406
729506
729949
729967
729992
730013
730090
730118
730272
730276
730474
730652
730669
730785
730833
730900
730987
731129
731132
731218
731446
731454
731489
731575
731714
731785
731815
731820
731860
731894
731914
731952
732037
732182
732336
732401
732451
732471
732683
732865
732898
733048
733065
733231
733453
733526
733711
733850
734185
734238
734415
734453
734504
734525
734543
734581
734719
734763
734880
735329
735412
735432
735447
735536
735673
735834
735843
735854
735909
735986
736040
736047
736280
736368
736537
736581
736611
736825
736925
737006
737315
737515
737578
737908
737912
737941
738129
738264
738488
738538
738722
738781
738871
738937
738938
739258
739313
739356
739421
739435
739466
739502
739737
740001
740295
740536
740649
741117
741210
741248
741249
741383
741384
741400
741539
741675
741819
742007
742186
742208
742238
742343
742469
742507
742514
742543
742554
742597
742645
742768
742983
743235
743252
743345
743433
743540
743540
743568
743696
743738
743804
743841
743986
744161
744376
744420
744441
744583
744738
744849
744995
745357
745551
745611
745650
745665
745679
745691
745700
745715
745787
745792
745823
745889
745914
745947
746316
746377
746388
746391
746525
746657
746674
746713
746782
746957
747002
747055
747155
747203
747272
747567
747602
747723
747769
748024
748081
748288
748373
748542
748549
748643
748673
748720
748806
749015
749181
749313
749642
749661
749793
749808
750106
750204
750413
750439
750508
750523
750554
750783
750803
750809
751009
751055
751181
751247
751435
751447
751646
751661
752020
752029
752160
752201
752230
752256
752319
752351
752434
752459
752933
753056
753203
753452
753546
753587
753682
753693
753696
753720
753793
753886
753923
754100
754138
754361
754428
754505
754631
754648
754788
754849
755019
755054
755077
755130
755231
755312
755331
755366
755413
755865
756005
756061
756069
756131
756292
756384
756430
756441
756466
756642
756683
756714
756787
756813
756930
756977
757067
757378
757469
757704
757975
757989
758108
758185
758207
758407
758416
758822
758889
758964
759036
759167
759376
759426
759530
759543
759718
759744
759815
759996
760099
760158
760164
760311
760426
760455
760633
760648
760731
760740
760762
760906
761055
761264
761322
761365
761420
761459
761601
761630
761793
762141
762372
762375
762501
762805
762941
763039
763167
763265
763470
763843
763880
763888
763890
763970
764275
764402
764487
764588
764615
764636
764687
764713
764905
765009
765051
765061
765096
765179
765190
765265
765521
765585
765594
765642
765645
765696
765765
765974
766006
766097
766187
766280
766364
766479
766482
766622
766856
766892
766910
766911
766986
767077
767153
767173
767228
767483
767566
767789
767806
767866
767929
768189
768221
768283
768316
768318
768375
768427
768442
768626
768768
768995
769166
769185
769195
769244
769254
769456
769621
769801
769954
769965
770053
770074
770128
770478
770783
770838
770984
771019
771036
771129
771739
772069
772201
772207
772260
772306
772440
772555
772612
772632
772723
773294
773327
773336
773425
773676
773684
773727
773783
773834
774187
774299
774359
774421
774431
774435
774460
774461
774535
774544
774597
774606
774704
774815
774867
774871
775002
775072
775249
775330
775359
775390
775397
775432
775524
775568
775674
775773
775815
775915
776024
776027
776070
776081
776149
776165
776311
776312
776399
776453
776478
776609
776748
776777
777114
777192
777266
777400
777641
777671
777736
777806
777873
777883
777893
777900
778147
778260
778431
778512
778554
778648
778681
778925
779030
779106
779126
779170
779212
779709
779767
779793
780090
780635
780824
780872
780875
781011
781079
781105
781204
781294
781378
781403
781407
781445
781491
781537
781555
781681
781973
782049
782390
782491
782506
782579
782698
782721
782808
783093
783268
783424
783518
783729
783851
783858
783950
784232
784439
784549
784647
784780
784880
784891
784902
785003
785029
785589
785609
785621
785671
785898
786028
786142
786215
786240
786241
786398
786647
786673
786789
786816
786850
786888
787012
787021
787043
787153
787191
787336
787516
787602
787644
787749
787767
787833
787923
787996
788028
788071
788114
788389
788402
788492
788587
788595
788616
788720
788757
788770
788847
788872
789039
789057
789064
789228
789321
789647
789773
789885
789938
790153
790332
790584
790745
790777
790983
791112
791276
791405
791428
791475
791505
791544
791627
791848
791973
792105
792201
792279
792381
792395
792561
792752
792999
793161
793196
793230
793262
793376
793545
793668
793700
793743
793804
794039
794065
794229
794463
794469
794550
794564
794601
794711
794737
794741
794862
794988
795185
795187
795289
795445
795548
795606
795801
795810
795813
796006
796070
796135
796166
796332
796566
796718
796773
797151
797193
797250
797321
797365
797410
797454
797566
797615
797671
797854
797949
797993
798250
798402
798445
798717
799131
799358
799598
799626
799662
799676
799816
799817
799860
800083
800150
800214
800219
800220
800344
800373
800648
800854
800864
800896
800933
801341
801406
801434
801529
801653
801692
801720
801805
801823
801824
802040
802127
802127
802137
802375
802455
802548
802638
802662
802729
802737
802756
802907
803086
803092
803320
803665
803704
803788
803984
804145
804185
804212
804244
804359
804690
804732
804844
804892
804914
804917
805058
805352
805360
805380
805581
805720
805756
805796
805997
806000
806009
806020
806049
806063
806092
806125
806162
806362
806460
806519
806721
806929
806937
807015
807303
807615
807712
807816
807939
807989
808192
808567
808617
808628
808649
808837
808992
809014
809208
809276
809332
809361
809401
809450
809505
809558
809674
809751
809889
809970
809979
809987
810192
810311
810320
810378
810430
810488
810554
810601
810613
810665
810770
810843
811056
811063
811097
811127
811258
811294
811316
811406
811426
811524
811564
811845
811853
811878
812217
812234
812321
812499
812684
812816
812986
813285
813296
813298
813374
813567
813766
813836
814071
814074
814101
814138
814265
814283
814422
814455
814467
814709
814766
814819
814830
814936
814957
814980
815084
815150
815409
815421
815571
815660
815839
815907
816374
816445
816657
816713
816846
816918
816919
816985
817028
817082
817130
817321
817432
817813
817854
818032
818069
818170
818330
818344
818382
818448
818480
818499
818814
819030
819103
819125
819315
819355
819437
819534
819785
820049
820054
820181
820561
821192
821227
821316
821334
821470
821550
821729
821786
821992
822242
822254
822334
822417
822592
822610
822657
822830
823039
823072
823172
823266
823500
823761
824183
824274
824610
824661
824937
824957
825166
825168
825255
825323
825373
825389
825482
825545
825667
825683
825692
825713
825764
825890
825898
825927
825948
826030
826068
826134
826271
826316
826455
826462
826631
826648
826708
826857
826895
827097
827102
827182
827188
827220
827273
827319
827345
827383
827744
827747
827762
827840
827879
827906
828042
828154
828391
828748
828766
828806
828844
828900
828952
828983
829085
829319
829322
829419
829428
829619
829750
829891
829915
829967
829986
829998
830212
830379
830389
830480
830607
830634
830696
830980
831093
831196
831385
831395
831434
831556
831769
831808
831822
831827
832028
832135
832210
832379
832461
832564
832569
832728
832797
832912
832967
833021
833227
833445
833450
833617
833630
833691
833896
833898
833899
834094
834218
834296
834319
834436
834454
834695
834836
834845
834866
835300
835308
835607
835749
835798
836097
836155
836185
836245
836330
836421
836894
837034
837113
837121
837244
837278
837390
837391
837421
837536
837573
837574
837582
837589
837641
837644
837694
837835
837867
838050
838077
838242
838369
838560
838629
839173
839254
839320
839342
839434
839465
839689
839925
839929
840106
840112
840155
840205
840238
840281
840475
840508
840550
840688
840724
840749
840781
841003
841011
841276
841345
841363
841452
841455
841635
841754
841901
841972
841981
842144
842238
842294
842373
842597
842652
842774
842783
842789
843024
843107
843230
843534
843597
843627
843781
843864
843993
844465
844501
844515
844529
844547
844557
844734
844737
844779
844908
845044
845188
845334
845436
845605
846096
846115
846188
846302
846405
846432
846539
846598
846724
846726
846943
846966
847266
847296
847298
847380
847408
847414
847723
847755
847982
848021
848030
848034
848056
848195
848599
848665
848863
848936
849168
849336
849421
849430
849468
849559
849646
849875
849979
850014
850072
850100
850118
850160
850178
850337
850372
850400
850427
850449
850542
850795
850801
850836
851192
851301
851393
851424
851550
851653
851929
851948
852057
852161
852167
852175
852346
852409
852434
852543
852580
852658
852745
852773
852796
852799
852839
853078
853408
853538
853616
853645
853861
853962
853980
854128
854219
854694
854737
854838
854850
854875
854962
854983
855204
855384
855399
855887
855909
855926
855945
856282
856380
856474
856563
856593
856851
857053
857322
857396
857419
857505
857801
857849
857853
858027
858196
858262
858279
858308
858449
858544
858603
858940
859029
859057
859087
859112
859215
859293
859356
859536
859572
859577
859583
859697
859720
859781
859782
859873
859915
860023
860071
860079
860090
860288
860666
860678
860732
860845
860886
860890
860953
861010
861054
861091
861124
861190
861387
861495
861605
861783
861800
861921
862029
862040
862084
862228
862386
862565
862582
862688
862691
862792
862942
862976
863150
863328
863636
863652
863715
863730
863837
863863
863985
863987
864130
864167
864405
864550
864603
864768
864867
865024
865146
865319
865359
865463
865594
865910
866088
866177
866281
866396
866427
866574
866780
867144
867165
867245
867255
867271
867278
867279
867490
867494
867640
867699
867704
867750
867757
867857
867985
868322
868392
868429
868436
868456
868539
868756
869079
869182
869385
869398
869440
869458
869608
869849
869926
870118
870139
870213
870260
870277
870286
870305
870525
870551
870572
870727
870771
870861
870894
870955
871113
871140
871154
871188
871594
871595
871848
872049
872053
872072
872096
872165
872240
872277
872438
872450
872500
872558
872586
872735
872826
872965
873060
873364
873365
873443
873677
873955
874009
874027
874106
874187
874212
874234
874369
874391
874569
874631
874694
874866
875105
875138
875194
875209
875219
875222
875444
875451
875518
875584
875797
876034
876366
876419
876426
876447
876557
876601
876622
876825
876834
876836
876873
876977
877030
877042
877099
877117
877118
877124
877132
877227
877267
877408
877442
877755
877824
878104
878339
878414
878453
878598
878603
878718
878999
879116
879135
879226
879314
879463
879584
879649
879695
879760
879778
879861
879941
880000
880250
880294
880373
880423
880510
880632
880730
880783
880883
880999
881124
881164
881200
881280
881358
881437
881491
881519
881557
881730
881793
881808
881869
882026
882089
882346
882354
882476
882549
882559
882576
882582
882615
882753
882810
882910
882994
883116
883566
883579
883633
883721
884041
884264
884375
884612
884686
884892
884894
884970
884990
885072
885118
885169
885179
885266
885381
885637
885686
885861
885998
886057
886117
886145
886264
886317
886349
886467
886793
886801
886871
887052
887090
887144
887176
887383
887615
887627
887663
887701
887716
887755
887832
887969
888287
888322
888375
888504
888722
888752
888764
889196
889235
889312
889336
889509
889513
889683
889722
889917
890058
890721
890945
891058
891346
891394
891400
891488
891517
891581
891667
891700
891889
891930
891957
892000
892063
892159
892470
892505
892685
892811
892847
893013
893077
893180
893315
893392
893451
893528
893576
893791
894064
894079
894230
894514
894661
894753
894855
894903
894917
895290
895341
895364
895491
895532
895751
895873
895879
895941
895967
896045
896202
896236
896258
896391
896461
896463
896502
896550
896631
896699
896736
896857
896957
896998
897016
897051
897067
897088
897225
897233
897246
897442
897589
897611
897613
897803
897869
897888
898035
898123
898136
898197
898475
898497
898788
898789
898891
898919
899162
899175
899293
899328
899334
899433
899500
899520
899586
899622
899655
899660
899674
899769
899792
900033
900095
900166
900635
900674
900709
900851
900995
901048
901232
901249
901441
901534
902003
902255
902312
902509
902730
902916
902919
902976
903033
903097
903097
903135
903143
903332
903366
903543
903603
903654
903902
904022
904183
904197
904444
904782
904979
905146
905215
905540
905900
906145
906572
906697
906743
906765
906777
906810
906828
906927
907071
907134
907415
907428
907496
907563
907581
907794
907866
907892
907937
908002
908004
908010
908129
908139
908154
908189
908269
908398
908457
908563
908596
908601
908744
908784
908843
908892
909141
909182
909218
909232
909371
909431
909535
909629
909660
910101
910308
910317
910358
910388
910455
910649
910833
910833
910928
911054
911155
911306
911447
911727
911745
911786
912022
912032
912091
912104
912122
912134
912570
912572
912847
913031
913251
913378
913495
913502
913607
913771
913965
913978
914203
914269
914310
914688
914748
914795
914805
914883
914897
914912
914914
915539
915642
915749
915878
915921
915974
916154
916238
916325
916378
916478
916482
916572
916622
916649
916654
916667
916697
916723
916747
916920
917160
917204
917258
917543
917707
917990
917991
918031
918056
918122
918762
918936
919153
919248
919473
919684
919876
920083
920131
920214
920285
920510
920594
920711
920751
920760
920785
920829
921057
921068
921211
921347
921383
921614
921638
921717
921761
921887
921934
922129
922320
922502
922643
922646
922721
922954
922965
923043
923133
923206
923222
923298
923449
923466
923499
923798
923932
923943
923950
924090
924111
924208
924545
925241
925480
925534
925720
925749
925767
925776
926108
926311
926319
926319
926382
926457
926473
926554
926705
926757
926979
926984
927086
927157
927159
927237
927254
927321
927393
927568
927677
927841
927848
927899
927949
928048
928074
928102
928168
928412
928469
928485
928539
928554
928623
928836
928838
928849
928962
929081
929122
929294
929366
929497
929540
929563
929772
929847
929861
929899
929993
930231
930338
930380
930473
930828
930879
930907
930922
930935
930963
931058
931179
931229
931234
931252
931260
931368
931383
931435
931583
931770
931814
931853
931898
931972
931985
932035
932040
932064
932473
932504
932650
932872
933087
933258
933450
933496
933511
933541
933580
933594
933594
933934
933955
934185
934195
934277
934369
934389
934564
934607
934717
934756
934758
934773
934861
934967
934968
935069
935127
935253
935321
935425
935454
935498
935694
935725
935763
935836
935881
935931
936099
936193
936370
936377
936464
936513
936625
936642
936647
936657
936830
936889
937086
937141
937568
937717
937995
938049
938060
938152
938223
938367
938390
938406
938511
938626
938667
938688
938889
938903
938981
938992
939059
939119
939206
939243
939269
939357
939431
939611
939827
939935
939953
939972
940044
940136
940137
940208
940236
940382
940413
940661
940675
940726
941110
941118
941179
941516
941627
941671
941691
941778
941786
941803
941893
941893
941910
941956
942342
942424
942596
943035
943116
943263
943300
943358
943628
943806
943820
944121
944133
944245
944249
944335
944376
944381
944570
944589
944596
945041
945108
945185
945442
945487
945694
945781
945851
945851
946018
946053
946171
946185
946241
946460
946725
946952
946980
947051
947104
947156
947490
947552
947667
947712
947733
947750
947833
947948
947964
947968
948086
948170
948175
948226
948271
948271
948290
948295
948338
948394
948448
948543
948553
948563
949341
949462
949514
949583
949583
949736
949808
949824
949895
950179
950180
950472
950482
950559
950570
950628
950730
950773
951207
951354
951685
951854
952104
952138
952299
952418
952510
952529
952611
952663
952773
953022
953107
953168
953342
953457
953487
953581
953604
953698
954522
954589
954630
954682
954786
954828
954889
954898
954935
955147
955308
955335
955354
955381
955426
955472
955660
955713
955974
956084
956201
956289
956463
956508
956512
956548
956850
956854
956965
957027
957202
957252
957498
957522
957738
957772
957869
958012
958027
958073
958244
958309
958644
958902
959075
959121
959176
959184
959288
959310
959366
959426
959607
959619
959622
959759
959924
959939
960050
960073
960178
960442
960526
960739
960743
960770
960843
960848
960965
961154
961244
961280
961286
961399
961716
961718
961758
961767
961781
961793
961816
961867
961868
961961
962062
962108
962206
962237
962249
962283
962314
962480
962547
962657
962873
962993
963189
963229
963243
963367
963463
963489
963531
963539
963794
964018
964155
964291
964408
964488
964519
964740
965087
965194
965369
965552
966068
966159
966303
966350
966361
966456
966658
966680
966922
967580
967606
967666
967781
967920
967933
968071
968076
968231
968341
968539
968618
968709
968711
968738
968883
968949
969011
969160
969249
969354
969464
969635
969665
969906
970078
970362
970650
970711
970921
970940
971077
971286
971362
971478
971501
971568
971621
971665
971713
972056
972097
972376
972562
972600
972902
972953
972984
973086
973128
973303
973323
973385
973409
973485
973534
973613
973794
973832
973839
974090
974108
974124
974151
974226
974350
974615
974860
974936
974959
975030
975068
975068
975144
975184
975236
975458
975599
975632
975750
975960
976104
976204
976268
976563
976624
976647
976708
976810
977107
977452
977470
977607
977700
977717
977941
978120
978280
978327
978345
978418
978445
978457
978487
978488
978612
978671
978673
978712
978903
978933
978983
979028
979043
979172
979193
979224
979565
979578
979706
979789
979798
979888
979945
980134
980138
980528
980765
980938
981035
981114
981284
981297
981305
981605
981690
981854
981987
982015
982112
982185
982380
982478
982541
982642
982792
982840
982880
983062
983121
983171
983186
983281
983456
983574
983641
983842
983977
984085
984089
984200
984348
984567
984653
984808
984982
985209
985345
985356
985384
985420
985477
985536
985561
985720
986001
986121
986138
986269
986298
986329
986477
986494
986583
986670
986826
986877
986880
986987
987359
987420
987486
987556
987579
987676
987722
987755
987912
988019
988047
988183
988385
988527
988705
988725
988930
989030
989114
989186
989192
989227
989255
989525
989724
989738
989809
989857
989975
990120
990270
990279
990301
990380
990398
990427
990534
990556
990670
990707
991100
991125
991165
991283
991529
991566
991701
991914
991963
991991
992011
992027
992196
992230
992382
992583
992637
992661
992799
993049
993366
993642
993711
993742
993848
993863
993929
993962
994257
994438
994459
994770
994831
994856
994891
995040
995167
995293
995353
995510
995602
995606
995654
995973
996198
996291
996297
996597
996794
996832
997105
997222
997271
997331
997444
997511
997557
997631
997643
997720
997870
998043
998073
998082
998284
998319
998329
998431
998446
998544
998592
998596
998682
998730
999006
999037
999222
999326
999407
999527
999529
999557
999797
999836