44
126
265
437
459
598
692
718
778
784
1181
1266
1370
1407
1438
1802
1881
1934
1981
2155
2238
2248
2299
2305
2324
2362
2398
2439
2716
2770
2810
2840
3025
3067
3137
3159
3165
3204
3205
3336
3579
3659
3775
3809
3938
4017
4127
4140
4482
4529
4635
4729
4791
5158
5158
5361
5438
5604
5698
5842
5844
5847
5868
6468
6473
6956
6966
6979
7127
7195
7416
7426
7639
7652
7673
7731
7786
7842
8015
8061
8128
8321
8436
8624
8694
8933
8965
9122
9141
9195
9550
9557
9751
9763
9792
9925
9937
9961
10035
10174
10251
10282
10592
10688
10784
11000
11013
11181
11312
11323
11457
11462
11938
11997
12021
12107
12208
12331
12335
12586
12738
12810
13044
13070
13141
13148
13202
13327
13342
13438
13546
13658
13680
13699
13726
13837
13940
13966
14007
14048
14233
14320
14547
14586
14607
14620
14682
14809
14879
14894
14929
14995
15075
15085
15088
15271
15276
15481
15519
15558
15589
15880
15978
16046
16097
16245
16318
16525
16578
16772
16798
16824
16840
16977
17088
17108
17140
17250
17296
17558
18104
18229
18275
18408
18411
18478
18550
18811
19142
19545
19703
19719
19939
19943
20042
20147
20377
20428
20481
20754
20784
21060
21072
21131
21145
21399
21503
21529
21590
21715
21742
22116
22198
22276
22330
22405
22676
23111
23123
23197
23244
23496
23505
23533
23717
23735
23873
23913
23923
23931
23963
24021
24049
24340
24639
24668
24681
24711
24748
24962
25126
25291
25313
25328
25335
25336
25470
25518
25851
25921
26139
26538
26606
26772
26885
26931
26952
26984
27036
27113
27193
27255
27258
27478
27585
27602
27607
27695
27730
27932
27945
27954
27974
27998
28007
28248
28292
28327
28399
28511
28585
28674
29046
29143
29222
29397
29444
29512
29553
29622
29720
30207
30298
30310
30790
30812
30899
30993
31014
31022
31035
31038
31290
31345
31532
31666
31680
31729
31980
32019
32108
32253
32281
32322
32347
32410
32422
32539
32718
32739
33198
33213
33259
33318
33452
33518
33607
33723
33924
34061
34188
34479
35218
35235
35265
35286
35356
35385
35581
35687
35888
36064
36093
36132
36250
36273
36346
36706
36732
36734
36943
36964
36964
37046
37165
37168
37193
37278
37294
37496
37531
37541
37579
37669
37841
37864
38009
38136
38285
38508
38696
38875
39040
39200
39228
39334
39416
39553
39615
39621
39694
39718
40017
40134
40165
40174
40189
40205
40410
40783
40874
40948
41108
41220
41323
41383
41428
41483
41491
41510
41765
41768
41772
41797
41849
41969
41994
42014
42027
42135
42171
42321
42361
42592
42599
42652
42778
43070
43188
43193
43195
43231
43269
43322
43501
43569
43693
43708
43824
43831
43956
44007
44077
44216
44252
44324
44372
44439
44465
44544
44643
44876
44959
45330
45410
45421
45461
45723
45972
46302
46330
46595
46723
46782
46785
46807
46891
47244
47830
48383
48458
48514
48528
48726
48859
48916
48992
49154
49226
49355
49745
49790
49909
49964
50058
50262
50329
50381
50579
50651
50651
50736
50902
50922
51050
51090
51172
51258
51288
51364
51376
51423
51466
51650
51667
51722
51824
51830
51975
52010
52043
52093
52476
52556
52624
52632
52774
52979
53379
53387
53434
53618
53870
54116
54174
54292
54329
54480
54602
54871
54956
55295
55549
55717
55787
55806
55837
55903
56154
56304
56321
56372
56499
56845
56988
56992
57059
57197
57209
57419
57524
57565
57570
57628
57665
57717
57815
57867
57978
58065
58088
58124
58141
58155
58252
58274
58378
58514
58592
58663
58707
58791
58839
58960
58998
59309
59314
59810
59994
60074
60192
60376
60408
60686
60690
60839
60853
60940
61107
61156
61202
61451
61514
61533
61734
61803
61929
62003
62150
62440
62512
62538
62569
62630
62898
62998
63080
63088
63145
63174
63178
63276
63368
63371
63431
63471
63525
63543
63546
63716
63803
63831
64081
64114
64164
64219
64251
64281
64330
64586
64659
64758
64869
64876
64935
65041
65143
65147
65210
65224
65260
65509
65579
65641
65726
66048
66187
66198
66259
66317
66336
66337
66353
66428
66570
66682
66777
66824
66917
67070
67122
67301
67312
67366
67448
67558
67566
67575
67587
67641
67783
67798
67798
68251
68316
68334
68395
68614
68766
68997
69261
69284
69591
69693
69819
69970
70155
70188
70310
70356
70484
70595
70619
70928
71067
71150
71221
71258
71304
71439
71755
71817
71861
71916
71976
72048
72187
72230
72239
72242
72308
72319
72354
72587
72613
72751
72904
72956
73000
73195
73256
73281
73290
73510
73571
73663
73870
73901
73925
73961
74070
74242
74243
74247
74342
74412
74462
74685
74728
74933
75078
75152
75210
75251
75342
75448
75498
75500
75622
75670
75755
76107
76115
76377
76410
76455
76491
76661
76937
76973
77082
77167
77210
77219
77642
77656
77719
77721
77722
77727
77738
77859
77888
77931
77980
78072
78132
78350
78383
78512
78538
78623
78666
78694
78716
78734
78789
78844
78901
78963
79050
79234
79554
79618
79938
80208
80437
80598
80637
80782
80789
80915
80949
81012
81023
81058
81083
81083
81285
81375
81513
81527
81556
81736
82004
82776
82779
82904
83011
83130
83383
83412
83427
83677
83704
83750
83884
83897
84118
84135
84194
84461
84705
84800
84823
84893
85012
85014
85159
85169
85290
85388
85625
85754
85796
86030
86033
86217
86351
86374
86502
86627
86753
86896
86994
86998
87000
87155
87183
87202
87315
87317
87856
87890
87973
88013
88020
88053
88349
88486
88566
88962
89177
89380
89386
89390
89486
89573
89694
89800
89867
89959
90006
90008
90045
90108
90152
90421
90486
90504
90595
90735
90892
90913
91327
91391
91409
91648
91649
91684
91704
91850
92065
92252
92475
92591
92786
92817
92875
92912
93022
93023
93241
93245
93252
93272
93344
93440
93461
93673
93673
93720
93783
93934
94153
94186
94196
94314
94346
94438
94631
94632
94694
94945
95098
95250
95374
95377
95378
95430
95622
95749
95949
95972
96051
96388
96392
96645
96735
96834
97057
97066
97205
97217
97565
97616
97766
97772
97946
97996
98012
98017
98191
98313
98336
98507
98507
98646
98706
98828
98997
99268
99338
99383
99575
99611
99799
99817
99986
100017
100024
100134
100202
100217
100251
100265
100377
100467
100880
101103
101300
101355
101466
101714
101867
102247
102414
102458
102593
102734
102747
102771
102835
102916
102965
102981
103073
103081
103144
103313
103336
103348
103474
103543
103664
103922
103928
104173
104359
104376
104476
104479
104703
104764
105165
105294
105492
105582
105640
106147
106181
106198
106256
106421
106475
106555
106618
106720
106727
106778
106990
107056
107139
107329
107384
107553
107629
107721
107795
107835
107982
108019
108086
108129
108136
108245
108388
108464
108523
108566
108570
108658
108757
108793
108995
109042
109113
109252
109299
109452
109635
109659
109974
110037
110239
110508
110519
110677
110889
110894
110904
111001
111030
111057
111106
111230
111524
111792
111858
111859
112028
112187
112225
112351
112680
112764
112856
112904
112918
113009
113012
113172
113186
113221
113226
113274
113391
113419
113545
113645
113658
113932
114052
114054
114261
114384
114492
114809
114864
114870
115110
115165
115166
115178
115450
115484
115499
115686
115917
116015
116240
116363
116381
116627
116809
117333
117552
117621
117641
117679
117709
117806
117850
117880
117940
117953
118024
118159
118503
118697
119000
119054
119057
119063
119147
119285
119403
119438
119488
119525
119543
119731
119774
119786
119965
120526
120573
120588
120631
120677
120710
120854
120919
121083
121101
121316
121361
121431
121454
121505
121543
121616
121784
121944
121980
122000
122385
122391
122409
122715
122752
122967
123025
123083
123090
123091
123125
123165
123169
123265
123287
123288
123703
123957
124014
124360
124416
124505
124522
124555
124670
124819
124896
125127
125475
125575
125583
126070
126111
126525
126677
126702
126706
126724
126726
126770
126877
126947
127025
127123
127191
127213
127334
127336
127421
127593
127828
127887
127921
127935
128096
128181
128348
128530
128595
129051
129064
129231
129278
129281
129373
129483
129604
129623
129862
129981
129990
130000
130016
130083
130131
130171
130178
130331
130525
130707
130953
131029
131180
131523
131572
131855
131986
132142
132163
132378
132419
132572
132608
132648
132817
132878
133013
133188
133235
133249
133404
133425
133446
133626
133704
133879
133887
133895
134086
134116
134182
134290
134461
134543
134578
134721
134745
134855
134951
134971
134975
135049
135093
135252
135266
135330
135370
135455
135479
135514
136053
136079
136100
136125
136309
136310
136424
136490
136600
136634
136816
137092
137134
137142
137161
137273
137362
137662
137684
137758
137822
137905
137978
137984
138042
138109
138146
138209
138351
138395
138498
138537
138624
138698
138702
138717
138968
139010
139286
139401
139435
139446
139489
139558
139633
139665
139692
139752
139815
139826
139863
139933
140079
140250
140589
140803
140815
141048
141075
141094
141096
141128
141621
141623
141679
141817
141962
142120
142219
142225
142316
142667
142672
142680
142780
142865
142911
143124
143202
143251
143356
143462
143618
143710
143975
144096
144176
144342
144497
144615
144845
145059
145069
145072
145082
145327
145386
145625
145809
145823
145892
146056
146085
146148
146185
146241
146278
146293
146309
146322
146554
146564
146817
146989
147045
147217
147246
147563
147777
147804
147894
147898
147989
148076
148125
148247
148400
148536
149040
149189
149309
149317
149549
149560
149781
149821
149853
149925
149989
149997
150052
150178
150510
150597
150617
150617
150855
150870
150922
150955
151042
151051
151194
151250
151274
151284
151301
151350
151392
151502
151709
151709
151839
151909
151927
152073
152091
152279
152372
152376
152443
152467
152584
152929
152993
153009
153127
153270
153374
153462
153604
153707
153732
153778
153902
154003
154010
154069
154078
154166
154211
154418
154439
154462
154577
154673
154832
154969
155312
155331
155332
155438
155453
155589
155938
156125
156360
156585
156674
156858
156911
157177
157258
157307
157374
157451
157519
157540
157707
157768
157796
157871
158294
158298
158367
158587
158789
158821
158914
159186
159261
159397
159438
159604
159663
159690
159774
160043
160145
160156
160291
160386
160654
160745
160770
160787
160841
160866
161016
161051
161077
161085
161146
161175
161691
161835
161949
162685
162791
162798
162853
162874
162877
162997
162999
163017
163356
163365
163368
163664
163972
163979
164015
164029
164046
164059
164192
164249
164254
164320
164346
164403
164595
164688
164969
165092
165298
165618
165712
165718
165775
165801
165848
165867
165952
166182
166342
166382
166439
166498
166876
166883
167222
167721
167965
167981
168156
168242
168275
168508
168993
169087
169440
169442
169734
169796
170368
170391
170450
170661
170731
170734
170807
170922
170962
170976
171204
171221
171286
171318
171358
171359
171367
171404
171710
171813
171923
172294
172335
172394
172406
172538
172561
172632
172729
172780
172946
172989
173074
173077
173122
173182
173199
173288
173656
173825
173993
174008
174018
174047
174077
174115
174174
174215
174271
174401
174487
174548
174734
174821
174870
174893
174905
175140
175185
175237
175407
175501
175550
175671
175738
175768
175790
175802
175873
175919
176029
176106
176207
176296
176299
176301
176357
176389
176430
176431
176667
176862
176868
176870
177260
177307
177332
177485
177629
177789
177796
177971
178016
178364
178490
178566
178670
178858
178885
179036
179067
179116
179127
179225
179351
179391
179459
179515
179560
179614
179630
179720
179979
180040
180467
180611
180728
180734
180880
181047
181343
181418
181441
181621
181819
181833
181915
181946
182001
182016
182087
182211
182312
182352
182353
182748
182790
182855
182940
183131
183259
183274
183346
183432
183447
183518
183575
183664
183700
183904
184077
184175
184184
184262
184303
184352
184462
184746
184878
184886
184985
185066
185080
185116
185208
185293
185317
185325
185406
185427
185615
185679
185792
185974
186027
186124
186152
186218
186325
186345
186531
186597
186692
186765
186788
186849
186944
186948
187163
187207
187255
187288
187452
187541
187668
187756
187792
187948
187995
188140
188415
188649
188731
188737
188777
188871
188977
189115
189483
189595
189621
189697
189737
189804
190031
190049
190120
190186
190358
190372
190389
190429
190546
190629
190703
190856
190914
191109
191112
191185
191318
191370
191377
191479
191482
191712
191739
191756
192033
192050
192184
192315
192353
192382
192505
192527
192628
192666
192755
192967
193020
193174
193218
193221
193401
193730
193784
193898
193941
194133
194160
194170
194174
194218
194271
194428
194591
194703
194864
194935
194937
194992
195114
195387
195400
195407
195521
195580
195648
195740
195862
196072
196117
196245
196312
196414
196546
196644
196923
196954
197246
197302
197495
197514
197546
197582
197599
197895
197968
197978
197988
198014
198065
198110
198148
198189
198310
198328
198381
198575
198578
198670
198852
198884
198890
198912
199039
199106
199323
199402
199501
199693
199774
199824
199996
200227
200343
200607
200641
200663
200774
200916
200992
201052
201078
201223
201242
201297
201704
201831
201852
202024
202028
202076
202103
202130
202152
202213
202238
202352
202566
202867
202937
203050
203147
203227
203334
203572
203739
203877
203898
203928
203941
203947
203975
203997
204219
204637
204644
204882
205037
205257
205325
205434
205443
205470
205523
205834
205842
206135
206235
206257
206300
206384
207012
207230
207291
207970
208182
208215
208244
208257
208301
208385
208577
208702
208791
208832
209141
209145
209321
209335
209381
209394
209428
209433
209434
209706
209889
209893
210026
210109
210135
210476
210577
210628
210674
210696
210788
210913
210915
211185
211216
211278
211291
211367
211423
211526
211566
211762
211963
212062
212150
212260
212398
212418
212533
212533
212597
212610
212694
212707
212714
212785
212876
212948
212967
213108
213126
213150
213299
213318
213354
213359
213379
213516
213534
213809
213816
213877
213968
214025
214042
214054
214059
214083
214195
214312
214335
214342
214464
214542
214573
214679
214681
214783
214870
214900
215007
215059
215110
215225
215272
215292
215300
215319
215364
215405
215908
216686
216839
216843
216854
216909
217041
217043
217083
217217
217227
217265
217286
217403
217700
217718
217736
217760
217869
218187
218322
218446
218923
218962
218989
219158
219168
219192
219202
219372
219418
219464
219557
219674
219689
219838
219931
220002
220083
220140
220152
220256
220303
220374
220595
220626
220626
220638
220717
220871
220920
220926
220928
220965
221037
221124
221194
221195
221243
221247
221464
221468
221547
221788
221813
221957
221971
222060
222133
222222
222285
222330
222408
222428
222511
222599
222646
222656
222862
222962
223113
223130
223192
223395
223613
223678
223694
223804
223865
223933
224000
224013
224407
224613
224751
224839
224918
224977
225312
225385
225596
225713
225715
225721
225767
225780
225848
225936
226114
226387
226519
226575
226576
226630
226695
226765
226783
226855
226934
227205
227350
227379
227435
227494
227599
227602
227629
227698
227952
228254
228317
228350
228519
229024
229131
229149
229164
229167
229246
229297
229346
229398
229989
230042
230054
230146
230431
230629
230781
230785
230788
230818
230946
230961
231108
231124
231290
231457
231523
231599
231808
231880
231886
231977
232090
232188
232322
232468
232500
232678
232736
232810
232965
233011
233161
233303
233346
233351
233482
233548
233628
233799
233887
233955
234227
234280
234378
234417
234433
234440
234487
234490
234537
234588
234622
234624
234653
234772
234778
234954
235070
235093
235097
235131
235245
235258
235311
235329
235382
235582
235777
235786
235906
235919
235972
236260
236303
236388
236395
236515
236587
236610
236799
236800
236904
237235
237374
237570
237856
237874
238055
238059
238085
238461
238616
238725
238748
238838
238842
238913
239134
239140
239200
239239
239282
239303
239491
239674
239692
239699
239759
239793
239822
239912
240059
240354
240375
240437
240556
240661
240679
240814
241031
241147
241285
241396
241463
241492
241653
241664
241739
241846
242158
242230
242352
242359
242486
242616
242667
242717
242880
242979
243183
243197
243306
243308
243410
243445
243542
243576
243717
243782
243787
243798
243842
243894
243995
244131
244155
244303
244392
244472
244474
244508
244554
244703
244709
244969
245068
245102
245147
245199
245642
245688
245855
245894
246013
246024
246050
246183
246359
246376
246407
246596
246624
246672
246987
247006
247074
247217
247277
247360
247484
247507
247541
247562
247564
247575
247680
247821
247902
248042
248128
248208
248269
248283
248374
248395
248460
248478
248546
248575
248625
248647
248716
248731
248748
248819
248836
249042
249042
249069
249253
249434
249633
249962
250009
250106
250379
250396
250428
250436
250496
250564
250740
250766
250790
250911
250971
251164
251189
251203
251237
251302
251318
251326
251337
251414
251422
251458
251599
251632
251803
251857
252051
252057
252121
252132
252161
252314
252341
252396
252397
253002
253011
253039
253181
253232
253586
253757
253927
254017
254049
254110
254120
254158
254209
254249
254493
254519
254542
254567
254673
254700
254712
254747
254808
254825
254850
254953
255265
255481
255552
255552
255572
255657
255694
255778
255951
255954
256128
256213
256273
256466
256474
256660
256748
256785
256902
256969
256999
257086
257116
257160
257462
257669
258122
258143
258143
258196
258282
258458
258665
258786
259037
259187
259270
259587
259612
259808
259858
259953
259976
260081
260118
260138
260194
260314
260433
260584
260608
260836
260881
260915
260968
261142
261302
261304
261328
261408
261429
261430
261507
261685
261820
261853
261900
262013
262017
262039
262045
262092
262261
262330
262339
262353
262380
262482
262528
262750
262911
262986
262986
263032
263087
263219
263226
263394
263439
263478
263599
263906
264112
264234
264346
264401
264420
264597
264622
264828
264846
264891
265014
265098
265136
265329
265539
265541
265717
265726
265845
265898
265908
265910
265947
266000
266060
266091
266138
266172
266237
266388
266675
266683
266730
266755
266827
266964
267199
267277
267583
267779
267985
268274
268353
268421
268564
268699
268842
268872
268890
268925
268989
269034
269054
269141
269198
269202
269214
269435
269460
269504
269607
269786
269944
270122
270173
270237
270270
270689
270871
271145
271280
271324
271404
271489
271689
271697
271714
271841
271905
271987
272143
272293
272451
272452
272498
272559
272701
272719
272774
272806
272811
272906
272918
272937
272960
273116
273191
273250
273371
273386
273499
273512
273671
273708
273878
273912
273914
273985
274217
274242
274321
274602
274644
274717
274862
274864
275046
275105
275148
275177
275234
275983
276193
276256
276257
276293
276294
276405
276558
276563
276675
276732
277221
277266
277320
277347
277524
277831
277833
277874
277883
278029
278084
278094
278117
278123
278128
278316
278388
278461
278553
278639
278657
278710
278714
278726
278841
278882
278974
279088
279089
279284
279727
279762
280221
280278
280439
280603
280701
280709
281206
281219
281275
281330
281517
281557
281597
281798
281987
282149
282333
282353
282529
282657
282704
282725
282728
283089
283372
283409
283541
283760
283958
283965
284246
284249
284280
284285
284590
284620
284623
284656
284691
284721
284727
284746
284853
284884
284957
285053
285062
285062
285522
285559
285908
285958
285996
286103
286136
286220
286264
286276
286424
286437
286613
286623
286701
286804
286924
286941
286972
287045
287098
287275
287389
287392
287426
287469
287587
287798
288075
288195
288238
288278
288386
288423
288456
288491
288666
288875
288898
288913
288986
289285
289292
289377
289498
289680
289739
289846
289899
289954
289970
290023
290140
290189
290222
290236
290285
290383
290435
290630
290738
290743
290798
291029
291062
291129
291177
291210
291527
291816
291934
291980
292072
292096
292156
292289
292461
292794
292809
292815
293036
293039
293208
293242
293320
293403
293405
293508
293542
293787
293874
293898
293957
294017
294074
294389
294395
294401
294501
294510
294556
294600
294636
294639
294721
294849
294876
295122
295243
295294
295541
295585
295636
295727
295785
295937
296049
296107
296149
296362
296482
296492
296518
296561
296595
296632
296757
296858
296986
297014
297181
297200
297203
297210
297265
297369
297455
297473
297594
297627
297660
297689
297867
298012
298082
298564
298591
298622
298663
298752
298802
298836
298971
299079
299152
299196
299248
299276
299439
299535
299620
299661
299765
299818
299851
299948
300032
300087
300218
300221
300432
300472
300623
301010
301190
301299
301323
301410
301467
301612
301627
301628
301663
301667
301726
301749
301861
301935
301948
302000
302014
302097
302126
302154
302157
302190
302220
302263
302284
302410
302591
302802
302872
302899
303251
303351
303536
303562
303585
303599
303802
303838
304031
304097
304144
304395
304440
304555
304718
304891
304951
305125
305161
305256
305338
305354
305450
305547
305598
305667
305928
305957
305974
306328
306376
306458
306496
306925
307018
307024
307051
307136
307254
307376
307492
307621
307913
307953
307980
308220
308310
308438
308445
308761
309335
309398
309438
309453
309542
309570
309617
309851
310199
310282
310606
310917
310972
311008
311029
311041
311063
311241
311258
311340
311348
311439
311574
311574
311637
311664
311768
312171
312179
312184
312212
312288
312447
312466
312484
312531
312571
312712
312832
313133
313230
313300
313481
313673
313699
313804
313860
313865
314013
314077
314356
314389
314513
314684
314801
314959
315029
315093
315385
315467
315845
316062
316411
316432
316476
316493
316599
316734
316742
316792
316932
317001
317042
317163
317195
317201
317336
317385
317942
317986
317994
318123
318139
318404
318412
318436
318468
318506
318680
318708
318956
319128
319387
319521
319559
319585
319611
319864
319872
319902
319982
320166
320338
320490
320528
320534
320625
320839
320964
321130
321139
321317
321342
321443
321456
321458
321686
321831
321934
322000
322180
322401
322487
322506
322521
322578
322639
322654
322689
322910
322928
323053
323223
323433
323523
323532
323541
323963
324040
324052
324364
324371
324381
324399
324420
324452
324561
324813
324868
324931
324961
324990
325066
325104
325161
325247
325298
325349
325475
325703
325776
325814
325920
325923
326004
326105
326275
326292
326377
326407
326470
326575
326754
327091
327166
327401
327657
327792
327804
327819
327871
327949
327995
328375
328467
328690
328719
328894
328910
328948
329048
329259
329322
329387
329388
329755
329823
329851
329964
330238
330317
330321
330353
330453
330481
330493
330670
330670
330701
330725
330884
330949
330979
331046
331236
331346
331418
331888
331910
331954
331977
332296
332392
332394
332537
332569
332756
332762
332769
332884
333043
333093
333130
333300
333364
333633
333729
333933
333992
334321
334393
334455
334723
334736
334879
334908
335042
335181
335379
335618
335664
335829
335911
335982
336119
336169
336290
336312
336333
336397
336398
336418
336542
336546
336608
336712
336841
336860
336931
337078
337079
337080
337315
337392
337462
337531
337709
337797
337814
337880
337979
338083
338245
338346
338418
338927
339021
339115
339172
339286
339377
339908
339928
339999
340008
340140
340149
340156
340209
340326
340447
340536
340537
340606
340759
340842
341088
341092
341212
341334
341391
341549
341569
341592
341592
341859
341979
341987
342177
342243
342262
342680
342777
342837
342872
343031
343037
343042
343166
343260
343366
343407
343450
343452
343592
343747
343774
343803
343929
343985
343993
344086
344144
344197
344265
344387
344517
344556
344702
344848
344863
344991
345025
345053
345160
345181
345751
345782
345808
345835
345851
345917
346005
346175
346188
346292
346311
346353
346396
346452
346526
346565
346572
346892
347000
347089
347130
347228
347294
347497
347534
347618
347806
347811
347876
347952
348024
348055
348102
348839
348933
349206
349362
349374
349393
349410
349417
349470
349727
349737
349817
349849
349896
349954
350304
350347
350430
350496
350569
350588
350623
350709
350868
350936
350984
351002
351087
351173
351189
351267
351302
351347
351630
351733
351764
351769
351854
351892
351900
351928
352048
352218
352301
352323
352341
352411
352534
352558
352698
352818
352912
352947
353099
353106
353147
353155
353174
353376
353598
353848
353954
354206
354268
354299
354568
354597
354654
354783
354868
354872
354981
355065
355124
355139
355234
355251
355353
355457
355539
355653
355654
355665
355733
355806
355828
355969
356013
356132
356136
356246
356280
356519
356559
356620
356676
356682
356891
356895
356980
357051
357070
357089
357313
357447
357485
357544
357721
357736
357815
357914
358045
358149
358376
358440
358479
358607
358886
358945
359358
359380
359587
359691
359741
359780
359848
359898
360024
360063
360293
360378
360507
361001
361015
361128
361265
361274
361315
361392
361505
361540
361633
361689
361707
361833
361873
361941
362096
362108
362111
362190
362375
362542
362773
362827
362835
362837
362920
362976
363129
363251
363270
363536
363586
363728
363949
364010
364019
364027
364108
364951
364989
365013
365071
365098
365284
365351
365572
365648
365664
365681
365694
365710
365750
365797
365903
365969
366097
366141
366164
366167
366188
366210
366354
366472
366548
366752
366829
366957
366963
367007
367119
367155
367373
367496
367516
367558
367588
367625
367649
367956
367986
368029
368288
368394
368486
368707
368713
369006
369084
369125
369145
369193
369244
369701
369844
369863
370386
370427
370506
370628
370716
370717
370846
370879
371014
371189
371221
371242
371348
371460
371543
371583
371594
371597
371623
371828
372015
372065
372204
372292
372377
372874
373263
373335
373445
373475
373635
373728
373913
373952
374013
374045
374457
374569
374594
374604
374642
374673
374759
375132
375251
375274
375281
375379
375399
375452
375697
375855
375857
375982
375996
376079
376155
376204
376231
376371
376639
376707
376822
376872
376941
377047
377091
377115
377292
377580
377718
377816
377819
377879
377927
378150
378167
378209
378457
378460
378575
378602
378608
378894
379035
379084
379098
379131
379186
379247
379364
379544
379768
379912
379946
380222
380355
380512
380536
380557
380665
380760
380902
381028
381255
381276
381314
381317
381377
381397
381611
381686
381758
381833
381897
381970
382259
382274
382304
382385
382402
382705
382712
382962
383048
383106
383164
383182
383249
383410
383563
383572
383591
383714
383817
383881
384033
384311
384435
384645
384706
384793
384846
384876
384886
384950
384992
385439
385517
385522
385534
385557
385733
385926
385936
386063
386144
386349
386660
386670
386707
386744
386889
386925
386977
387173
387240
387440
387488
387604
387645
387703
387706
387837
388043
388056
388070
388291
388655
388668
388692
388830
388856
389040
389412
389480
389606
389766
389825
389825
389830
389901
390010
390037
390124
390179
390222
390235
390270
390396
390433
390458
390475
390543
390685
391073
391099
391164
391187
391246
391328
391330
391344
391855
391967
392022
392062
392166
392184
392216
392336
392368
392390
392558
392730
392846
392862
392889
392925
393264
393305
393347
393531
393592
393661
393928
393975
393983
394223
394271
394332
394376
394402
394462
394475
394502
394520
394537
394548
394661
394673
394675
394748
394758
394845
394875
394980
395163
395216
395256
395381
395394
395411
395597
395780
395807
395875
396057
396168
396227
396412
396474
396501
396647
396679
396845
397186
397295
397483
397489
397590
397627
397929
397997
398004
398616
398868
398981
398998
399060
399170
399201
399244
399264
399774
399871
399900
399900
399902
399923
399988
400079
400302
400509
400857
400941
401016
401147
401170
401321
401346
401653
401730
401757
401774
401913
402087
402089
402113
402143
402258
402295
402336
402412
402457
402549
402715
402816
402818
402823
402921
402988
403070
403162
403486
403709
403783
403827
403829
403860
403923
403969
403976
404134
404274
404340
404371
404422
404658
404709
404711
404760
404784
404838
404881
405110
405198
405326
405460
405521
405574
405601
405895
405919
406062
406077
406119
406362
406394
406419
406459
406699
406707
406920
407249
407265
407416
407554
407562
407678
407736
407847
407918
408176
408184
408189
408200
408243
408348
408361
408387
408415
408429
408453
408483
408494
408546
408670
408756
409107
409119
409447
409475
409507
409530
409568
409599
409662
410034
410159
410199
410224
410280
410706
410766
410773
410865
410966
411118
411135
411251
411375
411386
411514
411575
411579
411628
411740
411767
411830
411935
411937
412062
412123
412129
412303
412329
412493
412695
412817
413026
413095
413137
413175
413222
413468
413592
413614
413615
413931
413932
413999
414021
414241
414310
414344
414425
414555
414712
414761
414942
414960
415006
415231
415257
415350
415382
415474
415777
415832
415949
415957
416043
416143
416299
416521
416580
416815
416915
417061
417137
417389
417631
417839
418410
418557
418614
419089
419352
419432
419463
419482
419537
419543
419637
419777
419805
419964
420094
420157
420158
420374
420400
420476
420582
420630
420640
420706
421014
421101
421135
421158
421165
421222
421407
421503
421577
421580
421628
421631
421639
421900
422102
422200
422228
422270
422346
422362
422464
422546
422571
422581
422634
422649
422670
422673
422720
422726
422759
422820
422856
423315
423434
423608
423712
423871
423969
424147
424177
424196
424270
424498
424547
424704
424839
424915
425059
425074
425088
425127
425147
425206
425281
425324
425417
425434
425443
425953
425997
426210
426240
426427
426532
426791
426804
426869
426945
426948
426965
427214
427288
427353
427801
427886
428004
428095
428156
428231
428243
428414
428646
428974
429156
429222
429378
429619
429634
429692
430286
430459
430466
430508
430564
430738
430750
430955
430960
430975
431023
431146
431317
431491
431522
431611
431947
431977
432014
432024
432085
432251
432261
432307
432360
432418
432443
432469
432473
432578
432814
432827
433159
433723
433739
433851
434152
434159
434166
434260
434300
434328
434673
434747
434838
435026
435160
435226
435280
435708
435792
435951
436089
436103
436111
436180
436359
436451
436803
436817
436992
437038
437059
437154
437487
437522
437675
437709
437792
437831
437982
438020
438500
438557
438737
438770
438845
438909
438921
438924
438968
439090
439167
439195
439205
439238
439565
439823
439899
439947
440056
440152
440208
440298
440454
440558
440728
440931
441058
441083
441142
441322
441505
441519
441531
441806
441902
441979
441997
442047
442131
442266
442305
442348
442349
442480
442595
442596
442825
442880
443056
443204
443253
443281
443385
443467
443514
443566
443649
443673
443677
443694
443872
443993
444050
444050
444058
444279
444287
444289
444299
444302
444524
444529
444553
444591
444664
444666
444791
444804
444864
444980
445097
445107
445164
445251
445547
445624
445666
445778
445901
445998
446038
446258
446348
446476
446520
446578
446636
446927
447145
447155
447168
447184
447366
447383
447406
447438
447528
447619
447673
447715
447798
447880
447915
447996
448039
448148
448236
448269
448354
448448
448754
448755
449016
449023
449235
449274
449325
449409
449459
449513
449626
449708
449896
449908
450039
450049
450102
450193
450288
450301
450508
450818
450858
450867
450881
450922
451170
451242
451326
451355
451473
451480
451594
451623
451637
451638
451750
451885
451920
452237
452424
452690
452746
452859
452900
452917
452952
453027
453084
453165
453609
453811
453815
453827
453912
453922
453946
453958
454019
454111
454130
454353
454488
454549
454649
454710
454758
454826
454878
454888
455651
455695
455911
456065
456253
456301
456393
456644
456677
457106
457301
457350
457426
457506
457641
457654
457751
457809
458094
458148
458419
458650
458661
458935
458960
458990
459037
459121
459124
459154
459170
459254
459278
459336
459395
459436
459462
459603
459624
459763
460222
460346
460620
460634
460706
460803
460853
460947
460978
460996
461020
461237
461288
461521
461635
461770
461868
461906
462075
462087
462132
462159
462181
462218
462274
462336
462590
462619
462934
463247
463289
463384
463476
463524
463600
463646
463779
463889
463923
463929
464022
464080
464145
464270
464737
464756
464771
464829
464830
464936
464961
465182
465251
465268
465315
465452
465476
465632
465667
465811
465940
465974
466046
466383
466420
466485
466597
466635
466834
466993
466994
467117
467467
467531
467699
467713
467776
468055
468128
468141
468187
468193
468399
468424
468591
468844
468936
468965
468980
468982
469176
469193
469306
469358
469521
469627
469641
469648
469675
469679
470286
470287
470300
470571
470636
470646
470660
470665
470881
470927
470946
471120
471141
471199
471348
471403
471427
471485
471690
471718
471931
471948
472085
472115
472143
472266
472467
472572
472602
472841
473186
473197
473261
473276
473312
473323
473341
473516
473549
473611
473654
473964
473967
473997
474038
474092
474142
474270
474275
474300
474342
474506
474580
474615
474714
474763
474832
474859
474976
475034
475053
475218
475289
475664
475951
475983
476201
476352
476434
476492
476501
476569
476681
476704
476757
476850
476965
477239
477323
477331
477506
477622
477666
477832
477879
477948
478127
478158
478271
478508
478603
478769
478786
478823
478947
479130
479148
479218
479285
479856
480129
480504
480724
480886
480927
480965
481044
481115
481233
481329
481415
482235
482354
482607
482923
482964
482966
483003
483048
483118
483171
483399
483497
483519
483649
483817
483828
483879
484015
484289
484303
484376
484430
484500
484510
484591
484637
484709
484722
484820
485013
485071
485422
485474
485572
485634
485736
485982
486109
486260
486360
486361
486436
486444
486460
486534
486632
486877
487000
487038
487131
487251
487314
487530
487564
487727
487744
487862
487957
487990
488019
488021
488046
488059
488285
488356
488551
488751
488841
488888
488987
489112
489143
489189
489252
489322
489863
490004
490056
490180
490213
490377
490419
490543
490613
490652
490693
490731
490733
491141
491149
491158
491224
491436
491589
491646
491649
491671
491770
491785
491789
491916
492081
492105
492219
492318
492366
492453
492467
492855
492907
492926
492983
493177
493215
493220
493378
493678
493696
493868
493932
494105
494173
494193
494361
494474
494508
494582
494609
494645
494662
494870
495108
495147
495295
495315
495334
495404
495502
495605
495671
496485
496581
496833
497084
497105
497113
497146
497167
497284
497344
497372
497395
497522
497560
497601
497632
497666
497680
497690
497692
497795
497841
497894
497996
498158
498343
498357
498359
498555
498660
498773
498946
499028
499303
499310
499360
499523
499561
499646
500086
500162
500172
500222
500237
500665
500674
500829
501049
501108
501368
501388
501444
501653
501705
501801
501973
502016
502337
502476
502513
502561
502601
502615
502620
502662
502822
502972
502989
503011
503388
503616
503723
503817
503864
503881
503920
503932
504077
504101
504103
504135
504142
504200
504386
504702
504785
505021
505110
505184
505204
505229
505564
505580
505608
505638
505740
505773
505793
505982
506026
506096
506174
506346
506375
506413
506608
506723
506868
506903
507027
507121
507275
507311
507365
507463
507516
507519
507790
507831
507933
508045
508102
508187
508227
508275
508356
508683
508747
508750
508838
509101
509221
509261
509273
509316
509429
509518
509524
509904
510159
510190
510294
510407
510441
510500
510513
510742
510752
510852
511272
511357
511375
511662
511811
511988
512055
512879
512994
513023
513509
513664
513665
513797
514091
514460
514527
514658
514709
514821
514882
515127
515216
515266
515323
515343
515437
515624
515780
515898
516013
516370
516800
517035
517068
517081
517157
517196
517219
517235
517333
517383
517517
517566
517585
517629
517692
517724
517804
517981
518139
518305
518755
518777
519113
519120
519276
519416
519535
519659
519788
519934
520111
520146
520222
520223
520411
520588
520855
520997
521290
521353
521459
521465
521597
521609
521681
521704
521738
522048
522115
522204
522363
522384
522429
522496
522620
522620
522684
522700
522859
522887
522962
523125
523278
523327
523502
523506
523527
523611
524186
524274
524375
524400
524520
524636
524695
524712
524830
525464
525725
525965
526119
526338
526425
526448
526499
526529
526603
526661
526913
527065
527072
527097
527117
527153
527298
527452
527517
527580
527737
527740
527881
527962
528020
528105
528556
528610
528766
528769
528788
528849
529019
529179
529191
529341
529375
529413
529493
529667
529723
529866
529905
530197
530300
530447
530777
530919
530934
530965
531078
531199
531449
531505
531576
531612
531615
531671
531688
531793
531906
531929
532032
532237
532290
532537
532620
532780
532899
532919
533126
533153
533175
533222
533257
533311
533453
533508
533761
534145
534190
534291
534321
534370
534638
534668
534734
534751
534820
534845
534976
535118
535194
535195
535284
535386
535429
535447
535453
535464
535497
535520
535573
535772
535973
535987
536083
536095
536204
536228
536348
536387
536396
536572
536600
537234
537331
537446
537585
538049
538219
538307
538361
538554
538687
538715
538837
538888
538946
539102
539110
539339
539502
539518
539600
539952
540009
540046
540187
540272
540501
540505
540644
540959
541067
541103
541105
541286
541474
541703
542019
542023
542138
542218
542257
542397
542577
542587
542634
542792
542794
543086
543126
543156
543252
543262
543303
543305
543371
543378
543418
543442
543506
543656
543672
543770
543833
543872
543893
543945
544139
544253
544366
544366
544504
544515
544638
544712
544890
544894
544903
545293
545489
545589
545602
545611
545682
545698
545699
545740
545742
545757
545780
545802
545825
546105
546305
546468
546657
546763
546803
546937
546964
546966
546987
546998
547090
547177
547462
547570
547700
547712
547805
547860
548011
548013
548496
548619
548696
548727
548797
548888
549102
549168
549175
549212
549217
549235
549370
549432
549490
549532
549540
549553
549631
549794
549806
549906
549960
549983
550006
550079
550145
550363
550365
550499
550532
550547
550613
550656
550686
550722
550747
550802
550806
550817
551115
551277
551283
551307
551320
551356
551861
551920
551991
552014
552067
552138
552283
552400
552413
552889
553237
553307
553373
553504
553510
553534
553608
553667
553731
553859
553988
554008
554047
554132
554176
554230
554245
554319
554360
554368
554571
554775
555161
555177
555365
555717
555803
556209
556241
556268
556276
556311
556332
556411
556477
556485
556501
556509
556581
556681
556698
557087
557191
557368
557516
557653
557839
557910
557942
557972
558011
558057
558103
558214
558259
558374
558455
558468
558478
558507
558512
558512
558532
558667
558701
558715
558759
558809
558837
558909
559187
559211
559235
559307
559460
559502
559539
559576
559742
559882
560078
560126
560182
560182
560236
560281
560458
560539
560620
560633
560905
560927
561096
561158
561181
561288
561329
561563
561564
561832
561965
562114
562706
562721
562725
562778
562819
562835
563045
563122
563284
563292
563350
563387
563669
564259
564303
564321
564404
564465
564565
564654
564830
564898
564926
565125
565281
565459
565468
565537
565612
565613
565687
565724
565813
565884
565894
566039
566118
566120
566197
566235
566277
566295
566453
566470
566554
566803
567247
567352
567365
567377
567392
567461
567490
567691
567781
567877
567933
568137
568313
568321
568326
568329
568560
568664
568666
568738
568816
568849
569035
569141
569206
569207
569644
569737
569863
570450
570675
570692
570897
571235
571266
571523
571566
571567
571582
571623
571836
571839
571909
572040
572135
572158
572291
572302
572381
572408
572529
572576
572583
572599
572651
572746
572795
572813
572949
573239
573243
573324
573486
574079
574228
574533
574573
574653
574668
574750
574797
574849
574884
575048
575206
575244
575249
575826
575850
575868
575876
576067
576226
576623
576662
576702
576779
576798
576821
576968
576993
577231
577243
577486
577523
577605
577647
577745
577922
578120
578238
578390
578395
578471
578572
578669
578885
579044
579094
579310
579516
579538
579596
579824
579863
579937
579965
580036
580218
580443
580617
580728
580977
581021
581128
581136
581147
581322
581546
581549
581628
581736
581775
581796
581868
581870
581902
582027
582082
582202
582220
582255
582343
582599
582628
582726
582821
582954
583005
583080
583136
583219
583315
583335
583377
583386
583396
583419
583541
583775
584000
584071
584083
584108
584268
584388
584764
585045
585059
585066
585098
585151
585215
585632
585734
585754
585763
585902
585922
585957
586134
586277
586342
586382
586559
586620
586699
586799
586853
586994
587033
587146
587220
587389
587465
587498
587503
587505
587523
587577
587702
587880
588189
588282
588518
588564
588674
588803
588829
588983
589170
589312
589381
589476
589693
589835
589849
589930
590221
590559
590589
590713
590715
590793
590833
590856
591120
591261
591267
591279
591373
591379
591478
591479
592040
592236
592497
592670
592678
592700
592717
593005
593078
593226
593284
593571
593712
593836
593971
594024
594240
594354
594370
594485
594692
594736
594905
595055
595578
595634
595656
595660
595691
595714
595734
595831
595943
596077
596078
596169
596321
596372
596631
596898
597040
597141
597254
597261
597299
597570
597592
597619
597655
597721
597953
597953
598093
598103
598281
598437
598528
598540
598689
598823
598906
599039
599174
599264
599362
599430
599550
599555
599600
599648
599694
599738
599760
599773
599911
600208
600223
600457
600494
600576
600693
600710
601017
601062
601233
601328
601332
601530
601540
601570
601854
601910
601952
601977
602029
602053
602112
602115
602125
602150
602162
602607
602971
603496
603508
603612
603648
603749
604052
604253
604379
604529
604539
604628
604736
605045
605317
605413
605487
605637
605670
605767
605858
605861
605940
606043
606276
606658
606794
607092
607149
607152
607211
607270
607278
607326
607344
607398
607457
607496
607596
607653
607962
608007
608102
608163
608249
608285
608519
608589
608674
608682
608807
608935
608952
609099
609205
609527
609646
609694
609809
610271
610300
610354
610463
610555
610576
610773
610805
610813
611088
611152
611221
611275
611335
611652
611663
611706
611807
611932
611978
612260
612362
612387
612516
612717
612729
612752
612933
613015
613157
613162
613190
613255
613303
613446
613462
613470
613700
613727
613884
614076
614267
614358
614371
614465
614528
614536
614712
614750
615032
615223
615329
615431
615565
615582
615583
615737
615798
615805
615821
616066
616096
616144
616194
616207
616220
616389
616393
616430
616467
616494
616547
616865
616924
616971
616997
617039
617148
617334
617335
617466
617696
617828
617970
618030
618199
618342
618403
618885
618977
619153
619263
619265
619352
619368
619420
619671
619973
620005
620116
620311
620326
620440
620455
620516
620531
620569
620732
620791
620832
620896
621435
621464
621502
621560
621686
621721
621893
621937
622161
622369
622410
622579
622627
622661
622790
622896
623068
623161
623474
623505
623537
623634
623658
623829
623837
624013
624045
624162
624270
624358
624502
624654
624973
625014
625132
625223
625240
625249
625476
625529
625579
625606
625854
625917
626045
626093
626235
626281
626378
626445
626570
626650
626892
627288
627517
627722
627755
627762
627773
627790
627808
627879
627937
627947
628108
628184
628490
628550
628653
628662
628734
628746
628750
629016
629051
629097
629241
629272
629334
629383
629408
629471
629476
629586
629899
629960
630020
630054
630135
630437
630492
630655
630685
630737
630957
630967
631163
631176
631193
631273
631347
631378
631522
631617
631672
631707
631726
631780
631787
631861
631877
631942
632016
632046
632156
632163
632206
632208
632477
632521
632625
632636
632706
632962
633032
633033
633043
633063
633236
633385
633490
633571
633688
633765
633774
633989
634041
634129
634386
634451
634557
634569
634598
634626
634689
635007
635064
635155
635185
635236
635355
635719
635817
636000
636050
636062
636384
636435
636467
636495
636688
636731
636762
636811
637014
637021
637035
637160
637333
637380
637383
637389
637438
637521
637666
637675
637760
637847
637930
638037
638153
638227
638287
638394
638564
638574
638575
638593
638724
638796
638943
639019
639039
639071
639335
639648
640047
640084
640110
640123
640210
640230
640302
640394
640468
640612
641064
641408
641734
641803
641884
642032
642474
642561
642705
642720
642741
642761
643128
643209
643410
643475
643697
643769
643854
643901
644115
644125
644127
644200
644248
644361
644420
644521
644659
644708
644721
644751
644843
645032
645075
645180
645200
645331
645420
645566
645612
645635
645659
645672
645794
645840
645861
645905
645938
645938
646107
646121
646307
646319
646412
646593
646902
647056
647072
647149
647177
647333
647346
647408
647955
648106
648173
648235
648313
648327
648377
648418
648567
648612
648689
648736
648773
648802
648808
648914
649142
649187
649192
649199
649274
649328
649361
649392
649473
649576
649631
649631
649705
649890
650067
650070
650130
650345
650478
650555
650616
650623
650633
650962
651097
651131
651133
651166
651199
651384
651417
651431
651609
651696
651849
651931
652127
652147
652240
652249
652519
652628
652737
652748
652801
652886
653139
653222
653341
653409
653470
653487
653513
653543
653734
653888
653962
653967
654036
654073
654159
654185
654484
654712
654729
654797
654842
654921
654966
654968
655040
655073
655164
655196
655258
655487
655627
655724
655739
655750
655825
655846
656037
656258
656377
656387
656392
656429
656582
656696
656714
656886
657172
657241
657246
657438
657528
657743
657747
657756
657902
658116
658205
658218
658300
658368
658381
658583
658715
658829
658883
658916
659030
659304
659416
659488
659528
659563
659584
659609
659641
659663
659765
659959
660011
660085
660094
660127
660159
660184
660286
660309
660338
660654
660660
660720
660793
660807
660838
660863
660998
661006
661039
661060
661166
661356
661383
661439
661638
661644
662161
662279
662401
662473
662491
662567
662575
662680
662993
663030
663035
663071
663265
663306
663438
663563
663983
664013
664023
664064
664078
664111
664144
664227
664287
664473
664611
664655
664744
664753
664875
664894
665060
665116
665348
665606
665753
666139
666322
666612
666683
666704
666710
667020
667142
667164
667246
667303
667492
667493
667503
667591
667646
667873
667892
667973
668117
668250
668520
668582
668659
668822
668957
669041
669246
669284
669504
669523
669630
669710
670093
670104
670275
670300
670458
670507
670543
670560
670816
670939
670944
671053
671106
671113
671124
671151
671213
671250
671409
671510
671515
671606
671607
671711
671911
672106
672106
672295
672331
672335
672370
672591
672593
672602
672675
672826
672832
672964
673207
673266
673318
673396
673482
673500
673688
673896
673975
674019
674041
674236
674324
674329
674356
674364
674378
674587
674980
674998
675186
675247
675630
675814
675864
676020
676102
676253
676276
676281
676353
676511
676533
676689
676800
676843
677113
677194
677255
677361
677439
677483
677617
677684
677833
678038
678264
678270
678567
678582
678608
678669
678671
678722
678865
678905
679080
679098
679150
679233
679509
679555
679665
679683
679852
679872
679897
680111
680115
680202
680478
680484
680536
680541
680547
680638
680641
680666
680717
680761
680844
680861
681136
681295
681422
681474
681507
681589
681808
681985
682096
682196
682206
682379
682578
682591
682601
682667
682970
682988
683010
683221
683415
683529
683569
683634
683645
683673
683727
683761
683940
684034
684328
684392
684544
684569
684584
684717
684952
685004
685405
685503
685514
685587
685590
685717
685757
685932
686044
686090
686339
686354
686411
686755
687001
687039
687124
687184
687185
687263
687299
687317
687415
687550
687685
687810
687943
688067
688079
688103
688187
688198
688343
688419
688563
688617
688631
688722
688791
688802
688929
688970
688982
689183
689287
689294
689366
689556
689589
689598
689636
689978
690015
690225
690520
690686
690697
690749
690987
691042
691099
691140
691340
691358
691500
691524
691525
691576
691623
691719
691826
691873
692021
692067
692263
692351
692408
692887
692920
692927
693008
693044
693110
693269
693302
693524
693545
693799
693890
693897
694032
694050
694118
694147
694151
694249
694290
694304
694336
694423
694443
694472
695114
695327
695576
695615
696038
696166
696242
696463
696466
696554
696722
696731
696737
696739
696741
697028
697056
697431
697584
697591
697683
697701
697782
697861
697864
697958
698126
698214
698236
698301
698324
698355
698359
698489
698617
698628
698954
698968
699125
699192
699225
699280
699290
699400
699430
699463
699589
699610
699685
700048
700190
700233
700368
700478
700535
700549
700558
700604
700671
701314
701342
701390
701417
701440
701512
701824
701839
701925
702048
702061
702062
702080
702121
702131
702150
702198
702263
702271
702332
702345
702355
702379
702438
702452
702453
702478
702483
702600
702696
702753
702904
703196
703275
703286
703351
703384
703548
703769
703947
704184
704390
704400
704403
704473
704477
704482
704732
704854
704936
704937
704975
704999
705100
705330
705581
705582
705685
705755
705768
705896
705898
705916
705939
705965
706009
706147
706227
706243
706278
706444
706539
706553
706563
706637
706638
706667
706846
707263
707481
707571
707770
707900
708016
708131
708325
708587
708600
708622
708637
708726
708854
708977
708991
709087
709119
709233
709400
709607
709672
709717
709769
710064
710161
710232
710558
710715
710787
711047
711238
711427
711552
711573
711610
711838
711904
711990
712207
712278
712456
712474
712533
712537
712547
712680
712846
712871
713094
713211
713351
713427
713494
713526
713590
713599
713708
713789
713865
713891
713925
714001
714073
714143
714199
714247
714282
714484
714519
714701
714930
714957
715166
715304
715556
715790
715815
715816
715879
715955
716156
716210
716338
716386
716641
716682
716746
717088
717106
717506
717533
717704
717734
718052
718393
718417
718634
718640
718746
718908
718961
718973
719220
719291
719296
719487
719570
719572
719783
719928
720183
720319
720344
720391
720434
720491
720554
720668
720674
720844
720995
721029
721194
721434
721672
721690
721982
722035
722309
722397
722409
722467
722764
722897
722927
722958
723128
723260
723346
723493
723625
723728
723904
723952
724208
724440
724488
724514
724609
724651
724796
724807
724819
724829
724941
725165
725294
725549
725704
725785
725879
726004
726186
726457
726532
726725
726799
726812
726842
726906
726946
726989
727005
727131
727380
727387
727435
727498
727617
727648
727744
727779
727788
727793
727830
727967
728009
728477
728616
729099
729182
729202
729264
729270
729405
729580
729683
729710
729816
729903
729976
730037
730164
730251
730281
730353
730394
730420
730768
730819
730848
730972
731411
731426
731469
731826
731847
731887
732329
732410
732470
732488
732574
732586
732623
732658
732752
732858
732954
733123
733263
733277
733309
733477
733485
733504
733511
733597
733670
733711
733788
733789
733822
734113
734146
734185
734244
734250
734437
734448
734658
734944
734954
735049
735280
735336
735476
735543
735627
735703
735740
735744
735929
735967
736050
736742
736861
736908
736983
737078
737248
737287
737298
737373
737384
737500
737545
737599
737783
737857
737912
737930
738028
738063
738074
738123
738139
738430
738584
738600
738711
738721
738869
738879
738985
739091
739091
739097
739104
739216
739434
739494
739544
739549
739567
739577
739610
739635
739684
739890
739893
740152
740163
740228
740295
740432
740618
740730
740756
740819
740955
741175
741373
741497
741530
741738
741792
742015
742062
742348
742417
742473
742554
742650
742727
742804
742904
743056
743126
743172
743183
743251
743371
743473
743547
743637
743729
743981
744258
744461
744537
744620
744621
744686
744833
744894
744952
744981
745026
745222
745261
745283
745542
745665
745679
745748
745787
745800
745871
745929
745936
746293
746396
746398
746507
746531
746576
746587
746598
746679
746742
746749
746772
746822
746874
746888
746935
747094
747102
747289
747458
747605
747726
747843
747942
748102
748192
748314
748431
748646
748659
748671
748716
748848
748996
749076
749182
749201
749250
749282
749476
749558
749701
749749
749913
749928
750021
750093
750451
750881
751092
751192
751221
751225
751320
751489
751529
751537
751630
751717
751743
751764
751804
751833
752019
752026
752145
752229
752249
752291
752304
752407
752486
752519
752527
752781
753362
753545
753550
753692
753715
753718
753933
753958
754002
754007
754206
754343
754444
754497
754757
754764
754800
754937
755020
755040
755118
755184
755581
755740
755792
755806
755848
755899
755899
755909
755957
755960
755968
755996
756193
756218
756249
756261
756297
756363
756386
756389
756405
756421
756559
756602
756632
756773
757070
757168
757320
757437
757494
757740
757744
757788
757934
758613
758785
758849
758981
759143
759176
759363
759425
759442
759449
759838
760108
760188
760358
760460
760506
760698
760715
761250
761263
761386
761454
761686
761709
761765
761766
761932
761967
762046
762072
762088
762141
762262
762402
762661
762857
762917
762938
762989
762994
763034
763036
763118
763128
763238
763242
763529
763545
763638
763868
763871
763880
763979
764081
764106
764328
764435
764513
764651
764663
764734
764760
764869
764946
765014
765118
765238
765329
765378
765390
765472
765606
765860
766484
766510
766548
766610
766688
766845
766895
766962
767039
767145
767221
767230
767361
767463
767515
767583
767666
767711
768067
768104
768180
768218
768295
768340
768567
768730
768885
768966
769098
769133
769223
769260
769399
769515
769529
769530
769635
769956
770094
770120
770128
770170
770177
770235
770263
770417
770456
770596
770704
770749
770751
770796
770882
770912
771096
771131
771152
771225
771228
771273
771282
771292
771315
771369
771510
771558
771604
771668
771798
771830
771834
772016
772034
772046
772153
772308
772442
772863
772947
772948
773162
773360
773363
773460
773497
773611
773641
773705
773724
773739
773761
773826
773832
773847
773867
773899
774005
774028
774044
774279
774307
774328
774349
774373
774489
774571
774590
774593
774623
774977
774985
775064
775101
775156
775274
775451
775472
775638
775996
776082
776283
776508
776545
776563
776744
776834
776920
776923
777217
777218
777224
777340
777401
777564
777841
778013
778051
778468
778746
778959
778989
779113
779261
779340
779347
779361
779460
779532
779538
779587
779721
779883
779914
780007
780042
780085
780100
780144
780286
780296
780593
780678
780872
780919
780934
781040
781117
781248
781453
781713
781738
781769
781858
781917
781943
781997
782201
782203
782219
782280
782351
782419
782777
782982
782992
783162
783307
783358
783422
783678
783693
783754
783801
783815
783971
784012
784165
784416
784469
784521
784622
784650
784707
784784
784902
784997
785217
785258
785338
785423
785501
785592
785617
785712
785741
785940
786216
786277
786457
786557
786593
786614
786643
786700
786811
786844
786904
787019
787029
787056
787113
787203
787274
787436
787442
787809
788058
788122
788146
788246
788275
788349
788566
788635
788886
788952
788989
789159
789214
789320
789352
789468
789612
789740
789764
790113
790204
790303
790347
790483
790693
790755
791004
791021
791592
791690
791745
791768
791775
791817
791945
792122
792123
792154
792255
792272
792327
792740
792776
792838
792846
792979
793110
793140
793186
793253
793421
793450
793494
793497
793542
793722
793844
793968
794068
794159
794174
794185
794209
794260
794285
794297
794616
794865
794931
795221
795226
795311
795345
795519
795527
795568
795635
795812
795877
796171
796271
796391
796479
796536
796786
796829
796839
796852
797048
797055
797197
797330
797343
797526
797603
797812
797991
798006
798033
798060
798067
798069
798134
798268
798419
798517
798592
798660
798816
799018
799106
799136
799449
799700
799841
799889
800005
800006
800093
800096
800255
800295
800452
800463
800493
800687
800737
800776
800823
800871
800953
800976
801041
801054
801172
801319
801321
801552
801732
801808
801934
801958
802016
802301
802327
802782
802914
802963
803006
803219
803525
803537
803606
803720
803789
803814
803865
803979
804006
804109
804204
804269
804709
804807
804882
804913
805130
805216
805405
805406
805455
805537
805619
805679
805894
806076
806152
806246
806333
806421
806574
806603
806621
806718
806735
807022
807102
807109
807178
807185
807315
807322
807445
807452
807468
807473
807590
807676
807677
807686
807739
807879
807884
808069
808257
808383
808550
808881
808975
808989
809100
809298
809343
809401
809472
809550
809596
809605
809736
809797
810099
810154
810226
810384
810401
810433
810719
810721
810793
810939
811038
811078
811596
811643
811657
811757
811842
811858
811913
811939
812327
812367
812423
812442
812603
812635
812770
812942
812958
812976
813017
813124
813330
813351
813453
813461
813523
813550
813566
813659
813708
813727
813759
813819
813988
814002
814067
814079
814087
814176
814276
814326
814333
814348
814375
814567
814806
814879
814990
814994
815230
815362
815363
815520
815526
815978
816136
816220
816251
816252
816293
816316
816324
816415
816770
816780
816845
816893
817146
817185
817283
817582
817672
817730
817758
817862
817951
818067
818087
818242
818248
818369
818391
818447
818536
818550
818611
818653
818905
818976
819259
819366
819391
819457
819462
819571
819666
819742
819781
819948
819974
820102
820116
820297
820302
820346
820572
820603
820860
821056
821096
821307
821386
821395
821518
821589
821656
821747
821788
821850
821911
821936
822033
822059
822099
822101
822120
822179
822456
822739
822788
822819
822849
822851
823032
823114
823202
823291
823319
823346
823512
823754
824104
824213
824278
824354
824570
824640
824697
825309
825350
825440
825673
825714
825715
825806
825876
826027
826241
826297
826326
826372
826604
826635
826662
826733
826781
826830
826888
826933
826944
827020
827120
827222
827280
827739
827819
827952
828177
828266
828421
828484
828587
828633
828651
828733
828996
829029
829102
829166
829290
829308
829384
829416
829420
829609
829733
829946
829975
830432
830576
830707
830717
830751
830877
830978
831012
831028
831196
831398
831405
831421
831440
831478
831659
831712
831958
831969
831970
832024
832106
832252
832536
832737
832832
832852
832863
832887
832913
832955
833009
833147
833193
833230
833473
833509
833578
833598
833672
833698
833713
833897
834096
834259
834276
834311
834422
834432
834639
834664
834765
834811
834838
835040
835077
835194
835217
835438
835442
835569
835660
836020
836146
836193
836260
836307
836315
836425
836503
836522
836541
836629
836694
836713
837000
837055
837184
837260
837260
837466
837484
837586
837752
837963
837985
837995
838050
838086
838218
838231
838276
838537
838631
838771
838910
838940
839194
839259
839270
839366
839513
839600
839608
839783
839825
839862
839948
840134
840271
840286
840350
840431
840435
840466
840622
840920
841263
841318
841353
841450
841455
841466
841511
841593
841669
841670
841694
842259
842336
842364
842495
842620
842662
842685
842766
842842
842898
842916
842964
843002
843304
843307
843648
843820
843866
843963
844034
844074
844078
844175
844274
844551
844819
844909
844921
844962
844969
845017
845095
845145
845195
845215
845283
845287
845301
845332
845397
845769
845806
845939
846114
846173
846332
846339
846538
846558
846671
846692
846706
846823
846869
846961
847244
847464
847495
847566
847650
847780
847848
847884
847928
847940
848478
848753
848991
849021
849086
849089
849102
849218
849438
849599
849789
849826
849867
849979
850122
850127
850153
850232
850244
850258
850495
850564
850628
850716
851138
851274
851290
851398
851456
851480
851485
851503
851595
851825
851936
851980
852023
852037
852068
852160
852315
852326
852348
852414
852465
852896
852905
852992
853077
853144
853149
853520
853670
853749
853756
853760
853818
853951
853982
854014
854031
854044
854141
854231
854472
854568
854588
854622
854746
854795
854822
854866
854868
854878
854920
854940
854990
855008
855037
855114
855174
855221
855365
855458
855483
855489
855497
855742
856090
856352
856444
856473
856622
856655
856678
856720
856736
856761
856788
856795
856890
856922
857108
857150
857167
857297
857333
857425
857521
857595
857628
857660
857781
857839
857966
857981
857989
858003
858151
858233
858252
858325
858413
858421
858510
858561
858562
858926
859043
859049
859205
859205
859266
859534
859667
859671
859679
859686
859744
859802
859823
859860
860055
860144
860162
860176
860281
860448
860582
860590
860803
860829
860841
860854
861145
861203
861207
861226
861254
861426
861571
861619
861807
861917
861982
862011
862355
862414
862521
862563
862865
862867
862970
863083
863134
863294
863382
863486
863491
863491
863515
863655
863737
863779
863853
863948
863987
864072
864106
864178
864219
864242
864258
864459
864813
864833
864889
864926
865005
865062
865160
865258
865405
865462
865547
865652
865769
865841
865951
865964
866193
866386
866392
866552
866572
866836
867126
867170
867345
867507
867624
867749
867870
867956
868079
868257
868262
868263
868317
868380
868607
868679
868720
868746
868766
868766
868817
868858
869042
869078
869142
869421
869584
869631
869676
869706
869727
869761
869818
870176
870244
870607
870871
871040
871060
871104
871127
871372
871412
871420
871456
871555
871705
871733
871832
871935
872472
872496
872713
872959
873048
873058
873346
873607
873830
873921
873944
874037
874377
874383
874405
874420
874612
874668
874707
874778
874846
874962
875085
875156
875224
875256
875333
875378
875438
875831
875919
876010
876118
876142
876185
876357
876369
876747
876812
876825
876854
876933
876942
877024
877224
877347
877427
877496
877665
877775
877803
877822
877893
877931
877946
878012
878185
878357
878816
878938
878990
879003
879030
879562
879581
879605
879679
879697
879699
879713
879775
879809
879962
880063
880229
880294
880457
880538
880611
880620
880654
880659
880873
880906
881316
881536
881537
881539
881636
881856
881920
882159
882498
882632
882737
882804
882923
883005
883165
883166
883286
883379
883519
883760
883776
883940
883963
883988
884019
884021
884036
884139
884333
884363
884433
884535
884625
884637
884839
884872
884978
885143
885160
885198
885220
885315
885728
885984
885998
886005
886015
886059
886088
886107
886133
886177
886273
886471
886570
886617
886881
886958
887185
887198
887279
887317
887361
887482
887513
887695
887697
887791
887834
887891
887914
887937
888012
888122
888223
888426
888491
888875
888956
889007
889162
889201
889243
889418
889436
889561
889740
890025
890051
890055
890249
890541
890731
890786
890878
891183
891369
891452
891614
891695
891742
891847
891943
892189
892226
892321
892573
892709
892727
892784
892824
892830
892896
893093
893104
893138
893187
893204
893264
893327
893367
893443
893517
893755
893954
893973
894017
894039
894071
894139
894193
894304
894482
894503
894599
894712
894920
895061
895215
895465
895475
895567
895880
896016
896041
896168
896344
896449
896636
897018
897024
897124
897310
897390
897493
897559
897625
897632
897634
897649
897771
897864
897868
897935
898009
898131
898463
898500
898555
898657
898666
898724
898867
899050
899148
899309
899316
899390
899581
899587
899959
900066
900116
900190
900209
900349
900446
900557
900574
900672
900674
900782
900792
900838
900858
900961
901011
901105
901157
901212
901267
901320
901448
901733
901885
901891
901949
901993
902134
902141
902156
902380
902413
902472
902495
902670
902681
902738
903015
903050
903091
903184
903197
903383
903386
903392
903446
903615
903639
903728
903833
903861
904001
904149
904266
904270
904397
904856
904882
905171
905226
905271
905295
905327
905337
905369
905434
905456
905495
905573
905650
905674
905733
906185
906189
906533
906552
906816
906917
907010
907015
907097
907236
907518
907617
907650
907743
907853
907874
907952
908110
908352
908387
908422
908518
908576
908590
908668
908847
908866
908931
909030
909044
909117
909209
909397
909453
909548
909639
909663
909705
909707
909846
909873
909948
909985
910130
910379
910387
910489
910509
910571
910589
910795
911067
911227
911534
911556
911564
911749
911763
911995
912182
912512
912545
912583
912765
912849
913170
913311
913370
913412
913430
913442
913482
913511
913555
913769
913837
913912
913972
914071
914100
914447
914546
914563
914600
914625
914697
914774
914932
915021
915113
915395
915790
916034
916044
916071
916414
916449
916457
916489
916495
916538
916706
916761
916908
916950
916952
917125
917188
917356
917370
917525
917685
917695
917719
917811
917871
917911
918083
918208
918291
918397
918437
918543
918770
918853
918986
919047
919090
919113
919252
919342
919428
919528
919882
920016
920063
920094
920102
920120
920407
920477
920582
920584
920605
920659
920688
920761
921122
921123
921186
921189
921265
921406
921415
921637
921712
921892
922011
922239
922276
922370
922424
922484
922515
922617
922747
922810
922826
922939
923234
923710
924106
924149
924152
924200
924305
924312
924512
924764
924882
924966
925006
925089
925258
925535
925540
925639
925700
925933
926061
926192
926423
926726
927028
927069
927140
927324
927348
927432
927463
927523
927693
927715
927918
927999
928254
928269
928275
928315
928601
928692
928880
928884
928895
928974
928981
928997
929106
929231
929319
929392
929450
929665
929680
929798
929888
929892
929895
929908
929910
929998
930047
930066
930094
930330
930795
930810
930967
931007
931092
931107
931362
931364
931615
931713
931795
931921
931946
932037
932038
932079
932156
932411
932420
932546
932573
932930
933325
933442
933481
933663
933676
933685
933881
933931
934283
934401
934615
934784
934893
934897
934985
935007
935182
935543
935574
935732
935777
935915
936070
936185
936314
936736
936788
936947
936962
936970
937032
937196
937379
937483
937514
937515
937525
937525
937545
937546
937600
937758
937906
937978
938026
938195
938205
938766
938936
938973
939170
939189
939336
939427
939773
939780
939782
939804
939830
939851
940205
940342
940417
940447
940576
940612
940726
940920
941017
941081
941355
941584
941610
941729
942155
942186
942251
942287
942359
942520
942526
942535
942551
942598
942609
942631
942687
942704
942843
942847
942898
942933
943070
943322
943548
943590
943598
943717
943728
943780
943876
944232
944232
944321
944325
944345
944581
944638
944883
945118
945126
945146
945189
945279
945286
945331
945405
945475
945548
945577
945594
945699
945834
945937
946247
946285
946409
946416
946422
946517
946603
946675
946839
946985
947018
947364
947422
947431
947655
947683
947731
947992
948426
949013
949034
949052
949409
949480
949503
949507
949559
949646
949752
949863
950047
950056
950111
950130
950131
950274
950437
950451
950473
950692
950782
951045
951203
951304
951363
951365
951376
951401
951451
951620
951630
951703
951982
952060
952223
952284
952486
952678
952689
952751
952789
952903
953230
953241
953301
953477
953519
953608
953628
953677
953728
953762
953921
954034
954044
954059
954074
954117
954179
954215
954305
954495
954569
954591
954678
954894
954908
954986
955009
955146
955155
955157
955177
955184
955246
955314
955389
955655
955761
955890
955912
956007
956053
956386
956456
956510
956549
956628
956679
956803
956846
957142
957176
957180
957245
957258
957540
957547
957805
957891
957941
957954
958039
958119
958154
958409
958433
958480
958501
958572
958668
958854
958986
959018
959018
959076
959131
959149
959243
959245
959352
959434
960066
960327
960749
960771
960958
960966
961108
961498
961539
961553
961718
961730
961740
961788
961947
962022
962079
962119
962246
962326
962362
962447
962474
962820
962911
962958
963214
963369
963374
963432
963493
963501
963512
963570
963610
963864
963879
963978
963998
964314
964800
964849
964888
965034
965296
965424
965434
965593
965643
965676
965794
965810
965915
965921
966018
966166
966185
966240
966444
966641
966726
966801
966807
966843
966904
966933
967120
967244
967274
967312
967627
967871
967937
968105
968177
968285
968431
968487
968914
968923
968944
968951
969036
969067
969426
969508
969543
969703
970015
970190
970216
970256
970709
970720
970862
970884
970888
971212
971640
971728
971865
971978
972010
972086
972220
972256
972342
972382
972514
972741
972797
972877
972892
972961
973073
973135
973428
973454
973617
973721
973773
973785
973991
974094
974096
974124
974139
974269
974439
974621
974626
974701
974729
974737
974938
975070
975151
975321
975424
975428
975471
975857
975948
976164
976213
976417
976446
976473
976591
977111
977141
977192
977292
977366
977398
977667
977830
977866
977911
977933
977952
978021
978151
978175
978420
978492
978563
978701
978871
978881
978916
979067
979316
979376
979639
979697
979708
979740
979868
979892
980022
980123
980133
980473
980548
980568
980582
980591
980678
980702
980815
980882
981056
981080
981112
981315
981425
981536
981570
981702
981745
981803
981845
981880
982004
982004
982337
982395
982434
982932
982970
983009
983150
983224
983319
983341
983404
983501
983519
983582
983624
983633
983646
983732
983733
983752
983757
983805
984015
984383
984453
984490
984700
984730
984857
984862
984905
984934
984996
985194
985273
985287
985408
985503
985647
985708
985751
985919
985937
986036
986142
986301
986341
986414
986449
986450
986675
986858
986992
987104
987315
987368
987428
987474
987712
988011
988019
988125
988155
988261
988271
988301
988309
988405
988650
988773
989082
989215
989264
989322
989403
989927
990031
990180
990358
990579
990704
990773
990879
991055
991073
991080
991080
991108
991240
991410
991490
991508
991583
991728
991867
992079
992268
992321
992585
992612
992802
992813
992861
993054
993128
993254
993260
993514
993872
993946
993956
994055
994065
994145
994285
994339
994367
994374
994503
994527
994932
995261
995399
995665
995811
996239
996335
996451
996490
996516
996522
996589
996629
996901
996957
997141
997178
997198
997223
997363
997404
997684
997786
997831
998053
998215
998219
998469
998476
998497
998574
998586
998717
998725
998739
998755
998826
998911
998965
998998
999214
999313
999324
999385
999455
999595
999655
999666
999725
999938