49
130
396
483
523
540
626
637
660
669
716
807
833
883
913
1235
1287
1526
1692
1830
1967
1978
2003
2016
2020
2101
2105
2119
2143
2170
2190
2198
2641
2774
2913
3102
3140
3182
3333
3429
3495
3576
3709
4042
4055
4209
4398
4899
5088
5093
5537
5566
5720
5740
5817
6172
6218
6221
6443
6601
6610
6729
6896
6965
7068
7092
7122
7124
7173
7423
7476
7661
7674
7691
7735
7744
7939
7964
8149
8328
8658
8877
8878
8890
9340
9636
9740
9796
10138
10158
10211
10230
10345
10363
10650
10758
10925
11033
11045
11149
11203
11266
11523
11588
11595
11721
11770
11889
12161
12273
12297
12318
12329
12413
12485
12541
12551
12824
12828
12926
12986
13030
13046
13103
13142
13146
13266
13273
13316
13527
13586
13586
13723
13930
14043
14134
14169
14538
14545
14742
14792
14825
15037
15089
15121
15133
15330
15718
15895
16001
16146
16216
17073
17464
17631
17665
18289
18347
18449
18686
18722
18920
18970
18986
19022
19181
19227
19398
19483
19541
19631
19696
19901
19962
19982
20035
20052
20061
20079
20322
20352
20377
20411
20519
20601
20678
20898
20964
21471
21529
21701
21823
21959
22000
22010
22038
22234
22514
22527
22536
22552
22679
22745
22913
23088
23226
23697
23757
23826
24170
24368
24484
24877
24996
25093
25128
25251
25276
25491
25869
26070
26140
26261
26421
26454
26533
26681
26824
26824
26836
26954
27272
27432
27483
27560
27595
27819
27837
27967
27996
28122
28202
28773
28899
29024
29068
29075
29114
29222
29335
29428
29461
29466
29629
29661
29667
29821
30073
30136
30294
30427
30443
30585
30743
30764
30773
30855
30920
31154
31232
31255
31323
31395
31431
31493
31519
31602
31675
32255
32269
32639
32703
33006
33160
33162
33247
33293
33459
33576
33629
33631
33664
33788
33847
33875
33951
33962
34465
34506
34712
34753
34873
34874
35042
35127
35276
35417
35472
35650
35740
35791
35810
35897
36544
36985
37003
37096
37132
37294
37432
37561
37564
37769
37769
37839
37884
37891
37970
38130
38194
38237
38283
38339
38578
38645
38698
38873
38936
38976
39361
39496
39555
39585
39827
39947
40277
40291
40493
40529
40590
40666
40708
40910
41018
41073
41079
41134
41168
41212
41565
41607
41640
41651
41832
41924
41964
41991
42047
42120
42138
42236
42557
42845
43008
43068
43128
43155
43249
43311
43373
43381
43510
43517
43545
43658
43825
43830
43899
43903
43946
44075
44101
44247
44266
44309
44347
44441
44481
44491
44549
44624
44633
44797
45145
45224
45305
45523
45579
45755
45820
45869
45879
45928
46127
46134
46216
46279
46309
46349
46353
46429
46526
46769
46801
46901
46902
46985
47004
47095
47194
47390
47425
47642
47667
47929
47993
48023
48046
48149
48331
48381
48498
48607
48622
48725
48725
48812
48961
48999
49111
49120
49142
49188
49222
49252
49416
49473
49483
49492
49494
49495
49644
49658
49726
49772
49776
50494
50665
50686
50734
50815
51380
51399
51433
51571
51572
51619
51709
51742
51776
51973
52006
52021
52098
52313
52427
52444
52748
52876
53194
53205
53210
53301
53450
53472
53477
53495
53569
53581
53649
53686
53763
53795
54068
54191
54259
54304
54383
54479
54493
54493
54535
54564
54593
54625
54714
54863
55087
55257
55410
55561
55653
55667
55733
55930
56021
56022
56158
56182
56251
56281
56416
56470
56715
56715
56807
56808
56851
56882
56989
57212
57299
57437
57475
57530
57531
57593
57647
57649
57668
57770
58063
58195
58328
58442
58555
58563
58608
58737
59328
59390
59600
59711
60137
60205
60231
60243
60247
60403
60410
60602
60680
60752
60826
61084
61140
61159
61174
61246
61306
61378
61410
61450
61459
61501
61758
61790
61841
61912
62213
62345
62382
62421
62497
62506
62581
62646
62693
62803
63246
63355
63403
63608
63690
63707
63731
63740
63775
63795
64127
64280
64337
64505
64541
64776
65048
65091
65257
65264
65290
65549
65618
66005
66253
66360
66414
66426
66521
66685
66719
66777
66881
66905
66905
66999
67042
67062
67191
67491
67511
67676
67865
67870
68006
68120
68127
68130
68194
68228
68373
68376
68473
68602
68639
68733
69019
69108
69174
69213
69232
69266
69285
69319
69539
69582
69594
69661
69752
69803
69830
69849
69929
69983
70486
70627
70671
71044
71092
71096
71200
71401
71404
71498
71503
71545
71662
71686
71898
71920
72060
72110
72208
72258
72505
72539
72556
72566
72589
72604
72619
72792
72886
73182
73238
73296
73336
73380
73521
73560
73571
73611
73735
73745
73787
73800
73803
73873
73951
73958
74033
74192
74526
74570
74609
74698
75038
75042
75217
75321
75447
75449
75473
75672
76302
76319
76424
76477
76514
76750
76771
76893
76949
77156
77160
77354
77418
77469
77488
77708
77713
77726
77980
78136
78176
78193
78489
78500
78535
78777
78803
78949
78965
79028
79258
79279
79324
79342
79427
79525
79550
79589
79631
79654
79701
80046
80129
80289
80321
80367
80418
80430
80472
80523
80566
80580
80619
80626
80643
80950
81009
81120
81269
81348
81429
81708
81926
81968
82175
82192
82192
82228
82363
82386
82635
82889
82902
82959
83028
83059
83239
83263
83368
83465
83511
83715
83798
83873
84026
84071
84089
84267
84290
84344
84412
84437
84461
84472
84580
84643
84660
84672
84710
84865
84922
85288
85332
85396
85399
85475
85484
85620
85701
86085
86154
86188
86217
86366
86439
86519
86605
86610
86876
86894
86898
87089
87295
87335
87390
87469
87781
87869
87968
88014
88064
88156
88205
88343
88435
88461
88600
88601
88638
88664
88734
88765
88795
88835
88842
88912
88947
89025
89134
89142
89155
89206
89280
89309
89382
89426
89484
89604
89841
89852
89874
89927
89938
89943
89948
89995
90031
90170
90235
90254
90361
90447
90455
90518
90599
90611
90796
90923
90962
91304
91521
91584
91644
91649
91836
92073
92183
92201
92209
92218
92622
92750
92859
92957
93052
93198
93462
93471
93539
93547
93645
93718
93798
93848
93856
93872
94348
94395
94412
94476
94496
94607
94662
94670
94675
94704
94787
94968
95006
95073
95197
95223
95285
95348
95428
95464
95519
95656
95715
95783
95865
95908
96044
96215
96351
96368
96383
96448
96705
96748
96756
96791
96960
96977
96996
97094
97212
97225
97225
97490
97520
97574
97759
97925
97951
98151
98701
98822
98842
98859
99163
99285
99399
99402
99508
99732
99778
99905
99922
100237
100255
100263
100382
100384
100476
100541
100548
100584
100669
100734
100793
100800
100822
100846
100877
101345
101348
101413
101488
101563
101617
102192
102283
102497
102735
102795
102968
102998
103101
103138
103201
103282
103297
103443
103530
103574
103598
103618
103629
103639
103897
104056
104069
104217
104519
104613
104993
105205
105264
105329
105351
105391
105466
105692
105804
105899
105941
106031
106043
106130
106250
106317
106391
106596
106638
106806
106813
106844
107008
107073
107172
107272
107328
107334
107413
107484
107595
107599
107616
108022
108122
108201
108220
108349
108528
108615
108648
108673
108675
108783
108813
108904
109274
109736
109983
110146
110237
110530
110638
110723
110826
110881
110937
110989
111022
111165
111182
111193
111211
111259
111272
111377
111602
111702
111706
111867
111921
112022
112039
112155
112174
112196
112251
112450
112483
112524
112678
113139
113169
113280
113332
113349
113628
113689
113705
113827
113964
114085
114206
114230
114231
114629
114693
114719
114940
115018
115227
115292
115375
115570
115589
115591
115681
115690
115765
115812
115834
115991
116026
116031
116216
116368
116381
116394
116526
116536
116652
116783
116796
116903
117079
117412
117415
117662
117803
117807
117904
117909
118001
118019
118406
118462
118515
118564
118693
118704
118822
118873
119249
119269
119333
119344
119411
119463
119468
119573
119596
119642
119694
119738
119781
119794
119830
120074
120218
120226
120269
120289
120293
120349
120402
120552
120803
120869
120981
121163
121290
121453
121454
121561
121573
121853
121990
122083
122116
122130
122188
122267
122377
122388
122603
122684
122818
123028
123150
123152
123174
123254
123295
123576
123598
123624
123733
123789
124176
124222
124239
124500
124651
124690
124726
124947
125072
125080
125081
125139
125198
125288
125347
125558
125808
125809
125957
126110
126227
126358
126412
126495
126626
126680
126704
126705
126821
126904
126957
127050
127138
127144
127349
127388
127421
127432
127453
127460
127499
127532
127547
127549
127570
127623
127875
127883
127903
128120
128124
128264
128587
128648
128681
128739
128779
128782
128965
129006
129026
129131
129143
129407
129438
129482
129520
129576
129608
129631
129667
129748
129751
129895
130096
130463
130538
130783
130886
130995
131175
131187
131274
131465
131491
131505
131596
131670
131782
131843
132380
132514
132570
132571
132659
132820
132856
132940
132987
133112
133122
133138
133374
133530
133653
134220
134265
134282
134331
134382
134461
134473
134475
134609
134691
134694
134718
134754
134885
134954
135119
135199
135292
135374
135379
135394
135396
135463
135566
135672
135706
135843
136045
136187
136331
136591
136778
136900
137230
137356
137402
137687
137757
137959
137982
138074
138104
138267
138469
138604
138734
138799
138846
139023
139025
139090
139145
139212
139421
139442
139529
139634
139813
139875
139916
139932
139958
139998
140235
140241
140337
140450
140456
140720
140761
140793
140834
140878
140917
140927
141142
141159
141530
141537
141550
141609
141731
142531
142631
142787
142951
142985
143053
143088
143151
143173
143221
143403
143462
143571
143626
143672
143981
144015
144136
144229
144270
144292
144388
144404
144408
144490
144532
144592
144699
144720
144773
145213
145224
145340
145468
145475
145530
145655
145821
145911
145985
146023
146027
146070
146111
146120
146174
146244
146270
146280
146388
146393
146588
146719
146746
146796
146887
146888
146948
146966
146995
147046
147052
147466
147570
148085
148121
148159
148166
148521
148768
148851
148929
149021
149092
149207
149237
149454
149478
149599
150023
150333
150353
150394
150404
150719
150759
150769
151117
151328
151338
151347
151590
151701
151715
151779
152044
152084
152167
152350
152392
152484
152490
152586
152599
152634
152733
152824
152824
152867
152901
153127
153134
153188
153214
153254
153275
153280
153317
153356
153393
153427
153521
153524
153547
153634
153689
153827
154018
154090
154129
154217
154224
154330
154331
154507
154727
154869
154979
155229
155268
155276
155310
155392
155516
155685
155763
155799
155832
155885
155891
155958
155971
156078
156244
156467
156582
156703
156711
156986
157108
157176
157275
157473
157644
157658
157747
157896
157968
158178
158330
158337
158364
158552
158677
158687
158850
158871
158903
158975
159068
159077
159140
159244
159336
159381
159785
159797
159841
160014
160618
160654
161009
161066
161096
161220
161378
161474
161564
161752
162126
162160
162556
162667
162669
162775
162778
162862
162998
163035
163111
163141
163426
163580
163906
163988
163994
164010
164151
164174
164226
164277
164338
164573
164586
164881
165028
165371
165395
165429
165500
165533
165620
165681
165723
165727
165818
165863
165885
165936
165939
166020
166122
166263
166345
166419
166440
166521
166549
166578
166769
166820
166828
167018
167173
167204
167244
167466
167483
167676
167883
167888
167972
167996
168310
168355
168471
168486
168567
168671
168708
168832
168850
168872
169008
169016
169028
169076
169111
169122
169164
169253
169351
169385
169412
169465
169521
169686
169820
170037
170130
170232
170312
170314
170356
170382
170430
170445
170505
170627
170858
170905
170933
171098
171131
171356
171402
171464
171557
171645
171837
171955
172059
172107
172424
172714
172735
172845
172900
173301
173333
173374
173447
173502
173661
173681
173847
173880
173998
174014
174490
174604
174649
174653
174690
174717
174934
175076
175083
175156
175234
175240
175495
175506
175599
175631
175714
175724
175939
175951
175959
175976
176181
176284
176361
176480
176565
176705
176776
177152
177255
177303
177434
177494
177536
177538
177625
177633
177730
177790
177858
178060
178077
178124
178194
178232
178315
178362
178418
178421
178523
178569
178585
178599
178657
178684
178765
178778
178851
178937
178971
178979
179163
179165
179268
179272
179354
179756
179765
179780
179814
179953
180031
180052
180095
180114
180199
180234
180254
180445
180449
180485
181338
181433
181438
181440
181782
181908
182069
182247
182254
182259
182451
182527
182581
182631
182669
182742
182758
182918
183184
183387
183438
183466
183478
183485
183634
183643
183873
183952
184159
184242
184288
184360
184696
184725
185006
185060
185163
185310
185383
185467
185538
185755
185796
186250
186457
186518
186553
186691
186756
186878
186938
187010
187161
187192
187496
187587
187704
187930
187990
187996
188027
188110
188498
188551
188648
188662
188713
188878
188880
189020
189026
189041
189173
189206
189295
189366
189562
189572
189652
189667
189761
189879
190084
190202
190673
190864
190963
191064
191076
191088
191313
191341
191364
191509
191742
191879
191997
192098
192172
192276
192436
192517
192559
192755
192781
192801
192891
192943
192983
193017
193054
193424
193487
193770
193805
193863
193877
193978
194091
194237
194487
194550
194657
194789
194823
194914
194955
195000
195006
195020
195148
195149
195169
195211
195241
195383
195482
195607
195640
196068
196134
196151
196163
196172
196251
196263
196328
196677
196707
196737
196756
196855
197005
197015
197075
197077
197224
197270
197276
197371
197389
197395
197435
197482
197770
197806
197818
197855
197872
198039
198110
198230
198285
198351
198361
198518
198525
198600
198741
198881
198923
198948
199035
199071
199092
199109
199174
199355
199444
199495
199529
199655
199681
199981
200089
200745
200754
200861
200983
200988
200997
201064
201082
201156
201336
201446
201574
201578
201659
201668
201977
202062
202092
202622
202695
202860
202898
203013
203311
203364
203613
203685
203787
203886
203967
204079
204119
204229
204231
204301
204385
204459
204594
204664
204827
204854
205153
205171
205208
205220
205247
205259
205337
205475
205541
205613
205667
205795
205951
206081
206200
206396
206604
206785
206806
207183
207191
207436
207459
207518
207650
207696
207739
207759
208203
208442
208515
208654
208940
209056
209516
209528
209768
209819
209847
209868
210005
210038
210097
210113
210289
210321
210459
210472
210497
210574
210636
210827
210906
210914
210997
211018
211081
211124
211277
211283
211286
211424
211497
211542
211840
211919
211982
212095
212137
212341
212626
212662
212701
212826
213024
213172
213196
213272
213336
213382
213449
213518
213646
213715
213754
213768
213813
213914
213920
214069
214297
214362
214493
214612
214734
214738
214762
214792
214866
214989
215238
215452
215539
215761
215881
216050
216071
216239
216287
216310
216346
216388
216470
216637
216774
216774
216776
216841
216874
216991
217081
217197
217283
217811
218153
218252
218315
218360
218568
218685
219290
219331
219399
219408
219474
219707
219746
219834
219933
220096
220397
220419
220419
220456
220461
220502
220613
220617
220749
221015
221207
221314
221322
221747
221757
221869
222154
222479
222513
222552
222591
222643
222666
222711
222727
222728
222743
222800
222810
222905
223221
223334
223362
223404
223504
223507
223633
223799
223818
223992
224002
224236
224270
224401
224411
224474
224522
224571
224705
224795
224880
224984
225067
225079
225100
225132
225206
225211
225299
225454
225895
226340
226407
226413
226474
226635
226821
226831
226896
227031
227165
227230
227581
227797
227822
227834
228090
228108
228188
228288
228312
228362
228389
228695
228702
228863
228999
229018
229296
229525
229663
229770
229828
229829
229832
229888
229917
229989
230091
230225
230408
230442
230542
230690
230712
230776
230849
230916
230953
231110
231264
231411
231557
231646
232017
232070
232195
232311
232316
232349
232367
232491
232719
232773
232890
232902
232975
233098
233196
233336
233368
233429
233810
233918
233922
234033
234083
234250
234396
234705
234753
234932
235009
235012
235031
235128
235158
235336
235486
235516
235693
235791
236005
236195
236822
236922
237132
237393
237462
238046
238077
238088
238295
238544
238571
238602
238654
238700
238804
238887
238888
239055
239220
239266
239327
239417
239438
239562
239594
239705
239779
240150
240152
240172
240268
240321
240409
240634
240695
240702
240765
240859
240928
240937
240983
241049
241050
241147
241172
241189
241229
241478
241549
241701
241727
241734
241769
242034
242108
242194
242250
242279
242327
242493
242540
242627
242801
242896
242926
243217
243349
243829
243907
243950
243950
244067
244107
244135
244140
244227
244238
244289
244726
244838
244920
245072
245230
245273
245324
245335
245624
245781
245917
245975
246256
246312
246323
246328
246341
246373
246388
246403
246466
246660
246708
246787
247102
247143
247145
247398
247480
247501
247522
247700
247743
247832
247945
247951
248033
248049
248098
248217
248241
248261
248364
248547
248550
248697
248938
249178
249189
249260
249267
249409
249433
249452
249659
249681
249711
249787
249847
250108
250130
250258
250279
250311
250404
250716
250727
250747
250828
250838
250972
250977
251144
251198
251370
251441
251457
251508
251525
251574
251602
251637
252042
252091
252147
252155
252248
252319
252322
252517
252543
252793
252800
252865
252879
253107
253142
253177
253236
253705
254107
254171
254182
254250
254277
254332
254349
254398
254604
254651
254664
254786
254876
255182
255220
255324
255342
255389
255409
255486
255560
255685
255787
255859
256131
256166
256238
256331
256429
256466
256478
256656
256669
256679
256707
256776
256872
257215
257280
257480
257482
257605
257610
257640
257712
257776
257883
258145
258305
258819
258904
259030
259078
259100
259126
259296
259321
259362
259472
259501
259636
259857
259949
260122
260334
260563
260628
260713
260739
261168
261357
261371
261539
261895
262102
262155
262222
262276
262328
262540
262583
262589
262676
262711
262725
262858
262941
263071
263211
263289
263394
263450
263495
263642
263775
263912
263960
264126
264285
264511
264929
264993
265041
265112
265305
265474
265698
265731
265749
265756
265805
265839
266006
266056
266185
266246
266323
266386
266592
266732
266736
266971
267244
267266
267346
267439
267714
268133
268212
268220
268290
268316
268321
268460
268470
268499
268663
268853
268883
268969
269041
269068
269149
269192
269282
269355
269448
269604
269884
269903
269954
270065
270068
270069
270085
270126
270184
270222
270232
270392
270476
270584
270600
270647
270797
271003
271153
271248
271256
271327
271843
271873
272037
272167
272235
272476
272500
272677
272766
273174
273282
273304
273500
273508
273517
273663
273667
273734
273751
273766
273781
274296
274298
274401
274405
274420
274601
274614
274633
274720
274809
274891
275107
275192
275212
275393
275486
275502
275687
275845
275847
275970
276011
276187
276302
276312
276384
276434
276450
276620
276647
276667
276679
276729
276838
277019
277034
277272
277573
277703
277766
277789
277816
278139
278141
278190
278192
278205
278373
278520
278536
278692
278815
278866
278910
279166
279297
279431
279494
279877
280086
280111
280315
280319
280584
280836
281121
281220
281443
281444
281557
281573
281690
281797
281870
281925
282245
282319
282395
282432
282490
282746
282824
283010
283281
283304
283426
283497
283511
283646
283683
283688
283696
283712
283719
283831
283850
283861
283982
284070
284106
284118
284179
284351
284391
284408
284491
284535
284671
284784
284829
284835
284875
285040
285160
285237
285491
285558
285624
285648
285759
285828
285868
285887
285924
285930
285986
286281
286297
286547
286553
286599
286746
286866
286953
287159
287320
287542
287611
287620
287744
287989
288127
288258
288293
288309
288364
288457
288568
288590
288604
288655
289263
289278
289296
289374
289442
289501
289528
289837
289915
289918
290262
290412
290431
290672
290977
291099
291150
291315
291337
291515
292116
292218
292698
292861
292924
293082
293083
293106
293448
293593
293645
293738
293746
293950
294069
294152
294187
294188
294303
294406
294600
294816
294930
295168
295210
295329
295352
295426
295654
295672
295783
296261
296542
296700
296731
296744
296769
296774
296956
297078
297097
297405
297458
297470
297532
297538
297569
297842
297845
297863
297877
297949
298113
298151
298154
298215
298311
298337
298584
298622
298634
298967
298995
299105
299178
299241
299320
299339
299431
299435
299475
299508
299584
299627
300033
300070
300202
300235
300353
300389
300446
300583
300722
300748
300761
300820
300857
300914
300997
301040
301225
301258
301331
301512
301514
301536
301733
301889
302018
302057
302088
302422
302654
302666
302780
302860
302969
303046
303057
303258
303268
303333
303478
303521
303757
303956
304059
304299
304358
304618
304657
304675
304713
304826
305095
305251
305255
305370
305526
305581
305922
306029
306261
306384
306553
306661
306674
306792
306867
307017
307108
307192
307213
307288
307299
307342
307544
308032
308069
308077
308171
308212
308323
308381
308415
308474
308477
308569
308577
308580
308581
308684
308813
308847
308925
309009
309015
309243
309279
309282
309360
309433
309613
309763
309764
310034
310100
310165
310180
310297
310319
310532
310607
310768
311069
311199
311228
311264
311463
311537
311624
311745
311761
311952
312013
312199
312313
312537
312632
312691
312896
312926
313009
313048
313177
313186
313191
313345
313358
313789
313926
314326
314422
314577
314738
314877
315220
315254
315256
315348
315450
315470
315728
315917
316062
316549
316730
316773
316907
316939
316970
316981
317010
317063
317331
317372
317545
317666
317732
317917
318070
318136
318240
318326
318793
318924
319031
319044
319078
319232
319289
319318
319486
319538
319627
319697
319788
320038
320089
320111
320209
320311
320375
320496
320502
320744
321206
321236
321271
321293
321330
321471
321580
321648
321696
321799
321823
321861
321906
321948
321960
322091
322640
322713
322924
323119
323123
323152
323199
323217
323371
323628
323644
323905
323927
323933
323938
324141
324145
324180
324226
324468
324527
324554
324645
324687
324701
324851
324994
325077
325110
325310
325630
325827
326144
326262
326349
326350
326415
326590
326607
326683
326795
326834
327185
327202
327238
327418
327456
327721
327725
327805
327863
327971
327998
328038
328041
328086
328333
328430
328442
328671
328676
328902
329143
329172
329431
329469
329512
329525
329665
329706
329738
329821
329830
329836
329841
329945
330014
330169
330228
330283
330392
330521
330554
330700
330856
331056
331119
331165
331176
331221
331253
331491
331655
331980
332414
332466
332479
332579
332679
332821
332954
333047
333260
333290
333299
333303
333361
333384
333399
333400
333440
333505
333528
333535
333573
333799
333825
333910
333924
333963
334023
334041
334120
334178
334199
334369
334425
334621
334785
334861
334989
335088
335179
335199
335328
335423
335475
335480
335561
335701
335941
335990
336343
336498
336548
336550
336581
337123
337169
337173
337222
337269
337288
337657
337770
337874
338041
338076
338185
338216
338283
338425
338547
338705
338727
338775
338972
339030
339085
339273
339568
339616
339820
340176
340222
340339
340397
340410
340467
340566
340656
340656
340894
341400
341404
341469
341509
341625
341848
342117
342559
342614
342659
342679
342734
342740
342848
342859
342926
343180
343314
343438
343826
343942
343987
344137
344163
344422
344481
344486
344508
344533
344851
344923
344940
344960
344969
345357
345485
345500
345507
345668
345755
345776
345843
346028
346147
346188
346251
346356
346459
346513
346609
346655
346719
346798
346841
346897
346997
347151
347178
347257
347354
347363
347608
347692
347737
347765
347771
347806
348037
348144
348231
348349
348739
348774
348891
348967
349076
349130
349209
349243
349336
349375
349443
349509
349541
349603
349613
349786
350017
350034
350069
350146
350225
350574
350764
350898
350919
351043
351164
351168
351223
351308
351314
351321
351590
351730
351768
351787
351853
351898
351964
352065
352167
352377
352481
352604
352764
352845
352967
352976
353037
353105
353156
353181
353208
353401
353427
353488
353493
353552
353839
353868
353895
353999
354055
354068
354170
354242
354351
354551
354612
354670
354877
355110
355459
355557
355796
355802
355964
356023
356055
356069
356166
356166
356224
356230
356333
356462
356687
356748
356799
356906
356961
357070
357114
357151
357195
357299
357350
357365
357380
357736
357811
357830
357954
357992
358006
358110
358119
358147
358157
358251
358436
358604
358620
358667
358872
358888
358980
359034
359042
359043
359068
359255
359323
359452
359542
359806
359867
359878
359990
360127
360219
360384
360514
360693
360751
360939
360961
361080
361179
361202
361457
361547
361662
361687
361860
361965
361994
362012
362087
362270
362574
362585
362746
362833
362958
363121
363165
363215
363338
363422
363721
363732
363828
363871
363899
364170
364187
364273
364380
364431
364461
364472
364872
365119
365149
365187
365308
365462
365537
365553
365855
365876
365915
365955
365984
366065
366118
366125
366179
366244
366268
366638
366875
366932
366935
366937
367003
367252
367280
367329
367336
367404
367549
367564
367676
367763
367773
367839
367937
368075
368106
368121
368462
368583
368650
368651
368814
368890
369397
369488
369635
369683
369711
369779
369782
369794
369850
369871
370017
370075
370090
370170
370237
370247
370277
370328
370597
370662
370719
370892
371087
371123
371169
371172
371238
371240
371399
371642
371751
372215
372311
372314
372430
372499
372508
372583
372610
372646
372950
372960
373015
373145
373182
373289
373431
373630
373762
373828
373912
374019
374120
374251
374297
374410
374427
374649
374727
374742
375035
375052
375053
375194
375357
375480
375590
375684
375864
375981
376021
376076
376199
376294
376307
376327
376413
376507
376907
377033
377108
377123
377376
377528
377820
377825
377850
377859
377875
378125
378145
378213
378251
378334
378535
379013
379086
379121
379139
379274
379294
379363
379569
379760
380003
380038
380116
380343
380396
380429
380555
380572
380914
381014
381049
381668
381746
381826
382090
382152
382216
382228
382259
382407
382462
382798
382811
382822
383002
383092
383139
383167
383205
383581
383664
383774
383777
383831
383930
384320
384532
384716
385062
385243
385402
385570
385763
385813
385843
386112
386255
386467
386648
386663
386703
386720
386767
386902
387137
387161
387173
387244
387265
387284
387394
387563
387580
387601
387790
387892
387897
387954
388076
388128
388275
388548
388633
388729
388831
388893
388893
388919
389005
389056
389118
389154
389347
389369
389414
389538
389572
389624
389677
389688
389830
389969
389993
390003
390058
390104
390365
390394
390396
390419
390440
390538
390588
390688
390934
390990
391092
391229
391326
391338
391575
391620
391723
391962
391983
392121
392138
392155
392394
392705
392734
392739
392774
392847
392939
393046
393187
393214
393248
393265
393535
393590
393644
393674
393859
393919
393952
394000
394004
394102
394293
394311
394358
394431
394553
394880
394958
394961
395065
395450
395572
395623
395627
395632
395650
395706
395723
395801
395823
396109
396134
396156
396182
396216
396303
396335
396349
396407
396433
396500
396550
396628
396715
396905
397021
397204
397292
397348
397383
397384
397418
397466
397757
397786
397796
397802
397837
397846
397853
397992
398039
398408
398821
398899
398958
398965
398977
399057
399288
399386
399404
399456
399755
399998
400017
400107
400112
400785
400807
400835
401111
401159
401203
401221
401550
401579
401604
401688
401708
401863
401970
402056
402057
402096
402255
402470
402627
402746
402858
403038
403046
403067
403077
403215
403254
403571
403745
403812
403980
403982
404065
404198
404232
404445
404560
404706
404771
404991
405016
405101
405135
405136
405141
405306
405368
405373
405387
405389
405451
405492
405530
405599
405835
406061
406127
406145
406234
406267
406377
406387
406720
406722
406853
406916
406963
407156
407198
407257
407279
407443
407594
407624
407870
408005
408044
408175
408183
408536
408644
408715
408872
409109
409249
409252
409373
409454
409489
409659
409717
409810
409860
409880
409947
409963
410182
410278
410371
410449
410693
410705
410783
410786
410793
410942
410953
410968
411002
411057
411204
411450
411580
411755
411820
411886
411942
411999
412089
412191
412688
412751
412822
412913
413000
413042
413064
413148
413226
413259
413297
413338
413384
413446
413686
413747
413915
413920
414047
414097
414106
414159
414270
414328
414403
414417
414503
414526
414618
414631
414645
414706
414775
414907
414963
414993
415013
415056
415226
415253
415395
415500
415695
415766
415821
415979
416222
416252
416285
416303
416466
416675
416823
416932
416938
416997
417005
417043
417065
417171
417171
417175
417211
417235
417238
417279
417362
417532
417671
417751
417846
417997
418064
418066
418078
418120
418176
418190
418271
418377
418764
418809
418871
418960
419043
419049
419114
419170
419369
419478
419706
419812
419830
419965
419972
420051
420138
420155
420214
420297
420389
420596
420794
421017
421022
421066
421254
421558
421756
421885
421913
421922
421928
422392
422398
422526
422711
422781
422917
422951
423315
423416
423572
423721
423727
423732
423890
423898
424030
424032
424367
424397
424449
424537
424646
424677
424741
424795
425088
425152
425226
425658
425776
425779
425788
425840
425909
425990
426099
426105
426224
426310
426318
426483
426518
426739
426828
426915
427473
427494
427615
427624
427756
427770
427776
427974
428093
428198
428357
428428
428518
428539
428590
428657
428783
428824
428902
429159
429217
429282
429384
429542
429569
429570
429573
429732
429737
429852
430066
430093
430193
430466
430479
430796
430839
430891
431131
431161
431555
431730
432144
432285
432318
432405
432490
432509
432533
432547
432561
432617
432662
432701
432776
432777
432910
432931
433044
433071
433143
433242
433326
433488
433558
433686
433701
433993
433997
434400
434441
434522
434560
434569
434607
434657
434665
434825
434908
435026
435143
435188
435314
435342
435403
435561
435689
435800
435874
435893
435984
436118
436187
436335
436349
436471
436603
436621
436698
436880
436888
436959
436977
437294
437480
437534
437580
437684
437929
437997
438179
438683
438814
438880
439173
439343
439387
440078
440226
440450
440564
440639
440692
440771
441017
441026
441225
441341
441372
441435
441456
441546
441586
441878
441879
441921
441976
442149
442161
442261
442360
442373
442423
442558
442679
442692
442718
442921
442929
442941
443180
443199
443327
443416
443460
443475
443644
443782
443812
443860
444061
444163
444492
444577
444705
444906
444922
445019
445106
445128
445145
445315
445400
445714
445767
445984
445989
446078
446099
446140
446254
446342
446434
446663
446703
447001
447078
447082
447268
447365
447368
447369
447395
447488
447676
447691
447757
447974
448048
448347
448415
448453
448456
448460
448522
448575
448603
448612
448624
448695
448721
448797
448951
449037
449173
449280
449455
449565
449584
449594
449620
449753
449758
449791
449858
449962
450009
450054
450280
450407
450412
450436
450537
450595
450680
450811
450885
451025
451207
451237
451440
451470
451562
451571
451654
451758
451768
451890
451984
451991
452034
452082
452406
452436
452448
452491
452588
452659
452873
452945
453044
453109
453170
453216
453265
453364
453514
453569
453712
453964
454002
454044
454170
454210
454226
454237
454410
454537
454680
455036
455261
455409
455724
455923
455995
456007
456089
456173
456370
456480
456582
456625
456762
456841
456917
457022
457212
457432
457495
457599
457790
457981
458197
458198
458372
458521
458779
458931
458962
459040
459096
459218
459268
459285
459552
459618
459667
459698
460258
460268
460289
460350
460437
460613
460684
460861
461043
461085
461185
461499
461507
461529
461718
461780
461927
462036
462178
462239
462311
462330
462364
462386
462408
462454
462488
462699
462990
462992
463022
463056
463058
463284
463498
463548
463560
463719
463775
463917
463939
463943
464020
464148
464220
464270
464280
464295
464438
464748
464788
465201
465229
465261
465331
465364
465366
465403
465651
465671
465845
465936
466189
466536
466661
466663
466698
466725
466779
466916
466919
466948
467063
467112
467141
467193
467309
467419
467535
467567
467594
467851
467985
468026
468035
468076
468108
468294
468428
468544
468558
468570
468625
468691
468933
469007
469167
469309
469649
469674
469697
469756
469875
470045
470149
470204
470212
470387
470388
470426
470484
470495
470520
470546
470697
470740
470960
470965
471115
471231
471325
471429
471634
471645
471915
471961
472042
472163
472207
472273
472286
472310
472496
472500
472510
472776
472975
473010
473027
473066
473198
473264
473304
473343
473370
473422
473467
473502
473663
474115
474197
474221
474248
474340
474391
474431
474487
474512
474820
474848
475100
475117
475182
475269
475430
475442
475743
475788
475857
475952
475987
476140
476222
476367
476406
476450
476613
476712
476822
476949
476972
476985
477008
477107
477160
477273
477427
477496
477719
477727
477737
477752
477863
478210
478216
478239
478365
478369
478504
478588
478627
478654
478719
478734
478786
478861
478889
478909
479031
479034
479213
479229
479250
479455
479538
479545
479607
479658
479721
479870
480089
480115
480189
480215
480259
480383
480418
480541
480591
480815
480891
480964
481161
481367
481484
481695
481725
481740
481851
481869
481966
481980
482187
482220
482241
482316
482452
482596
482689
482779
482801
483015
483066
483167
483272
483362
483437
483483
483612
483712
483713
483730
483786
483830
483858
483935
483942
484048
484109
484141
484438
484487
484557
484643
484686
485017
485027
485125
485155
485162
485302
485351
485352
485584
485657
485666
485698
485911
485917
486118
486190
486227
486255
486302
486380
486534
486589
486614
486674
486717
486749
486780
486838
486981
487122
487343
487352
487758
487834
487868
488098
488143
488181
488200
488271
488378
488511
488574
488797
488857
488860
489084
489109
489424
489886
490168
490181
490196
490421
490606
490673
490676
490710
490770
490837
490842
490873
490897
490906
490982
491016
491195
491280
491540
491742
491748
491795
491836
491984
491984
492276
492488
492541
492545
492749
492807
492839
492879
492945
493111
493138
493231
493242
493273
493301
493378
493449
493583
493684
493856
494020
494354
494364
494375
494407
494436
494604
494621
494684
494926
495057
495099
495171
495228
495239
495254
495366
495597
495695
495941
495971
496184
496200
496302
496501
496797
496819
496964
497027
497118
497233
497267
497382
497393
497555
497637
497693
497779
497814
497848
497889
497928
498170
498232
498439
498440
498508
498515
498581
498619
498931
499012
499074
499193
499204
499234
499269
499348
499402
499448
499566
499753
499817
499897
500043
500178
500304
500379
500448
500505
500950
501137
501217
501428
501435
501496
501805
501913
502117
502125
502137
502144
502175
502188
502280
502686
502729
502830
502993
503060
503094
503124
503183
503305
503306
503325
503501
503541
503603
503630
503706
504040
504046
504075
504201
504208
504316
504317
504412
504416
504674
504675
505000
505007
505045
505050
505116
505194
505224
505331
505508
505611
505627
505651
505705
505818
505896
505934
506124
506212
506535
506567
506585
506666
506697
506903
507266
507384
507400
507403
507435
507508
507545
507787
507789
507798
508058
508181
508248
508273
508349
508368
508417
508418
508495
508583
508583
508791
508791
508856
508881
508928
509069
509322
509575
509877
509998
510014
510043
510091
510120
510243
510368
510672
510869
511075
511121
511128
511242
511282
511313
511340
511463
511541
511639
511746
511886
512020
512060
512216
512244
512324
512371
512416
512455
512481
512535
512551
512599
512616
512704
512810
512851
512865
512893
512894
512929
513071
513481
513881
513918
514032
514114
514193
514402
514564
514568
514781
515004
515193
515249
515346
515383
515402
515406
515433
515825
515836
516136
516173
516231
516360
516514
516597
516661
516668
516715
516795
516955
517213
517239
517484
517494
517517
517608
517687
517919
517950
518323
518337
518346
518426
518471
518610
518617
518640
519065
519278
519288
519447
519689
519754
519756
519903
519906
519991
520002
520049
520100
520371
520463
520556
520787
520816
520817
520889
520935
520937
521009
521056
521191
521270
521298
521315
521354
521355
521386
521553
521596
522047
522061
522085
522105
522131
522372
522400
522581
522749
522759
522863
522887
523125
523141
523270
523334
523378
523419
523458
523615
523636
523757
523942
524325
524646
524894
525171
525221
525230
525514
525637
525954
526058
526137
526277
526299
526302
526444
526542
526609
526609
526856
526858
527036
527037
527228
527421
527486
527758
527791
528049
528110
528222
528328
528369
528403
528594
528601
528711
529098
529264
529335
529344
529602
529960
530068
530142
530177
530320
530333
530387
530454
530753
530946
531227
531273
531480
531565
531592
531694
531917
531975
532174
532452
532740
532834
532907
532981
532982
533008
533052
533203
533245
533278
533294
533413
533439
533638
533754
533908
533927
533948
533969
534408
534505
534519
534611
534632
534649
534703
534716
534733
534817
535014
535357
535464
535765
535777
535850
535880
536150
536386
536390
536391
536740
536912
536987
537119
537140
537525
537562
537616
537746
537759
538027
538293
538351
538377
538530
538769
538786
538805
539024
539481
539555
539594
539623
539800
540000
540073
540094
540239
540521
540526
540711
540820
540849
540929
541015
541254
541331
541418
541550
541557
541573
541640
541859
541957
542011
542082
542115
542178
542267
542302
542305
542356
542605
542723
542950
543191
543216
543216
543307
543330
543351
543377
543412
543431
543584
543656
543776
543880
543932
543938
544189
544210
544214
544272
544326
544454
544464
544476
544532
544569
544733
544867
544873
544985
545054
545096
545137
545184
545193
545293
545323
545331
545335
545551
545592
545971
545979
546357
546448
546459
546776
546865
546889
547019
547024
547074
547091
547134
547251
547371
547726
547785
547955
548129
548138
548208
548402
548636
548660
548709
548741
548819
548828
548946
548966
548974
549008
549371
549431
549620
549643
549727
549729
549796
549799
549865
549934
549940
549942
550119
550324
550460
550691
550695
550714
550966
551266
551308
551465
551467
551593
551594
551681
551731
551897
551931
552000
552056
552111
552149
552176
552241
552519
552591
552634
552815
552870
552948
552950
553057
553065
553103
553172
553221
553354
553644
553763
553884
553916
553938
554066
554134
554157
554159
554258
554272
554291
554309
554356
554428
554637
554731
554745
555166
555322
555378
555489
555989
556027
556028
556245
556372
556474
556490
556552
556726
556805
556928
557407
557426
557529
557570
557597
557639
557764
557769
557915
558003
558016
558090
558137
558241
558262
558370
558511
558544
558622
558701
558743
558839
559008
559211
559256
559526
559529
559680
559705
559738
559748
559935
560050
560077
560148
560151
560152
560159
560184
560212
560318
560523
560563
560593
560650
560813
560872
560996
561306
561363
561408
561594
561719
561923
561932
561934
562107
562247
562263
562277
562735
562755
563005
563112
563188
563200
563209
563338
563470
563480
563520
563522
563606
563653
563974
564137
564147
564176
564188
564306
564626
564856
564988
565119
565234
565237
565242
565354
565358
565429
565461
565664
565701
565777
565838
565858
566032
566062
566074
566219
566412
566480
566946
567083
567144
567150
567163
567236
567255
567417
567598
567897
568065
568353
568398
568465
568511
568608
568608
568648
568916
568942
568952
568969
569089
569238
569745
569765
569935
569954
570056
570144
570257
570258
570588
570622
570758
570775
570885
571090
571098
571151
571172
571355
571436
571465
571631
571703
571863
571885
571922
572001
572130
572154
572189
572215
572301
572347
572396
572776
572815
573174
573230
573278
573430
573472
573530
573576
573653
573661
573681
573735
573944
574056
574092
574110
574257
574476
574501
574526
574534
574585
574667
574761
574825
575006
575021
575042
575269
575346
575536
575545
575610
575663
575701
576012
576023
576223
576376
576498
576520
576690
576754
576765
576776
576825
576895
576953
577124
577151
577250
577296
577561
577651
577843
577853
578225
578695
578717
578722
578785
578802
578833
578870
579040
579112
579195
579259
579285
579287
579299
579384
579428
579680
579756
579940
580101
580112
580171
580263
580427
580471
580529
580631
580674
580858
581273
581338
581404
581412
581498
581949
582102
582131
582308
582322
582423
582454
582479
582515
582529
582535
582607
582801
583044
583081
583169
583264
583421
583426
583435
583575
583605
583698
583725
583731
583896
583966
584098
584162
584191
584228
584346
584410
584513
584532
584668
584672
584757
584821
584891
584963
585125
585257
585285
585331
585345
585362
585580
585692
585917
585936
586056
586541
586701
586721
586725
586739
586778
586834
586925
586966
587117
587174
587195
587256
587284
587365
587572
587591
587779
587871
587906
588035
588219
588230
588289
588313
588326
588394
588732
588799
588899
588903
589165
589181
589191
589207
589281
589361
589421
589434
589458
589522
589715
589746
589844
589882
589965
590011
590016
590127
590346
590384
590516
590597
590684
590700
590965
591024
591128
591175
591262
591380
591385
591497
591676
591744
591817
592252
592456
592488
592509
592549
592660
592747
592822
592895
593093
593440
593539
593768
593943
593955
593990
594030
594181
594235
594290
594488
594550
594732
594761
594834
594840
594929
594984
594990
595160
595250
595798
595929
596214
596370
596476
596526
596593
596688
596957
597008
597045
597125
597171
597420
597423
597815
597931
598110
598256
598388
598394
598521
598551
598654
598696
598702
598843
598846
599051
599060
599185
599339
599411
599446
599496
599637
599823
599889
600088
600242
600311
600382
600567
600728
600733
601076
601125
601205
601367
601420
601600
601643
601665
602166
602212
602522
602613
602749
602832
602854
602885
602891
602978
603089
603127
603131
603220
603270
603287
603360
603534
603669
603865
603878
603925
604078
604152
604206
604239
604263
604426
604531
604587
604626
604692
604746
604777
604809
605231
605283
605327
605531
605672
605702
605844
606067
606095
606270
606454
606592
606749
606842
606857
606956
607205
607453
607506
607510
607569
607622
607670
607911
608150
608349
608405
608481
608554
608630
608650
608806
608808
608903
609198
609209
609245
609288
609328
609441
609557
609594
609718
610053
610293
610300
610407
610717
610723
610761
610762
610793
610817
610904
610975
611085
611170
611697
611727
611821
611876
611903
612043
612044
612083
612116
612230
612263
612293
612498
612522
612556
612597
612637
612884
612952
612990
612992
613159
613231
613763
613911
614101
614245
614317
614406
614436
614447
614447
614565
614783
615342
615724
615882
616029
616052
616055
616141
616200
616515
616516
616517
616709
616866
616897
616918
616972
617190
617411
617577
617598
617621
617776
617940
617957
618002
618064
618122
618172
618227
618361
618513
618798
618866
619064
619122
619153
619170
619223
619521
619577
619596
619641
619699
619774
619919
619939
619950
619992
620052
620143
620214
620216
620271
620271
620281
620376
620437
620456
620641
620796
620912
620923
621148
621151
621191
621262
621281
621320
621374
621486
621648
621688
621827
621862
621866
622015
622074
622080
622229
622261
622392
622572
622575
622623
622767
622850
622857
622975
623155
623168
623307
623356
623622
623763
623975
623977
624065
624116
624260
624471
624542
624786
624975
625107
625155
625157
625196
625238
625314
625334
625464
625470
625578
625583
625711
625785
625803
625940
626025
626035
626058
626273
626290
626417
626568
626637
626804
626839
626846
626985
627339
627416
627438
627633
627711
627727
627775
627837
627923
628046
628049
628099
628370
628560
628561
628856
628905
628926
629102
629140
629441
629491
629529
629564
629582
629607
629748
629847
629987
630021
630060
630072
630103
630123
630205
630217
630235
630261
630275
630278
630285
630318
630468
630535
630731
630760
630812
630826
630875
631004
631182
631216
631415
631426
631727
631734
631811
632007
632546
632712
632806
632824
632988
633021
633195
633335
633411
633478
633542
633713
633739
634073
634107
634132
634268
634318
634443
634452
634460
634585
634609
634875
634990
635226
635273
635396
635430
635436
635544
635579
635744
635765
635794
635997
636039
636365
636447
636484
636551
636752
636765
636804
636876
637153
637389
637714
637731
637833
638053
638080
638099
638156
638244
638295
638298
638361
638365
638403
638647
638690
639108
639551
639759
639780
639785
639815
639851
640425
640472
640478
640482
640707
640831
641015
641145
641184
641243
641290
641343
641348
641681
641750
641876
642015
642035
642067
642386
642491
642540
642637
643062
643212
643329
643422
643505
643524
643549
643647
643722
643781
643946
643990
644113
644230
644335
644593
644726
644822
644853
644914
644995
645122
645147
645187
645224
645236
645701
645709
645714
645814
645843
645974
645984
646126
646214
646325
646430
646505
646687
646789
646797
646865
646922
646948
646973
646992
647028
647048
647057
647100
647123
647204
647272
647379
647426
647531
647721
647747
647862
648092
648137
648387
648399
648431
648511
648653
648751
648756
648838
648839
648906
648921
648949
648972
649085
649087
649214
649359
649401
649423
649483
649551
649732
649752
649771
649966
650016
650023
650063
650129
650182
650391
650742
650917
651026
651058
651150
651336
651449
651453
651463
651483
651488
651619
651628
651710
651728
651844
651940
651993
651994
652006
652065
652084
652294
652328
652333
652424
652500
652563
652644
652668
652818
652893
652960
653010
653017
653041
653377
653539
653607
653724
653872
653936
654043
654059
654069
654085
654161
654272
654306
654319
654606
654618
654715
654889
655178
655244
655313
655565
655589
655611
656084
656214
656326
656504
656522
656655
656657
656741
656757
656776
656935
656940
656983
657104
657377
657378
657392
657496
657514
657608
657689
657812
657870
657927
657982
658154
658177
658189
658294
658372
658435
658472
658564
658711
658830
658844
659012
659120
659196
659250
659580
659617
659617
659703
659718
659736
659917
660102
660185
660299
660595
660609
660849
661014
661098
661181
661310
661332
661463
661483
661488
661510
661573
661831
661855
661901
661924
662136
662334
662336
662366
662486
662600
662649
662747
662784
662798
662801
662845
662868
662894
662905
662912
662931
663230
663233
663264
663332
663618
663632
663687
663737
663843
663900
664143
664157
664171
664275
664377
664843
665032
665313
665366
665445
665463
665585
665639
665715
665828
665904
665927
665944
665972
666078
666110
666166
666389
666547
666561
666687
666722
666793
666902
666947
667058
667328
667398
667597
667621
667775
667812
667899
667901
667938
668208
668322
668552
668662
668743
668930
669104
669166
669444
669562
669603
669881
670177
670211
670230
670500
670524
670594
670673
670957
671024
671530
671584
671587
671648
671726
671919
671932
671946
672106
672452
672824
672873
672916
673174
673359
673485
673586
673683
673739
673865
673966
674039
674257
674280
674443
674506
674522
674583
674612
674649
674720
674842
674927
674957
674985
675103
675390
675491
675532
675738
675873
675926
675936
676024
676130
676208
676335
676460
676617
676625
676626
676679
676731
677119
677136
677531
677915
677970
678067
678230
678268
678329
678506
678683
678750
678920
679009
679188
679240
679297
679386
679394
679573
679626
679931
680026
680182
680205
680263
680275
680277
680287
680305
680356
680396
680508
680580
680666
680772
680968
681108
681178
681302
681425
681690
681883
682012
682075
682218
682281
682412
682538
682654
682666
682800
682919
683061
683098
683118
683124
683180
683362
683450
683472
683758
683846
683995
684040
684118
684196
684206
684261
684278
684318
684427
684709
684711
684764
684794
684803
684866
684906
684970
685003
685021
685026
685177
685540
685640
685675
685675
685681
685736
685753
686295
686371
686503
686921
686970
686997
687014
687100
687107
687242
687255
687818
687835
687970
688037
688237
688311
688347
688608
688700
688824
688855
689016
689137
689173
689360
689409
689418
689669
689724
689776
689949
690071
690167
690204
690756
691089
691187
691219
691345
691377
691462
691517
691545
691556
691598
691760
691760
691766
691828
691934
691981
692004
692011
692053
692129
692180
692322
692428
692787
692823
693052
693394
693503
693533
693650
693776
693861
694031
694082
694086
694237
694302
694435
694487
694515
694831
694836
694848
694885
695242
695292
695406
695444
695446
695615
695686
695812
696098
696212
696344
696403
696591
696702
696710
696740
696828
696881
697017
697078
697130
697140
697343
697581
697662
697805
697851
697979
698039
698079
698135
698208
698214
698265
698468
698471
698499
698581
698790
698816
698874
698930
699101
699101
699170
699175
699235
699337
699399
699586
699604
699632
699657
699680
699697
699774
699813
699822
699874
700037
700297
700753
700887
700956
701092
701175
701186
701283
701338
701355
701420
701690
701730
701839
702041
702391
702422
702618
702717
702728
702852
702905
702913
702992
703140
703248
703370
703426
703439
703497
703925
703936
703948
703968
704015
704094
704173
704203
704298
704357
704407
704423
704502
704516
704549
704656
704672
704685
704722
704845
704884
704952
705175
705232
705383
705509
705568
705669
705807
706046
706128
706186
706253
706284
706400
706717
706764
707085
707199
707203
707212
707455
707510
707514
707545
707625
707642
707691
707749
707947
708229
708285
708389
708411
708456
708704
708719
708767
708838
708889
709094
709207
709262
709274
709342
709565
709747
709978
710158
710171
710195
710204
710224
710393
710419
710455
710481
710542
710661
710667
710706
710756
710783
710817
710856
710933
710957
711167
711408
711485
711681
711773
711776
711794
712140
712229
712261
712378
712423
712447
712552
712675
712750
712782
712821
713184
713219
713258
713264
713335
713595
713600
713613
713617
713759
713809
713851
713968
714026
714227
714849
714945
715066
715144
715167
715321
715388
715421
715443
715616
715676
715737
716090
716115
716166
716299
716317
716577
716587
716706
716707
716825
716888
717156
717286
717310
717320
717762
718164
718168
718269
718354
718526
718615
718638
718652
718659
718886
718895
718957
719102
719115
719153
719314
719667
719762
719914
720180
720234
720369
720699
720766
720876
720880
720941
721087
721103
721122
721246
721283
721332
721351
721599
721610
721706
721816
721838
721896
721897
721918
722041
722087
722088
722092
722252
722398
722568
722620
722745
722768
722802
722974
723291
723353
723533
723541
723568
723573
724182
724264
724312
724603
724942
724958
724985
725067
725107
725109
725130
725157
725159
725207
725298
725320
725541
725541
725644
725739
725954
725984
726034
726068
726112
726191
726341
726342
726543
726589
726684
726706
726949
727048
727244
727263
727289
727492
727495
727519
727530
727563
727606
727669
727711
727726
727764
727857
727879
728034
728045
728235
728352
728357
728361
728766
728809
728829
728944
729089
729171
729237
729431
729542
729664
729723
729768
729780
729962
730182
730527
730633
730654
730848
730926
731233
731298
731313
731401
731542
731581
731595
731639
731659
731754
731759
731913
732245
732330
732470
732490
732518
732596
732617
732657
732701
732884
732920
732998
733012
733178
733212
733235
733317
733384
733394
733428
733553
733669
733673
733891
733938
734463
734508
734679
734730
734755
734767
734953
735118
735370
735457
735531
735589
735705
735718
735786
735798
735895
736014
736027
736051
736086
736111
736288
736445
736728
736786
736801
736848
737002
737130
737160
737297
737410
737501
737720
737857
737893
737991
738006
738039
738070
738148
738188
738216
738227
738387
738389
738511
738587
738789
738860
739240
739343
739454
739578
739707
739809
739844
739951
740087
740278
740289
740459
740466
740539
740791
740890
740950
740998
741047
741109
741136
741260
741584
741696
741878
742005
742046
742374
742540
742680
742716
742768
742807
742932
743045
743271
743370
743572
743615
743666
743671
743715
743745
743796
743866
743985
743987
744004
744012
744202
744307
744502
744681
744738
744925
744942
744982
745001
745081
745141
745183
745250
745425
745699
745837
745909
745941
746179
746187
746218
746280
746313
746337
746354
746471
746758
746857
746909
746946
746965
746996
747119
747169
747190
747367
747701
747809
747876
747905
747966
747994
748314
748367
748451
748470
748480
748711
748828
748853
749034
749082
749095
749097
749422
749548
749719
749735
749787
749839
750088
750114
750149
750241
750317
750425
750428
750451
750571
750611
750634
750840
750926
751082
751089
751164
751265
751268
751382
751485
751522
751669
751720
751769
751772
751781
751874
751931
751946
751970
752266
752388
752394
752460
752477
752486
752799
752807
752815
752914
752923
752968
753063
753090
753208
753363
753440
753507
753567
753628
753673
753788
753924
754059
754306
754453
754487
754675
754786
755159
755341
755401
755423
755557
755706
755764
755972
756016
756060
756114
756277
756418
756426
756591
756705
756729
756740
757011
757020
757196
757235
757282
757329
757375
757436
757445
757618
757754
757886
758035
758065
758104
758127
758146
758183
758271
758290
758520
758529
758630
758949
759122
759189
759206
759379
759450
759510
759622
759636
759656
759719
759758
760216
760400
760451
760493
760706
760789
760948
761080
761124
761142
761256
761262
761287
761490
761513
761732
761733
761773
761986
762000
762132
762158
762190
762261
762494
762585
763009
763017
763210
763344
763411
763440
763483
763642
763643
763817
764082
764144
764304
764382
764506
764727
764809
765027
765046
765082
765286
765738
765791
765865
765919
765978
766003
766070
766182
766445
766479
766490
766514
766794
766831
766905
766942
767180
767374
767391
767459
767526
767564
767638
767671
767777
767865
767950
767960
768077
768164
768193
768492
768687
768973
769009
769126
769212
769227
769423
769460
769562
769594
769621
769628
769858
770003
770058
770079
770178
770337
770409
770454
770610
770762
771135
771217
771300
771487
771559
771664
771891
771935
771953
771988
772024
772057
772264
772353
772441
772549
772595
772611
772695
772702
772749
772814
772890
772909
773058
773171
773215
773476
773710
773807
773866
774068
774576
774580
774659
775457
775502
775932
776102
776175
776332
776535
776565
776625
776848
776925
777017
777160
777165
777503
777796
777805
777812
777824
777964
777967
778170
778245
778412
778699
778893
778938
778946
779174
779242
779335
779438
779748
779778
779793
779799
779831
780301
780429
780431
780534
780844
780890
780963
781143
781267
781270
781374
781418
781426
781549
781593
781635
781714
781773
781776
781796
781856
781950
782033
782232
782271
782359
782654
782864
782986
783125
783323
783420
783431
783491
783508
783522
783696
783785
783816
783976
784269
784287
784299
784341
784419
784514
784652
784761
784832
785043
785155
785227
785246
785266
785338
785355
785688
785991
786241
786329
786567
786857
787136
787286
787345
787550
787784
788050
788101
788248
788370
788463
788556
788673
788690
788692
788697
788958
788962
788984
789073
789185
789323
789485
789562
789704
789837
789868
790051
790095
790352
790368
790462
790564
790654
790862
790864
790922
791139
791415
791434
791652
791655
791715
791752
791942
792058
792101
792422
792432
792580
792596
793046
793176
793308
793382
793481
793516
793563
793588
793643
793706
793816
793941
794188
794254
794278
794348
794370
794453
794489
794503
794517
794552
794757
794871
794970
794975
795110
795147
795182
795204
795238
795386
795423
795490
795492
795510
795590
796096
796387
796663
796746
796878
797003
797047
797295
797307
797386
797428
797458
797531
797565
797671
797825
797879
797915
797945
797967
798053
798133
798143
798175
798220
798531
798569
798588
798629
798671
798858
799071
799401
799468
799540
799677
799990
800002
800094
800110
800151
800167
800174
800311
800371
800414
800449
800532
800790
800995
801005
801020
801260
801271
801603
801768
802048
802116
802129
802216
802852
803115
803126
803137
803187
803205
803297
803452
803471
803498
803598
803615
803637
803780
803784
803913
804098
804274
804441
804485
804687
804890
804993
805197
805197
805244
805286
805394
805471
805593
805658
805750
805787
805851
806055
806111
806274
806321
806323
806782
806934
807070
807247
807298
807336
807350
807518
807534
807657
807694
807967
808207
808284
808380
808484
808645
808752
808768
809064
809328
809388
809434
809479
809484
809604
809612
809655
809692
809826
809901
810111
810187
810415
810446
810638
810710
810781
810791
810806
810881
810951
811005
811012
811055
811333
811436
811539
811607
811608
812268
812321
812325
812364
812380
812430
812437
812454
812521
812621
812723
812738
812830
812885
812965
813150
813419
813601
813648
813730
813803
813866
813915
814329
814347
814426
814930
815005
815148
815383
815489
815670
815766
815800
815909
815965
816050
816268
816286
816488
816503
816563
816787
816860
816945
817000
817082
817220
817312
817345
817609
817619
817707
817771
817924
818023
818025
818110
818160
818296
818440
818551
818619
818709
818834
818851
819034
819057
819097
819165
819296
819346
819363
819484
819533
819651
819727
820240
820262
820519
820623
820695
820782
820792
820862
820955
821200
821275
821345
821990
822015
822042
822131
822161
822244
822277
822432
822512
822528
822740
822750
822835
822836
823018
823094
823112
823182
823273
823345
823446
823574
823622
823753
823768
823770
823790
824001
824086
824129
824178
824241
824330
824646
824958
825030
825052
825196
825562
825769
825862
826183
826231
826643
826668
827009
827155
827171
827287
827335
827488
827683
827876
827988
828150
828249
828288
828369
828371
828382
828525
828552
828590
828790
828836
828936
828956
829055
829145
829268
829361
829494
829501
829505
829551
829662
829680
830028
830037
830136
830415
830430
830468
830636
830706
830746
830775
830777
830833
830848
830853
830883
830942
831353
831404
831474
831491
831617
831618
831656
831823
831838
831917
831993
832105
832234
832326
832361
832386
832467
832554
832653
832664
832720
832769
832897
832946
833031
833043
833166
833179
833258
833356
833492
833503
833747
833782
833880
833901
834089
834095
834196
834246
834329
834392
834485
834628
834728
834917
834970
835194
835384
835404
835603
835641
835719
835787
835883
836214
836422
836464
836475
836497
836818
836905
836913
837245
837259
837467
837552
837593
837609
837620
837633
837688
837841
837888
837940
837981
838075
838104
838321
838600
838833
839089
839096
839145
839185
839290
839440
839460
839574
839601
839730
839786
839848
839915
839937
839946
839990
840123
840194
840258
840511
840701
840715
840749
840789
840797
840810
840827
840994
841041
841131
841435
841592
841607
841841
842065
842215
842453
842528
842532
842597
842643
842740
842740
842790
842863
843055
843081
843222
843266
843346
843346
843622
843643
843735
843763
843932
844038
844129
844193
844242
844272
844309
844742
844777
844780
844977
844998
845018
845023
845195
845238
845261
845349
845424
845480
845575
845599
845622
845712
845995
846056
846121
846134
846190
846203
846244
846251
846387
846388
846442
846519
846743
846901
846903
846987
847159
847188
847332
847506
847530
847641
847669
847752
847753
847809
848098
848218
848230
848237
848246
848259
848276
848304
848336
848381
848455
848558
848559
848642
848690
848698
848776
848917
849169
849229
849535
849580
849728
849750
850014
850110
850280
850489
850496
850846
850881
850933
850988
851188
851473
851481
851528
851565
851572
851723
851989
852057
852287
852319
852362
852652
852701
852783
853036
853089
853110
853149
853194
853238
853248
853296
853322
853432
853541
853552
853575
853676
853696
853861
853894
853899
853912
854047
854060
854160
854189
854573
854720
854722
854734
854759
854785
854790
854899
854928
855051
855095
855098
855453
855755
856299
856528
856567
856711
856763
857004
857147
857159
857257
857389
857406
857623
857772
857897
857973
857993
858008
858133
858287
858353
858521
858602
858624
858772
859061
859061
859076
859148
859152
859275
859477
859516
860112
860115
860267
860375
860406
860464
860525
860533
860581
860602
860829
860841
860988
861014
861241
861259
861277
861314
861337
861385
861474
861716
861718
861746
861792
862072
862073
862425
862456
862578
862634
862769
862898
862898
862986
863172
863237
863256
863336
863452
863479
863541
863627
863633
863653
863703
863706
863951
864081
864101
864132
864184
864196
864332
864394
864422
864429
864549
864603
864700
864737
864916
865080
865219
865352
865454
865597
865643
865647
865650
865699
865702
865855
865872
865906
865957
865969
866006
866069
866508
866608
866947
866967
867112
867193
867292
867384
867666
867717
867834
868099
868256
868434
868709
868842
868925
869101
869194
869242
869359
869379
869486
869613
869622
869629
869779
869832
869838
869963
870103
870182
870278
870319
870551
870593
870829
870918
870925
871042
871087
871097
871140
871142
871295
871742
871751
871799
871912
872124
872309
872545
872551
872573
872615
872764
872826
872845
872938
872970
873042
873140
873239
873268
873337
873376
873442
873467
873478
873678
873899
873953
873963
873985
873986
874053
874138
874142
874232
874538
874610
874699
874733
874782
875253
875356
875473
875479
875601
875675
875869
875912
876159
876302
876687
876698
876968
877070
877244
877338
877342
877407
877613
877663
877673
877685
877775
877853
877864
877889
877968
878024
878058
878254
878417
878470
878479
878655
878719
878941
879047
879157
879233
879394
879638
879669
879713
879730
879844
879906
879947
879979
880139
880191
880267
880890
880914
880977
880989
881156
881160
881191
881247
881300
881682
881705
881885
882339
882455
882498
882669
882689
882820
882845
882882
882913
883093
883322
883329
883427
883443
883537
883750
883995
884012
884120
884145
884282
884357
884386
884518
884694
884777
884972
885099
885175
885263
885322
885354
885388
885584
885752
885882
886048
886145
886164
886194
886260
886666
886670
886887
886902
887165
887166
887371
887415
887531
887645
887714
887821
887904
887962
888155
888295
888422
888579
888776
889025
889370
889412
889439
889442
889468
889483
889601
889624
889663
889979
890023
890030
890129
890170
890341
890371
890438
890507
890674
890784
890790
890819
890969
891429
891715
891912
891914
892030
892314
892372
892428
892482
892503
892514
892569
892595
892770
892804
892847
892870
893086
893204
893612
893874
893876
894128
894174
894180
894190
894206
894342
894359
894687
894951
894958
895008
895151
895258
895268
895445
895454
895492
895555
895619
895954
896159
896195
896205
896290
896333
896337
896348
896592
896685
896745
896794
896863
896880
896978
897233
897423
897426
897508
897744
897770
897832
897864
897901
897955
897956
898062
898309
898443
898671
898748
898918
898991
899054
899100
899329
899657
900032
900071
900107
900347
900388
900479
900481
900549
900590
900611
900760
900770
901009
901057
901147
901149
901208
901478
901588
901599
901761
901791
901820
901822
901929
901948
902284
902324
902420
902545
902631
902815
902918
903117
903120
903132
903161
903458
903478
903634
903695
903757
903865
903916
903945
904049
904091
904318
904346
904404
904640
904762
905056
905122
905150
905227
905244
905262
905311
905666
905779
905795
905986
906107
906163
906574
906876
907055
907284
907285
907431
907472
907517
907707
907723
907742
907891
907953
908068
908074
908166
908227
908530
908608
908857
908901
909142
909148
909307
909321
909371
909547
909841
910027
910159
910322
910415
910432
910533
910644
910666
910706
910792
910955
911083
911086
911093
911175
911185
911367
911382
911484
911488
911543
911653
911894
911911
911941
911958
911991
912049
912083
912289
912337
912470
912549
912581
912666
912900
912917
913102
913108
913134
913251
913265
913824
913839
913968
913981
914195
914218
914303
914309
914425
914495
914531
914700
914744
914765
914806
914907
915003
915117
915242
915288
915372
915436
915645
915748
915945
916193
916275
916327
916402
916589
916617
916622
916863
916908
917283
917321
917393
917398
917417
917431
917684
917793
917865
917896
917903
917942
917958
917988
918007
918146
918429
918750
918752
918873
918933
919154
919231
919511
919518
919701
919735
919736
919767
919858
919930
919932
920247
920558
920614
920672
921092
921110
921117
921359
921396
921452
921478
921579
921688
921706
922106
922114
922115
922383
922390
922513
922516
922620
922663
922832
923066
923290
923659
923675
923689
923804
923915
923949
924086
924156
924474
924537
924641
924687
924688
924816
924979
924987
925022
925049
925089
925296
925723
925770
925821
925957
926296
926399
926631
926651
926656
926723
926796
926823
927064
927172
927212
927476
927537
927546
927754
927755
928079
928294
928348
928520
928649
928658
929076
929145
929313
929430
929537
929560
929573
929657
929684
929737
929752
929763
929831
929895
930018
930340
930354
930371
930479
930518
930540
930623
930666
930674
930704
930821
930931
931022
931081
931152
931175
931305
931351
931385
931752
932304
932365
932633
932666
932691
932717
932717
932765
932772
932971
933042
933200
933245
933578
933694
933764
933838
933851
934021
934081
934132
934178
934334
934381
934444
934678
935062
935276
935424
935469
935548
935671
935896
936011
936071
936256
936257
936570
936644
936695
936726
936751
936887
936915
937045
937075
937105
937162
937206
937224
937372
937637
937662
937696
937933
937957
938015
938115
938214
938257
938283
938509
938549
938744
938811
938838
938858
939080
939128
939146
939265
939280
939313
939416
939523
939570
939646
939662
939664
939842
939926
940114
940351
940619
940679
940703
940753
941021
941101
941613
941755
941926
941987
942098
942243
942267
942275
942356
942447
942486
942601
942610
942786
942801
942801
942914
942940
943023
943161
943231
943250
943335
943416
943823
943834
943838
943881
943999
944074
944109
944143
944172
944257
944390
944489
944551
944559
944572
944688
944910
945111
945177
945224
945449
945482
945487
945678
945924
945945
946095
946193
946256
946298
946357
946441
946497
946529
946606
946680
946862
946950
947074
947214
947251
947267
947339
947479
947557
948050
948454
948579
948623
948648
948719
948870
949058
949219
949383
949623
949641
949778
949943
950101
950111
950113
950162
950328
950335
950343
950371
950430
950444
950737
950774
950836
951106
951221
951299
951382
951398
951432
951433
951443
951470
951685
951850
951863
952125
952140
952354
952647
952789
952909
952911
952951
953080
953124
953266
953363
953399
953507
953524
953646
953778
953795
953846
954005
954108
954125
954337
954505
954505
954568
954607
954671
954717
954884
954889
954942
955200
955272
955349
955426
955513
955569
955578
955589
956241
956393
956564
956609
956677
956710
956743
956779
956832
956855
956925
956959
957058
957206
957303
957375
957433
957447
957479
957510
957571
957594
957901
958112
958286
958305
958447
958754
958776
958862
958874
958976
959003
959024
959028
959239
959259
959262
959292
959383
959450
959508
959514
959539
959571
959618
959640
959648
959898
959965
959985
960032
960191
960198
960207
960268
960466
960541
960608
960748
960865
961103
961109
961200
961219
961240
961434
961828
961898
962044
962143
962538
962617
962853
962979
963049
963126
963187
963318
963322
963657
963786
963791
963829
963962
964001
964176
964305
964380
964435
964546
964574
964594
964672
964722
964751
964885
964909
964920
965070
965231
965242
965251
965298
965328
965620
965674
965755
965936
966003
966157
966321
966536
966618
966686
966754
966772
966902
967016
967040
967059
967251
967300
967523
967565
967724
967878
968200
968317
968353
968367
968415
968434
968482
968675
968690
968735
968941
968944
968945
968971
969325
969517
969576
969594
969608
969620
969727
969867
969963
970042
970123
970143
970259
970296
970459
970816
970928
970939
971223
971478
971487
971508
971559
971587
971609
971724
971849
971852
971913
971919
971990
972125
973026
973143
973272
973415
973660
973776
973841
973901
973958
973975
974032
974044
974065
974154
974226
974291
974314
974315
974317
974538
974589
974642
974673
974889
975037
975104
975179
975197
975265
975339
975365
975400
975493
975769
975807
976034
976042
976158
976492
976514
976533
976581
976595
976642
976722
976777
976783
976891
976925
977145
977197
977297
977390
977449
977470
977574
977585
977606
977668
977670
977685
977714
977740
977888
977919
977964
978018
978251
978285
978441
978529
978697
978828
978864
979053
979080
979134
979395
979407
979504
979636
979644
979678
979702
979761
979788
980633
980805
980812
980823
980989
981177
981180
981206
981230
981305
981500
981503
981690
981711
981763
981834
981856
981902
981977
982070
982382
982527
982573
982603
982634
982665
982720
982853
983004
983246
983290
983344
983355
983402
983424
983535
983566
983655
983710
983757
983792
983899
984123
984178
984307
984377
984437
984456
984481
984563
984632
984790
984797
984809
984898
984902
985034
985157
985196
985289
985451
985542
985560
985588
985692
985724
985765
985836
985908
986020
986112
986291
986338
987059
987196
987276
987461
987541
987604
987636
987713
987737
987814
987841
987916
988036
988090
988127
988172
988187
988363
988389
988433
988659
988808
988925
989144
989299
989599
989848
989904
990005
990024
990043
990264
990388
990463
990469
990494
990646
990739
990765
990765
990776
990863
990894
990898
990945
991075
991214
991272
991293
991371
991467
991519
991539
991660
991742
991789
992112
992122
992546
992589
992636
992732
993020
993126
993132
993203
993469
993480
993558
993649
993733
993937
994339
994375
994391
994394
994405
994730
994752
994939
994964
995098
995350
995357
995487
995507
995563
995583
995627
995706
995976
996038
996043
996052
996199
996267
996273
996353
996380
996447
996490
996511
996576
996661
996707
996992
997026
997264
997456
997529
997591
997757
997844
997874
997967
997995
998055
998121
998191
998299
998324
998640
998731
998783
998900
999091
999096
999111
999117
999221
999373
999377
999516
999556
999598
999629
999706
999754
999778