46
90
355
401
433
624
852
939
1017
1123
1170
1173
1261
1305
1325
1438
1685
1729
1838
1860
1903
2050
2072
2083
2314
2330
2475
2479
2544
2606
2704
2738
2746
3097
3110
3185
3313
3529
3555
3603
3916
3926
3942
4011
4047
4114
4195
4260
4407
4412
4477
4519
4604
4626
4643
4669
4714
4880
4909
4980
5223
5333
5420
5794
5874
5901
5922
6263
6290
6411
6702
6832
7003
7106
7114
7117
7208
7288
7327
7543
7728
7971
8169
8314
8412
8637
8700
8716
8815
8908
8960
8965
9124
9213
9232
9244
9354
9364
9431
9491
9546
9565
9648
9654
9715
9723
9727
9738
9786
9878
9997
10106
10277
10505
10550
10655
10656
10663
10684
10775
10819
10886
10891
10928
11048
11131
11171
11284
11287
11479
11825
12036
12172
12195
12408
12499
12802
12976
13041
13153
13255
13592
13903
14178
14223
14384
14426
14559
14640
14836
14857
15073
15178
15183
15266
15542
15562
15597
15683
15736
15866
15881
15976
16279
16339
16342
16343
16795
16940
16992
17006
17181
17341
17385
17570
17754
17784
17866
17936
18075
18143
18277
18298
18310
18315
18401
18402
18588
18808
18831
18945
19205
19400
19445
19619
19695
19726
19908
19921
19943
19955
20021
20053
20160
20180
20239
20260
20719
20724
20994
21034
21104
21195
21258
21279
21454
21506
21628
21651
21672
21689
21793
22255
22311
22650
22670
22931
22985
23208
23256
23263
23354
23431
23523
23568
23616
23709
23721
23721
23886
24021
24219
24245
24248
24286
24449
24499
24589
24615
24728
24728
24860
24983
25016
25316
25354
25383
25416
25528
25725
25733
25923
25930
25936
26121
26235
26363
26512
26533
26751
26805
26842
26855
27034
27072
27233
27291
27368
27444
27519
27672
27676
27773
27793
27812
27934
28338
28346
28347
28567
28590
28930
29189
29250
29346
29466
29768
29916
30144
30596
31066
31111
31120
31216
31361
31414
31453
31501
31536
31642
31771
31775
31870
31999
32193
32211
32368
32390
32561
33002
33287
33409
33530
33542
33710
33728
33796
34102
34490
34505
34694
34783
34853
34931
34948
34994
35331
35365
35395
35506
35588
35599
35625
35698
35775
35889
36032
36063
36140
36176
36690
36695
36740
37034
37290
37331
37340
37368
37391
37452
37467
37729
37781
37924
38163
38187
38354
38492
38518
38600
38620
38671
38719
38824
39171
39239
39515
39539
39702
39812
40028
40120
40179
40394
40445
40528
40887
41384
41388
41443
41501
41530
41540
41656
41675
41687
41892
42003
42008
42096
42202
42250
42396
42409
42456
42591
42668
42749
42932
42977
42984
43250
43339
43454
43588
43688
43734
43743
43792
43854
43873
44086
44111
44135
44216
44416
44449
44474
44493
44528
44544
44554
44916
44976
45012
45041
45076
45096
45128
45156
45198
45262
45311
45323
45595
45657
45669
46151
46196
46249
46309
46379
46447
46458
46483
46606
46865
46976
47009
47015
47034
47084
47152
47295
47424
47428
47824
47907
48010
48055
48068
48139
48197
48201
48230
48266
48267
48722
48747
48754
48763
48942
49020
49049
49101
49263
49356
49451
49462
49505
49725
49894
50083
50095
50183
50291
50611
50842
50844
50890
51036
51209
51540
51645
51729
51912
52005
52122
52210
52226
52299
52319
52567
52871
52885
53028
53110
53113
53325
53347
53396
53452
53516
53594
53596
53730
53740
53917
53963
54005
54103
54152
54180
54182
54544
54812
55024
55356
55367
55368
55452
55486
55499
55576
55712
55727
55848
55852
55858
55916
56165
56171
56245
56262
56309
56456
56483
56713
56858
56966
56968
56996
57128
57233
57247
57262
57288
57335
57355
57572
57603
57622
57635
57725
57800
58229
58249
58400
58427
58579
58589
58764
58836
58937
58945
58950
59045
59163
59301
59385
59387
59450
59703
59716
59799
59917
59983
60115
60174
60332
60433
60453
60779
60942
60977
61118
61160
61173
61361
61453
61561
61765
62024
62099
62201
62251
62400
62525
62582
62621
62628
62707
62777
62784
62829
62832
62895
62956
63097
63218
63249
63358
63368
63404
63416
63513
63580
63724
63766
63831
63858
63866
63916
63948
64046
64187
64208
64227
64250
64310
64365
64433
64560
64694
64783
64904
64921
65050
65051
65185
65232
65236
65244
65283
65376
65427
65500
65521
65576
65599
65651
65684
65693
65962
65995
66005
66036
66240
66267
66280
66488
66513
66681
66845
66899
67070
67371
67418
67419
67508
67978
68056
68426
68484
68700
69018
69187
69301
69719
69858
69885
70137
70240
70340
70536
70604
70632
70685
70818
70867
70897
71043
71113
71224
71241
71246
71314
71323
71511
71629
71635
71688
71707
71870
71892
71994
72121
72137
72144
72404
72468
72575
72794
72898
72901
72932
72968
73258
73297
73308
73534
73569
73612
73615
73617
73902
74003
74112
74400
74527
74555
74660
74665
74728
74745
75003
75213
75492
75574
75593
75645
75984
76006
76136
76197
76371
76432
76455
76520
76901
77150
77167
77621
77798
77810
77971
78070
78072
78092
78134
78188
78317
78337
78337
78620
78692
78820
78931
79059
79071
79140
79145
79164
79180
79272
79399
79703
79708
79784
79844
79859
79878
79884
80074
80248
80559
80767
80862
80974
81011
81022
81098
81352
81420
81489
81513
81586
81591
81717
81789
81823
81835
81931
81973
82105
82115
82168
82185
82251
82316
82317
82377
82379
82390
82427
82512
82537
82599
82927
83132
83168
83209
83272
83440
83607
83786
83922
83961
84298
84316
84503
84514
84549
84566
84612
84810
85046
85114
85216
85256
85556
85702
85778
85934
85940
85968
85973
85985
86021
86127
86261
86333
86355
86374
86450
86596
86671
86924
86994
87550
87662
87723
87847
87970
88018
88100
88111
88218
88231
88304
88305
88494
88960
88993
89109
89143
89246
89359
89456
89571
89686
89706
89789
89834
89840
90291
90381
90620
90827
90882
90896
91037
91057
91185
91214
91259
91265
91290
91290
91409
91419
91455
91691
91742
91921
92012
92353
92421
92506
92524
92551
92555
92556
92560
92624
92689
92819
92870
92876
93134
93238
93283
93330
93391
93444
93543
93560
93629
93785
93822
93924
93960
93985
94143
94145
94160
94184
94265
94290
94684
94703
95076
95355
95370
95516
95542
95595
95607
95737
95885
95916
95978
96079
96095
96122
96387
96389
96606
96686
96731
96912
96958
97150
97279
97293
97358
97472
97568
97623
97683
97722
97771
97950
98313
98345
98441
98524
98564
98640
98648
98652
98732
98855
99014
99277
99347
99440
99504
99507
99530
99530
99547
99572
99797
99818
99889
99914
99968
100056
100085
100236
100431
100508
100603
100907
100935
101049
101091
101167
101302
101332
101406
101438
101480
101519
101710
101775
101839
101980
102147
102203
102367
102666
102836
102848
102900
103115
103135
103176
103204
103262
103292
103348
103437
103507
103566
103595
103624
103724
103911
103994
104004
104155
104474
104567
104731
104858
104865
105135
105216
105355
105379
105605
105803
105930
105953
106027
106195
106250
106277
106286
106331
106443
106529
106822
106862
106876
106949
107163
107243
107287
107318
107372
107841
107842
108074
108299
108358
108396
108547
108708
108852
108865
108924
109011
109080
109477
109522
109567
110027
110308
110465
110524
110528
110681
110720
110752
110983
111093
111158
111191
111197
111200
111254
111322
111351
111417
111470
111579
111587
111644
111671
111800
111821
112145
112418
112423
112442
112540
112547
112657
112901
113148
113265
113269
113333
113341
113408
113564
113606
113650
113691
113860
113906
114030
114160
114165
114177
114458
114619
114750
115091
115258
115456
115542
115920
116096
116114
116231
116287
116356
116771
116978
117095
117293
117296
117355
117398
117636
117709
117828
117925
117966
118037
118094
118263
118311
118313
118440
118462
118501
118542
118563
118614
118679
118716
118750
118845
119016
119305
119459
119585
119798
119814
119850
120095
120121
120180
120250
120287
120395
120422
120483
120508
120540
120559
120670
121101
121140
121315
121320
121378
121508
121588
121687
121731
121744
121834
122028
122162
122434
122446
122557
122674
122764
122881
122905
122994
123062
123206
123310
123468
123613
123619
123663
123836
123852
124018
124065
124096
124114
124176
124428
124452
124510
124682
124912
124922
125088
125148
125341
125345
125478
125479
125533
125739
125875
125932
126010
126058
126112
126233
126282
126414
126503
126614
126667
126754
126895
126945
127113
127224
127251
127367
127633
128144
128223
128224
128476
128770
128794
129138
129142
129338
129376
129468
129502
129511
129611
129656
129717
129858
129889
130180
130189
130212
130268
130502
130532
130560
130605
130683
130749
130861
130869
130890
131065
131135
131280
131311
131358
131360
131386
131450
131692
131969
131978
131987
132114
132150
132169
132174
132228
132283
132415
132533
132702
132749
133144
133418
133488
133493
133524
133582
133768
133833
133839
133979
134033
134082
134152
134230
134622
134752
134780
135045
135070
135240
135323
135351
135368
135376
135388
135406
135723
136066
136162
136198
136434
136962
137132
137218
137300
137351
137557
137943
138025
138081
138185
138279
138424
138424
138634
138641
138641
138967
139129
139171
139253
139625
139709
140063
140169
140271
140387
140586
140598
140695
140872
140875
140881
140948
140958
141271
141440
141443
141676
141720
141736
141760
141858
141950
142048
142289
142348
142440
142774
142785
142816
142915
143218
143237
143309
143496
143508
143561
143571
143633
143844
143982
144175
144221
144341
144357
144389
144694
144705
144807
145023
145083
145496
145541
145726
145796
146027
146049
146296
146565
146665
146752
146824
146860
146905
146933
147091
147110
147121
147181
147279
147292
147300
147335
147438
147473
147573
147640
147659
147687
147767
147953
148031
148140
148150
148184
148238
148285
148426
148465
148672
148895
148980
148983
149021
149034
149116
149129
149231
149386
149544
149705
149713
149773
149837
150094
150199
150276
150322
150322
150429
150475
150553
150644
150696
150774
151053
151328
151467
151644
151676
151722
151730
151816
151956
151978
152104
152342
152344
152438
152484
152532
152612
152620
152849
153070
153271
153497
153673
153798
153903
154129
154168
154310
154310
154503
154613
154766
154912
154953
154981
155105
155223
155267
155328
155333
155351
155387
155455
155487
155536
155557
155558
155655
155668
155810
155843
155852
155861
156040
156217
156310
156328
156329
156380
156449
156459
156712
156774
156832
157011
157277
157386
157422
157454
157693
157980
158029
158277
158420
158783
158783
158830
158948
159226
159307
159319
159355
159450
159667
159670
159710
159733
159786
160096
160141
160215
160359
160388
160501
160537
160657
160692
160791
160800
160802
160988
161105
161113
161121
161244
161330
161357
161413
161416
161490
161674
161733
161773
162004
162067
162532
162764
162778
162839
162853
163058
163085
163114
163591
163833
163949
164003
164175
164226
164255
164382
164435
164511
164517
164777
164787
164967
164989
165013
165069
165077
165172
165317
165325
165335
165381
165508
165516
165518
165518
165691
165739
165763
165817
165893
166001
166020
166210
166282
166305
166307
166340
166358
166457
166469
166607
166780
166877
166932
167101
167101
167159
167429
167431
167545
167735
167809
167892
168060
168291
168444
168568
168636
168642
168697
168867
168884
168898
168929
169065
169283
169329
169582
169775
169951
170098
170143
170175
170225
170299
170395
170580
170617
170618
170658
170993
171178
171384
171453
171478
171620
171896
171921
172094
172264
172363
172541
172767
172948
173106
173245
173334
173392
173496
173681
173696
174108
174167
174181
174213
174238
174278
174388
174419
174495
174532
174812
174942
175159
175325
175398
175452
175546
175669
175673
175683
175715
175768
175970
176042
176067
176185
176242
176248
176265
176287
176526
176564
176721
176863
176935
176938
177135
177152
177282
177445
177552
177742
177750
177827
177879
177976
178109
178201
178262
178269
178271
178550
178550
178667
178958
179014
179078
179097
179113
179114
179116
179250
179317
179373
179497
179511
179530
179577
179893
179894
180311
180379
180408
180446
180639
180795
180926
180970
181019
181114
181124
181160
181288
181322
181355
181545
181578
181972
181994
182379
182389
182420
182454
182810
182811
182924
182926
182989
183351
183633
184004
184082
184312
184315
184394
184542
184559
184691
184738
184767
185088
185169
185367
185386
185431
185447
185636
185812
185895
185942
186161
186245
186445
186473
186510
186572
186743
186759
187488
187808
187971
187995
188112
188193
188427
188439
188729
188832
188906
188989
188994
189004
189006
189047
189293
189368
189578
189692
189880
190260
190376
190395
190412
190463
190517
190634
190722
190730
190899
191079
191108
191220
191269
191274
191419
191436
191632
191762
191928
191977
191998
192333
192447
192511
192541
192732
192735
192917
192959
193278
193304
193318
193435
193700
193774
194146
194166
194187
194381
194404
194423
194684
194889
194949
194993
195036
195202
195245
195272
195280
195308
195323
195943
195959
196081
196082
196121
196167
196231
196276
196351
196441
196516
196611
196688
196702
196857
197214
197404
197473
197525
197528
197735
197747
197824
197860
197894
197924
198099
198425
198463
198529
198529
198566
198651
198665
198683
198779
199063
199208
199396
199441
199798
199823
199892
200003
200021
200189
200189
200219
200276
200372
200522
200763
200818
200921
200949
200949
201335
201352
201394
201438
201696
201803
201818
201871
202403
202495
202635
202674
202696
202758
202841
202910
202964
203066
203081
203158
203169
203233
203343
203403
203445
203605
203656
203705
203851
203946
203982
204025
204132
204447
204675
204824
205078
205114
205125
205213
205239
205357
205459
205549
205581
205710
205809
205836
206308
206353
206371
206446
206531
206581
206598
206684
206739
206747
206795
206810
206939
206970
206993
207040
207214
207366
207677
207686
207804
208394
208596
208675
209123
209168
209302
209330
209351
209397
209458
209530
209553
209581
209613
209738
210086
210138
210229
210301
210429
210570
210837
211035
211184
211278
211368
211401
211530
211555
211630
211732
211746
211933
212051
212126
212196
212292
212339
212386
212502
212753
212787
212877
213630
213732
213749
214056
214142
214148
214383
214387
214424
214521
214678
214680
215291
215376
215476
215552
215643
215693
215717
215724
215756
215813
215835
215964
215986
216019
216093
216153
216247
216788
216840
216975
216975
217119
217172
217205
217213
217416
217585
217654
217809
217811
217832
217909
217967
218308
218347
218392
218399
218501
218530
218709
218882
218993
219013
219086
219162
219293
219388
219404
219447
219537
219856
219860
219894
220077
220101
220165
220209
220358
220587
220865
220889
221031
221192
221202
221234
221500
221503
221689
221695
221792
221798
221843
221928
221937
221954
222218
222266
222272
222298
222315
222317
222502
222562
222573
222727
222951
223169
223285
223403
223499
223500
223670
223860
223878
223885
224238
224284
224314
224391
224521
224583
225176
225208
225355
225546
225653
225658
225813
226192
226358
226409
226493
226580
226799
226985
227139
227199
227287
227952
228159
228349
228357
228488
228545
228599
228613
228613
228719
228780
228877
228951
228953
228994
228995
229037
229246
229441
229555
229781
230206
230248
230303
230475
230749
230822
230832
230890
231072
231161
231351
231360
231469
231498
231622
231640
231668
231709
231772
231789
231839
231871
231929
231953
232068
232099
232269
232299
232305
232625
232786
232845
232849
232850
232919
233119
233119
233439
233615
233732
233793
233828
233923
234019
234020
234200
234243
234354
234423
234443
234579
234603
234896
234910
234912
235275
235474
235528
235743
236098
236226
236360
236462
236744
236839
236861
236891
236976
237002
237061
237062
237137
237243
237243
237450
237519
237606
237886
238223
238444
238470
238531
238673
238794
238861
239018
239148
239200
239210
239240
239270
239319
239411
239434
239474
239614
239647
239736
239758
240187
240238
240413
240415
240435
240523
240550
240756
240847
240896
241008
241141
241165
241501
241632
241719
241771
241835
241853
241905
241924
242119
242195
242411
242539
242686
242903
243049
243052
243081
243131
243216
243437
243496
243662
243706
243921
244243
244348
244372
244407
244478
244488
244488
244744
244745
244963
244973
245032
245035
245099
245181
245205
245225
245228
245305
245339
245432
245542
245547
245548
245767
245820
245909
246044
246088
246155
246206
246370
246422
246638
246723
246757
246881
246887
246912
247033
247090
247148
247183
247245
247577
247714
247742
247820
247868
248105
248119
248148
248169
248391
248557
248560
248700
248799
248851
248855
248941
249085
249441
249742
250097
250247
250248
250537
250886
251026
251346
251463
251491
251514
251628
251796
251803
252125
252198
252289
252299
252563
252599
252766
252976
253026
253180
253401
253461
253549
253717
253735
253756
253769
253788
253846
253942
254147
254170
254177
254303
254348
254484
254706
254785
254810
254971
255167
255209
255224
255250
255444
255448
255627
255646
255649
255857
256186
256239
256259
256526
256588
256741
256876
256984
257038
257058
257271
257318
257532
257607
257694
257904
257972
258076
258103
258218
258241
258257
258269
258450
258578
258693
259329
259464
259500
259540
259587
259596
259706
259738
259820
260125
260137
260199
260223
260532
260764
260839
260891
261197
261509
261542
261660
261763
261797
262116
262355
262379
262387
262470
262529
262570
262711
262893
262903
262966
263357
263462
263468
263637
263831
263936
264135
264191
264270
264343
264410
264464
264637
264668
264798
264808
265003
265181
265213
265316
265320
265346
265348
265441
265494
265658
265816
265853
265925
265982
266086
266125
266188
266209
266231
266241
266242
266384
266440
266499
266798
266914
266937
266969
267104
267113
267277
267359
267363
267446
267728
267734
267751
267788
267797
267896
267937
267982
268029
268176
268251
268314
268465
268591
268598
269049
269261
269266
269315
269367
269834
269861
269874
269903
270013
270191
270215
270270
270804
270927
271214
271486
271486
271610
271615
271788
271803
271864
272011
272038
272061
272372
272395
272435
272439
272559
272684
272980
273090
273240
273283
273326
273388
273494
273567
273580
273648
273686
273729
273757
273932
274335
274375
274452
274452
274544
274707
274776
274785
274900
274974
274977
274993
274998
275034
275051
275101
275115
275194
275237
275278
275299
275423
275456
275463
275514
275670
275840
275892
276034
276047
276148
276229
276298
276428
276490
276530
276671
276766
276838
277084
277208
277243
277316
277456
277490
277828
277898
277916
277929
277932
277943
278182
278309
278456
278462
278631
278643
278775
278779
278787
278920
278944
279058
279224
279285
279290
279362
279364
279550
279615
279681
279898
280011
280134
280217
280298
280427
280572
280597
280711
280773
280808
280874
280991
281050
281211
281267
281280
281477
281719
281752
281850
281866
282025
282046
282088
282435
282525
282613
282631
282668
282802
283054
283071
283087
283111
283220
283633
283646
283670
283743
283751
283799
283951
284033
284066
284080
284103
284163
284192
284194
284395
284451
284508
284539
284591
284612
284623
284646
284849
284904
284920
285068
285193
285345
285501
285559
285984
286012
286046
286075
286104
286176
286215
286287
286310
286346
286496
286517
286600
286761
286851
286869
287025
287066
287168
287226
287232
287321
287425
287426
287576
287623
287630
287648
287691
287737
287744
287746
287793
287813
287914
287973
288045
288089
288127
288152
288157
288275
288490
288544
288556
288815
289272
289363
289379
289524
289526
289708
289849
289991
289999
290124
290184
290361
290395
290554
290578
290588
290819
290916
290990
291033
291125
291192
291203
291439
291515
291630
291647
291746
292133
292269
292288
292292
292357
292487
292511
292530
292669
292794
292901
292968
293030
293035
293054
293057
293111
293359
293590
293592
293708
294019
294099
294138
294283
294344
294416
294455
295023
295405
295529
295599
295723
295954
296238
296277
296355
296372
296398
296454
296479
296624
296672
296862
296881
296921
297058
297124
297568
297805
297815
297854
297976
298013
298015
298030
298230
298309
298509
298607
298664
298756
298763
298808
298824
298829
299138
299206
299410
299458
299530
299659
299934
300079
300610
300619
300645
300669
300734
300742
300770
300930
300959
300982
300991
301149
301160
301228
301344
301362
301556
301561
301654
301887
302161
302166
302222
302279
302370
302525
302539
302782
303037
303260
303285
303319
303371
303529
303548
303607
303699
303714
303718
303725
303841
303917
303959
304017
304030
304241
304315
304318
304382
304405
304494
304544
304595
304731
304975
304988
305145
305202
305215
305221
305228
305251
305377
305400
305531
305619
305677
305684
305717
305758
305835
305859
305888
305955
306004
306057
306152
306163
306192
306371
306485
306500
306564
306606
306656
306679
306898
306923
307060
307126
307139
307168
307350
307399
307426
307536
307557
307631
307707
307948
308084
308247
308388
308427
308459
308519
308646
308685
308743
308748
308785
308854
308862
308866
308954
309055
309092
309113
309258
309280
309331
309360
309478
309542
309546
309609
309630
309633
309678
309691
309833
309843
309856
309952
310044
310056
310077
310105
310232
310500
310598
310616
310745
310823
310877
311135
311166
311423
311451
311498
311523
311625
311762
311775
311814
311823
311840
311867
312090
312306
312308
312455
312462
312464
312505
312619
312645
312673
312708
312781
312855
313120
313167
313292
313399
313483
313496
313566
313686
313818
313886
313895
313918
313946
314218
314236
314319
314524
314692
314710
315090
315177
315219
315252
315340
315398
315431
315479
315602
315679
315727
315765
315820
315939
316160
316293
316312
316509
316515
316611
316718
316964
316968
317117
317175
317340
317413
317424
317576
317596
317719
317812
317842
318045
318105
318294
318373
318454
318478
318579
318591
318808
318879
318882
318902
319083
319599
319669
319948
320010
320319
320411
320757
320819
320989
321159
321170
321273
321318
321345
321872
321917
321961
321975
322076
322109
322128
322168
322275
322346
322484
322623
322726
322735
322913
322964
323124
323136
323170
323316
323334
323425
323441
323479
323544
323648
323655
323984
324079
324197
324198
324312
324444
324604
324695
324746
324747
324923
325501
325635
325764
325867
326141
326197
326203
326397
326400
326451
326712
326719
326721
326752
326886
327271
327281
327646
327709
327739
327850
327904
328193
328222
328232
328350
328368
328487
328569
328588
328709
329322
329429
329446
329631
329853
329855
330107
330320
330343
330410
330681
330700
330745
330876
330907
330945
330962
331196
331201
331252
331337
331354
331600
331867
331976
332007
332063
332336
332350
332389
332476
332494
332530
332586
332643
332745
332789
333125
333208
333291
333298
333740
333765
333786
333816
333879
334129
334333
334356
334458
334574
334587
334651
334711
334800
334834
334980
334996
335011
335038
335045
335179
335215
335232
335270
335612
335617
335815
336259
336300
336380
336457
336542
336593
336680
336759
337024
337083
337152
337303
337329
337548
337564
337706
337749
337762
337885
337988
338255
338313
338317
338490
338492
338613
338733
338738
338874
338895
338913
338947
339045
339046
339080
339172
339265
339286
339569
339759
339851
339872
340001
340159
340238
340553
340575
340609
340630
340683
340801
340891
340909
341066
341119
341138
341249
341335
341469
341571
341624
341654
341672
341768
341818
341927
341939
342071
342096
342203
342328
342507
342519
343127
343344
343602
343884
343891
343900
344541
344590
344718
344761
344797
344875
344991
345219
345323
345343
345358
345429
345485
345740
345906
346040
346079
346220
346236
346304
346307
346322
346342
346847
346886
346919
346929
346942
347069
347124
347285
347510
347599
347817
347972
348112
348139
348173
348244
348409
348453
348462
348515
348672
348764
348950
348960
349201
349310
349425
349434
349488
349508
349537
349574
349668
349988
350187
350619
350811
350820
350951
351123
351146
351219
351497
351799
351837
351840
352011
352411
352536
352707
352767
353313
353346
353360
353370
353413
353457
353591
353602
353613
353624
353650
353655
353693
353693
353771
354092
354222
354255
354328
354341
354481
354609
354789
354935
355144
355157
355246
355249
355526
355551
355744
355747
355793
355848
355873
355907
355937
356116
356140
356237
356284
356356
356380
356578
356589
356839
357146
357232
357342
357477
357487
357662
357824
357868
358005
358142
358352
358430
358462
358466
358471
358494
358510
358640
358683
358728
358799
358861
359117
359306
359306
359312
359446
359476
359621
359674
359973
360081
360116
360126
360231
360376
360382
360649
360741
360760
361042
361078
361182
361233
361407
361418
361519
361525
361712
361726
361755
361824
361973
362026
362057
362179
362209
362283
362295
362417
362475
362591
362722
362799
362869
363023
363048
363083
363118
363152
363206
363218
363304
363446
363617
363710
363722
363782
363873
363903
363993
364029
364131
364180
364213
364283
364569
364578
364927
365274
365296
365319
365362
365404
365415
365496
365599
365694
365980
366117
366203
366204
366214
366231
366338
366366
366479
366520
366566
366616
366865
366969
367083
367270
367346
367538
367604
367850
367879
367903
368105
368180
368316
368317
368388
368473
368671
368878
369014
369335
369382
369406
369413
369498
369541
369907
369941
370029
370060
370070
370083
370130
370158
370292
370643
370686
370739
370764
370766
370774
370805
370913
370979
370986
371171
371368
371390
371472
371539
371563
371777
371930
371978
372001
372295
372399
372484
372571
372610
373023
373080
373111
373268
373288
373338
373563
373632
373662
373795
373816
373855
373901
373981
373987
374128
374196
374329
374338
374350
374417
374541
374754
374828
374848
374857
375036
375049
375196
375227
375378
375468
375809
375917
375990
376014
376073
376141
376150
376165
376351
376442
376462
376567
376596
376597
376656
376672
376802
377144
377273
377274
377552
377657
377745
377934
378010
378174
378181
378210
378221
378255
378543
378618
378638
378697
378952
378960
378998
379074
379179
379298
379360
379545
379603
379976
380101
380374
380408
380502
380509
380612
380627
380667
380920
381053
381095
381171
381174
381178
381242
381566
381672
381728
381762
381894
382002
382046
382096
382170
382244
382338
382404
382432
382444
382470
382473
382517
382574
382575
382889
382919
383078
383451
383467
383584
383676
383689
383780
383875
383881
383951
384066
384082
384140
384164
384178
384291
384509
384580
384769
384956
385005
385050
385099
385111
385144
385335
385612
385623
385652
386036
386235
386327
386472
386532
386728
386842
386874
386944
386964
387101
387415
387453
387549
387551
387669
388118
388297
388309
388741
388757
388817
388923
389128
389233
389237
389350
389434
389571
389674
389727
389727
389746
389887
390037
390045
390239
390286
390339
390538
390540
390660
390703
390733
390789
390808
391133
391163
391176
391220
391344
391508
391528
391539
391558
391593
391593
391818
391981
391986
391992
392034
392201
392345
392404
392474
392540
392712
392823
392828
392849
392854
392856
393130
393175
393186
393223
393230
393268
393360
393361
393496
393508
393964
394016
394092
394243
394407
394617
394640
394710
395163
395296
395362
395394
395405
395436
395711
395721
395729
395737
395862
395928
395955
395974
396006
396073
396100
396177
396265
396284
396293
396294
396390
396449
396516
396527
396602
396690
396738
396869
397074
397179
397546
397595
397633
397682
397738
397946
397970
397988
398122
398173
398255
398275
398390
398430
398444
398475
398501
398592
398612
398807
398854
398952
399071
399424
399476
399557
399618
399636
399796
399805
399926
399941
399956
399964
400013
400052
400300
400737
400749
400810
400847
400876
401059
401167
401212
401223
401507
401508
401807
401896
401958
402302
402373
402537
402622
402743
402754
402756
402912
403229
403360
403423
403464
403718
403904
403942
404095
404106
404184
404213
404297
404322
404402
404542
404545
404552
404652
404672
404972
405140
405413
405422
405466
405906
405959
405980
406070
406215
406290
406392
406520
406529
406634
406659
406788
406801
406836
406931
406976
407137
407240
407318
407334
407343
407375
407416
407611
407642
407732
407738
407873
408102
408510
408541
408826
408845
408848
408880
408958
409005
409074
409240
409350
409390
409477
409532
409844
410021
410550
410557
410587
410693
411098
411205
411259
411285
411337
411411
411416
411679
412008
412125
412202
412329
412336
412356
412431
412772
412797
412987
413120
413184
413558
413643
413664
413670
413751
413806
413869
413903
414010
414073
414151
414238
414366
414380
414385
414466
414499
414698
414852
414855
414867
414990
415076
415080
415212
415373
415520
415660
415726
415916
415980
416086
416221
416225
416269
416503
416658
416686
416737
416782
416810
417015
417089
417263
417305
417566
417723
417821
417918
418052
418071
418175
418191
418212
418221
418312
418379
418540
418616
418875
419022
419192
419437
419539
419604
419629
419659
419703
419863
419998
420112
420172
420417
420516
420692
420718
420792
420865
420916
420982
421048
421294
421369
421415
421500
421608
421900
422323
422403
422455
422540
422796
422976
422998
423037
423066
423092
423101
423133
423346
423536
423544
423599
423629
423760
423925
423953
423986
424107
424115
424287
424404
424603
424643
424922
425050
425090
425109
425323
425651
425954
426234
426271
426518
426588
426790
426970
427186
427234
427282
427284
427498
427524
427546
427595
427625
427696
427698
427766
427768
428061
428089
428127
428140
428155
428195
428259
428346
428348
428557
428750
428938
429098
429138
429281
429512
429682
429961
430041
430282
430297
430345
430584
430631
430654
430674
430783
430815
430825
430855
430865
430923
431123
431129
431135
431144
431200
431227
431291
431307
431384
431394
431424
431530
431951
432024
432056
432077
432346
432391
432423
432486
432490
432508
432570
432745
432768
432852
432868
432914
432941
433076
433078
433118
433263
433281
433303
433371
433646
433660
433684
434009
434177
434185
434247
434390
434801
435004
435024
435030
435201
435320
435338
435692
435726
435785
435786
435789
435859
436095
436180
436203
436245
436353
436370
436405
436724
436848
436909
436943
437003
437069
437124
437136
437427
437437
437541
437605
437611
437624
437636
437685
437755
438192
438291
438389
438423
438629
438659
438692
438822
438912
438938
439081
439209
439336
439447
439530
439563
439817
439892
439949
440012
440229
440345
440565
440630
440632
440765
440798
440822
441013
441253
441411
441478
441506
441654
442084
442126
442183
442252
442259
442337
442653
442690
442853
442870
442944
443037
443112
443217
443310
443410
443541
443564
443592
443609
443633
443759
443885
443892
443901
443946
443982
444019
444042
444068
444094
444251
444272
444395
444468
444662
444710
444792
444821
444998
445034
445123
445214
445442
445494
445524
445557
445573
445782
445911
445950
446100
446141
446202
446222
446402
446581
446625
446630
446681
446699
446752
446806
446832
446965
446990
447005
447054
447149
447163
447186
447224
447331
447695
447696
447956
448224
448315
448348
448418
448522
448706
448753
448755
448967
448989
449037
449048
449156
449215
449266
449329
449344
449401
449425
449437
449532
449600
449690
449756
449765
450079
450421
450476
450512
450606
450631
450681
450717
450741
450890
451067
451068
451255
451272
451430
451632
451727
451920
451963
452052
452181
452338
452626
452804
452997
453159
453214
453265
453345
453375
453385
453417
453647
453654
453732
453871
454011
454502
454530
454602
454763
454768
455058
455372
455511
455638
455712
455749
455966
456092
456131
456275
456318
456379
456546
456693
456760
456767
456826
456848
456851
456956
457124
457205
457272
457297
457301
457368
457523
457640
457837
457882
458049
458413
458466
458509
458562
458564
458608
458770
458771
458817
458888
458893
458901
458947
459109
459140
459171
459219
459271
459286
459337
459461
459466
459466
459924
460035
460204
460258
460520
460823
460983
461067
461118
461128
461644
461794
461796
461814
462008
462228
462382
462480
462493
462535
462535
462606
462630
462720
462809
462862
462940
462970
463005
463158
463210
463340
463358
463363
463451
463457
463463
463474
463561
463578
463800
463839
463847
463923
463927
463949
464082
464115
464161
464224
464302
464309
464374
464488
464500
464519
464831
465070
465092
465129
465160
465299
465342
465376
465480
465501
465598
465672
465760
465894
465982
466039
466112
466187
466345
466384
466386
466518
466697
466835
467013
467131
467305
467437
467449
467772
467797
468153
468189
468322
468426
468426
468659
468773
468783
468841
469050
469079
469247
469276
469563
469726
469819
469843
469905
470171
470188
470498
470523
470621
470995
471352
471392
471420
471607
471642
472092
472098
472336
472469
472544
472568
472688
472790
472805
473001
473064
473296
473463
473570
473599
473718
473720
473898
473955
474038
474126
474528
474632
474650
475000
475108
475148
475170
475181
475238
475360
475434
475507
475519
475520
475569
475731
475776
475828
475847
475898
475943
476079
476190
476237
476393
476405
476660
476691
477001
477039
477116
477116
477177
477189
477249
477265
477473
477509
477614
477727
477792
477969
478005
478041
478085
478243
478298
478345
478408
478460
478491
478532
478599
478746
478794
478824
479049
479136
479186
479416
479442
479553
479627
479631
479760
480045
480111
480162
480236
480271
480279
480290
480477
480645
480688
480786
481022
481172
481330
481351
481364
481499
481557
481636
481966
481997
482006
482009
482052
482073
482176
482227
482316
482370
482637
482690
482940
483035
483066
483184
483248
483300
483389
483467
483619
483627
483807
483808
483824
483828
483904
483976
484005
484188
484372
484406
484453
484477
484487
484745
484795
484866
484885
484919
485167
485183
485222
485371
485400
485508
485775
485798
485917
485943
486105
486138
486159
486231
486240
486475
486636
486759
486858
486910
486950
486970
487124
487445
487558
487560
487612
487613
487969
488116
488323
488513
488737
488766
488807
488980
489004
489005
489021
489181
489309
489457
489547
489548
489794
489824
489872
489947
490131
490178
490332
490343
490461
490520
490919
490945
490992
491089
491304
491306
491335
491347
491547
491645
491691
491715
491752
491820
491947
491963
492036
492045
492133
492155
492234
492288
492312
492351
492374
492419
492455
492663
492681
492831
492838
492867
492933
492946
492990
493027
493142
493157
493319
493396
493399
493409
493433
493479
493569
493580
493693
493736
493821
493853
494151
494247
494290
494352
494489
494496
494567
494622
494647
494768
494805
494813
494906
495018
495120
495125
495162
495188
495357
495359
495431
495466
495533
495654
495663
495699
495703
495705
495980
496051
496174
496385
496395
496475
496755
496796
496829
496839
496876
496885
496998
497051
497150
497374
497543
497738
497866
497890
497908
497942
497958
497961
498016
498053
498201
498403
498410
498597
498608
498826
498941
499053
499065
499084
499291
499459
499468
499562
499623
499739
499805
499831
499875
500208
500259
500271
500292
500451
500584
500642
500769
500776
501212
501253
501321
501364
501365
501420
501550
501561
501659
501730
501885
502009
502034
502453
502492
502571
502585
502672
502697
502759
502850
502910
502942
503062
503086
503170
503274
503386
503657
503715
503755
503960
503986
504316
504520
504723
504736
504832
505027
505293
505320
505361
505461
505753
505844
505885
506114
506200
506374
506457
506494
506654
506684
506691
506765
506883
507019
507180
507181
507280
507293
507306
507423
507460
507559
507632
507686
507707
507841
507849
507920
508104
508324
508485
508612
508799
508805
508830
508892
508966
509015
509335
509430
509586
509699
509744
509752
509980
509984
510008
510348
510411
510477
510493
510529
510631
510718
510728
511012
511192
511378
511487
511668
511792
511982
512080
512153
512416
512788
512817
512835
512910
513035
513098
513268
513400
513505
513507
513714
513728
513766
513802
513809
513823
513883
513939
513971
513994
514070
514104
514109
514196
514203
514439
514461
514657
514711
514800
514819
514921
514988
514992
515018
515237
515369
515471
515497
515615
515649
515689
515708
515711
515950
515976
516133
516139
516158
516366
516826
516900
517084
517096
517098
517159
517221
517404
517505
517545
517677
517714
517865
517946
517955
517987
518162
518190
518458
518509
518572
518811
518897
519019
519340
519505
519561
519683
519763
519845
520019
520036
520075
520086
520275
520413
520417
520443
520507
520527
520589
520622
520724
520835
520896
520918
521134
521183
521316
521465
521488
521636
521724
521829
522273
522281
522358
522456
522456
522463
522512
522552
522666
522706
522856
522884
522938
523159
523201
523395
523456
523533
523665
523674
523677
523816
523864
523902
524010
524044
524071
524153
524312
524477
524552
524595
524626
524674
524702
524797
524902
524942
525048
525075
525173
525312
525345
525583
525599
525650
525781
525802
525828
525899
525985
526195
526252
526436
526546
526655
526700
526972
527211
527214
527338
527383
527509
527513
527572
527902
527931
528235
528251
528252
528410
528563
528599
528721
528724
528727
528761
528821
528850
528952
529074
529092
529132
529286
529289
529656
529734
529763
530008
530014
530141
530260
530273
530362
530474
530533
530658
530726
530727
530817
530985
531011
531237
531262
531324
531497
531509
531657
531941
532038
532290
532345
532443
532897
532908
533067
533130
533783
533862
533864
533999
534201
534409
534484
534505
534589
534620
534686
534715
534717
534746
534925
534945
534993
535073
535866
535972
536121
536181
536263
536278
536384
536422
536423
536444
536625
536723
536822
536877
536882
536909
536911
536971
537069
537145
537176
537227
537239
537385
537572
537707
537717
537918
537954
537959
538114
538181
538219
538261
538355
538414
538446
538657
538746
538848
538880
539079
539098
539189
539193
539287
539304
539443
539464
539510
539559
539639
539671
539711
539809
539856
539862
539965
540059
540069
540238
540301
540473
540480
540599
540727
540727
540730
540762
541237
541321
541462
541535
541692
541830
542013
542048
542195
542198
542281
542385
542643
542694
542809
542952
543161
543396
543556
543669
543733
543855
543979
544307
544371
544479
544489
544572
544594
544604
544753
544911
544938
545047
545196
545232
545269
545325
545356
545386
545472
545487
545502
545530
545534
545628
545636
545894
546070
546187
546203
546231
546540
546673
546726
546754
546773
546845
546881
546900
547030
547281
547334
547480
547671
547704
547738
547830
547903
547958
548044
548051
548228
548249
548478
548658
548718
548757
548793
548798
549015
549179
549273
549293
549348
549502
549509
549565
549621
549889
549987
550050
550143
550149
550259
550336
550370
550398
550562
550670
550711
550804
550839
551162
551207
551259
551275
551344
551358
551367
551375
551471
551482
551518
551644
551661
551682
552015
552028
552217
552224
552237
552272
552285
552379
552507
552548
552628
552922
553040
553087
553238
553332
553405
553441
553588
553716
553970
554076
554091
554100
554186
554386
554399
554455
554531
554650
554653
554705
554853
554924
554928
554930
555000
555039
555058
555155
555615
555623
555694
555943
555997
556007
556065
556068
556215
556226
556230
556249
556265
556319
556523
556662
556895
556974
557098
557126
557265
557282
557314
557317
557355
557498
557510
557536
557719
557849
558039
558197
558210
558340
558375
558414
558545
558681
558682
558695
558710
559044
559046
559085
559102
559125
559396
559485
559622
559762
559843
559924
559999
560041
560137
560140
560244
560284
560429
560555
560591
560655
560687
560742
560785
560962
561007
561026
561118
561275
561454
561592
561946
561957
562012
562036
562177
562255
562388
562510
562538
562798
562864
563001
563002
563590
563606
563705
563764
563803
563819
563973
564064
564305
564537
564588
564728
564784
564824
565168
565239
565455
565585
565711
565720
565913
566104
566220
566313
566515
566523
566657
567191
567317
567389
567456
567552
567681
567713
567771
567794
568155
568231
568386
568566
568724
569223
569328
569397
569532
569662
569876
569910
569965
570024
570231
570404
570406
570560
570581
570757
570869
570921
570954
571016
571043
571059
571150
571184
571201
571218
571338
571354
571378
571706
571900
571963
572053
572069
572129
572242
572306
572339
572372
572412
572438
572676
572682
572753
572819
572936
573002
573132
573135
573527
573567
573678
573696
573728
573797
573902
574369
574511
574738
574782
575057
575123
575133
575227
575286
575446
575455
575484
575582
575600
575615
575692
575828
576004
576008
576019
576181
576200
576211
576432
576448
576576
576628
576645
576750
576755
576787
576905
576935
577001
577148
577220
577276
577325
577388
577729
577833
577912
577988
578063
578075
578271
578334
578349
578457
578800
578870
579095
579115
579116
579119
579141
579151
579255
579439
579466
579475
579501
579620
579645
579807
580188
580317
580350
580423
580522
580540
580699
580803
580844
581004
581209
581231
581264
581345
581372
581696
581794
581866
582018
582093
582118
582126
582241
582551
582614
582911
583309
583418
583480
583587
583783
583861
584734
584768
584978
585031
585059
585097
585242
585287
585482
585683
585758
585873
585925
586082
586116
586220
586247
586308
586373
586452
586481
586494
586512
586712
586864
586866
586959
586983
587021
587073
587133
587290
587376
587520
587525
587540
587593
587744
587783
587937
587998
588021
588098
588211
588284
588446
588550
588659
588764
589239
589302
589325
589362
589389
589416
589436
589540
589608
589661
589891
589958
590057
590122
590167
590173
590271
590331
590540
590599
590602
590832
590857
590913
591228
591241
591264
591413
591524
591554
591634
592026
592099
592128
592365
592449
592487
592517
592552
592694
592788
592905
592960
593042
593144
593165
593174
593273
593294
593321
593409
593420
593424
593448
593552
593561
593708
593848
593915
594004
594055
594107
594135
594139
594327
594525
594528
594913
594940
594972
595170
595246
595281
595294
595300
595302
595308
595397
595459
595879
596062
596212
596244
596552
596641
596694
596700
596952
597015
597047
597096
597108
597155
597157
597278
597315
597460
597543
597754
597799
597808
597941
598028
598377
598386
598492
598604
598617
598687
598840
598979
599077
599421
599585
599610
599702
599771
599894
600232
600240
600411
600654
600775
600963
601085
601098
601282
601297
601425
601716
601768
601828
601847
602024
602120
602134
602166
602284
602430
602448
602584
602595
602607
602870
602947
602960
602989
603142
603184
603389
603397
603535
603604
603606
603649
603815
604021
604126
604136
604181
604193
604360
604798
604839
604879
604880
604959
604990
605017
605084
605136
605176
605355
605552
605913
605994
606062
606167
606174
606185
606227
606276
606304
606322
606443
606541
606624
606664
606788
606796
606983
607077
607219
607228
607231
607367
607599
607655
607690
607998
608113
608134
608364
608395
608685
608776
608829
608970
608987
608999
609005
609102
609227
609252
609416
609576
609586
609743
609748
609903
610001
610290
610392
610417
610449
610540
610587
610655
610740
610797
610825
610834
610969
610994
611001
611005
611369
611506
611665
611665
611749
611841
611879
611903
611943
612061
612196
612244
612286
612381
612454
612568
612580
612782
612899
612925
612926
613304
613428
613786
613824
613929
614038
614183
614270
614307
614362
614376
614482
614504
614635
614701
614765
614803
614843
614918
614930
615073
615216
615259
615275
615517
615648
615774
615785
615980
616331
616357
616372
616478
616481
616590
616602
616961
617006
617060
617176
617238
617430
617515
617593
617601
617690
617806
617951
618126
618197
618230
618264
618337
618513
618518
618573
618576
618592
618685
618724
618892
619141
619298
619709
619761
619863
619978
619995
620447
620532
620709
620844
620847
620856
620921
620947
621000
621157
621350
621425
621497
621571
621577
621616
621845
622040
622054
622076
622087
622116
622166
622185
622272
622282
622615
622623
622738
622826
622947
622986
623062
623091
623191
623430
623487
623819
623851
623865
623910
624032
624072
624100
624752
624803
624815
624927
625037
625279
625331
625407
625457
625523
625771
625900
626016
626207
626331
626515
626588
626686
626742
626861
626984
626987
627050
627204
627311
627381
627455
627522
627575
627694
627877
627879
628010
628055
628114
628124
628124
628160
628162
628191
628198
628217
628282
628331
628357
629055
629318
629418
629467
629542
629629
629751
629813
629854
629967
630393
630563
630592
630806
630841
630858
630895
630974
631010
631122
631272
631325
631352
631389
631429
631431
631804
631826
631864
631864
631873
631898
631921
631990
632010
632127
632170
632296
632501
632514
632814
633052
633058
633158
633319
633572
633922
634094
634145
634156
634221
634241
634309
634377
634513
634583
634665
634724
634728
634742
634748
634786
634794
634876
635173
635191
635209
635244
635566
635761
635787
635831
635884
635914
635956
636151
636197
636306
636487
636516
636607
636628
636809
636809
636867
636962
636974
637248
637275
637301
637327
637611
637739
637786
637845
637934
637975
638201
638322
638359
638564
638579
638703
638714
638721
638727
638738
638904
639118
639126
639237
639269
639299
639326
639333
639500
639782
639795
639844
639884
640126
640188
640228
640258
640271
640281
640305
640391
640472
640494
640597
641038
641169
641239
641389
641389
641396
641541
641634
641658
641687
641692
641858
642149
642386
642925
643012
643056
643137
643202
643490
643701
643909
643967
644055
644491
644492
644619
644628
644778
644838
644931
645097
645386
645508
645563
645692
645754
645869
645918
645919
646129
646174
646289
646374
646681
646704
646705
646724
646887
647145
647188
647275
647480
647494
647622
647671
647688
647864
647922
647967
648093
648270
648330
648420
648459
648648
648816
648824
648968
649135
649180
649440
649479
649483
649720
649975
650021
650084
650117
650138
650353
650395
650779
650802
650836
650934
650997
651134
651175
651339
651400
651472
651560
651563
651595
651631
651924
652035
652221
652422
652489
652668
652760
652783
652786
652843
652892
653210
653347
653405
653425
653569
653582
653623
653669
653728
653730
653832
653888
653892
653959
654004
654107
654292
654412
654654
654661
655012
655053
655151
655196
655264
655372
655418
655433
655528
655750
655820
655907
655914
656328
656402
656612
656801
656912
656951
656959
657145
657169
657236
657279
657458
657517
657558
657570
657580
657731
657899
657931
657956
658124
658273
658307
658335
658470
658471
658489
658584
658590
658944
659012
659181
659225
659252
659258
659427
659448
659496
659508
659549
659608
659611
659728
659752
659859
660030
660207
660302
660304
660477
660600
660609
660619
660851
660938
661191
661251
661298
661355
661662
661711
661825
661840
662238
662276
662286
662373
662374
662432
662501
662606
662663
662740
662748
662825
663063
663150
663205
663375
663401
663482
663539
663620
663677
663711
663775
663820
663860
664057
664117
664224
664235
664612
664811
664909
664965
665017
665107
665115
665307
665360
665368
665405
665427
665468
665503
665514
665716
665736
665742
665808
665814
665837
666034
666096
666150
666172
666230
666273
666353
666502
666584
666677
666713
667332
667872
668107
668351
668425
668533
668675
668686
668913
668916
668986
669069
669072
669093
669342
669457
669580
669636
669687
669907
669932
669964
669968
670008
670082
670266
670332
670341
670518
670572
670593
670608
670819
670912
670914
670960
671123
671208
671209
671282
671405
671428
671494
671582
671642
671820
671828
672000
672152
672157
672277
672350
672491
672556
672568
672860
673186
673301
673312
673342
673385
673478
673742
674004
674501
674844
675068
675096
675208
675243
675274
675478
675544
675608
675610
675720
675796
675921
675965
676095
676148
676423
676461
676469
676473
676550
676558
677131
677220
677281
677376
677408
677467
677597
677641
677766
677849
678030
678129
678144
678240
678241
678410
678416
678437
678571
678797
678995
679014
679069
679120
679151
679546
679673
679843
680002
680072
680490
680551
680623
680663
680670
680961
681002
681268
681333
681358
681626
681633
681649
681664
681754
681762
681791
681872
682014
682085
682127
682149
682198
682249
682264
682266
682370
682408
682462
682618
682708
682799
683285
683379
683580
683662
683698
683721
683963
684039
684354
684407
684455
684467
684574
684575
684715
684738
684875
685063
685151
685188
685367
685465
685488
685511
685587
685817
685933
686024
686108
686219
686282
686379
686395
686519
686675
686789
686832
686907
686975
687641
687650
687674
687728
687897
687962
687974
688016
688165
688260
688466
688603
688669
688674
688777
688959
689123
689140
689169
689418
689654
689771
689885
690025
690091
690100
690186
690298
690520
690688
690713
690764
690866
690953
691124
691144
691159
691286
691365
691455
691533
691603
691817
691954
691979
692159
692347
692349
692421
692426
692618
692879
692964
693066
693380
693404
693599
693645
693679
693925
694080
694310
694369
694536
694796
694836
694929
695064
695070
695098
695200
695382
695466
695488
695611
695676
695758
695855
696198
696361
696418
696486
696576
696618
696639
696698
696709
697053
697090
697154
697230
697289
697316
697438
697580
697657
697694
697895
698054
698059
698170
698177
698203
698242
698366
698484
698710
698983
699024
699041
699195
699289
699351
699376
699508
699514
699553
699828
700095
700145
700214
700228
700232
700237
700335
700391
700482
700540
700564
700592
700640
700731
701043
701091
701112
701137
701165
701196
701244
701290
701456
701499
701537
701614
701641
701685
701865
701870
701966
701973
702058
702206
702343
702726
702780
702816
702888
702900
703117
703213
703506
703513
703578
704038
704070
704108
704114
704339
704353
704392
704481
704727
704825
704996
705031
705112
705248
705399
705467
705761
705844
705994
706036
706113
706156
706185
706211
706397
706406
706936
707007
707022
707036
707257
707336
707348
707367
707413
707422
707470
707540
708238
708245
708294
708376
708490
708670
708949
708986
708996
709277
709428
709536
709658
709848
710098
710132
710328
710559
710601
710620
710626
710669
710816
710853
710958
711021
711129
711179
711286
711326
711570
711576
711581
711788
711826
711911
712030
712349
712514
712544
712784
712988
713038
713052
713675
713704
713926
713966
713989
714032
714135
714163
714173
714380
714597
714714
714724
714802
714813
714817
714826
714860
715009
715041
715204
715339
715435
715556
715701
715786
715941
715959
716002
716027
716045
716266
716320
716326
716406
716507
717067
717141
717175
717496
717638
717684
717691
717695
717735
718231
718357
718454
718462
718495
718666
718835
718983
719120
719135
719197
719643
719741
719751
719752
719912
719980
720023
720136
720193
720239
720328
720460
720627
720772
720946
721034
721100
721169
721456
721481
721513
721609
721716
721739
722139
722208
722262
722471
722575
722643
722710
722849
722931
723016
723044
723098
723376
723584
723802
724630
724652
724655
724809
724939
725170
725355
725727
726075
726368
726471
726473
726484
726617
726618
726805
726845
726860
727013
727066
727204
727269
727432
727714
727762
727909
727910
728086
728106
728322
728331
728368
728378
728659
728892
728983
729076
729164
729485
729579
729586
729668
729720
729749
729765
729907
729984
730212
730260
730489
730624
730652
730676
730822
730828
730854
730898
730950
731020
731044
731109
731112
731168
731260
731329
731329
731331
731420
731612
731898
731951
731985
732418
732471
732518
732537
732694
732734
732813
732837
732983
732990
733032
733103
733134
733249
733349
733360
733475
733612
733811
733854
733905
733928
734012
734080
734129
734242
734466
734630
734683
734751
734764
734934
734934
735128
735238
735342
735354
735416
735635
735914
735930
735936
735964
736271
736276
736411
736586
736840
736938
736982
736987
737020
737044
737126
737304
737384
737486
737763
737890
737987
737994
738306
738355
738579
738730
738798
738983
739102
739121
739295
739351
739352
739639
739842
739867
740019
740263
740300
740470
740499
740528
740609
740754
740763
740815
740827
740860
740883
740931
740935
740977
741017
741252
741265
741273
741413
741986
742011
742089
742370
742660
742707
742757
742777
743203
743340
743373
743538
743642
744085
744193
744238
744549
744551
744603
744627
744631
744741
744947
744987
745003
745091
745477
745566
745586
745663
745693
745765
745896
746002
746108
746248
746510
746546
746667
746810
746853
746899
747240
747334
747436
747440
747484
747788
747865
747875
747919
747962
748030
748387
748389
748429
748434
748600
748864
749066
749142
749170
749176
749183
749275
749317
749385
749389
749610
749656
749673
749710
749711
749732
749763
749817
749892
749894
749917
749957
750046
750162
750205
750651
750665
750693
750792
750922
750943
750988
751010
751085
751098
751224
751246
751309
751388
751398
751529
751560
751700
751745
751907
751968
752070
752281
752460
752635
752638
752648
752769
752822
752912
752941
753099
753193
753231
753281
753325
753646
753673
753758
753832
753882
753919
754104
754140
754287
754340
754459
754531
754680
754701
754923
755078
755297
755371
755564
755947
755985
756069
756076
756312
756352
756461
756552
756668
756743
756750
756752
756911
756927
756967
757172
757360
757866
757946
758046
758208
758372
758382
758557
758613
758878
758915
758932
758969
759111
759292
759334
759336
759474
759545
759673
759700
759708
759827
759854
759870
759885
760171
760223
760317
760321
760564
760644
760646
760828
761112
761203
761204
761341
761447
761467
761477
761578
761646
761654
761671
761728
761750
761756
761943
762094
762113
762193
762211
762444
762533
763167
763330
763432
763488
763506
763521
763591
763614
763633
763637
763661
763734
763841
763923
763926
763935
764048
764067
764196
764206
764208
764208
764240
764508
764556
764742
764758
764773
764868
765015
765043
765071
765187
765280
765517
765650
765674
765797
765799
765939
766001
766181
766411
766868
766971
767038
767070
767114
767260
767361
767505
768024
768058
768178
768263
768349
768461
768473
768497
768744
768746
768780
768801
768845
769087
769204
769397
769528
769549
769624
769752
769773
769795
769897
769934
770125
770129
770222
770441
770484
770570
770667
770765
770903
770925
771245
771352
771357
771397
771487
771589
771610
771612
772010
772098
772118
772190
772217
772283
772347
772370
772490
772558
772616
772676
772684
772691
772709
772876
772883
772891
772934
773636
773732
773809
773951
774042
774049
774141
774181
774328
774359
774389
774477
774633
774719
774747
774768
774814
774895
774954
775138
775167
775315
775512
775607
775622
775677
775782
775879
775932
776187
776271
776533
776613
776684
776843
776939
777139
777248
777467
777645
777664
777720
777788
777795
777834
778082
778122
778156
778171
778324
778430
778475
778557
778715
778745
778871
778930
779063
779067
779363
779378
779479
779504
779793
779835
779875
780056
780302
780305
780318
780340
780356
780358
780412
780416
780475
780585
780623
780628
780742
780783
780788
781021
781395
781726
782062
782302
782432
782439
782726
782964
783152
783505
783889
783951
784079
784366
784407
784839
784905
785127
785203
785237
785238
785239
785469
785621
785922
786103
786131
786145
786151
786354
786379
786482
786575
786641
786693
786717
786718
786761
786763
786989
787127
787256
787286
787469
787556
787561
787577
787684
787743
787770
787943
787999
788014
788055
788356
788631
788695
788773
788898
788934
788994
789104
789179
789443
789478
789506
789560
789733
789903
789972
790181
790217
790222
790243
790338
790486
790838
790874
791048
791503
791959
791964
792110
792258
792891
793004
793004
793078
793082
793153
793231
793296
793297
793427
793449
793454
793471
793553
793632
793675
793786
793808
794162
794186
794209
794257
794399
794410
794606
794747
794751
794754
794794
794848
794906
794918
795151
795200
795300
795466
795512
795521
795596
795718
795888
795921
795977
796003
796163
796182
796381
796412
796425
796474
796526
796835
796838
796925
797026
797099
797296
797415
797473
797601
797748
798093
798254
798315
798402
798414
798591
798657
798841
798920
799203
799239
799286
799336
799365
799448
799583
799636
799656
799658
799790
800097
800145
800681
800743
800825
800831
800966
800983
801007
801106
801131
801149
801167
801174
801202
801263
801381
801387
801625
801735
802031
802088
802099
802124
802290
802298
802400
802549
802684
802721
802729
802937
803179
803197
803217
803298
803425
803559
803605
804298
804384
804408
804485
804490
804671
804912
805003
805036
805135
805177
805305
805307
805560
805611
805672
805701
805717
806036
806385
806550
806648
806690
806769
807181
807599
807719
808089
808162
808304
808358
808438
808631
808694
808718
808735
808881
808942
808987
809062
809108
809121
809327
809422
809510
809544
809621
809657
809672
809699
809760
809853
810134
810196
810357
810379
810510
811135
811231
811260
811268
811269
811337
811342
811653
811734
811763
811765
811780
811877
812009
812080
812136
812316
812407
812513
812607
812719
812930
813082
813142
813215
813239
813371
813377
813592
813684
813818
813848
813871
813989
814298
814485
814524
814543
814651
814775
814795
814850
814949
815165
815310
815637
815879
815963
816020
816070
816098
816229
816296
816317
816394
816444
816455
816550
816588
816692
816909
816928
816930
817118
817135
817199
817224
817418
817456
817669
817675
817721
817940
818098
818219
818524
818728
818801
818803
818931
818935
819365
819368
819545
819812
819819
819875
820088
820578
820689
820796
820882
820928
820958
821130
821230
821271
821275
821631
821640
821785
821963
822040
822188
822209
822645
822726
822773
822774
822917
822968
823017
823076
823090
823143
823164
823266
823314
823334
823414
823424
823453
823546
823617
823625
823642
823690
823891
824128
824151
824260
824403
824406
824621
824855
824892
825008
825110
825147
825649
825846
826006
826056
826119
826130
826141
826426
826870
826950
827117
827268
827471
827506
827587
827875
828040
828183
828266
828313
828330
828334
828440
828491
828877
828907
829346
829349
829384
829521
829545
829640
829970
830056
830306
830339
830425
830651
830839
831040
831254
831497
831582
831667
831721
831840
832247
832295
832392
832436
832545
832600
832642
832695
832821
832866
832982
833073
833206
833351
833398
833403
833476
833522
833525
833559
833631
833812
833813
834035
834179
834394
834457
834457
834458
834459
834514
834587
834732
834734
834761
834831
834836
834912
834966
835077
835102
835406
835643
835664
836063
836167
836248
836264
836301
836394
836471
836490
836665
836724
836750
836781
836912
837091
837163
837292
837309
837499
837519
837666
837697
837716
837794
837807
838276
838359
838458
838542
838574
838924
839050
839101
839164
839186
839205
839224
839345
839406
839477
839852
839873
840011
840027
840068
840210
840221
840340
840830
840948
840964
841142
841369
841542
841701
842031
842119
842137
842167
842188
842189
842285
842377
842380
842466
842467
842488
842606
842612
842687
842694
842795
842969
843121
843125
843298
843505
843652
843747
843763
843922
844042
844091
844396
844696
844738
844761
844809
844864
844905
844939
844952
845028
845093
845108
845273
845619
845694
845737
845879
845940
845981
846054
846186
846274
846490
847003
847017
847024
847073
847328
847345
847371
847402
847650
847777
847821
847929
847972
848143
848292
848359
848405
848501
848627
848800
848802
848829
848967
848992
849064
849165
849282
849300
849302
849337
849470
849525
849573
849635
849791
849964
850029
850081
850244
850273
850493
850566
850676
850710
850746
850912
850961
851189
851271
851389
851401
851485
851529
851852
851883
851935
851973
851985
852046
852153
852265
852395
852435
852481
852662
852899
852949
853063
853143
853166
853185
853214
853214
853287
853317
853799
853892
854187
854266
854304
854339
854393
854397
854561
854579
854622
854815
854922
854934
854964
855086
855148
855362
855422
855452
855640
855781
855980
856394
856466
856606
856663
856762
856870
857116
857176
857296
857390
857545
857554
857581
857674
857678
857741
857765
858226
858244
858262
858541
858609
858763
858786
858880
858951
858984
859115
859141
859190
859267
859447
859480
859766
860099
860162
860380
860421
860645
860992
861089
861097
861187
861225
861246
861687
861748
861800
861822
861839
862002
862143
862342
862436
862452
862517
862572
862637
862811
862961
863019
863247
863703
863707
863837
863849
864084
864115
864280
864344
864378
864436
864456
864480
864639
864736
864746
864812
864835
864837
865019
865093
865219
865374
865488
865702
865807
865827
865837
865931
865965
865981
866392
866523
866650
866705
866842
866866
866906
866910
867010
867499
867525
867635
867674
867808
867850
867881
867913
867947
868103
868117
868128
868129
868144
868189
868285
868386
868409
868422
868482
868568
868793
868937
869052
869117
869184
869199
869428
869488
869657
869958
870022
870217
870581
870861
870986
870993
871348
871427
871512
871664
871970
872025
872099
872279
872597
872689
872740
872782
872919
873009
873072
873348
873385
873415
873419
873535
873543
873558
873779
873911
874011
874022
874065
874085
874235
874240
874323
874407
874494
874532
874642
874963
875137
875187
875219
875305
875370
875372
875423
875443
875509
875597
875623
875690
875758
875779
875940
876092
876157
876286
876372
876380
876383
876403
876482
876520
876689
876741
876758
876889
877107
877185
877187
877576
877665
877887
878321
878362
878435
878520
878558
878587
878599
878601
878647
878787
879076
879142
879151
879269
879306
879454
879484
879608
879627
879728
879791
879997
880028
880066
880118
880136
880159
880182
880245
880363
880397
880476
880673
880824
880836
881119
881142
881215
881237
881262
881315
881405
881426
881440
881514
881657
881668
881769
881822
881877
881961
882164
882424
882650
882762
882791
883009
883028
883097
883197
883330
883394
883521
883889
883905
883918
883939
883978
884048
884053
884385
884435
884560
884667
884732
884773
885249
885502
885519
885527
885723
885845
885949
886024
886464
886501
886514
886577
886635
886637
886781
886897
887028
887038
887090
887090
887226
887254
887731
887831
888066
888152
888169
888213
888397
888469
888608
888618
888650
888653
888807
889045
889069
889139
889229
889275
889339
889443
889577
889658
889677
889900
889945
890073
890081
890289
890379
890400
890482
890954
891009
891040
891114
891153
891270
891341
891350
891507
891581
891588
891658
891672
891757
891801
891939
891977
892151
892180
892256
892318
892385
892435
892859
892959
893029
893110
893236
893360
893427
893587
893755
893882
894159
894345
894437
894497
894946
895004
895016
895091
895169
895324
895491
895756
895757
895797
895869
896001
896001
896006
896069
896080
896098
896379
896387
896393
896422
896439
896456
896457
896613
896637
896892
896960
897093
897153
897201
897215
897354
897363
897396
897514
897518
897605
897646
897668
897800
897836
898223
898347
898356
898459
898621
898772
898927
898993
899016
899049
899159
899184
899224
899271
899339
899446
899451
899464
899488
899490
899559
899623
899757
899767
899781
899951
899963
900066
900123
900259
900330
900534
900603
900802
900865
901044
901079
901102
901238
901366
901392
901485
901557
901659
901703
901734
901785
901929
902237
902287
902325
902817
903017
903055
903141
903148
903173
903175
903223
903299
903380
903388
903398
903539
903683
903848
904068
904091
904107
904228
904277
904437
904594
904636
904884
904893
904938
904945
905036
905315
905341
905342
905397
905543
905862
905863
905902
906534
906678
906683
906737
906816
906863
906911
906957
906967
907301
907353
907602
908091
908244
908308
908543
908559
908586
908719
908975
909001
909021
909091
909095
909148
909204
909388
909526
909603
909998
910124
910239
910314
910442
910493
910629
910675
910716
910801
910913
910943
911198
911277
911339
911724
911809
911874
911928
911967
912095
912145
912693
913274
913320
913579
913579
913843
913977
914038
914074
914093
914183
914204
914209
914611
914657
914691
914704
914797
914819
914969
915020
915344
915495
915611
915681
916061
916157
916232
916299
916359
916504
916728
916882
916937
916967
917012
917083
917089
917197
917325
917344
917362
917384
917412
917426
917515
917613
917685
917735
917932
918119
918123
918214
918222
918295
918404
918590
918610
918662
918817
918845
918890
918943
919583
919655
919700
919735
919786
919984
920005
920068
920135
920140
920341
920458
920694
920703
921041
921186
921198
921412
921413
921817
921831
922191
922199
922270
922317
922382
922427
922475
922539
922554
922612
922727
922913
923009
923028
923325
923355
923505
923547
923725
923880
923990
924040
924250
924278
924325
924343
924466
924518
924543
924570
924605
924606
924766
924797
925206
925258
925543
925656
925733
925767
926066
926184
926239
926242
926297
926300
926525
926617
926823
926846
926856
926872
927058
927337
927343
927403
927430
927576
927606
927765
928044
928226
928310
928356
928361
928471
928793
928880
928897
928905
928989
929034
929286
929459
929483
929508
929568
929657
929786
929945
929992
930075
930093
930360
930369
930403
930405
930567
930672
930682
930693
930804
931054
931190
931252
931261
931311
931390
931448
931461
931467
931550
931612
931685
931688
931697
931738
931757
931832
931900
931901
932001
932082
932150
932183
932185
932194
932275
932696
932796
932877
932912
932919
932957
933030
933044
933093
933125
933128
933143
933668
933683
933705
933797
933831
934026
934327
934341
934482
934736
934815
934817
934827
934916
934994
935068
935131
935245
935400
935505
935561
935593
935696
935699
935699
935781
935790
935855
935972
936112
936308
936340
936351
936525
936774
936985
937185
937286
937353
937512
937554
937651
937802
937852
937952
937970
938094
938137
938155
938183
938190
938219
938274
938321
938330
938335
938357
938397
938556
938598
938643
938669
938783
939107
939449
939556
939600
939624
939702
939759
939790
939884
940016
940045
940105
940197
940220
940305
940354
940541
940674
940861
941067
941369
941393
941481
941481
941609
941647
941707
941778
941857
941942
942013
942136
942170
942358
942423
942462
942587
942632
942901
943413
943772
943917
943932
944011
944134
944176
944266
944326
944388
944641
944971
945202
945209
945403
945668
945675
945675
945778
945839
946109
946122
946169
946270
946413
946444
946603
946753
946771
946775
946928
946951
947249
947339
947494
947539
947679
947698
947861
947904
947962
948263
948313
948433
948451
948477
948697
949003
949022
949078
949134
949211
949369
949451
949502
949565
949731
949891
949972
950169
950224
950485
950620
950647
950674
950840
950983
950983
951098
951204
951227
951232
951265
951373
951435
951563
951698
951708
951864
951864
952066
952151
952155
952236
952270
952294
952426
952568
952724
952826
952826
952921
952929
953166
953355
953440
953721
953731
953779
953913
953972
954234
954276
954385
954400
954445
954720
954758
954953
955045
955241
955575
955691
955757
955764
955896
956050
956333
956426
956530
956657
956895
956900
956926
956964
957033
957095
957326
957481
957510
957517
957522
957811
957828
958080
958100
958121
958140
958292
958318
958535
958588
958654
958661
958921
958994
959008
959145
959182
959205
959333
959466
959561
959611
959640
960077
960102
960112
960225
960226
960276
960373
960445
960564
960655
960665
960787
961073
961090
961151
961232
961257
961274
961342
961369
961602
961772
961857
961907
961947
961972
962014
962026
962063
962123
962203
962561
962598
962711
962758
962840
963018
963073
963253
963643
963654
963995
964165
964236
964251
964289
964652
964715
964730
964779
964794
964800
964957
964967
964984
965015
965333
965343
965478
965530
965716
965730
965913
965973
966001
966035
966122
966123
966155
966160
966184
966260
966302
966430
966511
966516
966557
966635
967037
967150
967212
967283
967295
967298
967318
967468
967528
967584
967654
967664
967687
967687
968095
968096
968106
968163
968186
968277
968410
968625
968725
968894
969023
969245
969284
969291
969342
969393
969520
969534
969759
969791
969888
969985
970101
970195
970515
970836
970986
971027
971086
971146
971228
971244
971370
971513
971870
972453
972641
972754
972805
972848
972968
973019
973143
973166
973223
973310
973454
973469
973611
973643
973649
973811
973919
973993
974103
974238
974397
974418
974462
974487
974525
974566
974606
974849
974851
974865
974925
974950
975038
975081
975115
975156
975161
975170
975175
975188
975232
975282
975321
975538
975602
975630
975792
975801
975814
975888
975911
975947
976089
976161
976163
976283
976443
976564
976615
976840
977246
977311
977338
977345
977346
977362
977483
977648
977842
977941
977982
977985
978128
978172
978214
978384
978394
978401
978587
978622
978655
978760
978965
978995
979006
979202
979229
979356
979496
979790
979932
980036
980065
980293
980404
980885
980938
981027
981033
981047
981090
981166
981199
981209
981314
981336
981684
981772
981772
981833
981840
981912
982313
982493
982528
982539
982613
982690
983017
983039
983077
983158
983216
983392
983491
983756
983764
983875
983933
984088
984264
984482
984613
984957
985033
985067
985128
985162
985443
985503
985578
985681
985705
985875
985876
985952
986231
986246
986299
986358
986389
986436
986520
986827
986879
986904
986996
987056
987120
987175
987318
987576
987601
987645
987705
987861
988162
988219
988475
988541
988555
988602
989040
989107
989163
989239
989259
989510
989527
989601
989853
989885
989981
989990
990101
990212
990272
990295
990417
990692
990847
990859
991015
991146
991280
991370
991676
991740
992015
992058
992074
992136
992430
992521
992592
992609
992767
992957
992986
993102
993102
993210
993419
993441
993597
993681
993693
993765
993768
993962
993980
994149
994266
994356
994551
994644
994645
995252
995276
995358
995674
995906
995915
995936
996082
996127
996201
996263
996305
996318
996535
996701
996730
996876
996887
996935
996944
996972
997084
997330
997381
997409
997414
997487
997494
997644
997727
997808
997854
997871
997915
998081
998158
998212
998242
998376
998457
998474
998501
998583
998589
998613
998708
998759
998812
998829
999307
999368
999468
999560
999569
999714
999730