64
188
209
218
431
502
556
582
639
710
926
994
1132
1213
1278
1298
1504
1523
1559
1729
1744
1873
2030
2271
2309
2351
2352
2389
2426
2583
2646
2991
2995
3006
3016
3176
3244
3256
3331
3425
3437
3466
3710
3766
3867
4031
4055
4175
4196
4252
4334
4346
4367
4472
4547
4609
4979
5373
5605
5643
5724
5843
5895
6010
6231
6305
6407
6553
6728
6814
7071
7132
7169
7363
7449
7450
7481
7715
7746
7988
8137
8176
8194
8334
8366
8371
8378
8524
8571
8813
8888
9281
9288
9477
9496
9535
9746
9795
9884
10096
10643
10807
10822
10861
10948
10984
11083
11139
11159
11159
11331
11339
11421
11579
11824
11910
11928
11974
12030
12078
12154
12185
12255
12330
12345
12357
12446
12559
12654
12692
13008
13062
13373
13462
13534
13567
13610
13619
13947
14321
14336
14401
14520
14593
14651
14656
14686
14698
14817
14897
15146
15465
15503
15862
15945
16027
16053
16250
16347
16419
16483
16675
16920
17002
17012
17069
17083
17332
17555
17666
17679
17690
17880
17941
17960
18008
18049
18119
18147
18185
18211
18325
18330
18512
18526
18606
18730
18863
18965
19066
19149
19340
19487
19548
19727
19796
19890
20011
20106
20111
20122
20124
20174
20220
20251
20265
20311
20414
20525
20528
20630
20685
20808
20872
20900
20928
21054
21062
21216
21220
21251
21362
21396
21403
21415
21556
21624
22023
22117
22155
22241
22360
22393
22562
22691
22747
22773
22835
23021
23238
23468
23500
23804
23893
23952
24382
24565
24852
24955
25253
25264
25281
25433
25637
25786
26049
26423
27307
27351
27535
27628
27703
27854
28000
28028
28135
28510
28743
28763
28844
28885
28891
28930
28965
28990
29096
29100
29184
29193
29202
29257
29322
29583
29586
29587
29655
29809
29820
29826
29933
29986
30223
30257
30444
30449
30523
30531
30532
30542
30670
30682
31110
31142
31366
31512
31696
32249
32251
32281
32331
32417
32494
32694
32717
32723
32743
32825
33017
33113
33154
33382
33477
33548
33642
33648
33651
33747
33766
33782
33851
34079
34092
34254
34295
34347
34350
34466
34636
34734
34790
34859
34897
35066
35197
35280
35303
35393
35418
35510
35666
35727
36075
36096
36160
36534
36693
36712
36719
36770
36786
36831
36871
36952
36969
36995
36997
37082
37138
37138
37245
37501
37707
37833
37894
37902
38024
38056
38138
38261
38345
38353
38369
38372
38514
38701
38795
38825
38828
38866
38913
38921
39023
39061
39124
39134
39226
39355
39366
39540
39601
39717
39792
39798
39820
39854
39863
40017
40056
40096
40172
40196
40238
40348
40366
40563
40580
40711
40936
41100
41247
41269
41427
41678
41781
41841
41872
41879
41943
42041
42205
42444
42460
42572
42580
42861
42893
42932
42936
43393
43410
43464
43520
43584
43641
44245
44427
44776
45159
45163
45197
45294
45393
45532
45696
45773
45776
45893
45941
45995
46018
46022
46027
46073
46109
46275
46354
46405
46423
46546
46653
46696
46716
46724
46891
46893
47002
47062
47157
47408
47584
47655
47674
47751
47780
47887
47966
47980
48053
48172
48187
48246
48301
48415
48434
48610
48623
48809
48882
49125
49245
49282
49585
49627
49631
49651
49652
49652
49670
49872
49965
50031
50096
50109
50286
50437
50502
50535
50541
50638
50669
50774
50903
51018
51092
51179
51292
51411
51501
51632
51827
51979
52002
52139
52218
52288
52329
52641
52676
52851
52865
52926
53004
53021
53089
53140
53221
53233
53240
53473
53486
53593
53667
53780
53805
53934
54200
54346
54425
54533
54603
54605
54714
54825
54877
54942
54943
55012
55107
55401
55403
55476
55492
55712
55793
55862
55910
55923
55957
55997
56000
56132
56247
56265
56455
56613
56659
56776
56869
56909
56943
56952
57038
57203
57374
57379
57543
57564
57597
57655
57826
57833
57887
57898
58179
58211
58211
58263
58283
58387
58443
58548
58588
58604
58635
58692
58740
58826
58892
59044
59221
59246
59258
59356
59379
59426
59448
59626
59849
59951
60027
60110
60180
60228
60407
60437
60497
60712
60741
61093
61167
61298
61382
61523
61605
61689
61719
61728
61740
61757
61778
61826
62196
62312
62403
62493
62498
62541
62702
62707
62759
63112
63166
63369
63385
63475
63533
63535
63574
63634
63656
63666
63703
63737
63794
63891
63978
64058
64256
64283
64327
64361
64400
64538
64755
64843
65117
65165
65280
65371
65462
65467
65744
65902
65909
65923
65980
66104
66229
66483
66499
66585
66595
66675
66817
66905
66907
66989
67226
67269
67476
67564
67629
67701
67775
67848
68112
68208
68409
68421
68496
68499
68732
68809
68892
68918
69103
69122
69478
69494
69548
69552
69565
69746
69857
70155
70169
70219
70260
70293
70305
70369
70497
70564
71031
71166
71280
71499
71529
71639
71709
71831
71875
71916
72043
72129
72144
72224
72323
72639
72722
72782
72790
72823
72906
73050
73087
73209
73249
73471
73514
73547
73843
74042
74065
74100
74222
74340
74426
74626
74636
74733
74805
74857
74961
75019
75068
75091
75353
75629
75728
75773
76077
76084
76090
76108
76159
76183
76201
76213
76354
76789
76928
76964
77042
77285
77337
77366
77486
77722
77857
78199
78217
78243
78243
78345
78407
78437
78534
78641
78822
78884
78934
79033
79070
79071
79220
79342
79393
79419
79563
79569
79938
80008
80069
80115
80210
80510
80655
80696
81059
81117
81231
81341
81536
81735
81767
81975
82132
82382
82535
82541
82615
82672
82676
82718
82828
82831
82977
83189
83272
83296
83342
83424
83571
83684
83997
84081
84149
84154
84402
84524
84536
84592
84622
84635
85027
85344
85373
85518
85634
85678
85717
85910
85921
85966
85990
86058
86123
86232
86323
86344
86366
86483
86824
86877
87018
87086
87100
87343
87439
87485
87518
87723
87778
87891
87983
88012
88072
88228
88494
88645
88757
88912
89068
89262
89418
89431
89452
89456
89466
89536
89614
89630
89664
89693
89726
89730
89975
90033
90046
90052
90151
90159
90185
90186
90341
90375
90440
90451
90560
90565
90571
90633
90775
90782
90837
90878
91093
91132
91159
91179
91356
91824
91857
91888
91954
91973
91977
91997
92022
92058
92078
92246
92304
92332
92381
92408
92431
92578
92616
92650
92653
92657
92661
92843
92880
92971
93044
93162
93183
93369
93430
93431
93446
93605
93666
93712
93904
93951
94431
94461
94588
94638
94768
94945
95185
95271
95303
95335
95820
96200
96344
96396
96477
96826
97056
97170
97206
97340
97494
97786
97800
97849
97949
97987
97999
98123
98200
98309
98327
98543
98665
98681
98712
98716
98752
98769
98777
98967
99108
99172
99214
99282
99322
99467
99684
99758
99981
100099
100167
100251
100274
100276
100368
100384
100486
100618
100778
100859
100939
101048
101227
101265
101369
101413
101475
101688
101722
101796
102079
102203
102262
102274
102463
102901
102965
103004
103029
103343
103376
103444
103519
103776
103865
103872
103899
104212
104225
104372
104482
104501
104740
104901
104968
104994
105119
105297
105552
105584
105750
105855
106455
106588
106602
106858
106867
107020
107100
107123
107153
107402
107464
107751
107763
108108
108342
108687
108695
108702
109106
109122
109187
109199
109379
109623
109654
109799
109869
110055
110165
110250
110320
110449
110594
110819
110856
110870
111140
111145
111168
111258
111311
111341
111366
111366
111375
111397
111498
111501
111594
111595
111694
111723
111757
111908
111957
112104
112139
112208
112255
112288
112589
112600
112877
113083
113224
113262
113294
113485
113510
113515
113517
113539
113849
113912
114338
114362
114441
114569
114625
114678
114679
114723
114831
114838
114901
114967
115066
115113
115198
115226
115261
115622
115884
115908
116108
116168
116218
116233
116295
116347
116427
116465
116639
116654
116770
117082
117274
117562
117569
117672
117741
117839
117868
117939
117951
117961
118046
118235
118309
118364
118368
118466
118561
118720
118721
118972
119125
119191
119263
119322
119641
119822
119946
119992
120161
120199
120253
120344
120346
120555
120629
120675
120678
120739
120924
121061
121202
121212
121335
121343
121413
121456
121521
121522
121531
121533
121700
121705
121775
121947
122058
122070
122074
122174
122215
122295
122303
122442
122550
122800
123227
123260
123332
123359
123387
123451
123480
123483
123787
123858
123866
123975
124043
124278
124453
124511
124554
124747
124752
124784
124847
124954
125269
125283
125461
125498
125574
125626
125667
125705
125746
126249
126316
126559
126570
126676
126956
127104
127163
127234
127308
127352
127452
127497
127692
127752
127786
127836
127847
128022
128031
128042
128083
128110
128203
128307
128334
128359
128400
128409
128696
128700
128758
128766
128820
128849
128941
129004
129072
129187
129301
129319
129409
129821
129957
129984
129989
130073
130180
130462
130504
130580
130920
130944
131217
131247
131391
131513
131548
131586
131596
131683
131754
131994
132063
132225
132306
132324
132369
132464
132490
132508
132599
132648
132716
132790
132903
133010
133023
133096
133171
133197
133521
133609
133718
134014
134076
134087
134128
134180
134322
134372
134421
134668
134677
134698
134725
134742
134855
134891
135077
135419
135556
135670
135724
135787
135804
135832
135855
135876
135939
135987
136164
136404
136518
136708
136712
136836
136870
136927
136953
137001
137023
137059
137086
137280
137593
137627
137637
137666
137746
137783
137874
137875
137879
137886
137946
138017
138140
138162
138164
138176
138265
138302
138341
138377
138709
138728
138879
138952
139012
139110
139221
139246
139341
139353
139369
139386
139486
139638
139704
139745
139818
139982
139993
140346
140399
140585
140731
140814
140916
140929
140931
140972
141010
141068
141252
141345
141373
141472
141803
141945
141949
142007
142073
142100
142205
142348
142550
142587
142619
142630
142729
142854
142874
142888
142962
143019
143107
143118
143119
143229
143364
143437
143565
143604
143677
143749
143845
143865
143967
144003
144029
144050
144157
144227
144261
144279
144394
144520
144618
144663
144976
145221
145236
145285
145293
145317
145347
145390
145541
145669
145729
145842
146180
146233
146235
146246
146271
146315
146335
146341
146394
146716
146881
147075
147117
147250
147288
147357
147463
147484
147679
147998
148127
148174
148231
148286
148287
148303
148310
148318
148373
148551
148771
148844
148870
148925
148989
149081
149145
149202
149336
149381
149381
149461
149479
149526
149560
149584
149665
149695
149963
150302
150559
150654
150668
150697
150714
150970
151324
151566
151698
151701
151875
151939
152159
152336
152513
152828
153033
153135
153161
153201
153262
153379
153788
153797
153827
153839
153907
154068
154215
154540
154551
154596
155169
155294
155319
155334
155392
155416
155477
155519
155564
155589
155612
155618
155671
155890
155907
155915
155964
156259
156299
156333
156378
156424
156458
156481
156643
156808
156853
157045
157170
157255
157346
157494
157687
157813
157816
157895
157913
158126
158263
158402
158444
158500
158517
158667
158683
158922
159008
159015
159054
159103
159171
159199
159247
159557
159557
159616
159676
159830
159841
159959
160016
160079
160124
160296
160542
160578
160914
161034
161164
161259
161477
161643
161676
161687
161742
161755
161762
161906
161942
161986
162057
162182
162183
162294
162307
162312
162373
162482
162550
162629
162698
162732
162803
162871
162977
163001
163005
163054
163370
163401
163470
163687
163836
164128
164146
164179
164222
164465
164497
164570
164785
164829
164911
164981
165011
165095
165149
165153
165187
165216
165377
165468
165563
165589
165782
165858
165949
166106
166216
166550
166568
166685
166766
167092
167617
167649
167678
167756
167835
168057
168228
168243
168345
168346
168350
168500
168585
168709
168811
168980
169253
169412
169637
169678
169712
169785
169818
169855
169937
169954
169958
169972
170020
170060
170082
170091
170159
170176
170237
170308
170481
170610
170717
170767
170931
171028
171389
171466
171627
171734
171806
171903
171927
172037
172284
172395
172459
172506
172590
172689
172748
172762
172763
172921
173097
173428
173461
173583
173633
173680
173745
173789
173811
173889
173895
174220
174458
174494
174565
174625
174638
174654
174733
174825
174927
175138
175177
175212
175441
175501
175637
175706
175759
175852
175945
176175
176297
176421
176441
176589
176590
176640
176797
176816
176863
176896
176901
176983
176985
177054
177111
177373
177428
177669
177685
177747
177779
177864
177875
178027
178057
178158
178194
178288
178336
178353
178455
178562
178674
178679
178863
179051
179092
179099
179120
179127
179160
179160
179195
179251
179362
179420
179562
179566
179661
179781
179916
179926
180007
180051
180096
180123
180194
180344
180369
180908
180946
180967
181005
181015
181049
181440
181464
181577
181772
181813
181991
182043
182063
182184
182320
182570
182587
182984
183041
183046
183151
183287
183331
183452
183469
183514
183636
183691
183882
183888
183935
183989
184106
184212
184361
184382
184482
184655
184768
184772
184853
185147
185413
185418
185468
185529
185644
185809
185905
185941
185959
185975
186053
186065
186080
186170
186351
186485
186511
186525
186633
186890
186895
187091
187150
187213
187229
187327
187332
187580
187587
187898
187938
187947
188186
188278
188339
188399
188548
188649
188706
188796
189136
189178
189543
189603
189726
189786
189806
189811
189926
190012
190102
190143
190251
190316
191004
191096
191214
191258
191349
191469
191647
191650
191662
191745
192265
192306
192740
192776
192887
193045
193350
193458
193583
193882
194030
194176
194229
194349
194519
194527
194676
194710
194832
194871
194949
195055
195131
195175
195455
195467
195639
195692
195749
195778
195801
195905
195934
195952
196012
196107
196156
196176
196180
196406
196526
196584
196595
196721
196731
196779
196787
196816
196986
197038
197121
197209
197216
197285
197333
197383
197577
197629
197633
197736
197749
197796
197810
197914
197926
198020
198039
198054
198085
198124
198152
198160
198193
198223
198684
199033
199054
199063
199210
199337
199457
199500
199501
199580
199728
199732
199837
200050
200111
200632
200715
200780
200807
200837
200882
201059
201130
201216
201383
201574
201609
201666
201769
201944
201972
202133
202222
202254
202339
202472
202623
202755
202802
202866
202890
202935
203295
203411
203446
203534
203690
203781
203852
203947
204115
204132
204327
204427
204430
204611
204694
204701
204793
204875
204992
205096
205643
205845
205896
205981
205990
206044
206143
206161
206274
206355
206378
206382
206705
206752
206805
207115
207213
207257
207275
207381
207473
207496
207660
207688
207828
207842
208138
208388
208629
208657
208900
209080
209132
209262
209394
209562
209651
209732
209782
209806
209889
209955
209975
209986
210064
210269
210303
210405
210425
210469
210515
210528
210572
210574
210688
210744
210852
211103
211115
211205
211259
211384
211456
211513
211608
211701
211828
211983
212022
212158
212511
212597
212639
212724
212740
212790
212967
213268
213291
213478
213531
213555
213659
213778
213852
213873
213905
213943
214028
214069
214110
214225
214263
214507
214665
214767
214844
214853
214858
214967
215046
215184
215234
215300
215453
215642
215750
215841
215929
215950
216075
216084
216103
216327
216327
216562
216779
216896
217313
217399
217708
217769
217995
218003
218042
218144
218251
218512
218520
218579
218720
218767
218901
218922
218928
218930
219004
219127
219167
219231
219462
219735
219750
220035
220058
220080
220088
220092
220105
220420
220906
221123
221338
221503
221743
221872
221874
221981
222004
222074
222230
222316
222429
222446
222450
222950
223587
223608
223671
223842
224050
224083
224254
224285
224728
224844
225029
225130
225307
225421
225739
225798
225843
226033
226290
226422
226477
226555
226566
226840
226845
226871
226906
227072
227171
227215
227220
227368
227399
227530
227896
227904
228001
228092
228145
228227
228316
228442
228536
228552
228568
228638
228692
228774
228893
228920
229046
229110
229221
229266
229323
229406
229447
229484
229550
229833
229847
230016
230048
230069
230438
230523
230569
230734
230951
231034
231155
231542
231554
231683
231756
232001
232067
232154
232158
232492
232591
232733
232800
232935
233077
233099
233166
233357
233487
233759
233862
234113
234124
234234
234241
234241
234305
234537
234724
234766
234916
234995
235105
235156
235213
235389
235484
235587
235756
235816
235833
235836
235836
235886
235900
235978
236188
236198
236319
236327
236437
236521
236636
236798
236849
236919
236962
237020
237202
237246
237363
237502
237726
237791
237857
238132
238159
238175
238300
238374
238399
238451
238470
238484
238689
238784
238906
238921
239317
239323
239324
239418
239674
239828
239854
239988
240058
240331
240410
240645
240807
241022
241370
241425
241792
242123
242588
242795
242816
242964
242998
243018
243027
243140
243231
243268
243358
243463
243855
243914
243948
244413
244449
244469
244501
244510
244582
244724
244725
244788
244905
244905
245059
245100
245412
245464
245530
245544
245650
245929
246000
246271
246273
246301
246310
246339
246350
246389
246881
247043
247113
247212
247342
247475
247476
247724
247875
248051
248302
248329
248616
248690
248696
248706
248789
248874
248885
248904
249397
249402
249508
249698
249748
249868
249971
249989
249998
250085
250178
250230
250363
250458
250465
250720
250812
250941
251094
251106
251244
251309
251544
251550
251586
251599
251630
251887
251919
251951
252074
252100
252106
252372
252389
252509
252582
252589
252653
252694
252710
252752
252817
252869
252891
253171
253325
253473
253483
253578
253724
253882
253921
254005
254033
254130
254156
254333
254427
254662
254685
254723
254968
255102
255374
255577
255674
255740
255845
255891
255992
256067
256115
256259
256536
256621
256671
256686
256795
256799
256902
256910
257285
257306
257339
257405
257566
257590
257752
257810
257882
257901
258042
258116
258171
258171
258181
258235
258284
258294
258534
258812
259068
259249
259520
259579
259649
259877
260052
260078
260079
260301
260325
260347
260565
260730
260818
260958
261084
261140
261223
261412
261700
261719
261891
261908
261927
262209
262303
262369
262443
262472
262475
263031
263201
263354
263385
263392
263458
263666
263715
263761
263826
263839
264097
264242
264300
264904
265042
265201
265273
265345
265410
265627
265934
265948
266201
266242
266418
266467
266549
266587
266773
266788
266819
266986
267008
267155
267163
267289
267303
267380
267432
267481
267555
267673
267855
267987
268152
268158
268165
268259
268518
268673
268687
268846
268859
268930
268981
269014
269161
269286
269446
269507
269538
269614
269781
269787
270146
270239
270311
270384
270600
270626
270631
270722
270735
270742
270813
270959
271152
271162
271176
271254
271302
271370
271521
271787
271837
271956
272057
272075
272130
272247
272273
272759
272987
272995
273066
273116
273142
273149
273150
273170
273171
273310
273348
273411
273514
273538
273598
273671
273746
273921
273972
274017
274173
274265
274510
274925
274985
275218
275231
275344
275623
275668
275984
276260
276270
276311
276320
276380
276507
276509
276616
276659
276876
277005
277098
277311
277379
277389
277448
277476
277617
277673
277745
277943
278074
278112
278184
278216
278252
278253
278290
278318
278530
278582
278786
278814
278904
279099
279219
279241
279307
279317
279388
279443
279523
279534
279709
279722
279730
279859
279866
279894
280220
280234
280470
280602
280884
280914
280921
280971
280976
281005
281095
281101
281318
281382
281471
281579
281628
281844
282107
282520
282568
282617
282716
282896
282978
283166
283253
283362
283503
283526
283557
283562
283615
283780
283838
283844
283847
284046
284178
284222
284234
284274
284624
284675
284735
284798
284823
284866
284872
284963
285014
285258
285285
285342
285361
285459
285520
285660
285736
285809
285943
286139
286203
286222
286455
286488
286493
286594
286660
286768
286781
286820
286930
287089
287094
287197
287271
287344
287355
287398
287512
287678
287868
288005
288358
288378
288418
288698
288893
288897
288897
289105
289150
289220
289285
289791
289869
290148
290331
290331
290342
290609
290779
290869
290979
290979
291158
291193
291291
291388
291406
291425
291439
291586
291721
291827
292000
292049
292133
292143
292152
292270
292391
292398
292404
292487
292709
292931
293049
293200
293256
293308
293332
293338
293407
293443
293684
293743
293833
294026
294090
294103
294235
294321
294340
294389
294419
294541
294584
294754
295064
295109
295143
295148
295167
295264
295319
295333
295466
295509
295518
295547
295607
295651
295787
295886
295889
296115
296203
296304
296328
296353
296502
296527
296786
296887
296920
296976
297053
297097
297141
297371
297380
297573
297620
297680
297696
297845
298086
298312
298497
298702
298747
298752
298857
298942
298986
299176
299182
299359
299369
299422
299449
299666
299786
299897
300012
300019
300043
300111
300440
300569
300638
300801
300896
300930
301146
301237
301250
301377
301653
301694
301707
301789
301991
302085
302134
302136
302200
302220
302340
302404
302552
302656
302823
302874
303277
303314
303409
303466
303481
303528
303715
303886
304041
304084
304251
304494
304576
304662
304668
304682
304698
304774
304955
304990
305046
305078
305087
305376
305451
305464
305550
305639
305720
305722
305909
305982
306004
306157
306250
306269
306505
306505
306602
306667
306691
306858
306883
306964
306971
307060
307155
307271
307276
307367
307454
307476
307670
307746
307778
307832
307895
307965
307986
308071
308182
308417
308612
308663
308693
308698
308764
308816
309280
309328
309410
309482
309541
309562
309575
309588
309939
310098
310182
310278
310396
310462
310536
310559
310588
310645
310700
310704
310888
310948
311032
311074
311224
311341
311391
311416
311528
311555
311621
311666
311675
311765
311771
311779
311807
311877
312076
312145
312201
312235
312258
312266
312270
312295
312298
312302
312409
312488
312652
312699
312876
312893
312896
312933
313012
313012
313079
313273
313475
313548
313736
313812
313874
313967
313984
314052
314107
314177
314290
314323
314378
314434
314461
314879
315057
315145
315341
315343
315345
315794
315859
316030
316099
316768
316904
316904
316981
316985
317033
317110
317206
317304
317341
317364
317464
317511
317528
317547
317683
317687
317801
317809
317876
318196
318307
318539
318788
318911
318960
319003
319235
319411
319513
319520
319691
319696
319700
319767
319807
319873
319907
320023
320027
320102
320230
320383
320423
320596
320673
320752
320782
321089
321124
321189
321294
321309
321621
322043
322075
322191
322204
322255
322301
322327
322336
322548
322616
322636
322874
322915
322978
323009
323118
323502
323540
323618
323754
323904
324041
324043
324064
324104
324116
324187
324236
324281
324303
324395
324416
324427
324528
324554
324620
324636
324718
324745
324801
324995
325030
325071
325155
325351
325365
325411
325451
325453
325532
325654
325669
325961
325998
326031
326086
326139
326174
326206
326256
326414
326433
326673
326828
326911
326964
327026
327075
327206
327406
327484
327585
327645
327701
327754
327773
327789
327906
327919
327923
328050
328116
328167
328223
328399
328492
328616
328640
328720
328766
328794
328874
328907
329179
329281
329522
329718
329852
329867
329924
330036
330238
330332
330601
330614
330649
330952
331029
331380
331432
331437
331493
331532
331582
331670
331673
331720
331821
332077
332084
332311
332373
332416
332499
332620
332784
332806
332978
333230
333234
333292
333469
333567
333621
333640
333665
333697
333765
334038
334098
334196
334424
334449
334604
334730
334797
334805
334905
335085
335093
335501
335527
335530
335833
336078
336216
336306
336486
336537
336984
337025
337029
337135
337298
337367
337400
337542
337994
338457
338520
338526
338856
338870
339032
339111
339271
339324
339445
339590
339637
339649
339716
339750
340028
340055
340108
340125
340294
340715
340847
341046
341121
341337
341564
341641
341654
341729
341877
341960
342042
342059
342118
342219
342354
342441
342519
342689
342724
342733
342755
342779
342800
342813
342882
342913
343038
343064
343138
343214
343351
343550
343624
343718
343755
343761
343814
343851
343916
343965
344050
344182
344337
344396
344476
344654
344730
344808
344846
345022
345043
345057
345129
345219
345363
345478
345544
345571
345948
345960
346168
346190
346217
346223
346265
346277
346309
346389
346422
346639
346643
346759
346973
346990
347054
347134
347157
347354
347436
347550
347591
347658
347672
347715
347826
347869
348089
348159
348178
348183
348462
348597
348620
348688
348771
348872
349058
349120
349157
349198
349265
349277
349295
349442
349523
349760
349823
349842
349878
350012
350145
350152
350213
350257
350452
350623
350824
350832
350876
350892
350893
350944
351004
351168
351264
351375
351375
351547
351769
351848
352112
352115
352226
352235
352326
352549
352667
352800
352840
352889
352947
352977
352992
353167
353369
353388
353446
353599
353686
353699
353769
353843
353899
353926
353955
353994
354029
354069
354106
354132
354136
354164
354234
354249
354380
354401
354569
354775
355069
355123
355255
355274
355338
355354
355427
355476
355542
355809
355885
355955
356110
356112
356456
356491
356581
356960
357056
357086
357112
357170
357192
357339
357352
357536
357597
357688
357795
358019
358404
358410
358839
358876
358975
359079
359170
359317
359351
359539
359574
359641
359904
359915
360089
360228
360487
360495
360556
360650
360721
360857
360907
361070
361103
361149
361416
361464
361480
361556
361750
361913
361981
362033
362169
362180
362357
362387
362449
362506
362766
362833
363010
363034
363135
363144
363298
363556
363581
363591
363652
363703
363919
363929
364080
364238
364274
364334
364511
364584
364600
364701
364733
364872
364903
364910
364963
365004
365058
365101
365245
365358
365379
365408
365552
365584
365751
366088
366238
366260
366276
366449
366673
366696
366848
366883
366902
366928
367046
367071
367112
367385
367396
367464
367477
367514
367915
368072
368091
368114
368474
368513
368655
368792
368864
369068
369087
369118
369141
369283
369286
369385
369585
369586
369653
369827
369923
370265
370327
370545
370581
370622
370785
370947
371337
371666
372003
372144
372247
372308
372325
372418
372428
372475
372519
372581
372590
372591
372609
372676
372789
372920
372999
373119
373170
373198
373432
373734
373805
373847
374037
374091
374207
374210
374236
374367
374411
374468
374537
374582
374756
374820
374856
375343
375402
375603
375651
375703
375723
375897
375931
375931
376163
376256
376290
376477
376484
376492
376521
376646
376980
377134
377673
377704
378122
378316
378357
378380
378461
378799
378967
379111
379272
379310
379326
379463
379572
379680
379838
379918
379945
380048
380168
380739
381037
381127
381135
381153
381194
381254
381894
382056
382175
382311
382368
382372
382447
382486
382697
382742
382752
382900
383097
383103
383135
383241
383283
383284
383442
383575
383615
383629
383715
383767
383845
384081
384407
384457
384584
384626
384649
384902
384930
385127
385288
385311
385479
385480
385483
385492
385651
386051
386121
386132
386202
386302
386331
386442
386563
386613
386646
386675
386971
387028
387089
387256
387352
387402
387424
387521
387674
387843
387974
388033
388184
388218
388278
388293
388520
388655
388658
388803
388868
388910
389020
389031
389290
389498
389562
389636
389652
389698
389924
389978
390022
390115
390242
390386
390446
390686
390870
390941
390974
391180
391217
391219
391247
391334
391414
391480
391666
391683
391800
391924
391926
391973
392082
392110
392162
392228
392283
392370
392496
392500
392532
392561
392563
392686
392695
392718
392741
392776
392810
392822
393022
393140
393300
393641
393677
393727
394073
394254
394264
394275
394291
394469
394567
394575
394657
394687
394692
394844
394893
394936
395021
395071
395072
395351
395357
395446
395558
395586
395948
396043
396060
396128
396157
396222
396354
396377
396439
396489
396558
396559
396761
396797
397060
397283
397314
397356
397633
397755
397886
397915
397935
398026
398171
398378
398384
398677
398725
398768
398841
398855
398953
398997
399112
399368
399594
399826
399902
399924
400046
400079
400091
400319
400417
401116
401131
401155
401423
401458
401510
401697
401752
401886
402061
402091
402123
402124
402251
402321
402328
402381
402495
402986
403022
403208
403237
403394
403407
403527
403577
403690
403715
403785
403846
403890
403951
403954
404024
404138
404242
404251
404281
404318
404332
404373
404496
404648
404674
404820
404921
404967
405060
405270
405335
405428
405604
405629
405656
405691
405764
405901
405928
405931
406013
406158
406175
406178
406237
406294
406602
406749
406828
407004
407086
407123
407153
407199
407268
407855
407862
407911
407931
408042
408058
408116
408120
408356
408492
408710
408740
408779
408992
409040
409260
409276
409420
409593
409623
409644
409709
409951
410016
410115
410128
410177
410355
410566
410568
410795
410866
410873
410876
411026
411105
411208
411260
411562
411622
411739
411799
411843
411893
411952
412262
412269
412273
412324
412423
412521
412550
412561
412777
412780
412786
412799
412892
412929
412932
413269
413329
413375
413480
413784
413793
413926
413966
414170
414226
414360
414362
414401
414636
414784
414869
415081
415258
415298
415337
415364
415501
415599
415690
415839
416103
416249
416418
416612
416673
416838
416887
416915
416921
417010
417130
417219
417266
417547
417606
417656
417739
418050
418230
418234
418255
418347
418485
418485
418787
418866
418913
419051
419350
419354
419366
419509
419709
419994
420044
420117
420149
420156
420199
420203
420204
420318
420468
420479
420539
420623
420680
420685
421056
421148
421292
421309
421355
421363
421453
421527
421607
421612
421727
421787
421866
422223
422380
422439
422507
422556
422604
422693
422795
422822
422856
422867
422892
423105
423161
423195
423230
423281
423360
423473
423478
423510
423536
423572
423769
423816
423865
423943
423999
424099
424204
424573
424671
424795
425003
425133
425408
426138
426175
426262
426406
426433
426578
426674
426700
426866
426900
426993
427005
427051
427054
427190
427220
427355
427366
427414
427519
427609
427617
427626
427791
427862
427892
428102
428126
428264
428344
428404
428407
428595
428808
428884
429006
429128
429219
429233
429275
429346
429552
429863
429886
430045
430112
430134
430203
430221
430428
430573
430706
430861
430934
430956
430967
431027
431038
431289
431302
431461
431531
431532
431637
431646
431722
431738
431908
431972
432087
432094
432177
432243
432333
432343
432422
432447
432465
432747
432750
432795
432878
432938
433055
433068
433215
433218
433238
433675
433685
433866
433917
433998
434152
434264
434559
434583
434867
435165
435258
435430
435544
435594
435616
435694
435763
435967
436104
436119
436145
436205
436208
436254
436355
436443
436602
436713
436733
436830
437010
437181
437211
437284
437437
437584
437606
437630
437761
437781
438079
438124
438270
438305
438335
438480
438590
438651
438838
438955
438958
438987
438991
439031
439105
439166
439220
439223
439251
439449
439504
439512
439652
439701
439755
439789
440007
440101
440316
440415
440496
440529
440533
440561
440578
440621
440641
440763
440792
440807
440816
440929
441001
441033
441044
441088
441254
441411
441432
441661
441866
441926
442008
442271
442319
442349
442528
442632
442846
442869
442927
442936
443044
443178
443235
443353
443369
443625
443728
443742
443859
444119
444313
444391
444691
444892
445086
445101
445211
445256
445263
445417
445790
445815
445828
445880
445892
446017
446066
446127
446687
446703
446832
446883
446918
447038
447273
447336
447408
447409
447431
447789
447792
447991
448019
448028
448063
448087
448155
448178
448391
448495
448622
449041
449057
449287
449426
449426
449751
449842
449963
450110
450239
450509
450576
450786
450805
450807
450812
450871
450950
450957
451058
451090
451165
451645
451680
451832
451968
452013
452055
452127
452277
452492
452613
452706
452738
452796
452799
452907
453013
453062
453219
453340
453412
453415
453449
453812
453816
454397
454446
454466
454519
454632
454640
454720
454923
454933
455176
455660
455664
455669
455773
455908
455947
455955
456009
456015
456162
456572
456651
457056
457226
457231
457455
457504
457615
457817
457817
457948
458008
458145
458151
458208
458273
458285
458306
458341
458464
458485
458522
458540
458566
458650
458666
458789
458832
458838
459054
459128
459163
459248
459274
459394
459544
459553
459741
459816
459860
460046
460122
460153
460171
460221
460275
460648
460811
461122
461231
461315
461344
461479
462016
462153
462272
462289
462316
462334
462481
462581
462729
462758
462760
462980
463051
463086
463228
463527
463548
463731
463751
464257
464263
464311
464502
464777
464878
465063
465114
465268
465313
465379
465396
465460
465545
465673
465814
465974
465994
465999
466216
466311
466334
466352
466429
466477
466493
466552
466594
466680
466861
466999
467079
467082
467162
467590
467825
467832
467880
468181
468356
468357
468416
468615
468674
468728
468942
469057
469195
469264
469336
469388
469475
469528
469595
469948
469966
470138
470142
470305
470400
470435
470458
470495
470585
470859
471036
471170
471238
471741
471817
472079
472102
472883
472931
472949
472953
473248
473347
473359
473451
473505
473509
473547
473638
473658
473857
473981
474216
474434
474540
474739
475074
475178
475215
475280
475293
475323
475339
475342
475448
475672
475917
476021
476047
476147
476329
476477
476487
476514
476559
476631
476784
476825
476989
476997
477163
477172
477639
477775
477883
477981
478058
478098
478313
478363
478476
478559
478772
478808
478857
478860
479422
479756
479779
479813
479819
479831
479846
479862
479879
480079
480105
480181
480347
480366
480419
480487
480546
480570
480573
480586
480638
480722
480861
480947
480990
481063
481172
481235
481266
481319
481390
481396
481459
481509
481626
481661
481916
481919
481941
482025
482043
482186
482198
482265
482297
482299
482552
482920
482953
482962
483032
483182
483272
483438
483454
483737
483757
483917
484237
484331
484352
484453
484457
484506
484803
484810
484813
484995
485032
485099
485259
485412
485566
485653
485712
485722
485775
485855
486107
486200
486350
486459
486500
486552
486673
486681
486743
486748
486787
486862
487032
487079
487146
487229
487350
487474
487740
487881
487976
487987
488057
488104
488201
488346
488385
488518
488525
488672
488740
489123
489389
489410
489579
489606
489630
489774
489865
489901
489944
489955
490227
490260
490276
490307
490319
490356
490494
490519
490760
490773
490806
490864
490920
490952
490961
491053
491191
491459
491523
491734
491960
491992
492045
492152
492253
492382
492636
493009
493014
493053
493271
493273
493309
493439
493693
493744
493759
493787
493826
493860
493912
493985
494046
494074
494121
494448
494459
494530
494536
494746
494850
494982
495025
495084
495154
495460
495523
495695
495777
495928
496006
496221
496809
497043
497212
497306
497447
497490
497571
497815
497827
498112
498114
498128
498165
498496
498522
499004
499019
499136
499219
499287
499500
499528
499570
499621
499747
500067
500104
500144
500215
500410
500547
500604
500638
500750
500864
501054
501126
501156
501190
501196
501248
501481
501679
501804
501848
501855
501912
502149
502288
502334
502351
502443
502450
502479
502736
502803
502842
503018
503256
503307
503347
503353
503356
503429
503500
503614
503621
504182
504470
504581
504718
504720
504790
504916
504970
505189
505195
505279
505414
505482
505579
505738
505751
505993
506045
506105
506106
506207
506313
506444
506490
506603
506748
506853
506870
506949
507085
507095
507208
507251
507362
507429
507450
507520
507659
507672
507770
508012
508018
508069
508102
508140
508320
508458
508608
508975
509062
509190
509370
509629
510082
510205
510301
510352
510463
510504
510651
510682
510712
510741
510748
510763
510997
511003
511015
511396
511397
512035
512135
512169
512450
512536
512569
512757
512814
512892
512959
513084
513252
513851
513890
513947
513977
514020
514057
514152
514168
514180
514259
514304
514307
514338
514367
514442
514473
514573
514655
514688
514698
514703
514913
514914
514927
514940
515001
515011
515198
515506
515585
515746
515901
515927
515963
516045
516175
516366
516520
516610
516710
516874
516993
517009
517034
517113
517122
517281
517450
517631
517734
517842
517999
518021
518128
518650
518662
518681
518835
518857
518872
518877
518897
519072
519136
519140
519330
519338
519426
519503
519544
519585
519703
519717
519754
519786
519858
520050
520117
520118
520407
520557
520622
520899
520950
521065
521073
521075
521096
521119
521320
521330
521332
521890
521997
522036
522135
522306
522449
522451
522484
522531
522585
523062
523087
523095
523125
523152
523181
523359
523542
523717
523731
523886
523916
524031
524256
524560
524641
524686
524854
524929
524939
524954
524971
524993
525065
525173
525361
525462
525466
525611
525681
525753
525763
525824
525915
526017
526104
526204
526207
526472
526646
526819
526869
527002
527331
527332
527396
527565
527741
527888
528006
528423
528547
528660
528805
528946
529038
529098
529136
529155
529163
529167
529172
529175
529244
529421
529637
529835
529999
530201
530219
530253
530328
530386
530427
530455
530480
530691
530701
530795
530926
531175
531420
531505
531626
531661
531812
531912
531939
532238
532247
532251
532416
532452
532726
532730
532734
532813
532839
532861
532865
532880
533036
533145
533456
533489
533589
533627
533655
533858
533939
533956
533999
534017
534529
534535
534628
534632
534816
534841
534859
535163
535386
535411
535458
535690
535724
535940
536115
536269
536366
536477
536526
536558
536696
536713
537073
537194
537250
537299
537584
537646
537705
537786
537895
538034
538058
538065
538117
538130
538145
538197
538225
538446
538543
538855
538900
538931
539043
539113
539121
539238
539258
539455
539484
539522
539727
539729
539738
539764
539768
539880
539930
540074
540338
540374
540433
540447
540591
540611
540661
540675
540692
540760
540788
540833
540883
540936
540964
541059
541121
541197
541336
541422
541433
541461
541465
541723
541733
541770
541913
542058
542124
542233
542245
542417
542501
542629
542902
542946
542967
543048
543144
543203
543413
543446
543584
543617
543656
543709
543747
543767
543845
543977
544162
544275
544442
544481
544514
544790
544864
544976
545077
545081
545150
545275
545292
545483
545564
545717
545763
546020
546113
546144
546158
546299
546393
546465
546669
546697
546707
546746
546957
547182
547242
547429
547509
547520
547611
547647
547649
547826
547879
548001
548137
548344
548346
548440
548451
548656
548730
548779
548994
549251
549353
549389
549581
549699
549870
549999
550105
550114
550309
550366
550397
550669
550682
550716
550757
550868
550926
550984
551018
551034
551035
551058
551219
551313
551529
551610
551872
551917
551942
551946
552007
552089
552119
552144
552208
552212
552251
552309
552350
552548
552585
552589
552626
552867
552891
553040
553194
553320
553326
553750
553886
553912
553936
553989
554110
554131
554283
554509
554714
554891
554951
554990
554997
555055
555346
555509
555621
555699
555944
555971
556057
556073
556089
556093
556188
556317
556424
556453
556710
556712
556734
556797
556979
557296
557387
557583
557723
557815
557815
557917
557926
557938
557985
558131
558598
558938
559131
559178
559421
559686
559756
559770
559871
559886
559967
560131
560223
560331
560441
560604
560643
560824
560924
561084
561097
561149
561202
561299
561354
561398
561546
561787
561887
562159
562246
562520
562596
562689
562733
562805
562997
563133
563213
563259
563504
563563
563894
563959
564091
564248
564784
564818
564906
565148
565171
565214
565340
565442
565521
565787
566084
566101
566111
566206
566292
566489
566631
566678
566747
566915
566925
566963
566981
567038
567077
567193
567250
567262
567279
567340
567347
567433
567465
567468
567578
567913
567986
568134
568147
568152
568266
568281
568650
568665
568761
568772
568844
568942
569013
569214
569289
569300
569341
569464
569638
569638
569641
569664
569667
569703
569759
569897
570197
570223
570244
570346
570398
570576
570823
570865
570932
571100
571289
571332
571389
571452
571473
571532
571795
571976
572008
572045
572104
572211
572338
572351
572678
572696
572761
572764
573000
573028
573138
573208
573258
573341
573430
573456
573546
573610
573784
573824
573860
574104
574252
574646
574716
574885
575030
575139
575175
575199
575232
575397
575646
575908
575984
576105
576284
576549
576845
576973
577111
577149
577162
577213
577234
577248
577506
577553
577764
577942
578001
578064
578100
578130
578217
578847
578906
579470
579473
579478
579512
579526
579848
579993
580056
580173
580332
580360
580519
580597
580641
580646
580683
580715
580734
580762
580948
580963
581199
581405
581420
581500
581526
581526
581568
581706
581734
581959
581980
582140
582210
582522
582560
582594
582612
582792
582821
582882
582979
583040
583051
583168
583187
583316
583341
583506
583567
583786
583906
583963
584067
584070
584126
584190
584669
584784
584824
585027
585063
585269
585320
585586
585608
585907
585971
586569
586582
586621
586672
586713
586844
586897
587201
587395
587522
587909
587952
588010
588046
588140
588195
588403
588429
588468
588543
588555
588682
588786
588878
588922
588924
589116
589154
589240
589269
589304
589365
589431
589528
589568
589601
589712
589758
590004
590015
590033
590237
590399
590506
590532
590599
590620
590703
590892
591041
591129
591456
591482
591635
591648
591879
592036
592046
592141
592202
592307
592330
592396
592423
592493
592683
592685
592768
592828
592971
593014
593534
593682
593782
593992
594066
594128
594136
594308
594368
594376
594445
594546
594782
594800
594936
594938
594968
595106
595137
595208
595228
595321
595357
595371
595378
595400
595484
595568
595593
595796
595813
595876
596014
596040
596174
596251
596295
596504
596529
596538
596567
596655
596743
596890
596915
597143
597203
597204
597210
597328
597533
597567
597628
597645
597802
597867
598041
598184
598430
598439
598713
598863
598898
599109
599146
599247
599313
599382
599431
599445
599464
599503
599543
599609
599717
599748
599818
599888
600030
600091
600328
600554
600595
600656
600668
600713
600776
600970
601044
601180
601281
601348
601580
601706
601770
601774
601869
601922
601938
602149
602300
602416
602748
602749
602917
603055
603078
603105
603241
603258
603297
603347
603535
603540
603544
603640
603648
603804
603813
603915
604088
604096
604229
604261
604318
604329
604388
604389
604394
604412
604491
604497
604618
604730
604750
604795
604800
604999
605024
605041
605514
605619
605829
605841
605853
606189
606196
606282
606466
606561
606637
606695
606707
606773
606919
606957
607095
607140
607146
607345
607497
607618
607679
607741
607781
607929
608073
608155
608242
608269
608288
608307
608430
608522
608701
608765
608907
608931
608996
609048
609330
609568
609690
609700
609873
610053
610421
610913
611003
611082
611130
611177
611209
611252
611339
611612
611673
611794
611970
612042
612231
612249
612365
612531
612654
612728
612828
612958
612966
613031
613051
613054
613070
613216
613255
613726
613768
613804
613943
614119
614286
614661
614820
614884
615101
615214
615219
615362
615514
615566
615773
615789
615852
616127
616245
616265
616271
616426
616440
616457
616573
616688
616793
616977
617234
617403
617497
617633
618022
618233
618278
618285
618402
618482
618497
618629
618829
618851
618966
619016
619085
619191
619458
619477
619585
619699
619840
619940
619974
620164
620280
620299
620300
620348
620380
620408
620457
620473
620489
620727
620884
620989
621008
621016
621205
621475
621499
621644
621782
621866
621899
621962
621981
622125
622206
622335
622690
622733
622812
623144
623193
623219
623228
623350
623492
623732
623784
624003
624092
624330
624438
624488
624505
624515
624577
624634
625021
625155
625314
625332
625368
625458
625507
625567
625570
625602
625815
625847
625847
625860
625889
625993
626042
626271
626611
626632
626804
626809
626953
626972
627095
627405
627553
627737
627771
627885
627958
627972
628074
628145
628279
628350
628553
628658
628668
628920
628962
628990
629053
629396
629485
629568
629755
629787
629818
629858
630018
630023
630063
630125
630441
630641
631259
631259
631346
631374
631430
631629
631639
631897
631915
632031
632247
632603
632669
632705
632716
632753
632979
633145
633403
633476
633670
633868
633918
633920
634024
634182
634270
634329
634408
634538
634599
634809
634906
635116
635192
635193
635265
635284
635314
635344
635450
635623
635623
635722
635813
635871
635960
636069
636091
636105
636183
636520
636524
636712
636725
636764
636803
636830
636862
637269
637326
637434
637487
637597
637641
637775
637871
637874
637950
638120
638130
638276
638310
638340
638633
638673
638756
638852
639168
639257
639461
639781
639786
639826
640037
640224
640236
640397
640610
640769
640770
641032
641238
641296
641373
641812
641955
642005
642048
642069
642083
642097
642261
642292
642434
642458
642528
642578
642620
642679
642793
643002
643142
643351
643633
643649
643686
643784
643925
644127
644148
644239
644250
644343
644354
644559
644617
644673
644735
644838
644901
645058
645079
645420
645682
645724
645838
645868
645982
646429
646457
646528
646534
646576
646633
646742
646802
646816
647037
647052
647086
647102
647157
647168
647283
647337
647430
647482
647597
647622
647664
647762
647774
647846
647887
647962
648113
648175
648225
648238
648354
648399
648478
648486
648666
648684
648919
649070
649175
649230
649468
649493
649508
649883
650191
650204
650230
650306
650334
650438
650465
650528
650532
650580
650680
650695
650714
650827
651069
651300
651498
651508
651526
651561
651641
651711
651773
651776
651944
651983
652018
652108
652124
652304
652317
652374
652423
652431
652636
652977
652984
653042
653102
653221
653242
653466
653699
653703
653800
653955
653981
654437
654507
654627
654653
654696
654930
654931
654954
655266
655319
655445
655504
655679
655813
656179
656242
656292
656335
656463
656637
656753
656792
656904
656977
656998
657005
657248
657309
657368
657440
657446
657654
658128
658418
658527
658671
658796
658895
659031
659126
659273
659366
659367
659466
659727
659932
660020
660154
660179
660197
660205
660298
660312
660782
660791
660836
660883
660967
661023
661228
661270
661280
661345
661346
661380
661702
661727
661739
661856
661973
662040
662133
662183
662350
662350
662482
662522
662529
662679
662802
662856
662861
662877
663122
663126
663289
663415
663477
663583
663640
663714
663971
664091
664106
664154
664370
664370
664640
664744
664749
664855
664872
664949
665196
665235
665282
665364
665389
665519
665523
665827
665884
666000
666058
666078
666082
666123
666128
666207
666233
666397
666464
666479
666547
666573
666806
666832
666918
666939
667221
667430
667433
667559
667569
667627
667651
667681
667698
667793
667937
668175
668198
668243
668597
668858
668947
669026
669067
669244
669271
669305
669592
669699
670004
670043
670080
670645
670678
670690
670848
670865
670957
671049
671113
671477
671509
671541
671755
671836
671865
671941
671952
672229
672468
672728
672956
672993
673035
673240
673252
673528
673639
673724
673732
673824
673825
673922
673974
674032
674084
674145
674554
674587
674761
674888
675035
675083
675104
675157
675339
675743
675758
675805
675967
676001
676174
676252
676289
676307
676329
676409
676409
676605
676638
676726
676990
677033
677226
677266
677269
677295
677301
677358
677395
677442
677690
677690
677805
677813
677899
677903
678027
678089
678091
678110
678111
678136
678321
678346
678355
678550
678753
678869
678898
679009
679073
679179
679265
679269
679629
679656
679656
679671
679765
680059
680333
680797
680864
681053
681077
681156
681263
681363
681436
681454
681461
681499
681541
681662
681730
681835
681981
682036
682089
682123
682290
682297
682332
682335
682428
682436
682441
682463
682577
682611
682699
682906
682983
683004
683083
683119
683232
683422
683477
683603
683613
683733
683999
684048
684252
684364
684366
684402
684479
684498
684569
684571
684597
684729
684796
684917
684994
685501
685549
685713
685776
685788
685844
686060
686188
686361
686525
686576
686709
686711
686720
686817
686886
687062
687240
687278
687296
687444
687491
687540
687747
687797
687891
688166
688252
688285
688360
688453
688603
688711
688739
688750
688938
689026
689240
690137
690157
690183
690183
690284
690459
690535
690712
690947
691018
691085
691133
691149
691202
691237
691396
691430
691439
691548
691577
691689
691819
691926
692074
692104
692170
692348
692430
692507
692563
692684
692702
692882
692940
692947
693053
693172
693185
693216
693396
693494
693502
693855
693952
693981
694026
694123
694194
694228
694329
694372
694493
694566
694657
694717
694793
695055
695113
695204
695218
695319
695429
695469
695574
695739
695932
696042
696139
696432
696491
696557
696851
696920
697022
697083
697107
697260
697317
697322
697383
697757
697810
697876
698168
698222
698263
698353
698380
698455
698728
698857
698923
698931
698942
699122
699130
699135
699255
699315
700002
700021
700248
700250
700269
700290
700414
700562
700594
700656
700662
700769
700782
700877
700898
700919
701129
701193
701279
701441
701462
701602
701653
701874
702117
702188
702362
702375
702378
702471
702484
702499
702512
702675
702804
702874
702936
703048
703188
703235
703402
703429
703681
703744
703750
703758
704106
704114
704256
704270
704346
704455
704479
704776
704912
705053
705085
705136
705356
705364
705672
705755
705877
706062
706238
706343
706376
706562
706874
706888
706925
707120
707323
707486
707545
707582
707706
707785
707970
708069
708315
708435
708587
708673
708885
709124
709198
709200
709375
709426
709622
709930
710066
710084
710229
710251
710256
710521
710529
710536
710564
710632
710634
710754
710918
710986
711430
711787
711895
711935
712265
712287
712314
712327
712425
712450
712487
712694
712740
712814
712951
712971
713050
713290
713383
713453
713633
714018
714134
714180
714184
714237
714377
714485
714498
714726
714997
715141
715461
715491
715525
715575
715601
715857
715881
715899
716529
716532
716812
716881
717035
717089
717129
717215
717257
717336
717529
717797
717802
717882
718173
718195
718262
718535
718609
718615
718749
718990
719106
719154
719220
719251
719645
719683
719807
719960
720073
720108
720119
720142
720226
720309
720319
720439
720444
720620
720737
720845
720933
720976
721040
721114
721160
721251
721373
721420
721501
721525
721562
721663
721672
721735
721863
721882
722151
722180
722549
722674
722723
723045
723086
723151
723300
723469
723565
723590
723642
723756
723810
723985
724008
724230
724282
724298
724435
724490
724521
724617
724618
724659
724777
724892
725184
725348
725572
725848
725976
726037
726058
726113
726145
726283
726319
726321
726395
726683
726719
726944
726949
726993
727165
727247
727433
727484
727492
727524
727544
727607
727636
727707
727980
727981
728143
728188
728210
728271
728718
728735
728842
728861
728949
728961
729501
729555
729588
729624
729651
729653
729716
729740
729943
729967
730043
730057
730067
730144
730596
730724
730742
730810
730812
730848
730884
730906
730949
731011
731195
731303
731435
731612
731621
731724
731822
731965
732115
732127
732316
732389
732472
732609
732611
732654
732725
732918
732938
732940
733169
733264
733362
733377
733394
733468
733878
734124
734203
734238
734284
734460
734471
734554
734626
734790
735119
735121
735145
735165
735190
735263
735470
735512
735674
735684
736034
736220
736298
736396
736425
736466
736605
736673
736679
736690
736902
736943
736947
737009
737012
737204
737259
737291
737351
737542
737695
737791
737822
737834
737842
737890
738014
738146
738517
738740
738760
738792
738822
739103
739106
739120
739352
739370
739379
739404
739416
739549
739554
739718
739769
739852
739997
740016
740113
740280
740598
740829
740982
741026
741156
741224
741457
741499
742236
742403
742555
742574
742907
742949
743014
743159
743177
743232
743247
743308
743562
743670
743681
743715
743894
744143
744281
744512
744518
744846
744852
744902
744933
744997
745271
745278
745308
745346
745478
745634
746052
746215
746359
746364
746522
746637
746683
746807
747000
747017
747094
747221
747252
747321
747481
747505
747516
747561
747772
747834
748004
748191
748251
748296
748328
748492
748588
748739
748823
748926
748941
749030
749072
749128
749328
749474
749502
749529
749611
749612
749653
749789
749910
749981
750023
750523
750524
750722
750735
750821
750834
750894
750969
751114
751155
751157
751225
751407
751410
751418
751515
751740
751763
751780
751847
752038
752188
752213
752431
752492
752497
752553
752596
752642
752883
752985
752991
753009
753023
753027
753031
753083
753327
753395
753425
753637
753674
753713
753730
753795
753827
753870
753924
753947
754292
754316
754318
754360
754469
754956
755039
755283
755306
755396
755479
755485
755538
755591
755679
756014
756015
756080
756299
756397
756610
756647
756753
756836
756908
757071
757111
757165
757190
757484
757549
757576
757680
757902
758110
758133
758223
758266
758290
758317
758379
758472
758589
758819
759244
759374
759425
759816
759847
759916
760036
760059
760158
760452
760631
760632
760641
760680
760713
760818
760868
760873
761143
761188
761188
761299
761680
761835
761926
761957
762054
762063
762080
762125
762260
762463
762594
762837
762966
763131
763262
763739
763777
763858
763924
763993
764060
764069
764155
764463
764484
764500
764522
764528
764742
764882
764953
765217
765395
765682
765868
765923
765925
765937
765960
765993
766045
766151
766232
766444
766591
766661
766685
766762
766956
767028
767214
767249
767886
767955
767999
768101
768639
768672
768693
768716
768811
768866
768977
768991
769061
769091
769145
769412
769477
769501
769547
769633
769924
770005
770087
770091
770185
770192
770239
770290
770534
770541
770686
770743
770850
770853
770929
770963
770989
771259
771335
771363
771400
771419
771425
771539
771712
771745
771876
771911
771982
772049
772167
772240
772267
772385
772473
772669
772676
772779
772870
772976
773143
773210
773457
773542
773613
773703
773705
773803
773864
773871
773923
773944
774275
774278
774305
774521
774794
774810
774871
775023
775133
775385
775471
775569
775752
775752
776012
776167
776188
776250
776285
776552
776775
776786
776871
776889
777077
777231
777466
777513
777523
777564
777606
777616
777701
777737
777778
777993
778010
778074
778326
778430
778467
778715
778755
778763
778895
778964
778983
779081
779147
779152
779161
779214
779216
779455
779461
779538
779610
779803
779938
779956
779957
780234
780360
780429
780510
780843
780939
780948
780993
781528
781674
781730
782048
782197
782210
782429
782558
782586
782894
782922
782958
782983
783180
783331
783345
783457
783503
783542
783607
783736
783742
783802
784035
784147
784150
784497
784561
784683
784684
784775
784893
784977
784978
785021
785053
785099
785132
785216
785385
785409
785818
785859
785915
785984
785988
786156
786231
786252
786364
786415
786422
786586
786597
786704
786714
786827
786872
787118
787229
787243
787262
787279
787417
787537
787604
787990
788146
788341
788346
788381
788513
788544
788612
788702
788739
788786
788815
789042
789112
789276
789519
789523
789648
789718
789807
789951
790128
790698
790710
790713
790770
791239
791457
791494
791514
791617
792005
792243
792295
792555
792576
792756
792815
792821
793014
793092
793165
793217
793474
793597
793784
793959
793963
793966
794319
794400
794627
794707
794829
794840
795011
795074
795217
795248
795571
795652
795696
795700
795830
796201
796249
796400
796458
796529
796576
796658
796864
796872
796901
797044
797068
797144
797167
797292
797339
797415
797716
797752
797766
797885
797889
797925
798015
798054
798179
798195
798229
798329
798486
798504
798768
798943
798963
798982
799175
799233
799349
799393
799425
799427
799501
799577
799633
799989
800033
800088
800105
800297
800324
800460
800502
800773
800876
801115
801135
801197
801197
801243
801269
801319
801373
801402
801744
801784
801824
801995
802043
802088
802155
802215
802285
802331
802355
802695
802925
802929
803210
803343
803470
803611
803722
803885
803957
804010
804058
804156
804214
804450
804468
804494
804774
804795
804954
804968
805033
805102
805133
805208
805281
805381
805389
805389
805550
805764
805862
806080
806195
806226
806384
806462
806534
806660
806667
806698
806807
806808
806889
806901
806962
806990
807038
807149
807238
807308
807370
807436
807617
807972
808166
808319
808395
808398
808407
808440
808594
808669
808813
808895
808909
808914
809113
809118
809204
809236
809357
809378
809394
809408
809571
809577
809619
809660
809819
810150
810171
810200
810627
810849
810884
810950
811182
811672
811676
811762
811841
811885
811915
812070
812094
812106
812406
812437
812453
812749
812873
812884
812975
813090
813129
813365
813435
813471
813501
813655
813688
813799
813939
814125
814210
814215
814389
814430
814440
814625
814788
814795
814806
814853
815219
815532
815592
816266
816334
816589
816784
816833
816872
816911
816972
817151
817200
817337
817492
817526
817573
817574
817583
817794
817898
817923
818012
818110
818128
818210
818336
818358
818385
818667
818781
818838
818899
818920
818994
819007
819093
819151
819356
819456
819529
819588
819606
819767
819799
819805
819993
820069
820148
820388
820416
820451
820471
820487
820602
820649
820729
820779
820788
820811
820886
820921
820938
820972
821092
821098
821393
821597
821601
821632
821688
822005
822142
822192
822211
822323
822353
822367
822567
822641
822703
822821
822969
822978
822994
823020
823033
823161
823202
823230
823409
823451
823611
823633
823810
824082
824174
824202
824634
824689
824718
824753
824790
824871
824873
824902
824994
825008
825039
825049
825180
825221
825630
825857
826052
826225
826357
826370
826375
826509
826538
826559
826830
827126
827196
827269
827315
827338
827346
827352
827540
827676
827817
828021
828170
828279
828328
828480
828567
828650
828709
828757
828871
828965
829037
829045
829046
829159
829272
829296
829467
829553
829680
829970
830061
830262
830270
830291
830311
830335
830565
830697
830891
830922
831060
831091
831165
831236
831285
831329
831334
831347
831390
831402
831665
831773
831964
831992
832019
832027
832124
832190
832231
832279
832360
832402
832493
832655
832807
832814
832837
832907
832994
833023
833075
833144
833176
833269
833303
833402
833463
833570
833762
833773
833907
833908
833948
834102
834167
834177
834207
834337
834438
834471
834543
834805
834862
834874
834974
835140
835221
835281
835361
835488
835496
835516
835569
835580
835589
835745
835790
836009
836293
836315
836440
836648
836696
836757
836772
836870
836932
836970
837071
837264
837270
837291
837460
837563
837655
837664
837705
837718
837944
838138
838276
838384
838652
838796
838897
839019
839060
839078
839193
839204
839528
839671
839720
839781
840003
840014
840024
840050
840112
840140
840141
840153
840185
840222
840248
840257
840271
840314
840360
840360
840404
840492
840583
840761
840988
841048
841208
841266
841321
841571
841724
841734
841927
842007
842016
842055
842141
842181
842218
842318
842341
842391
842512
842543
842575
842725
842801
842872
842886
842951
842962
843017
843067
843319
843323
843582
843591
843635
843668
843750
843924
844098
844118
844264
844269
844453
844465
844568
844599
844673
844679
844723
844773
844794
844815
844952
844993
845054
845179
845181
845225
845311
845361
845387
845395
845436
845525
845577
845630
846147
846158
846179
846291
846293
846314
846367
846383
846392
846399
846481
846517
846545
846667
846953
847054
847169
847192
847391
847528
847617
847837
848017
848089
848284
848292
848449
848649
848656
848657
848689
849180
849204
849233
849302
849403
849602
849799
849871
849885
849894
849962
849974
850154
850261
850392
850412
850414
850476
850506
850764
850806
850903
850908
850930
850937
851082
851147
851237
851241
851401
851432
851499
851532
851822
851833
851880
852066
852335
852424
852509
852685
852716
852870
852947
852963
853042
853086
853109
853134
853182
853342
853360
853375
853429
853525
853556
853615
853674
853682
853764
853858
854143
854240
854330
854393
854680
854727
854802
854916
854929
855130
855440
855619
855640
855949
856122
856139
856197
856282
856338
856374
856428
856540
856579
857029
857145
857170
857227
857292
857340
857343
857348
857654
857848
857985
858180
858216
858227
858339
858402
858432
858479
858556
858566
858608
858736
858843
859035
859043
859130
859142
859193
859482
859531
859593
859606
859765
859888
859934
860092
860231
860347
860395
860545
860587
860624
860732
860773
860798
860860
860980
860996
861052
861107
861114
861185
861246
861281
861311
861494
861497
861497
861610
861612
861644
861665
861759
862080
862337
862368
862383
862443
862530
862856
862937
863056
863432
863452
863529
863628
863769
863888
863959
864004
864141
864297
864347
864457
864569
864742
864747
864856
864900
864905
865208
865222
865447
865522
865552
865593
865607
865657
865733
865782
865814
866042
866051
866183
866244
866303
866350
866411
866412
866606
866639
866655
866923
866976
867289
867373
867380
867602
867701
867704
867750
867757
867805
868139
868145
868287
868417
868602
868613
868890
868908
868958
868967
869258
869340
869458
869461
869688
869723
869794
869811
869899
869932
869968
870005
870021
870545
870655
870748
870750
870755
870756
870865
870901
870971
871006
871181
871195
871403
871627
871839
871840
871903
871975
872335
872385
872450
872744
872825
872834
872838
873049
873059
873114
873235
873523
873693
873719
873727
873757
873762
873809
873866
874151
874275
874599
874676
874769
874784
874846
874859
874864
874879
875463
875518
875611
875996
876053
876071
876140
876180
876241
876270
876382
876540
876560
876596
876613
876981
877120
877183
877215
877219
877327
877545
877582
877597
878019
878022
878098
878185
878291
878375
878482
878528
879236
879315
879343
879469
879513
879515
879526
879551
879999
880102
880129
880180
880225
880228
880454
880487
880621
880637
880931
880980
881258
881302
881337
881358
881471
881536
881541
881855
882036
882071
882185
882284
882296
882329
882426
882526
882606
882679
882681
882797
882994
883044
883079
883092
883193
883482
883522
883602
883608
883681
883682
883701
883792
883916
883950
883984
884188
884259
884316
884332
884426
884540
884621
884966
885100
885247
885641
885686
885741
885867
885984
886022
886101
886295
886389
886605
886674
886689
886691
887193
887226
887296
887423
887490
887631
887644
887728
887742
887762
887884
888231
888338
888357
888427
888585
888766
889036
889058
889083
889308
889578
889598
889795
889795
889860
890066
890105
890156
890345
890368
890431
890659
890721
890852
890933
891005
891142
891306
891425
891481
891595
891766
891870
891969
892019
892104
892143
892207
892335
892520
893083
893173
893229
893413
893439
893569
893638
893653
893668
893773
893775
894006
894023
894060
894112
894149
894266
894393
894469
894567
894631
895328
895442
895763
895810
895882
895885
895936
895953
895967
896049
896106
896145
896343
896343
896529
896837
896876
896932
896959
897440
897510
897701
897729
897804
898003
898048
898149
898230
898255
898409
898466
898514
898550
898571
898587
898874
898907
898986
899171
899220
899263
899303
899343
899404
899562
899634
899745
899765
900049
900081
900185
900343
900404
900463
900985
901010
901011
901019
901052
901079
901090
901194
901194
901341
901348
901460
901465
901498
901530
901597
901627
901667
901708
901733
901744
901813
901881
901882
902059
902260
902381
902448
902462
902495
902594
902628
902857
902918
902930
902934
903014
903039
903141
903263
903321
903426
903485
903526
903851
903896
903990
904085
904258
904366
904370
904653
904867
904947
904952
904961
905171
905172
905255
905289
905551
905756
905838
905857
906041
906075
906285
906360
906390
906437
906451
906551
906558
906718
906727
906751
906814
907056
907183
907268
907445
907456
907576
907715
907771
907815
907863
907883
907894
907965
908046
908102
908115
908412
908495
908566
908689
908818
908909
908953
908979
909026
909029
909049
909053
909064
909103
909197
909464
909468
909616
909667
909692
909786
909940
909989
910092
910425
910487
910605
910660
910990
911076
911104
911340
911342
911479
911638
911779
911784
911824
911896
911965
912288
912350
912471
912799
912973
913214
913504
913510
913743
913763
913987
914026
914132
914160
914227
914241
914305
914396
914520
914631
914664
914685
914891
914893
914899
915313
915339
915699
915733
915926
915945
916153
916220
916299
916327
916409
916488
916540
917071
917082
917137
917152
917162
917188
917382
917636
917676
917715
917783
917807
917947
918388
918464
918484
918754
918826
918909
919019
919046
919077
919107
919139
919339
919386
919415
919593
919678
920123
920184
920187
920299
920365
920371
920394
920560
920619
920642
920796
920809
920892
920895
920955
920990
921060
921270
921420
921499
921760
921796
921929
922004
922018
922178
922208
922268
922282
922300
922817
923108
923199
923328
923359
923418
923594
923691
923732
923858
923932
923953
924004
924069
924089
924195
924577
924594
924609
924712
924864
925023
925047
925149
925624
925832
925992
926049
926103
926122
926186
926201
926346
926359
926402
926500
926529
926569
926724
926831
926979
927099
927174
927201
927325
927447
927551
927558
927586
927765
927856
928004
928031
928050
928166
928452
928479
928544
928632
928731
928748
928835
928867
928980
929109
929194
929453
929604
929795
929813
929854
930279
930339
930365
930460
930475
930500
930668
930691
930700
930713
930735
930851
930899
930966
931211
931248
931321
931559
931559
931733
931776
931851
931936
932308
932470
932606
932644
932816
933026
933070
933185
933243
933246
933304
933315
933318
933956
934170
934257
934279
934291
934345
934470
934672
934758
934859
934975
935026
935105
935117
935183
935214
935386
935555
935892
936018
936349
936362
936617
936653
936673
936712
936715
936951
936981
937038
937604
937849
937881
937950
937966
937981
938144
938573
938591
938632
938826
939001
939186
939222
939379
939453
939742
939773
939850
939904
939915
940013
940095
940193
940244
940440
940509
940645
940801
940808
940880
940901
941002
941039
941175
941215
941284
941545
941583
941895
942122
942569
942650
942930
943055
943147
943397
943438
943631
943648
943677
943755
943812
943855
943870
943908
943918
943986
944068
944221
944401
944478
944908
945242
945275
945324
945489
945498
945722
945749
945775
945830
945831
945913
946147
946309
946367
946654
946755
946838
946878
946925
946933
947097
947111
947147
947153
947441
947716
947772
947872
947880
948033
948120
948143
948209
948309
948354
948789
948962
949003
949029
949114
949184
949234
949324
949381
949777
949809
949928
950387
950414
950529
950676
950770
950805
950808
950838
950892
950907
951070
951428
951486
951529
951573
951589
951615
951628
951973
951975
952001
952063
952105
952183
952311
952318
952338
952366
952421
952461
952463
952545
952754
952896
952908
953002
953034
953058
953099
953126
953174
953241
953383
953443
953556
953576
953578
953654
953677
953855
953968
953975
954110
954125
954306
954354
954457
954459
954464
954477
954510
954896
954916
954964
954971
955036
955055
955129
955178
955278
955320
955642
955899
955920
956052
956168
956169
956534
956706
956906
956927
956976
956976
957074
957172
957270
957362
957543
957572
957577
957701
957724
957845
957952
958009
958049
958064
958067
958129
958172
958516
958542
958547
958566
958611
958749
958768
958799
959007
959014
959194
959226
959227
959330
959409
959531
959661
959670
959790
959909
959982
960063
960480
960757
960789
960864
960905
960938
960963
961011
961308
961415
961461
961468
961682
961864
961986
962048
962070
962098
962180
962221
962329
962339
962365
962393
962674
962707
962855
962974
963092
963628
963654
963673
963731
963739
963842
963947
964105
964177
964202
964218
964406
964558
964706
964895
964935
964942
964997
965047
965066
965191
965252
965276
965534
965831
965986
966001
966198
966347
966828
966868
967018
967034
967060
967116
967126
967165
967211
967477
967505
967508
967602
967640
967643
967695
967735
968005
968070
968167
968206
968247
968257
968282
968345
968386
968658
968659
968730
968948
968975
968987
969040
969041
969344
969544
969992
970465
970495
970538
970638
970757
970872
970877
970916
970973
971033
971570
971614
971684
972671
972746
972832
973210
973218
973220
973536
973771
973987
974072
974146
974286
974286
974430
974517
974529
974648
974677
974748
974780
975013
975013
975050
975348
975588
975606
975656
975660
975766
975879
975944
976170
976262
976316
976359
976363
976484
976677
976807
976853
977098
977465
977517
977597
977611
977625
977687
977699
977804
977809
977845
977873
977983
978021
978053
978094
978127
978208
978328
978678
978699
978699
978798
978944
978964
979049
979072
979129
979301
979396
979405
979469
979538
979770
980051
980057
980139
980188
980313
980688
980750
980915
980917
980961
981017
981142
981431
981441
981444
981749
981881
981916
981930
981946
981965
982191
982289
982382
982519
982547
982802
982905
983209
983235
983288
983430
983469
983621
983674
983738
983748
983847
983991
983993
984045
984187
984327
984617
984718
984728
985038
985547
985575
985611
985637
985932
985947
985965
986003
986332
986434
986436
986447
986741
986768
986838
986946
987007
987029
987268
987437
987524
987730
987733
987782
987979
988081
988103
988664
988925
989021
989115
989143
989184
989376
989466
989470
989625
989650
989789
989953
989963
990068
990382
990390
990400
990577
990723
990821
990834
990854
990867
990940
991313
991377
991399
991412
991469
991529
991615
991918
991921
992072
992193
992286
992315
992516
992520
992615
992853
992941
992944
993021
993150
993371
993609
993712
993755
994003
994311
994348
994404
994490
994506
994615
994698
994774
994803
994839
994991
995087
995107
995123
995143
995213
995273
995275
995283
995284
995330
995438
995630
995677
995687
995832
995847
995849
995861
995880
996061
996131
996160
996165
996256
996387
996393
996411
996425
996565
996851
997034
997286
997553
997609
997630
997707
997848
998004
998040
998047
998055
998199
998231
998487
998597
998633
998735
998743
998913
998929
999213
999322
999588
999798
999850
999931