2
37
57
253
313
382
522
567
655
758
811
864
1069
1096
1122
1378
1386
1407
1499
1516
1593
1617
1687
1692
1918
2011
2205
2249
2303
2352
2396
2479
2503
2553
2618
2647
2909
3164
3210
3331
3351
3352
3526
3645
3909
4163
4251
4258
4615
4636
4665
4735
4886
4947
4978
5142
5145
5319
5420
5525
5565
5588
5757
5849
5914
6049
6054
6362
6401
6447
6473
6502
6916
7086
7094
7259
7483
7594
7696
7801
7950
8177
8386
8512
8513
8534
8608
8722
8762
8824
8873
8955
9006
9008
9119
9192
9192
9222
9249
9290
9329
9649
9791
9803
9980
10172
10287
10541
10548
10613
10650
10718
10830
10929
11029
11036
11080
11291
11319
11367
11377
11433
11574
11663
11851
11880
12398
12512
12559
12695
12702
13022
13292
13310
13397
13425
13479
13709
13724
13734
13759
14049
14277
14531
14560
14639
14812
14825
14832
14944
14979
15118
15202
15253
15276
15393
15462
15504
15573
15629
15823
15832
16031
16172
16246
16367
16386
16453
16517
16569
16590
16634
16834
16897
16900
16972
17281
17313
17320
17347
17444
17486
17557
17616
17725
17810
17814
17819
17911
18192
18257
18294
18578
18650
18729
18918
19049
19160
19440
19444
19463
19472
19571
19912
19952
19968
19997
20044
20069
20108
20190
20221
20224
20232
20275
20338
20540
20634
20747
21060
21169
21214
21367
21597
21667
21731
21802
22138
22176
22197
22386
22408
22463
22547
22812
23024
23300
23422
23569
23587
23606
23609
23650
23666
23720
23739
23748
24146
24175
24225
24319
24344
24347
24512
24634
24672
24726
25070
25291
25475
25520
25614
25678
25678
25849
25852
25876
25904
25905
25929
26188
26203
26265
26373
26426
26514
26519
26531
26796
26805
26840
26992
27096
27323
27509
27515
27724
27815
27868
27877
27915
27929
27980
27986
28396
28466
28513
28578
28586
28730
28812
28926
28956
29081
29169
29234
29243
29245
29303
29306
29402
29411
29507
29595
29655
29767
29883
29927
29962
29988
29989
30018
30095
30513
30597
30608
30715
30773
30832
30893
31196
31441
31602
31611
31652
31770
31871
32001
32126
32134
32516
32786
32790
32904
32947
33198
33220
33255
33451
33708
33886
33896
34343
34372
34390
34487
34818
34854
34924
34956
35008
35029
35056
35238
35366
35589
35721
35761
35842
35946
35957
36087
36251
36260
36308
36363
36804
36864
36902
36924
36964
37019
37022
37109
37169
37205
37415
37427
37753
37796
37803
37947
38005
38120
38174
38223
38334
38382
38497
38528
38593
38955
39024
39350
39531
39626
39657
39919
40080
40133
40141
40149
40322
40363
40664
41068
41068
41155
41176
41176
41334
41338
41347
41600
41611
41692
41767
41962
41994
42067
42106
42517
42725
42768
43166
43326
43415
43456
43456
43495
43775
43832
43873
43956
44029
44519
44529
44574
44599
44638
44658
44731
44854
44865
45012
45013
45043
45099
45135
45247
45445
45489
45600
45623
45637
45677
45700
45718
45801
45849
45937
46120
46136
46203
46329
46378
46560
46655
46673
46835
46933
47021
47198
47279
47367
47436
47519
47557
47678
47867
47890
47894
47928
47997
48322
48325
48340
48525
48700
48980
49006
49244
49342
49504
49588
49620
49748
49921
49953
50093
50135
50419
50557
50591
50973
51080
51352
51536
51659
51709
51745
51773
51838
51948
52322
52361
52376
52403
52424
52659
52875
52924
52931
52964
53099
53242
53375
53490
53590
53753
54065
54270
54340
54376
54397
54759
54782
54872
55120
55165
55263
55393
55554
55606
55714
55874
55921
55932
55996
56286
56451
56506
56571
56733
56839
56848
56882
56914
56945
57011
57143
57230
57244
57533
57579
57634
57684
57712
57738
57769
57820
57931
58257
58320
58365
58440
58712
58821
58860
58873
59026
59069
59178
59219
59290
59396
59468
59555
59579
59598
59778
59788
59830
59885
60013
60191
60195
60205
60227
60317
60574
60596
60749
61404
61497
61527
61646
61689
61740
61782
61844
61902
62028
62032
62071
62164
62293
62585
62728
62962
63353
63372
63447
63488
63547
63586
63604
63671
63729
63743
63884
63940
63947
64101
64153
64321
64413
64480
64485
64690
64739
64892
64899
64937
64950
65092
65201
65336
65341
65349
65586
65817
65830
65916
65922
66059
66098
66186
66251
66281
66282
66343
66385
66389
66468
66609
66702
66704
66737
66758
66786
66807
66883
67089
67100
67113
67419
67445
67508
67617
67643
67646
67674
67680
67801
67854
67997
68045
68093
68173
68238
68387
68444
68550
68671
68672
68756
68760
68815
68986
69026
69282
69331
69497
69679
69695
69804
69912
69948
69983
70173
70567
70653
70707
70891
71071
71299
71359
71416
71483
71499
71531
71547
71665
71732
71759
71930
72098
72336
72439
72498
72674
72782
72835
72966
73001
73092
73120
73142
73212
73214
73442
73478
73629
73630
73688
73710
73730
73901
74091
74664
75028
75054
75110
75171
75430
75462
75476
75543
75572
75598
75670
75801
76120
76155
76155
76164
76304
76330
76378
76424
76449
76499
76677
76844
77189
77223
77235
77299
77355
77367
77397
77440
77489
77555
77607
77607
77734
77761
77987
78008
78099
78110
78165
78380
78521
78733
78779
78810
78851
78930
79176
79188
79292
79818
80132
80336
80350
80450
80698
80882
80949
81115
81243
81282
81449
81575
81710
81896
81984
82011
82377
82386
82407
82464
82492
82618
82694
82919
82991
83123
83204
83433
83507
83657
83663
83669
83742
83782
83864
84180
84246
84352
84415
84417
84440
84505
84530
84557
84635
84660
84669
84726
84727
84751
84778
84860
84878
84938
85135
85156
85276
85281
85309
85458
85749
85968
86164
86193
86249
86489
86525
86840
86863
86903
86920
86956
87011
87314
87379
87506
87787
87883
87892
87987
88123
88186
88641
88797
88827
88896
88899
88918
89096
89156
89224
89266
89369
89420
89468
89786
89840
90352
90448
90673
90823
91000
91006
91222
91392
91407
91499
91646
91658
91662
91686
91730
91759
92274
92553
92711
92751
92764
92883
92955
93023
93025
93160
93230
93289
93339
93531
93600
93618
93680
93684
93709
93865
93977
94015
94034
94050
94132
94241
94446
94476
94519
94545
94560
94727
94858
94882
94997
95173
95264
95311
95326
95359
95378
95386
95698
95814
95860
96273
96469
96535
96644
96869
96938
97272
97310
97586
97603
97733
97808
97837
97995
98053
98298
98415
98434
98444
98540
98705
98723
98825
99091
99109
99409
99414
99535
99642
99650
99726
99863
99909
99910
99998
100054
100114
100167
100180
100244
100371
100487
100492
100621
100637
100861
100872
100903
101030
101242
101392
101422
101569
101610
101730
101856
102066
102075
102099
102406
102723
102910
102962
102981
103023
103238
103245
103248
103287
103291
103322
103384
103497
103519
103763
103800
103882
103884
103891
104024
104316
104409
104420
104475
104497
104576
104771
105117
105129
105182
105240
105325
105397
105464
105584
105965
105993
106012
106041
106098
106424
106424
106482
106518
106584
106617
106746
106770
107126
107208
107214
107248
107275
107295
107464
107488
107530
107538
107665
107808
107916
107921
108098
108116
108286
108308
108321
108578
108615
108741
108783
108808
108983
109049
109155
109177
109345
109373
109518
109567
109996
110022
110045
110188
110277
110282
110502
110519
110606
110609
110633
110724
110983
111025
111085
111329
111388
111531
112290
112442
112518
112677
112725
112836
113249
113328
113408
113531
113545
113624
113644
113682
113829
113876
113993
114128
114418
114614
114621
114647
114716
114865
114943
115260
115465
115694
115698
115714
115746
115942
115973
116046
116070
116213
116238
116246
116341
116359
116375
116386
116555
116585
116600
116615
117032
117036
117148
117250
117396
117542
117572
117656
117877
118034
118086
118202
118211
118219
118243
118308
118391
118541
118909
118973
119193
119237
119284
119350
119548
119662
119853
119857
119889
120177
120265
120436
120455
120557
120664
120712
120901
121199
121205
121288
121330
121588
121704
121821
121980
122071
122081
122187
122292
122320
122331
122338
122344
122355
122816
122847
122891
122945
123006
123038
123044
123046
123126
123175
123197
123230
123250
123263
123271
123276
123326
123422
123483
123512
123646
123797
124089
124158
124248
124300
124358
124456
124882
124925
125029
125292
125540
125676
125691
125756
126158
126422
126470
126480
126558
126656
126683
126724
126762
126876
126913
126933
126958
126976
126993
127132
127341
127362
127438
127464
127495
127606
127624
127862
127895
128163
128171
128211
128241
128294
128327
128358
128450
128485
128852
128889
129088
129240
129452
129870
129917
130007
130071
130150
130192
130228
130273
130613
130660
130862
131047
131152
131244
131360
131392
131581
131616
132048
132220
132273
132287
132351
132361
132448
132661
132725
132760
132877
132998
133045
133198
133239
133290
133319
133345
133499
133749
133772
133818
133911
134031
134204
134236
134368
134473
134485
134509
134539
135016
135025
135044
135109
135146
135368
135665
135891
135899
135938
136133
136210
136504
136615
136661
136795
136863
136997
137006
137085
137178
137201
137236
137244
137244
137355
137442
137511
137598
137622
137804
137824
137894
138185
138305
138328
138329
138384
138510
138520
138704
138894
138936
138989
139018
139083
139237
139450
139461
139653
139854
139908
139949
139955
140033
140085
140191
140301
140410
140441
140469
140596
140603
140824
140840
141027
141061
141154
141182
141196
141259
141278
141288
141406
141413
141641
141951
142177
142393
142414
142569
142665
142685
142730
142764
142913
142934
142949
142965
143094
143157
143219
143329
143538
143589
143740
143790
143820
143931
143946
143946
143949
144110
144183
144256
144306
144369
144434
144700
144740
144854
144892
145097
145101
145103
145153
145159
145166
145271
145297
145339
145349
145378
145390
145552
145569
145579
145585
145667
145686
145723
145861
146096
146186
146341
146509
146530
146691
146778
146853
147046
147380
147472
147497
147693
147751
147794
147865
147894
147917
147936
147996
147999
148021
148247
148575
148590
148694
148710
148729
148851
149048
149095
149157
149287
149378
149392
149779
150106
150131
150170
150187
150276
150358
150455
150471
150636
151197
151250
151375
151381
151493
152026
152043
152143
152155
152209
152416
152509
152535
152590
152651
153138
153150
153178
153455
153456
153633
153755
153882
154087
154256
154381
154572
154618
154756
154874
155052
155058
155161
155233
155423
155431
155508
155520
155666
155743
155766
155911
156040
156398
156417
156501
156574
156626
156662
156886
156937
156950
157129
157231
157251
157282
157519
157650
157665
157741
157824
157961
158057
158202
158214
158256
158301
158838
158844
158845
159216
159225
159263
159377
159387
159406
159617
159635
159718
159892
159953
160031
160207
160223
160228
160360
160514
160738
160784
160869
160890
161003
161232
161462
161516
161565
161882
161888
161909
161955
162128
162230
162372
162608
162656
162666
162844
162889
163049
163351
163475
163568
163588
163604
163685
163751
163761
163866
164050
164384
164768
164844
164892
164909
164949
165048
165118
165150
165187
165188
165214
165511
165701
165892
166098
166140
166204
166210
166266
166348
166361
166424
166478
166507
166623
166644
166699
166708
166741
167030
167179
167235
167349
167375
167387
167518
167579
167779
167800
167845
167987
167999
168059
168113
168154
168161
168342
168365
168455
168471
168573
168733
168737
168844
168913
168981
169108
169327
169358
169538
169743
169887
169973
170065
170117
170250
170271
170441
170523
170532
170543
170644
170769
170825
170964
170970
171019
171035
171131
171301
171373
171476
171563
171641
171680
171718
171885
172161
172184
172202
172263
172265
172316
172320
172407
172500
172610
173023
173048
173386
173387
173531
173556
173604
173714
173728
173781
173834
173850
174011
174106
174111
174290
174306
174415
174433
174471
174587
174614
174680
174689
174779
174945
175030
175080
175114
175228
175264
175301
175338
175448
175503
175535
175568
175620
175646
175674
175803
175916
176050
176115
176281
176580
176696
176979
177029
177126
177377
177380
177492
177943
178291
178334
178620
178665
178704
179013
179034
179081
179090
179107
179226
179245
179260
179364
179462
179532
179578
179661
179693
179817
179878
180196
180230
180249
180335
180469
180536
180644
180758
180776
180790
180892
180940
181021
181151
181164
181191
181257
181565
181673
181695
181743
181771
181840
182000
182341
182410
182417
182725
182778
182926
183457
183458
183715
183954
184106
184143
184208
184284
184596
184621
184698
184719
184885
185040
185132
185477
185562
185599
185621
185621
185784
185847
186000
186168
186224
186364
186422
186492
186539
186704
186749
186772
186857
186867
187153
187192
187325
187385
187529
187613
187722
187783
187809
187852
187892
187895
187949
188165
188186
188190
188435
188582
188687
188706
188843
189098
189119
189300
189328
189392
189475
190483
190633
190880
190910
191119
191284
191385
191536
191608
191694
191725
191784
191791
191915
191923
192065
192076
192220
192226
192315
192391
192433
192582
192725
192777
192798
192805
193022
193083
193368
193375
193471
193472
193583
193608
193746
193930
193968
194181
194249
194369
194463
194513
194733
194857
194928
195108
195215
195374
195578
195615
195877
195966
196297
196390
196392
196438
196532
196633
196685
196687
197012
197364
197369
197435
197441
197503
197554
197619
197801
197827
197900
197953
197998
198073
198208
198436
198452
198592
198657
198675
198773
198840
199052
199115
199132
199155
199184
199244
199437
199536
199539
199596
199641
199725
199742
199755
200111
200351
200354
200755
201082
201393
201400
201588
201607
201654
201701
201725
201828
201845
201908
202068
202117
202129
202151
202366
202376
202413
202868
203020
203029
203057
203070
203098
203132
203254
203255
203448
203488
203508
203518
203595
203621
203624
203796
203835
203917
204338
204406
204485
204703
204732
204932
205565
205995
206212
206318
206341
206425
206511
206563
206654
206657
206700
206758
206847
206977
207016
207233
207296
207361
207365
207456
207467
207580
207692
207711
207842
208030
208035
208072
208083
208119
208172
208465
208537
208610
208644
208683
208777
208833
209236
209471
209587
209598
209635
209693
209853
210087
210099
210237
210280
210309
210330
210420
210422
210504
210544
210594
210635
210678
210692
210697
210830
210858
210953
211151
211180
211248
211342
211524
211561
211606
211753
211793
211828
211913
212212
212251
212372
212520
212544
212688
212755
212855
212877
212991
213098
213130
213159
213213
213265
213327
213436
213452
213754
213818
213824
213863
214081
214096
214122
214127
214127
214157
214549
214566
214770
214885
215017
215103
215105
215149
215200
215221
215399
215492
215690
215846
216054
216248
216302
216486
217112
217158
217299
217412
217741
217927
217969
218339
218535
218538
218658
218717
218732
218743
218749
218931
219065
219110
219161
219203
219213
219244
219349
219423
219436
219493
219540
219599
219659
219668
219674
219792
219825
219887
220129
220155
220182
220299
220351
220405
220490
220527
220673
220784
221026
221224
221480
221563
221751
221812
221818
221961
222081
222231
222259
222408
222448
222537
222629
222638
222779
222810
222847
223034
223098
223352
223526
223811
224121
224209
224249
224324
224357
224474
224542
224609
224748
224824
225014
225051
225430
225623
225688
225726
225768
225858
225995
226068
226155
226442
226541
226561
226653
226661
226712
226756
227008
227042
227318
227380
227430
227449
227460
227645
227795
227900
228198
228200
228294
228327
228547
228682
228718
228732
228803
229034
229209
229290
229297
229520
229540
229556
229589
229667
230047
230071
230176
230302
230444
230475
230532
230714
230831
230960
231213
231312
231432
231433
231616
231747
231771
231996
232266
232291
232408
232465
232572
232601
232660
232735
232803
232815
232880
232892
232912
232990
233008
233146
233272
233302
233481
233529
233705
234042
234050
234073
234113
234426
234489
234532
234576
234707
234748
234985
235019
235174
235176
235430
235591
235600
235622
235692
235786
235800
235857
235907
236071
236112
236114
236364
236458
236492
236584
236903
237030
237205
237432
237506
237743
237781
237781
237796
237899
237966
238052
238172
238188
238294
238474
238513
238639
238729
238801
238994
239010
239034
239046
239187
239328
239424
239677
239730
239870
239921
239940
240282
240360
240485
240744
240763
240763
240934
240948
241012
241216
241387
241887
241927
241952
242013
242425
242445
242478
242486
242618
242714
242887
242895
242920
242928
243069
243092
243190
243308
243352
243490
243572
243628
243666
243744
243762
243777
243986
243998
244166
244187
244288
244469
244490
244543
244575
244625
244749
244973
244980
245115
245258
245288
245293
245430
245515
245616
245771
245801
245939
245980
246118
246162
246187
246288
246320
246361
246402
246999
247120
247136
247248
247351
247375
247386
247391
247453
247573
247700
247716
247753
247892
248111
248125
248298
248564
248632
248730
248770
248902
249162
249215
249265
249286
249437
249489
249492
249535
249601
249624
249644
249665
249804
249809
249936
250104
250377
250525
250641
250835
250879
250981
251042
251333
251468
251487
251552
251628
251729
251749
251764
251785
252090
252183
252347
252350
252356
252439
252444
252500
252527
252976
253188
253206
253232
253448
253451
253569
253654
253721
253864
253949
253971
254142
254299
254335
254394
254460
254658
254669
254678
254771
254885
254955
254978
255223
255359
255412
255421
255578
255715
255792
255848
255849
255904
255927
256345
256439
256448
256610
256629
256656
256757
256785
256992
256999
257050
257056
257128
257293
257314
257460
257643
257773
257878
257907
258102
258140
258342
258461
258509
258654
258681
258723
258757
258762
258829
259016
259035
259037
259072
259225
259273
259289
259350
259378
259409
259411
259475
259579
259629
259645
259668
259722
259965
259976
260078
260132
260366
260559
260610
260708
260792
260824
261003
261233
261234
261406
261580
261607
261609
261817
261955
261982
262041
262249
262288
262326
262359
262388
262408
262471
262611
262624
262654
262870
262909
262921
262966
263038
263148
263311
263352
263608
263650
263654
263657
263674
263738
263792
264040
264110
264186
264252
264265
264316
264353
264392
264450
264574
264594
264784
264923
264927
264935
264963
265141
265311
265413
265448
265646
265670
265742
266017
266262
266282
266423
266481
266537
266691
266693
266847
266971
266997
267026
267058
267065
267116
267365
267475
267730
267778
267835
267923
267954
268241
268469
268480
268684
268810
268867
269157
269203
269267
269320
269531
269664
269730
269904
269971
270112
270399
270565
270714
270736
270738
270784
270899
270995
271103
271208
271213
271297
271715
271757
271997
272150
272226
272337
272400
272562
272618
272639
272931
272973
273110
273127
273262
273441
273583
273642
273711
273712
273985
274133
274221
274761
274798
274819
274865
275459
275465
275579
275608
275609
275651
275721
275739
275743
275747
275901
276009
276074
276188
276191
276267
276278
276283
276299
276301
276508
276633
276677
276828
276915
276934
276968
277065
277102
277124
277562
277623
277679
277915
278048
278067
278076
278088
278093
278339
278423
278698
278947
279263
279353
279632
279762
279778
279878
279923
279997
280042
280176
280242
280256
280294
280448
280705
281030
281073
281139
281235
281488
281557
281636
281707
281837
281862
281899
281912
281953
282056
282086
282160
282375
282911
282978
283005
283040
283111
283336
283460
283468
283554
283605
283857
283905
283930
284018
284086
284152
284275
284381
284754
284931
284997
285090
285239
285363
285446
285504
285523
285523
285555
285569
285727
285895
286241
286368
286387
286590
286594
286684
286761
286892
286939
286950
287001
287042
287077
287096
287398
287471
287481
287600
287712
287728
287761
287763
287780
288079
288170
288174
288314
288511
288513
288516
288518
288635
288661
289062
289101
289127
289186
289226
289230
289242
289374
289430
289675
289816
290057
290129
290168
290327
290407
290414
290441
290603
290690
290793
290864
290955
290986
291054
291179
291229
291488
291617
291627
291642
291675
291765
292502
292513
292541
292722
292825
292849
292964
293200
293281
293355
293369
293640
293655
294042
294070
294483
294617
294701
294712
294774
294921
295374
295420
295518
295563
295578
295654
295929
295936
295961
296124
296235
296244
296378
296386
296555
296610
296646
296693
296722
296816
297177
297181
297189
297222
297263
297322
297397
297406
297417
297463
297615
297871
297921
297935
298036
298176
298214
298256
298261
298275
298637
298794
298825
298828
298996
299113
299174
299331
299761
299793
299812
299917
299934
299935
300325
300345
300346
300360
300373
300436
300479
300546
300740
300822
301300
301389
301597
301792
301797
301825
302017
302212
302233
302435
302541
302592
302630
302864
302918
302926
302928
302949
303043
303046
303196
303221
303347
303792
303819
303824
303843
303932
303996
303997
304517
304856
304923
305087
305226
305238
305385
305414
305423
305517
305577
305606
305693
305698
305758
305833
305840
306053
306060
306128
306141
306215
306377
306524
306524
306551
306589
306644
306935
306991
307184
307270
307341
307385
307426
307478
307543
307725
307748
307810
307822
307891
307921
307979
308046
308097
308115
308365
308409
308435
308451
308513
308525
308569
308722
308956
308977
309164
309254
309366
309507
309525
309639
309652
309782
309915
309916
310285
310411
310454
310572
310613
310694
310938
311040
311053
311145
311302
311360
311583
311716
312329
312399
312671
312757
312760
312799
312829
312856
313001
313040
313144
313314
313319
313337
313451
313737
313760
313761
313775
313960
313974
314127
314323
314479
314556
314666
314700
314951
315005
315008
315017
315053
315217
315236
315278
315315
315329
315491
315582
315583
315641
315680
315879
315895
315954
316193
316231
316306
316497
316571
316648
316661
316723
316735
316752
317024
317136
317154
317165
317211
317256
317304
317316
317424
317602
317641
317723
317818
317877
318130
318326
318678
318735
318752
318766
318853
318953
319051
319114
319153
319229
319297
319367
319413
319467
320144
320390
320469
320511
320698
320805
321001
321002
321021
321064
321292
321308
321614
321732
321780
321972
321975
322149
322197
322223
322242
322443
322471
322513
322624
322651
322855
322917
323114
323344
323466
323655
323690
323737
323928
323985
324060
324134
324147
324233
324336
324466
324481
324485
324558
324564
324678
324689
324716
324752
324838
324857
324895
324963
325148
325791
325991
326029
326078
326131
326211
326263
326283
326437
326485
326549
326654
326655
326675
326703
326755
326780
326861
326870
326971
327335
327539
327732
327894
327941
328030
328151
328203
328301
328350
328399
328543
328557
328573
328586
328649
328762
328973
329059
329156
329192
329257
329292
329460
329544
329646
329657
329887
329909
329958
330270
330290
330333
330486
330557
330732
330754
330767
330826
330889
330951
331186
331194
331314
331384
331397
331417
331492
331515
331621
331635
331888
332013
332013
332139
332246
332423
332472
332497
332645
332802
333278
333487
333676
333836
334001
334042
334161
334171
334188
334273
334325
334371
334448
334532
334799
334800
334851
335114
335122
335363
335438
335593
335629
335753
335835
335842
335993
336059
336136
336146
336231
336328
336346
336551
336601
336705
336789
336982
337028
337040
337051
337054
337081
337311
337392
337486
337530
337531
337552
337667
337770
337912
338061
338132
338407
338585
338666
338863
338948
339046
339058
339214
339218
339507
339560
339687
339731
339827
339867
339942
340005
340237
340245
340274
340301
340408
340419
340430
340435
340664
340948
340983
341044
341114
341158
341242
341295
341522
341655
341713
341990
342182
342216
342276
342554
342611
342682
342684
342949
342979
343062
343090
343119
343239
343624
343653
343683
343719
343742
343795
343845
343979
344095
344350
344369
344402
344491
344541
344741
344897
344935
344945
344947
345096
345207
345298
345438
345527
345561
345759
345936
345951
345972
346028
346170
346234
346285
346370
346379
346635
346678
346678
346709
346735
346780
346819
346922
346951
347074
347242
347351
347402
347578
347719
347749
347858
348001
348197
348239
348252
348531
348812
348814
348826
348853
349010
349135
349237
349460
349587
349815
349863
349899
350150
350330
350348
350382
350599
350923
350995
351198
351356
351419
351703
351704
351775
351982
351985
352084
352112
352117
352164
352505
352517
352536
352655
352700
352951
352978
353008
353070
353080
353152
353285
353292
353756
353808
353870
353916
353922
353927
353977
354000
354103
354313
354350
354529
354600
354733
354777
354795
354868
354954
355037
355173
355247
355365
355376
355439
355461
355483
355578
355653
355810
355892
355894
355944
356059
356238
356248
356288
356458
356588
356653
356714
356740
356759
357095
357118
357140
357299
357383
357400
357477
357534
357662
357670
357890
358165
358235
358326
358350
358538
358552
358712
358747
358768
358772
358781
358802
359252
359324
359331
359382
359535
359596
359736
359771
359840
359851
359905
359950
360058
360067
360216
360249
360321
360418
360476
360477
360523
360872
361012
361037
361046
361096
361204
361469
361476
361662
361717
361821
361898
361906
362191
362197
362229
362233
362235
362291
362360
362389
362459
362512
362578
362621
362808
362893
362973
362978
363120
363137
363152
363181
363316
363325
363330
363334
363396
363468
363500
363519
363643
363819
363826
363964
364054
364129
364285
364431
364612
364649
364822
365304
365357
365580
365680
365694
365784
366155
366242
366250
366379
366414
366418
366723
366875
367015
367084
367125
367474
367507
367520
367536
367729
367919
368077
368079
368140
368141
368466
368500
368551
368692
368859
368904
368996
369224
369307
369382
369400
369438
369609
369653
369728
369732
369732
369759
369791
369963
369980
370392
370551
370598
371052
371054
371208
371285
371333
371431
371513
371594
371606
371811
372113
372291
372344
372422
372503
372520
372549
372680
372762
372781
372794
372804
372840
372868
372872
373108
373125
373156
373283
373383
373449
373510
373514
373695
373703
373783
373920
374120
374238
374358
374647
374855
374855
375069
375123
375237
375349
375359
375418
375431
375436
375536
375960
376196
376262
376316
376316
376575
376775
376853
376973
377000
377035
377158
377229
377462
377641
377775
377780
377801
377805
377852
377967
378064
378140
378192
378239
378287
378376
378381
378433
378604
378641
378903
378977
379011
379017
379487
379781
379842
379934
379970
380155
380223
380268
380324
380393
380423
380486
380547
380604
380672
380678
380852
381039
381082
381121
381224
381415
381495
381541
381547
381655
381662
381667
381724
382093
382224
382436
382925
383152
383225
383335
383361
383541
383548
383662
383944
384140
384155
384182
384377
384427
384704
385039
385173
385334
385365
385562
385700
385810
385917
386040
386129
386223
386337
386345
386577
386642
386728
386826
386886
386906
386914
386940
387158
387173
387487
387522
387602
387608
387736
387874
387904
388056
388189
388243
388296
388422
388647
389094
389367
389376
389692
389717
389745
389867
390088
390136
390159
390162
390202
390224
390330
390371
390628
390835
390867
390874
390878
390901
390904
390918
391100
391136
391288
391430
391651
391785
391835
391997
392081
392137
392147
392183
392295
392399
392619
392975
392997
393352
393403
393487
393917
394186
394190
394276
394287
394395
394452
394466
394582
394630
394698
394720
394812
394819
395058
395203
395294
395305
395390
395532
395784
395955
396158
396369
396471
396853
396930
397002
397036
397106
397210
397308
397312
397386
397583
397613
397708
397814
397851
397858
397952
397980
398020
398069
398079
398106
398201
398579
398879
398958
398983
399018
399031
399103
399499
399514
399564
399628
400045
400482
400623
400686
400715
400824
401026
401027
401040
401349
401439
401486
401491
401602
401624
401715
401854
401938
401994
402004
402102
402140
402401
402448
402613
402675
402710
403029
403123
403381
403404
403646
403745
403999
404222
404332
404433
404933
404945
404962
405196
405310
405458
405459
405562
405601
405659
405660
405684
405685
405963
406002
406018
406191
406366
406545
406691
406759
407057
407080
407224
407365
407403
407593
407602
407923
408057
408188
408237
408316
408828
409152
409373
409428
409659
409937
409980
410560
410723
410892
410942
410951
410953
410982
410993
411060
411513
411894
411924
411982
412416
412448
412448
412449
412818
412825
412907
412949
412955
413173
413381
413475
413764
413773
413856
413877
413999
414176
414326
414364
414393
414600
414605
414713
414776
415015
415047
415119
415145
415189
415204
415212
415390
415478
415515
415536
415722
415727
415830
415928
416262
416296
416324
416413
416652
416808
417025
417062
417130
417148
417256
417365
417381
417398
417472
417577
417622
417664
417960
417981
418070
418129
418164
418208
418277
418381
418480
418554
418612
418612
418722
418764
418774
418848
418856
418885
418943
418956
418973
419217
419343
419355
419402
419453
419525
419585
419634
419841
419859
419880
419886
420071
420139
420229
420353
420384
420438
420485
420585
420667
421036
421256
421406
421746
421927
421929
421932
422054
422326
422349
422404
422502
422525
422651
422777
422783
422822
422894
423194
423237
423281
423462
423603
423624
423650
423836
423926
424248
424270
424345
424433
424481
424501
424686
424883
425085
425207
425232
425242
425321
425374
425428
425437
425520
425560
425614
425638
425751
425846
425858
426057
426111
426423
426578
426844
426861
426886
426999
427009
427216
427378
427419
427481
427616
427632
427696
427838
427875
428012
428014
428106
428252
428447
428459
428478
428560
428603
428612
428624
428649
428813
429220
429233
429536
429612
429741
429770
429822
430132
430197
430392
430422
430538
430677
430691
430702
430733
430751
430754
430776
430966
430994
431111
431113
431161
431216
431275
431285
431339
431508
431550
431700
431806
432017
432037
432055
432085
432168
432183
432222
432301
432347
432443
432479
432807
432942
433016
433017
433029
433264
433313
433462
433588
433609
433690
433750
433771
433835
433966
434200
434346
434597
434619
434778
434951
435088
435163
435194
435295
435373
435556
435856
435918
436029
436040
436044
436198
436236
436333
436366
436413
436624
436777
436956
436966
437026
437351
437393
437438
437448
437703
437739
437742
437815
437883
437953
438163
438287
438292
438331
438360
438376
438447
438467
438528
438548
438669
438675
438760
438799
439179
439397
439412
439454
439585
439629
439660
439727
439728
439765
439857
439958
440048
440097
440217
440377
440380
440506
440714
440734
440756
440766
440784
440945
440978
441015
441032
441202
441285
441320
441329
441430
441467
441677
441763
442081
442205
442263
442421
442732
442926
442942
442983
442999
443000
443021
443129
443346
443347
443429
443458
443465
443594
443709
443813
443891
444106
444195
444311
444531
444660
444859
445056
445102
445126
445201
445661
445779
445843
445900
446106
446154
446207
446546
446714
446739
446750
446898
446998
447091
447118
447495
447553
447637
448038
448053
448064
448113
448160
448173
448229
448537
448549
448566
448643
448791
448816
448819
448879
448888
449112
449119
449240
449423
449549
449564
449586
449679
449803
449828
449907
449981
450305
450312
450433
450534
450745
450842
450850
450885
450929
450966
450980
451237
451294
451470
451606
451644
451652
451710
451813
451965
452012
452081
452156
452292
452415
452623
452669
452868
452885
453025
453030
453086
453089
453219
453220
453233
453665
453702
453763
453800
453815
454119
454226
454461
454475
454569
454653
454770
454865
454865
455032
455087
455226
455254
455298
455339
455362
455498
455550
455677
455790
455886
455982
456036
456173
456183
456331
456340
456609
456617
456632
456708
456769
456816
456817
456938
456946
456954
457072
457081
457273
457493
457526
457612
457813
457906
458001
458076
458120
458329
458498
458713
459780
460146
460302
460303
460541
460545
460547
460694
460710
460722
460906
461305
461468
461477
461500
461589
461616
461647
461710
461730
461815
461831
461929
461951
461969
461972
462008
462117
462478
462482
462686
462751
462752
462825
462993
463103
463228
463375
463430
463569
463599
463730
464166
464384
464709
464714
464721
464922
465059
465591
465680
465680
465708
465871
465926
465931
465976
466426
466438
466588
466594
467105
467123
467154
467248
467386
467453
467481
467510
467518
467518
467540
467570
467676
467866
468045
468120
468155
468205
468219
468251
468311
468368
468668
468727
469026
469071
469288
469349
469414
469477
469708
470214
470269
470420
470478
470571
470692
470729
470850
470860
471110
471227
471234
471354
471451
471510
471846
471947
471955
472095
472144
472216
472274
472318
472438
472473
472509
472588
472757
472819
473156
473192
473522
473701
473898
473903
473942
474035
474111
474170
474201
474342
474420
474432
474465
474480
474527
474554
474624
474766
474786
475174
475296
475324
475496
475505
475505
475694
475718
476001
476032
476036
476094
476220
476238
476371
476376
476377
476570
476670
476685
476715
476758
477061
477067
477446
477764
477790
477909
477910
478064
478107
478152
478184
478249
478621
478650
478667
478813
478902
479237
479239
479274
479327
479393
479395
479558
479560
479595
479757
479891
480283
480536
480735
480758
480758
480764
481116
481172
481220
481483
481491
481505
481509
481613
481680
481776
482096
482291
482316
482348
482599
482636
482658
482741
482816
483008
483045
483127
483202
483202
483246
483255
483319
483331
483752
483768
483828
483846
483921
484063
484071
484447
484570
484613
484639
484869
485136
485181
485272
485288
485294
485347
485449
485668
485804
486132
486172
486180
486319
486352
486376
486413
486470
486509
486579
486844
486885
487075
487133
487339
487380
487452
487496
487556
487578
487587
487621
487642
487721
487836
488087
488112
488122
488178
488320
488351
488351
488355
488495
488507
488541
488581
488584
488614
488729
488775
489102
489105
489119
489145
489263
489370
489779
489850
489933
490046
490063
490118
490458
490558
490616
490745
490819
490864
490882
491042
491098
491144
491302
491362
491550
491632
491687
491719
491747
491857
491876
491970
492013
492125
492217
492468
492469
492478
492558
492561
492564
492713
492722
492832
492861
492954
493059
493443
493451
493617
493666
493802
493826
493954
494000
494020
494156
494224
494229
494313
494411
494549
494720
494853
494870
495077
495106
495174
495377
495576
495738
495891
495982
496103
496443
496454
496552
496588
496883
496923
496958
497082
497188
497193
497489
497639
497861
497862
497872
497934
497990
498003
498101
498141
498143
498336
498446
498533
498658
498699
498754
498916
499153
499300
499343
499432
499457
499485
499566
499713
499765
499901
500027
500171
500262
500286
500357
500422
500442
500446
500532
500796
500816
500817
500824
501039
501058
501101
501339
501372
501610
501680
501800
501854
501878
501957
501968
502009
502027
502076
502304
502340
502373
502645
502721
502824
502922
503056
503110
503205
503229
503230
503289
503523
503808
503833
503939
503945
503951
504013
504026
504043
504080
504233
504441
504503
504509
504641
504716
504959
505024
505090
505378
505469
505497
505910
505986
506114
506509
506560
506635
506887
506980
506988
507025
507123
507173
507228
507313
507467
507670
507881
508039
508183
508316
508546
508641
508805
508805
509154
509165
509225
509232
509278
509331
509408
509490
509563
509601
509740
509786
509842
509859
509886
510039
510161
510174
510226
510371
510580
510660
510662
510696
510737
510830
511003
511337
511526
511609
511665
511666
511745
511851
511947
511965
512262
512422
512618
512733
512734
512745
513027
513219
513245
513294
513478
513486
513529
513739
513772
513804
513812
513926
513961
514054
514122
514279
514372
514577
514604
514793
514930
514932
515115
515258
515369
515381
515423
515441
515642
515718
515770
515822
515835
516152
516171
516180
516286
516362
516375
516471
516805
516813
516975
516990
517022
517246
517279
517288
517296
517372
517422
517482
517675
517742
517756
517764
518207
518346
518464
518574
518662
518671
518730
518880
519001
519112
519206
519620
519624
519961
520006
520036
520075
520304
520305
520309
520453
520466
520608
520610
520643
520677
520708
520745
520814
520887
520995
521002
521172
521309
521579
521626
521723
521748
521757
521836
521898
522109
522194
522560
522935
522976
523148
523200
523224
523231
523400
523412
523480
523537
523591
523608
523781
523833
523892
523898
524160
524398
524579
524701
524726
524742
524753
524919
525010
525245
525252
525300
525462
525486
525500
525505
525527
525569
525586
525605
525859
525863
525904
526279
526553
526664
527593
527716
527884
528202
528526
528660
528741
528810
528832
528859
528970
529023
529101
529139
529302
529390
529408
529420
529839
529840
529853
530056
530067
530165
530263
530319
530373
530421
530684
530749
530780
530823
530847
531256
531387
531603
531797
531799
531868
532080
532089
532339
532395
532415
532423
532566
532782
532833
532912
533080
533291
533356
533647
533787
533827
533924
534099
534618
534687
534782
534976
534999
535104
535226
535255
535287
535298
535391
535427
535549
535621
535698
535706
535772
536051
536170
536326
536524
536789
536885
536933
537008
537076
537225
537717
537766
537792
537854
537932
537997
538033
538137
538149
538318
538386
538386
538499
538579
538669
538740
538886
539026
539029
539198
539237
539290
539390
539697
539794
539902
540234
540297
540360
540453
540621
540866
541023
541036
541050
541090
541123
541250
541303
541386
541432
541450
541471
541514
541800
541946
542141
542232
542389
542473
542528
542727
542980
542987
542989
543222
543299
543431
543464
543554
543668
543704
543786
544208
544234
544512
544923
544938
544962
545001
545079
545352
545469
545548
545581
545599
545713
545773
545898
546432
546615
546615
546692
546828
546841
546879
546924
547066
547228
547230
547332
547425
547594
547871
548016
548162
548172
548187
548202
548221
548515
548533
548534
548718
548752
548770
548771
548854
548935
549030
549033
549091
549107
549158
549329
549400
549532
549603
549758
549841
549842
549894
550109
550144
550472
550533
550624
550656
551030
551176
551188
551221
551308
551313
551372
551407
551533
551785
551905
552002
552084
552188
552266
552368
552371
552426
552481
552481
552738
553028
553096
553164
553166
553302
553313
553316
553355
553444
553532
553577
553581
553685
553778
553885
553952
553985
553990
553999
554158
554444
554467
554586
554663
554696
554905
555031
555233
555345
555385
555536
555676
555779
555821
555859
555867
555886
556001
556172
556495
556558
556708
556725
556778
556790
556909
556956
556957
556991
557145
557215
557292
557417
557432
557470
557559
557619
557769
557774
557842
557965
558056
558063
558235
558451
558707
558851
558987
559035
559224
559298
559411
559439
559503
559765
559888
560095
560127
560156
560203
560309
560398
560433
560512
560527
560563
560650
560730
560988
561065
561212
561293
561485
561588
561610
561614
561618
561622
561641
561651
561657
561682
561693
561724
561817
561916
561922
561935
561955
562004
562087
562123
562123
562201
562462
562483
562520
562524
562580
562587
562836
562838
563063
563161
563460
563527
563541
563629
563785
563966
564041
564046
564307
564486
564509
564564
564689
564736
564737
564783
564788
564794
564887
564913
564918
564940
565006
565025
565028
565058
565402
565481
565602
565801
565953
566070
566349
566435
566511
566524
566642
566749
566873
567076
567109
567226
567315
567343
567432
567605
567647
567769
567789
568010
568042
568042
568164
568219
568708
568820
568998
569052
569099
569180
569286
569341
569401
569489
569615
569628
569797
569807
569844
570017
570102
570111
570123
570139
570210
570394
570396
570505
570583
570610
570705
570763
570859
570869
570915
570948
570949
571006
571090
571301
571612
571702
571768
571826
571909
571925
571926
571958
572016
572031
572118
572227
572390
572597
573001
573003
573255
573320
573594
573758
573808
573856
574007
574108
574180
574345
574409
574469
574687
574888
574924
575017
575268
575277
575452
575649
576020
576079
576147
576273
576503
576589
576615
576652
576762
576817
576847
576980
577166
577241
577328
577426
577444
577593
577884
577955
578059
578126
578155
578207
578226
578413
578514
578645
578673
578714
578730
578741
578842
578889
578932
578978
579479
579638
579679
579695
579740
579744
579825
579926
579998
580085
580191
580381
580474
580549
580741
580989
581038
581073
581108
581147
581169
581284
581302
581339
581384
581495
581547
581573
581574
581603
581629
581637
581652
581715
582104
582115
582207
582323
582598
582626
582678
582868
582875
582903
582959
583228
583279
583420
583530
583772
583816
583941
584049
584237
584396
584407
584551
584640
585067
585217
585511
585637
585705
585849
585877
585881
586015
586110
586128
586283
586574
586618
586679
587013
587092
587456
587492
587526
587575
587741
587808
587959
587967
588005
588086
588092
588119
588149
588165
588224
588229
588331
588363
588427
588647
588777
588847
588860
588966
589053
589092
589159
589163
589303
589306
589389
589494
589880
590027
590118
590268
590301
590368
590476
590579
590623
590701
590780
590900
591034
591046
591071
591211
591303
591305
591361
591429
591490
591656
591659
591775
591940
591992
592117
592167
592234
592372
592424
592705
592968
592994
593109
593266
593413
593550
593599
593614
593692
593945
594210
594368
594584
594637
594756
594921
594982
595040
595073
595128
595148
595208
595246
595418
595450
595458
595531
595673
595738
595848
595868
596090
596177
596544
596699
597070
597517
597565
597698
597801
597849
597887
598088
598517
598578
598687
599145
599228
599473
599566
599605
599740
599743
599973
600353
600507
600622
600711
600712
600746
600828
600837
600839
600943
600949
600949
601010
601028
601030
601230
601503
601556
601665
601764
602209
602391
602516
602667
602731
602835
602994
603008
603075
603125
603354
603593
603660
603697
603772
603831
604107
604359
604382
604396
604441
604441
604574
605134
605222
605446
605569
605657
605793
606069
606308
606358
606505
606558
606927
607135
607177
607187
607191
607634
607814
607842
607896
607987
608061
608087
608171
608193
608248
608256
608376
608402
608449
608524
608611
608630
608633
608750
608948
609012
609212
609260
609296
609470
609562
609719
610160
610348
610464
610510
610512
610555
610614
610661
610886
611244
611246
611283
611291
611407
611417
611482
611506
611506
611567
611612
611855
611914
612040
612087
612170
612200
612255
612401
612431
612468
612652
612782
612782
613154
613173
613234
613323
613440
613493
613615
613655
613816
613819
613863
613979
614072
614238
614355
614489
614515
614738
614812
614858
614882
614993
615032
615127
615157
615358
615450
615479
615599
615619
615666
615756
615788
615802
615810
615866
615923
615967
616075
616208
616242
616269
616364
616463
616469
616486
616613
616673
616681
616880
616949
617001
617031
617604
617632
617744
617990
618064
618135
618193
618431
618490
618564
618682
618689
618721
618750
618875
619221
619250
619294
619668
619735
619748
619826
620291
620327
620348
620366
620500
620530
620717
620803
620816
620932
620955
620991
620999
621033
621064
621143
621210
621283
621425
621551
621620
621635
621700
621740
621968
622066
622129
622142
622404
622521
622783
622785
622955
622964
622970
623161
623319
623353
623449
623776
623806
623853
623990
624151
624214
624274
624315
624460
624740
624853
624871
624914
624966
625016
625040
625095
625114
625258
625329
625350
625360
625619
625622
625638
625733
625739
625751
625873
625874
625897
625940
625947
626047
626097
626415
626507
626750
626869
627016
627037
627182
627245
627297
627688
627831
627943
628104
628190
628265
628405
628480
628570
628665
628702
628720
628848
628855
628960
629046
629047
629048
629069
629441
629518
629550
629677
629703
629768
629804
629863
629993
630100
630156
630200
630381
630465
630482
630515
630557
630659
630719
630876
630880
630953
631020
631227
631314
631396
631413
631476
631539
631574
631577
631621
631707
631866
631916
632060
632109
632223
632315
632426
632434
632616
632699
632699
632823
633280
633299
633612
633652
633961
633988
634106
634172
634360
634516
634775
634828
634840
634987
635127
635171
635212
635223
635317
635352
635612
635767
635887
635918
636119
636374
636573
636594
636736
636750
636848
636876
636911
637058
637136
637266
637305
637435
637460
637547
637572
637588
637634
637684
637708
637997
638102
638120
638128
638131
638196
638229
638307
638342
638444
638561
638814
638889
638914
639042
639045
639053
639079
639115
639121
639127
639472
639684
639779
639803
639811
639843
639874
639924
640053
640060
640153
640391
640400
640575
640605
640764
640828
640839
640846
640871
640971
641052
641092
641229
641251
641259
641410
641419
641615
641779
641905
641914
641927
641996
642118
642223
642500
642564
642716
642899
642953
642977
643084
643104
643297
643330
643489
643579
643636
643760
643825
643828
643863
644106
644121
644236
644589
644750
644860
644919
645195
645327
645522
645639
645680
645827
645838
646219
646230
646242
646312
646361
646610
647124
647132
647186
647212
647326
647345
647413
647563
647629
648056
648093
648246
648512
648542
648561
648649
648720
648735
648791
648879
648880
648890
649083
649112
649218
649219
649408
649577
649582
649661
649693
649729
649890
649903
650038
650073
650094
650149
650150
650223
650263
650339
650549
650574
650639
650718
650763
650767
651059
651261
651340
651360
651569
651662
651741
651813
651863
651867
652144
652210
652218
652479
652530
652725
652981
653018
653154
653226
653488
653606
654016
654066
654082
654147
654175
654221
654405
654407
654714
654735
654935
655011
655024
655054
655059
655180
655181
655352
655353
655462
655500
655681
655683
655838
655919
656051
656087
656167
656481
656604
656608
656887
656937
656947
656998
657011
657217
657344
657394
657414
657421
657571
657663
657799
657837
657839
657864
657920
657965
657996
658145
658176
658187
658563
658648
658804
659222
659248
659348
659419
659422
659451
659727
659760
659864
659944
660063
660078
660128
660142
660350
660416
660420
660472
660494
660505
660678
660712
660840
660956
660991
661164
661291
661319
661472
661496
661695
661762
662139
662198
662210
662454
662543
662703
663151
663221
663315
663418
663531
663584
663746
663814
663930
663990
664216
664291
664363
664709
664821
664982
665099
665161
665288
665346
665454
665856
665865
665925
665998
666018
666157
666305
666342
666614
666818
666832
666949
667076
667174
667280
667330
667349
667356
667415
667579
667758
667782
667928
667971
668056
668178
668342
668362
668375
668452
668460
668479
668568
669059
669301
669378
669403
669424
669525
669540
669677
669721
669834
669939
670017
670036
670045
670302
670353
670397
670434
670441
670505
670552
670731
670928
670946
671022
671168
671193
671432
671581
671629
671734
671759
671772
671804
671845
671876
672047
672209
672251
672311
672391
672408
672452
672881
672991
673104
673413
673462
673587
673667
673673
673792
673955
673956
674093
674123
674305
674413
674580
674673
674678
674770
674922
675202
675259
675384
675468
675742
675756
675802
675875
675997
676041
676311
676317
676321
676327
676436
676460
676692
676704
676782
677080
677136
677138
677175
677274
677288
677334
677361
677413
677425
677479
677489
677732
677843
677993
678154
678245
678275
678557
678608
678618
678745
678799
678834
678875
679063
679126
679133
679195
679472
679545
679580
679863
679910
679952
680143
680163
680589
680615
680979
681019
681092
681155
681179
681243
681254
681272
681315
681380
681529
681630
681664
681943
682113
682209
682212
682290
682313
682333
682385
682419
682474
682599
682618
682681
682786
682906
683502
683574
683598
683626
683641
683746
683954
683978
684023
684036
684135
684160
684258
684403
684404
684624
684635
684662
684671
684729
684763
684816
684924
685433
685509
685587
685736
685944
686080
686107
686191
686261
686278
686437
686480
686558
686892
686976
686998
687148
687221
687226
687278
687343
687456
687677
687714
687810
687819
687820
687873
687981
688100
688135
688231
688311
688380
688381
688426
688555
688612
688840
688848
688878
688933
689011
689054
689262
689265
689597
689618
689637
689760
689796
689899
689937
689941
690118
690248
690267
690331
690479
690487
690593
690612
690706
690810
690854
690861
690903
690920
691058
691310
691352
691376
691434
691474
691509
691633
691651
691722
691738
692002
692050
692141
692331
692492
692493
692621
692734
692924
692964
693012
693230
693272
693429
693434
693550
693573
693646
693682
693758
693817
693849
693925
693931
693993
694186
694254
694309
694391
694411
694486
695289
695399
695444
695464
695613
695659
695923
696048
696059
696071
696126
696193
696340
696471
696793
696857
697399
697408
697451
697482
697549
697575
697593
697619
697752
697875
697894
697923
697955
698045
698096
698112
698342
698572
699040
699077
699298
699337
699448
699543
699603
699731
699737
699842
699992
700069
700131
700224
700339
700765
700832
700996
701039
701155
701220
701350
701365
701388
701447
701495
701549
701588
701662
701676
701884
701888
702101
702136
702163
702291
702348
702367
702426
702740
702888
703081
703139
703168
703268
703304
703569
703642
703706
703748
703879
703945
703963
704004
704027
704057
704154
704160
704216
704246
704266
704349
704359
704385
704457
704907
705096
705115
705135
705467
705760
705897
705916
706097
706330
706403
706471
706560
706598
706683
706784
706858
706948
707191
707218
707251
707604
707608
707656
707736
707788
707887
707895
708059
708073
708079
708081
708323
708516
708566
708573
708697
708718
708768
708773
708825
708898
708906
708973
709050
709076
709077
709090
709207
709255
709501
709671
709734
709847
709909
710049
710055
710319
710435
710484
710518
710573
710613
710886
711068
711149
711211
711291
711322
711325
711413
711478
711521
711586
711596
711642
711686
711716
711730
711790
711805
711963
711968
711986
712132
712274
712370
712400
712662
712874
712941
712977
713276
713350
713424
713750
713869
713875
713912
714092
714116
714190
714274
714307
714368
714498
714593
714653
714840
714878
714913
714993
715050
715098
715112
715648
715707
715807
715848
715917
715983
716173
716220
716296
716382
716413
716414
716491
716553
716557
716705
717017
717029
717114
717125
717516
717525
717693
717703
717713
717857
717876
717898
717961
718232
718337
718639
718731
718771
719009
719158
719192
719220
719231
719337
719344
719423
719835
719886
719904
720203
720294
720332
720467
720527
720544
720582
720729
720765
720801
720837
720856
720866
720917
720957
721298
721307
721368
721501
721735
721799
721936
722026
722032
722050
722154
722303
722327
722779
722996
722997
723074
723241
723371
723471
723583
723620
723925
724038
724292
724293
724391
724400
724569
724696
724727
724851
724985
725020
725027
725238
725353
725397
725445
725515
725595
725652
725715
725784
726254
726271
726313
726401
726503
726518
726561
726623
726974
727047
727079
727121
727180
727188
727243
727274
727387
727471
727484
727491
727520
727536
727760
728302
728446
728789
728849
728853
729111
729471
729613
729763
729914
729947
729999
730019
730135
730171
730335
730341
730730
730796
730974
731070
731166
731327
731366
731475
731604
731606
731796
731865
731965
732011
732081
732123
732235
732473
732564
732587
732663
732717
732868
732933
732968
732968
732978
732989
732994
733011
733130
733429
733542
733739
733921
733947
734017
734041
734212
734477
734510
734646
734668
734912
734925
735121
735207
735335
735477
735478
735675
735685
736036
736235
736278
736421
736625
736647
736656
736679
736707
736803
736804
736839
736890
737064
737157
737224
737324
737340
737421
737459
737588
737661
737727
737746
737980
737984
737997
738095
738197
738203
738384
738451
738571
738754
738758
739070
739322
739358
739443
739514
739534
739607
739660
739751
739970
740129
740198
740229
740262
740350
740367
740392
740423
740450
740486
740524
740526
740548
740588
740638
740665
740689
740751
740755
740898
741066
741067
741126
741297
741329
741385
741444
741526
741555
741722
741735
741842
742033
742112
742359
742416
742435
742452
742469
742647
742947
743034
743184
743274
743278
743418
743429
743480
743892
743912
743921
743993
744105
744226
744453
744747
744787
744964
745032
745085
745451
745576
745697
745808
745884
745990
746019
746034
746047
746080
746106
746247
746349
746399
746503
746687
746698
747007
747030
747255
747376
747503
747541
747551
747574
747582
747627
747663
747784
748014
748036
748065
748115
748172
748205
748313
748423
748520
748711
748870
748922
748971
748986
749148
749152
749171
749185
749196
749214
749239
749355
749400
749426
749433
749857
750032
750351
750354
750499
750676
750980
751501
751638
751641
751744
751943
751965
751995
752100
752211
752301
752377
752414
752519
752571
752592
752760
752761
752782
752881
752890
752922
752923
752934
752977
753296
753383
753446
753537
753552
753602
753756
754201
754265
754322
754382
754387
754465
754478
754502
754832
754840
754862
754907
755261
755441
755525
755804
755959
755991
756109
756229
756288
756294
756304
756374
756413
756505
756634
756651
756679
756740
756802
756810
756894
756911
756925
757001
757127
757252
757408
757464
757725
757844
758658
758766
758847
758989
759051
759230
759233
759265
759291
759356
759547
759814
759831
759836
759885
759953
760232
760278
760402
760435
760507
760508
760528
760711
760863
760922
761116
761157
761170
761186
761248
761248
761279
761559
761908
761955
761998
762401
763283
763393
763423
763489
763539
763541
763714
763730
763886
763900
763936
763946
763956
764040
764242
764264
764344
764409
764493
764514
764515
764856
765015
765074
765078
765153
765182
765225
765257
765560
765691
765792
765963
765992
766008
766024
766096
766103
766152
766641
766715
766760
766861
766905
766937
767018
767028
767078
767232
767355
767463
767464
767516
767577
767735
767736
767750
767767
767853
767993
768050
768106
768195
768214
768315
768477
768507
768634
768696
768757
769035
769269
769352
769545
769643
769799
769888
769905
769915
770120
770132
770202
770276
770310
770386
770407
770433
770519
770791
770933
770971
771015
771029
771044
771195
771287
771459
771798
771819
771945
772187
772191
772229
772324
772472
772484
772505
772604
772656
772665
772738
772837
772874
772962
773015
773075
773435
773601
773935
773970
773975
774103
774468
774492
774675
774696
774697
774739
774777
774830
774831
774842
774945
774994
775170
775170
775312
775346
775439
775466
775642
775763
775766
776041
776047
776227
776314
776363
776397
776421
776431
776783
776803
776824
777223
777245
777261
777265
777507
777550
777558
777631
777641
777895
778161
778167
778290
778320
778408
778445
778453
778475
778530
778734
778811
778997
779085
779179
779422
779428
779493
779567
779579
780005
780052
780264
780333
780399
780501
780660
780688
780875
780959
781184
781200
781315
781340
781637
781655
781741
781840
781889
781968
782145
782167
782193
782266
782296
782344
782348
782632
782639
782860
783093
783094
783095
783124
783142
783168
783429
783476
783670
783676
783889
783967
784092
784199
784214
784230
784342
784458
784829
784977
785062
785292
785331
785383
785447
785522
785637
785809
785906
786013
786380
786687
786795
786847
786872
786883
786900
786924
786989
787036
787066
787134
787276
787294
787349
787436
787515
787517
787765
787769
788043
788210
788243
788288
788390
788449
788547
788581
788601
788669
788700
788772
788928
788938
788995
789052
789223
789242
789404
789467
789537
789566
789752
789758
789884
789900
789900
790028
790065
790192
790252
790253
790273
790352
790510
790585
790606
790712
790749
790768
790793
790907
791067
791100
791186
791187
791272
791312
791491
791536
791573
791685
791685
791711
791899
791934
792077
792107
792209
792360
792396
792529
792533
792549
792555
792630
792639
792660
792858
793155
793186
793228
793262
793370
793408
793512
793534
793793
794075
794078
794137
794165
794199
794222
794555
794731
794963
794979
795057
795139
795152
795443
795555
795761
796127
796143
796257
796272
796407
796451
796467
796574
796599
796656
796959
797021
797090
797141
797149
797155
797364
797448
797563
797796
797829
797870
797931
798077
798078
798326
798352
798517
798598
798849
798950
799068
799124
799150
799197
799401
799626
799662
799675
799754
799814
799918
800372
800444
800456
800574
800745
800807
800844
800922
800969
801206
801296
801414
801689
801763
801861
801880
801938
802418
802426
802467
802491
802551
802624
802664
802702
802723
802776
802841
802892
802977
802992
803094
803397
803859
803943
803985
804215
804447
804554
804593
804625
804648
804748
804822
804915
805060
805115
805159
805318
805343
805459
805552
805619
805801
805802
805845
805856
805919
805953
806096
806114
806216
806233
806347
806392
806482
806617
806694
806901
806984
807146
807175
807561
807570
807627
807662
807682
807717
807760
807784
807879
808159
808200
808275
808464
808597
808721
808775
809116
809187
809389
809516
809577
809585
809613
809671
809709
809715
809735
809808
809836
809854
809963
810013
810292
810340
810341
810348
810406
810653
810676
810685
810769
810806
810843
810922
810933
811042
811079
811303
811393
811395
811408
811452
811769
811804
811901
812017
812065
812075
812301
812303
812319
812409
812438
812496
812522
812587
812786
812799
812892
812927
812968
813040
813390
813391
813733
813796
814085
814107
814213
814342
814380
814417
814474
814588
814644
814872
814886
815006
815029
815214
815352
815796
816059
816176
816208
816229
816483
816834
816874
817101
817171
817478
817661
817838
817899
818041
818089
818184
818207
818272
818431
818458
818587
818654
818952
818987
819265
819366
819550
819636
819805
820007
820031
820064
820138
820174
820215
820318
820334
820574
820698
820795
820839
821000
821036
821080
821110
821116
821162
821219
821267
821303
821379
821421
821453
821482
821524
821679
821865
821941
821946
821984
822039
822079
822163
822190
822238
822318
822352
822432
822716
822958
822979
822997
823091
823185
823292
823393
823572
823617
823737
823897
823909
823960
824270
824299
824555
824750
824973
825007
825105
825317
825538
825606
825612
825638
825660
825721
825801
825829
825846
826011
826085
826099
826171
826200
826200
826540
826636
826909
826976
827123
827154
827408
827420
827454
827511
827559
827721
827793
828056
828295
828471
828598
828619
828641
828772
828848
828952
829190
829243
829409
829596
829671
829674
830028
830185
830411
830755
830799
830904
830940
831026
831240
831567
831714
831858
831867
832113
832137
832287
832478
832596
832600
832806
832857
833000
833078
833156
833321
833643
833711
833920
834022
834079
834079
834089
834217
834235
834378
834388
834532
834577
834626
834688
835050
835066
835068
835116
835206
835315
835324
835510
835579
835612
835649
835713
835926
835959
836121
836162
836226
836278
836555
836583
836768
836774
837090
837098
837191
837578
837911
837917
838154
838301
838341
838441
838595
838941
838946
838986
839076
839102
839137
839144
839193
839347
839407
839441
839644
839648
840078
840232
840410
840550
840552
840560
840581
840932
841111
841355
841441
841441
841477
841573
841580
841605
841800
841829
841858
841971
842008
842061
842145
842294
842314
842330
842389
842402
842491
842564
842641
842858
842870
842903
842950
843015
843030
843319
843352
843494
843520
843581
843780
843892
844149
844292
844303
844307
844325
844362
844424
844461
844547
844908
845089
845319
845526
845724
846137
846403
846448
846451
846567
846583
846595
846892
846937
846974
847149
847396
847725
847762
847894
847980
848046
848148
848259
848292
848339
848449
848484
848692
848844
848865
849075
849143
849440
849563
849650
849710
849961
850213
850450
850471
850475
850547
850680
850797
850876
850934
850937
850953
851123
851140
851214
851217
851306
851455
851632
851957
851961
852183
852269
852336
852365
852482
852700
852744
852793
852840
852984
852993
853056
853057
853131
853162
853214
853476
853580
853974
854093
854138
854504
854507
854649
854649
854746
854910
855118
855175
855182
855457
855624
855683
855710
855744
855916
856013
856241
856282
856350
856373
856478
856544
856720
856921
856975
856990
857008
857033
857200
857254
857279
857360
857515
857520
857551
857640
857663
857715
857743
857809
857972
858025
858113
858264
858385
858403
858491
858603
858619
858628
858631
858665
858898
858914
858944
859021
859134
859309
859356
859706
859758
859801
859924
860100
860104
860387
860401
860482
860799
860838
860858
861008
861011
861436
861558
861598
861610
861655
861733
861778
861779
861871
862032
862410
862477
862497
862504
862646
862838
862857
862989
863029
863043
863128
863145
863277
863447
863449
863458
863484
863706
863784
863867
863876
863889
863928
864013
864067
864292
864454
864553
864830
864867
864963
864986
865020
865021
865164
865175
865375
865387
865412
865428
865578
865799
866044
866094
866216
866283
866417
866541
866576
866630
866951
867053
867161
867273
867290
867411
867476
867594
867666
867699
867810
867874
867961
868177
868422
868530
868596
868626
868755
868904
869080
869238
869258
869259
869282
869515
869545
869557
869758
869793
869988
870065
870100
870333
870466
870518
870950
871092
871201
871254
871297
871311
871444
871641
871848
872026
872125
872199
872282
872341
872403
872410
872425
872456
872528
872560
873059
873078
873111
873116
873128
873386
873387
873422
873543
873594
873793
873796
873901
873950
874075
874094
874129
874655
874688
874787
874822
874963
875064
875396
875447
875532
875644
875749
875999
876089
876113
876359
876832
876856
877086
877185
877190
877239
877241
877414
877460
877599
877739
877747
877790
877817
877858
877865
878100
878130
878135
878135
878207
878319
878403
878817
878821
879106
879148
879740
879910
879936
880000
880066
880278
880382
880597
880820
880879
880899
880950
880994
881193
881253
881302
881710
881744
882054
882070
882287
882328
882427
882556
882833
882874
882876
883001
883096
883242
883309
883380
883492
883922
883948
884051
884135
884350
884635
884696
885125
885167
885379
885571
885628
885680
885715
885840
885996
886086
886347
886448
886545
886664
886810
886856
887019
887021
887078
887092
887099
887150
887174
887927
888260
888273
888378
888452
888466
888497
888519
888521
888792
888958
889026
889066
889327
889419
889460
889584
890361
890410
890524
890611
890680
890725
890764
890807
890930
890944
891192
891279
891502
891572
891782
891858
891945
892023
892320
892341
892480
892512
892564
892594
892763
892960
893028
893032
893072
893119
893180
893259
893455
893560
893603
893733
893931
894013
894052
894219
894318
894330
894518
894609
894619
894685
894714
894788
894803
895010
895014
895030
895164
895243
895563
895630
896017
896056
896082
896266
896436
896961
896971
897004
897059
897348
897365
897422
897466
897543
897644
897649
897946
897952
898253
898255
898369
898412
898568
898583
898647
898654
898701
898721
898731
898800
898810
898830
898841
899391
899418
899547
899670
899672
899784
900014
900048
900049
900100
900345
900510
900586
900745
900773
900893
900959
901209
901252
901273
901318
901344
901466
901471
901568
901574
901633
901638
901756
901825
901867
901887
902104
902259
902353
902357
902413
902439
902465
902491
902532
902632
902759
903003
903079
903130
903225
903307
903379
903505
903506
903545
903678
903821
903865
903935
904053
904164
904212
904352
904468
904551
904703
904940
905380
905617
905705
905747
905789
905888
905914
906034
906109
906327
906479
906534
906535
906594
907039
907047
907134
907154
907155
907159
907193
907219
907258
907259
907417
907422
907711
907723
907839
908034
908076
908211
908294
908397
908415
908443
908780
908842
908980
909013
909225
909316
909398
909488
909559
909652
909819
909850
909876
909889
909901
909916
910046
910310
910455
910598
910617
910815
910863
911018
911032
911361
911498
911856
911880
911884
911893
911945
912024
912043
912195
912382
912405
912952
913000
913036
913078
913139
913146
913150
913232
913258
913323
913432
913603
913757
913759
913867
913873
913913
914326
914338
914385
914410
914419
914702
914867
914946
914980
915326
915366
915402
915490
915563
915579
915635
915682
915794
916301
916375
916556
917052
917175
917319
917438
917712
917779
917779
917933
917973
918086
918229
918429
918490
918511
918566
918763
918856
918982
919044
919133
919167
919187
919225
919237
919250
919291
919308
919330
919331
919341
919383
919422
919628
919658
919732
919742
919843
919883
919976
920310
920695
920802
920865
920956
921000
921059
921246
921338
921454
921577
921609
921651
921787
922054
922174
922216
922313
922352
922384
922432
922479
922489
922663
922838
922894
922899
923137
923383
923931
923946
924096
924191
924278
924292
924426
924605
924633
924997
925413
925744
925785
925861
926045
926244
926283
926415
926441
926555
926689
926737
926911
927111
927234
927271
927336
927694
927797
927863
927972
928075
928080
928245
928354
928526
928535
928645
928759
928886
928931
929113
929157
929187
929354
929356
929379
929595
929717
930034
930047
930096
930271
930404
930522
930562
930791
930982
931089
931242
931314
931355
931430
931485
931496
931646
931718
932282
932379
932396
932504
932709
932809
933044
933093
933426
933439
933470
933626
933632
933756
933764
933981
934116
934195
934281
934356
934406
934436
934625
934720
934969
935067
935249
935630
935633
935681
935879
936029
936101
936201
936339
936355
936379
936404
936470
936558
936589
936793
936835
936928
937165
937198
937288
937434
937439
937472
937513
937515
937529
937668
937685
937692
937779
937793
937815
937897
937945
938097
938110
938127
938130
938192
938286
938311
938352
938390
938409
938436
938539
938636
938646
938899
939191
939737
939820
939894
939903
940012
940149
940204
940367
940475
940519
940593
940655
940711
940810
940887
940893
940893
940954
940974
941004
941012
941071
941157
941272
941377
941437
941605
941674
941712
941894
941987
942064
942237
942268
942353
942511
942645
942660
942699
942821
942970
943015
943029
943037
943211
943212
943636
943650
943713
943787
944082
944225
944332
944432
944501
944603
944613
944717
944793
944962
945080
945571
945584
945717
945830
945846
945884
946008
946085
946153
946207
946337
946380
946387
946456
946633
947034
947170
947235
947278
947290
947527
947528
947740
947846
948289
948326
948337
948457
948480
948619
948912
949121
949275
949313
949328
949336
949424
949468
949565
949599
949997
950022
950105
950160
950163
950178
950251
950266
950444
950675
950721
950761
950765
950831
950983
951180
951204
951355
951531
951647
951648
951665
951772
951897
951933
951973
952096
952189
952212
952259
952430
952464
952508
952621
952766
952876
952921
953099
953121
953321
953375
953411
953433
953439
953473
953497
953561
953625
953803
953828
953863
953863
953934
954109
954119
954181
954265
954296
954303
954335
954406
954451
954508
954550
954551
954562
954911
954973
955249
955250
955297
955330
955345
955362
955363
955378
955430
955599
955667
955884
955981
956056
956062
956351
956394
956431
956960
957088
957091
957233
957318
957420
957423
957487
957668
957949
957955
958043
958137
958192
958194
958328
958372
958415
958646
958682
959049
959280
959449
959461
959463
959498
959530
959779
959819
959857
960012
960014
960205
960395
960536
961062
961252
961345
961391
961397
961428
961730
961894
962078
962134
962307
962463
962577
962732
962844
962846
962927
962940
963065
963078
963143
963151
963178
963262
963462
963595
963721
963760
963824
963877
964069
964156
964185
964205
964212
964310
964401
964569
964628
964662
964688
964821
964915
964942
964958
965034
965086
965131
965187
965407
965490
965582
965734
965749
965866
966007
966146
966293
966434
966593
966658
966675
966816
966892
966965
967049
967100
967261
967282
967303
967339
967523
967641
967744
967890
968038
968141
968151
968200
968207
968263
968344
968420
968450
968785
968795
968935
969119
969241
969461
969695
969855
969928
969940
970006
970046
970048
970157
970215
970281
970394
970401
970539
970783
971005
971081
971081
971167
971277
971374
971592
971636
971648
971701
971823
971905
971974
972079
972191
972245
972268
972503
972776
972997
973027
973094
973125
973132
973367
973405
973415
973424
973444
973470
973617
973727
973765
973767
973852
973922
973949
974166
974471
974480
974661
974710
974815
974924
975105
975176
975194
975401
975430
975563
975607
975778
975899
975965
975994
976136
976224
976372
976458
976460
976703
976895
976942
976983
977150
977243
977291
977335
977569
977593
977646
977650
977676
977794
977836
977868
977882
977896
977969
978153
978169
978255
978558
978734
978736
978906
979165
979191
979271
979279
979381
979473
979516
979539
979605
979760
979862
979943
979983
979997
980049
980082
980248
980547
980575
980595
980606
980632
980679
980824
980877
980914
980958
981091
981102
981131
981144
981576
981590
981619
981626
981711
981831
981993
982108
982114
982160
982168
982326
982402
982516
982577
983349
983356
983479
983587
983649
983683
983769
983784
983831
983837
983846
983956
983998
984083
984126
984164
984164
984204
984212
984306
984378
984416
984560
984569
984772
984878
984941
984944
985160
985163
985287
985386
985586
985838
986087
986105
986189
986347
986527
986539
986571
986673
986757
986903
986912
986934
986970
987165
987284
987307
987450
987521
987546
987561
987566
987568
987761
987780
987900
987911
988044
988054
988230
988290
988310
988314
988396
988503
988770
988888
989110
989275
989329
989423
989491
989589
989619
989707
989725
989729
989755
990048
990205
990224
990337
990463
990641
990697
990764
991034
991162
991354
991436
991462
991476
991692
991739
991752
992116
992422
992517
992572
992628
992780
993084
993212
993231
993253
993266
993361
993428
993447
993476
993489
993535
993890
993930
994257
994407
994535
994616
994694
994722
994784
994820
994858
994991
995295
995469
995649
995653
995665
995721
995758
995837
995956
996003
996059
996335
996335
996487
996828
996863
997201
997308
997338
997525
997538
997548
997840
998023
998223
998263
998320
998383
998474
998555
998829
999054
999143
999239
999312
999331
999332
999342
999448
999487
999559
999658
999902
999936