37
129
252
283
360
398
434
485
973
1101
1132
1133
1177
1360
1382
1403
1435
1894
2066
2135
2230
2256
2506
2535
2551
2704
2738
2996
3015
3104
3163
3269
3524
3735
3769
3804
3881
3893
3914
4447
4576
4581
4603
4672
4777
4914
4923
5028
5088
5186
5191
5210
5447
5497
5677
5706
5747
5748
5800
6156
6161
6272
6284
6538
6704
7482
7511
7520
7728
7767
7846
7953
7955
7971
8179
8201
8236
8294
8382
8558
8613
8811
8919
8930
9057
9188
9194
9534
9583
9584
9999
10290
10348
10423
10686
11129
11143
11191
11265
11420
11505
11633
11684
11716
11790
12116
12146
12161
12171
12251
12614
12746
12984
13161
13321
13355
13371
13397
13796
13915
13985
13994
14019
14051
14218
14244
14389
14431
14669
14693
14707
14779
14790
14878
15199
15289
15343
15371
15411
15575
15655
15687
15734
15907
15926
15983
16088
16170
16202
16217
16223
16229
16241
16437
16471
16482
16527
16527
16603
16626
16771
16784
16865
16892
17057
17114
17347
17500
17679
17715
18100
18150
18231
18302
18329
18479
18592
18649
18671
18698
18798
18949
19115
19243
19337
19633
19868
20098
20168
20215
20234
20316
20349
20445
20467
20474
20531
20586
20706
20947
21291
21356
21378
21555
21556
21645
21840
21910
21958
22088
22196
22227
22281
22404
22449
22655
22813
22895
22960
23669
23768
24039
24099
24164
24205
24274
24449
24481
24516
24616
24623
24692
24771
24773
24889
24891
24958
25086
25182
25282
25746
25853
26140
26250
26294
26416
26424
26427
26476
26490
26615
26637
26765
26825
26931
26936
26946
26977
27270
27459
27557
27559
27616
27638
27638
27658
27683
27882
27955
28047
28097
28129
28137
28308
28361
28364
28550
28638
28780
28989
29066
29175
29320
29333
29344
29356
29385
29485
29491
29666
29728
29738
29757
30020
30062
30125
30139
30339
30353
30682
30683
30684
30695
30731
31019
31589
31700
31797
31857
31895
32014
32123
32244
32328
32429
32437
32478
32763
32899
32904
32908
32928
33105
33401
33434
33558
33590
33612
33678
33681
33688
33834
34017
34257
34570
34741
34769
34864
34996
35057
35125
35367
35433
35631
35804
36010
36261
36684
36836
36929
37177
37232
37239
37256
37553
37578
37629
37659
37701
37872
37888
37935
37943
38073
38108
38139
38227
38327
38360
38382
38399
38426
38467
38913
39019
39156
39343
39348
39439
39518
39596
39606
39738
39907
39973
40003
40181
40252
40351
40461
40543
40619
40691
40846
41248
41304
41396
41439
41488
41500
41580
41603
41613
41649
41662
41675
41775
41814
41856
41903
41990
42156
42206
42588
42617
42632
42709
42777
42805
43004
43146
43198
43284
43326
43358
43378
43475
43719
43750
43751
43805
43809
43846
43879
44214
44329
44333
44346
44440
44443
44454
44536
44652
44703
44805
44975
45092
45099
45103
45107
45239
45248
45536
45602
45605
45630
45773
45881
45958
46209
46219
46304
46305
46391
46398
46508
46780
46806
46848
46915
46977
47074
47182
47297
47311
47416
47565
47602
47614
47625
47638
47672
47725
47763
47831
47858
47862
47943
47962
48138
48245
48253
48288
48448
48610
48801
48885
48893
48898
49193
49410
49463
49694
49978
50020
50096
50168
50372
50411
50423
50432
50466
50516
50730
50903
51047
51401
51412
51419
51467
51538
52030
52106
52128
52237
52309
52517
52544
52877
52942
52949
52976
53073
53231
53298
53346
53589
53589
53686
53860
53922
54131
54155
54275
54291
54416
54422
54567
54601
54607
54686
54754
54831
54840
54895
54995
55036
55130
55334
55424
55503
55733
55978
56412
56492
56588
56740
56887
57128
57153
57298
57307
57344
57356
57368
57410
57781
57898
57937
57966
58079
58294
58337
58338
58359
58480
58594
58640
58657
58841
58863
58992
59006
59047
59051
59154
59158
59373
59410
59646
59707
59802
59982
60019
60198
60213
60326
60333
60440
60703
60868
60896
60985
60989
61013
61045
61165
61325
61356
61404
61489
61616
61765
61895
61950
61956
61975
62062
62288
62318
62493
62520
62530
62554
62645
62710
62852
63064
63145
63345
63430
63449
63450
63619
63642
63813
63891
63973
64066
64087
64157
64175
64270
64325
64586
64738
64836
64933
64952
64970
64974
65232
65253
65474
65506
65551
65609
65920
65968
65985
66156
66271
66357
66401
66443
66822
66846
66861
67141
67180
67308
67414
67668
67734
67815
67883
67929
67986
68177
68196
68281
68406
68439
68587
68620
68734
68761
68956
69114
69163
69178
69347
69477
69511
69529
69529
69644
69703
69854
69856
69884
70093
70095
70321
70634
70733
70746
70797
70814
70832
70981
71045
71179
71252
71415
71505
71509
71629
71631
71712
71924
71954
72121
72210
72423
72614
72717
72734
72948
73175
73503
73555
73580
73611
73615
73738
73748
73966
74285
74359
74484
74620
74757
75232
75243
75312
75439
75500
75569
75685
75766
75769
76134
76542
76582
76583
76627
76734
76842
76936
77146
77336
77528
77660
77843
77877
77959
78057
78319
78360
78376
78414
78473
78480
78870
78961
78995
79093
79097
79167
79413
79527
79771
79885
79957
79997
80134
80255
80318
80320
80329
80414
80468
80483
80525
80733
80823
80904
80948
81057
81070
81108
81469
81516
81586
81588
81765
81773
81789
81864
81952
82032
82735
82778
82948
83171
83245
83246
83554
83560
83691
83784
83799
83841
83861
83887
83927
83959
83978
84001
84121
84158
84266
84508
84818
84838
84914
85078
85080
85191
85323
85714
85736
85740
85760
85876
85944
86059
86120
86239
86319
86384
86427
86474
86517
86536
86639
86749
86840
86968
87105
87136
87373
87395
87616
87693
87696
87952
88232
88637
88648
88693
88766
89026
89028
89055
89065
89086
89257
89283
89294
89441
89618
89682
89951
89996
90266
90566
90822
91066
91087
91377
91561
91623
91797
91962
91962
92048
92173
92236
92287
92359
92360
92441
92531
92818
92929
93018
93049
93098
93289
93298
93366
93466
93529
93661
93662
93679
93822
93834
93901
94199
94220
94224
94387
94393
94514
94682
94683
94696
94821
94865
94990
95027
95441
95628
95633
95764
95772
95916
95996
95998
96142
96616
96622
96647
96703
96725
96829
96875
96885
96920
96974
97025
97113
97114
97123
97151
97202
97393
97468
97787
97938
98080
98433
98466
98468
98756
98797
98894
99011
99147
99216
99305
99361
99676
100152
100298
100616
100660
100800
100845
100866
101091
101160
101186
101301
101583
101721
101730
101814
101865
101917
101941
101989
102270
102334
102432
102513
102577
102581
102592
102645
102731
102869
102898
102977
103040
103184
103227
103613
103638
103735
103905
104155
104262
104268
104277
104278
104360
104370
104399
104508
104747
104777
104814
104820
104870
104938
105143
105158
105371
105534
105606
105741
105755
105819
105896
105906
106023
106061
106145
106195
106241
106295
106356
106392
106488
106726
106756
106891
106934
107015
107020
107169
107251
107271
107281
107315
107391
107391
107695
107697
107699
107717
107725
107797
107846
107868
108004
108111
108288
108472
108495
108632
108708
108826
109037
109157
109293
109357
109480
109540
109694
109808
110117
110236
110360
110370
110556
110678
110785
110924
111091
111391
111393
111450
111512
111513
111530
111752
111870
111937
111970
111977
111985
111997
112143
112182
112242
112799
112978
113081
113182
113270
113340
113720
113778
114064
114111
114225
114265
114266
114375
114395
114493
114518
114561
114636
114649
114698
114908
114932
115091
115150
115227
115361
115416
115589
115640
115764
115784
116002
116069
116100
116125
116160
116255
116343
116533
116545
116589
116702
116837
116947
116955
117140
117338
117342
117355
117383
117678
117708
117849
117895
118238
118253
118483
118509
118830
118958
119001
119183
119241
119334
119461
119687
119767
120115
120187
120537
120640
120818
120863
120897
120929
121281
121384
121437
121463
121486
121702
121826
121838
122059
122059
122185
122289
122291
122413
122423
122536
122645
122656
122719
122785
122868
122934
123011
123034
123069
123080
123089
123192
123267
123305
123426
123471
123524
123605
123657
123797
123835
124017
124139
124202
124305
124394
124460
124531
124581
124802
124817
124946
125066
125102
125143
125167
125204
125244
125244
125269
125326
125475
125554
125644
125835
125952
125996
126116
126183
126207
126230
126275
126348
126492
126633
126994
126997
127109
127257
127401
127739
127763
127872
128058
128182
128223
128242
128296
128415
128437
128479
128529
128677
128817
128960
129118
129141
129171
129273
129370
129833
129860
129896
129911
130058
130062
130137
130138
130177
130186
130250
130394
130457
130472
130494
130734
130746
130780
130821
130829
130881
130992
131136
131201
131213
131283
131519
131712
131717
131718
131749
131839
131847
131883
131899
131982
132150
132218
132420
132454
132584
132684
132732
132790
132962
133039
133209
133228
133313
133357
133373
133471
133506
133666
133666
133709
133748
133837
133921
133983
134100
134293
134519
134535
134616
134886
134903
135047
135119
135137
135421
135426
135674
135837
136240
136290
136382
136383
136385
136437
136496
136848
136982
137025
137071
137456
137593
137780
137890
138106
138123
138149
138223
138293
138358
138384
138475
138501
138508
138653
138784
138850
139028
139058
139219
139221
139225
139363
139474
139540
139630
139643
139662
139770
139891
139992
140095
140212
140280
140342
140405
140496
140586
140604
140640
140782
140900
140991
141152
141230
141531
141616
141763
141881
141980
142068
142196
142381
142385
142407
142433
142481
142503
142702
142734
142878
142983
143314
143540
143574
143618
143747
143748
143766
143839
143968
143968
144106
144267
144324
144579
144687
144695
145231
145238
145372
145421
145450
145529
145543
145572
145630
145940
146094
146160
146182
146309
146417
146474
146514
146567
146659
146824
146954
147002
147176
147187
147458
147584
147657
147683
147854
147868
147885
148037
148172
148215
148229
148434
148446
148466
148894
149259
149620
149797
149996
150001
150067
150364
150408
150518
150632
150983
151040
151172
151177
151445
151521
151597
151987
152037
152202
152309
152350
152396
152438
152489
152495
152624
152713
153087
153236
153264
153293
153390
154032
154064
154218
154263
154534
154617
154817
154849
154874
154931
154985
155024
155305
155327
155417
155630
155683
156109
156166
156551
156711
156778
156836
157126
157131
157141
157379
157660
158193
158209
158403
158610
158617
158815
158828
158848
159080
159113
159169
159176
159222
159299
159394
159450
159962
159977
160026
160155
160235
160342
160352
160492
160618
160711
160712
160831
160889
160974
161155
161175
161541
161739
161844
161907
161932
161967
162073
162101
162158
162637
162686
162742
162843
162888
162938
163106
163147
163186
163194
163404
163516
163627
163628
163878
164025
164110
164249
164299
164355
164416
164603
164750
164925
164934
165095
165112
165319
165401
165426
165438
165822
165847
165851
166042
166103
166163
166172
166238
166386
166503
166560
166643
166810
166813
167140
167204
167324
167479
167616
167648
167689
167844
167959
167989
168036
168064
168097
168105
168158
168199
168422
168475
168816
168976
168992
169124
169188
169230
169248
169257
169409
169432
169604
169667
169736
169760
169911
170090
170288
170296
170311
170366
170496
170587
170629
170872
170872
170876
170999
171111
171201
171207
171272
171290
171419
171554
171557
171566
171732
171799
171877
171892
171987
172287
172561
172595
172621
172679
172781
172961
172965
173026
173260
173277
173382
173440
173447
173562
173776
173783
173788
173991
174032
174055
174095
174100
174116
174178
174289
174449
174456
174528
174611
174791
174944
175507
175582
175649
175964
176100
176140
176146
176150
176382
176384
176621
176625
176653
176697
176861
176905
176915
176967
177028
177154
177327
177438
177582
177791
177813
177819
177861
177981
178418
178419
178586
178596
178691
178747
178959
179117
179152
179167
179371
179385
179514
179970
180053
180210
180344
180530
180891
180920
181228
181424
181445
181489
181503
181521
181529
181584
181639
181658
181843
182092
182108
182274
182366
182442
182444
182521
182596
182615
182686
182857
182984
183002
183086
183169
183243
183268
183285
183582
183610
183617
183645
183702
183788
183789
183818
183822
184015
184158
184212
184239
184277
184278
184285
184554
184809
185040
185248
185256
185291
185390
185465
185499
185539
185579
185659
185726
185768
185813
185851
185975
186228
186255
186318
186350
186357
186398
186405
186503
186577
186676
186717
186720
186761
186945
187114
187233
187455
187615
187639
188006
188008
188024
188033
188094
188679
188924
189088
189240
189246
189289
189363
189391
189525
189573
189612
189748
189817
189945
189973
189990
190160
190184
190230
190274
190310
190423
190436
190526
190551
190627
190665
190696
190954
191127
191257
191304
191314
191323
191504
191599
191634
191694
191741
191749
191817
191852
192131
192428
192529
192628
192765
193069
193287
193495
193537
193539
193571
193582
193589
193754
193994
194274
194430
194507
194582
194790
194801
194826
194941
194980
195020
195155
195470
195474
195600
195668
195752
195954
196001
196079
196155
196210
196255
196326
196543
196621
196716
196928
196934
197442
197603
197738
198134
198147
198191
198251
198466
198586
198660
198782
198804
199010
199017
199030
199064
199128
199206
199294
199364
199451
199595
199632
199664
200006
200055
200157
200215
200219
200258
200705
200763
201061
201073
201078
201157
201212
201321
201340
201357
201385
201579
201741
201821
201846
201929
202228
202298
202372
202404
202454
202565
202948
203140
203173
203338
203363
203407
203614
203628
203685
203866
204006
204059
204113
204169
204183
204325
204470
204596
204803
204818
205071
205075
205115
205125
205188
205264
205597
205743
205955
205962
205998
206081
206118
206207
206364
206455
206570
206654
206775
206828
206829
206858
206939
206974
206976
207123
207348
207475
207500
207687
207786
207820
208002
208016
208086
208125
208209
208676
208779
208913
208955
209072
209109
209231
209505
209562
209583
209728
209846
209930
209982
210238
210344
210357
210419
210540
210561
210575
210577
210636
210691
210863
210931
211318
211364
211528
211533
211584
211608
211610
211680
211894
212061
212174
212466
212529
212687
212816
212907
212979
213092
213095
213270
213353
213475
213493
213906
213939
213950
213960
214097
214183
214194
214335
214396
214741
214778
214982
214993
215001
215047
215370
215412
215541
215667
215687
215840
216247
216317
216392
216482
216620
216839
216908
216954
216962
217108
217357
217438
217492
217712
217825
218096
218148
218247
218507
218598
218713
218773
218864
219053
219081
219082
219103
219167
219307
219312
219361
219441
219485
219527
219556
219562
219913
219978
220077
220295
220451
220461
220864
220877
220952
221192
221263
221264
221331
221374
221389
221600
221606
221673
221696
221713
221770
221833
222071
222264
222357
222476
222516
222599
222616
222651
222863
222884
222901
223061
223115
223193
223349
223705
223910
224028
224049
224251
224294
224296
224384
224499
224521
224622
224796
224815
224857
224869
224963
224981
224997
225015
225094
225113
225175
225178
225283
225312
225405
225410
225790
225978
226022
226111
226155
226299
226351
226404
226494
226506
226513
226545
226569
226826
226903
226968
227243
227303
227308
227375
227506
227556
227814
227903
227952
228024
228135
228226
228288
228307
228328
228575
228594
228750
228751
228833
229004
229185
229192
229264
229385
229403
229448
229476
229583
229595
229665
229801
229804
229922
229986
230061
230071
230137
230187
230306
230322
230354
230363
230571
230768
230794
230859
230912
231139
231443
231522
231606
231643
231662
231885
231894
232000
232008
232055
232128
232651
232741
232757
232764
232807
233027
233144
233174
233408
233419
233443
233458
233523
233614
233892
233910
233926
234019
234271
234406
234420
234465
234580
234619
234881
234901
235103
235159
235264
235427
235603
235625
235626
235738
236113
236118
236322
236417
236476
236593
236795
236818
236975
237271
237289
237312
237355
237378
237479
237490
237570
237580
237614
237848
237932
238056
238088
238258
238392
238617
238647
239138
239204
239225
239290
239361
239401
239536
239952
239960
240257
240296
240560
240634
240848
240869
241004
241099
241144
241153
241450
241456
241673
241749
241809
241863
242000
242031
242201
242311
242422
242498
242533
242554
242573
242618
242649
242662
242807
242902
243003
243083
243084
243090
243111
243140
243211
243259
243518
243653
243678
243786
243957
244116
244135
244137
244262
244315
244369
244415
244434
244462
244472
244476
244807
244868
245007
245055
245143
245225
245271
245437
245450
245490
245564
245851
246050
246185
246209
246343
246434
246437
246814
246888
246899
246961
247228
247277
247293
247429
247531
247549
247567
247867
247888
247918
247993
248000
248051
248139
248151
248178
248187
248356
248380
248509
248575
248642
248685
248981
249091
249121
249257
249352
249593
249614
249620
249648
249667
249989
250103
250244
250252
250513
250654
250867
250882
251125
251154
251158
251287
251345
251471
251563
251619
251689
251745
251782
251808
251900
251910
252042
252163
252364
252439
252571
252876
252949
252969
253097
253106
253293
253433
253454
253471
253489
253521
253696
253709
253820
254052
254236
254298
254401
254463
254488
254511
255145
255187
255275
255372
255419
255443
255697
255714
255779
255800
255816
255995
256474
256733
256829
256887
256914
256972
257002
257158
257177
257415
257595
257647
257728
257878
258312
258351
258400
258405
258532
258632
258765
259013
259067
259079
259107
259152
259220
259267
259334
259402
259535
259588
259658
259690
260031
260068
260125
260337
260373
260424
260438
260505
260606
260686
260706
260738
260768
260806
260928
260952
261122
261141
261245
261273
261282
261576
261744
261804
261861
261884
261936
262122
262150
262309
262329
262387
262439
262497
262517
262544
262546
262625
262644
262737
262741
262990
263422
263558
263805
264152
264228
264232
264362
264449
264532
264600
264760
264861
264918
265008
265250
265412
265473
265478
265506
265510
265667
265692
265700
265922
266299
266417
266472
266544
266576
266616
266685
267150
267158
267245
267545
267588
267589
267666
268290
268325
268419
268514
268736
268780
268803
268857
268880
268954
269032
269103
269131
269135
269162
269187
269399
269402
269419
269424
269460
269780
269793
269930
270173
270200
270337
270445
270809
270811
270860
270959
271090
271312
271325
271430
271728
271768
271814
271953
272130
272134
272152
272228
272421
272500
272541
272569
272735
272849
272987
273084
273239
273277
273356
273482
273512
273515
273768
273816
273989
273992
274006
274200
274425
274600
274604
274612
274621
274639
274655
274753
274974
274992
275104
275247
275358
275383
275589
275763
275832
275912
275966
275992
276009
276195
276273
276283
276320
276501
276523
276548
276698
276832
277208
277482
277773
277854
278351
278371
278676
278758
278857
279253
279328
279329
279364
279406
279505
279525
279645
279904
279942
280239
280284
280355
280446
280516
280526
280561
280629
280767
281123
281198
281253
281256
281296
281321
281471
281499
281517
281550
281601
281652
281674
281746
281814
281825
281915
282047
282152
282154
282240
282335
282505
282653
282671
282724
282801
283034
283245
283351
283552
283606
283701
283866
283873
283913
284055
284146
284277
284344
284470
284662
284709
284710
284719
284724
284747
284783
284853
284941
285147
285200
285344
285482
285503
285518
285760
285946
285946
286016
286115
286194
286213
286349
286402
286438
286462
286486
286623
286770
286786
286873
286876
286933
287051
287167
287297
287475
287504
287728
287957
287977
288007
288023
288091
288110
288205
288326
288418
288597
288658
289150
289188
289203
289300
289441
289838
289871
289895
289958
290053
290189
290235
290249
290535
290888
290933
290939
291067
291179
291409
291468
291470
291591
291630
291662
291666
291749
291758
291796
292045
292128
292216
292282
292299
292309
292343
292468
292504
292580
292914
293272
293294
293305
293323
293328
293779
293788
293796
293899
293969
294167
294362
294395
294427
294474
294490
294569
294586
294882
294927
294979
295035
295060
295157
295188
295273
295350
295455
295512
295747
295807
295842
295997
296005
296055
296056
296148
296318
296445
296823
296854
296904
297115
297145
297207
297290
297407
297495
297536
297540
297681
297957
298135
298154
298214
298415
298836
298842
298949
298970
298995
299041
299120
299197
299324
299345
299407
299410
299604
299701
299881
299918
299930
300056
300199
300243
300324
300415
300482
300528
300686
300794
300856
300919
300924
301048
301275
301371
301456
301538
301646
301691
301703
301754
301759
301899
302078
302083
302358
302368
302376
302616
302647
302674
302689
302797
303042
303048
303184
303222
303408
303410
303621
303621
303624
303731
303839
303978
304077
304201
304226
304336
304365
304374
304381
304462
304506
304527
304539
304569
304606
304621
304735
304749
305248
305650
305939
306013
306035
306169
306417
306444
306885
306950
306956
307088
307177
307388
307428
307614
307817
308087
308388
308430
308433
309326
309379
309423
309478
309508
309610
309672
309833
310107
310145
310263
310335
310364
310425
310486
310621
310735
310851
310917
310954
310998
311005
311029
311160
311190
311192
311287
311367
311393
311433
311666
311946
312033
312060
312121
312163
312174
312271
312280
312305
312322
312560
312578
312606
312657
312718
312721
312830
313023
313262
313285
313491
313541
313628
313690
313690
313863
313888
313910
313955
314019
314314
314429
314470
314553
314579
314742
314755
314843
314931
314936
315223
315428
315620
315826
315926
316101
316169
316345
316596
316854
316925
317067
317125
317217
317221
317371
317388
317716
317755
317807
317907
317951
318020
318070
318134
318161
318187
318325
318425
318447
318449
318480
318583
318750
318839
318880
319034
319128
319354
319414
319491
319710
319834
319861
319979
320317
320357
320382
320502
320530
320543
320583
320710
320763
320858
320892
321125
321324
321425
321558
321774
321848
321914
321958
322072
322146
322332
322387
322528
322549
322564
322609
322627
322637
322688
322753
323309
323350
323413
323452
323502
323639
323826
323899
324047
324220
324298
324362
324632
324641
324648
324695
324929
325088
325167
325233
325294
325403
325777
325850
325862
326082
326225
326259
326342
326381
326640
326648
326906
327138
327209
327221
327280
327335
327397
327450
327483
327694
327727
327731
327793
327961
328007
328015
328181
328227
328383
328396
328861
328880
328891
328938
329041
329043
329062
329488
329566
329657
329706
329753
329767
329924
329942
329948
330571
330762
330865
330874
331081
331083
331160
331198
331218
331311
331501
331527
331586
331638
331677
331678
331791
331809
332106
332126
332230
332272
332498
332563
332831
332916
333229
333609
333627
333748
333761
333798
333961
334056
334116
334371
334429
334520
334529
335006
335015
335086
335120
335589
335590
335637
335659
335797
335823
335872
335934
335981
336119
336200
336311
336331
336357
336553
336606
336748
336872
337034
337041
337158
337175
337326
337514
337539
337630
337647
337779
337930
337937
337988
338154
338221
338331
338332
338350
338428
338435
338593
338646
338672
338734
338747
338886
339103
339171
339365
339714
339725
339762
339866
339968
339992
340044
340050
340108
340110
340272
340275
340333
340502
340517
340692
340787
341065
341072
341271
341301
341414
341423
341601
341749
341754
341759
341878
341950
342076
342289
342328
342636
342653
342746
342778
342802
342810
343094
343114
343121
343200
343274
343280
343429
343513
343605
343697
344134
344163
344323
344332
344353
344410
344431
344457
344625
344650
344721
344745
344757
344905
345278
345380
345521
345615
345727
345939
345961
345976
346013
346162
346176
346179
346279
346287
346289
346488
346548
346608
346673
346809
346856
347004
347038
347131
347137
347274
347334
347362
347406
347419
347604
347706
347782
347874
347946
347963
347981
348114
348244
348453
348707
348811
348820
349021
349029
349118
349209
349211
349261
349326
349334
349380
349503
349504
349517
349536
349613
349720
349797
349804
349927
349949
350024
350193
350287
350446
350488
350528
350570
350749
350891
350933
350968
351085
351107
351172
351339
351481
351503
351637
351855
352033
352119
352183
352246
352347
352358
352424
352429
352454
352456
352546
352659
352765
352785
352851
352872
352884
352894
352908
352943
353253
353257
353480
353487
353521
353528
353549
353610
353791
353837
353844
354141
354162
354191
354252
354317
354322
354451
354670
355046
355203
355251
355304
355364
355373
355423
355554
355570
355665
355685
355707
355736
355891
355895
355914
356019
356050
356081
356237
356252
356601
356638
356647
356806
356896
357056
357309
357511
357571
357743
357758
357843
358179
358197
358263
358299
358424
358511
358556
358559
358559
358635
358830
358842
358854
358971
359209
359474
359517
359546
359582
359887
359986
360196
360228
360565
360573
360748
361076
361112
361204
361264
361497
361580
361598
361622
361663
361684
361816
361861
361968
362112
362134
362355
362539
362803
362970
363026
363031
363130
363275
363422
363498
363515
363528
363538
363738
363966
364138
364155
364219
364459
364610
364640
364816
364824
364924
364963
365327
365367
365499
365548
365561
365568
365573
365609
365624
365842
365913
365916
366228
366247
366390
366536
366635
366664
366753
366844
367074
367640
367656
367817
367956
368031
368143
368304
368673
368798
368936
369006
369023
369247
369406
369493
369494
369589
369729
369768
369849
369897
369943
370086
370204
370297
370386
370545
370639
370740
370765
370838
370846
371027
371081
371316
371331
371552
371655
371708
371865
372003
372005
372035
372136
372188
372222
372243
372247
372423
372438
372510
372614
372774
372834
372999
373369
373416
373483
373636
373775
373854
374337
374395
374464
374714
374803
375001
375087
375167
375411
375477
375540
375546
375641
375665
375672
375781
375876
375905
375972
376056
376075
376121
376235
376244
376786
376816
376825
376843
376952
377051
377094
377272
377319
377337
377348
377429
377592
377649
377750
377760
377823
377844
377887
377950
378038
378122
378255
378269
378396
378529
378596
378760
378864
378898
378902
379244
379248
379267
379293
379537
379540
379807
379868
379933
380238
380273
380317
380570
380630
380689
380724
380755
380841
381058
381061
381118
381130
381401
381443
381557
381605
381614
381642
381676
381797
381811
381902
381902
381912
382070
382303
382421
382474
382585
382613
382656
382683
382689
382721
382980
383182
383316
383420
383570
383621
383736
383834
383869
383898
384050
384077
384141
384180
384306
384351
384504
384815
384844
384926
384939
385085
385203
385266
385378
385393
385401
385636
385640
385714
385753
385976
386101
386247
386287
386399
386510
386532
386537
386660
386867
386912
386983
387220
387254
387281
387496
387610
387618
387717
387761
387772
387825
387878
387929
387982
388082
388096
388314
388424
388627
388675
388706
388753
388951
389068
389128
389296
389403
389431
389585
389614
389790
390066
390121
390150
390253
390371
390401
390506
390508
390518
390648
390779
390839
390863
390941
391022
391292
391294
391310
391354
391358
391367
391406
391407
391430
391461
391525
391561
391610
391671
391762
392007
392046
392094
392095
392146
392229
392274
392306
392367
392394
392489
392553
392593
392626
392658
392711
392944
393144
393151
393223
393278
393286
393293
393343
393458
393470
393489
393500
393511
393580
393648
393671
393752
393802
393975
394499
394535
394827
394990
395166
395235
395439
395440
395596
395617
395649
395789
395812
395883
395906
396078
396646
396762
396763
396818
396873
397003
397061
397163
397334
397637
397728
397810
397944
397988
398094
398103
398272
398324
398325
398367
398387
398532
398594
399021
399164
399230
399270
399464
399533
399712
399739
399760
399793
399846
399861
399873
399904
399929
400149
400150
400214
400314
400395
400554
400565
400678
400688
400775
400890
401029
401046
401169
401414
401571
401878
401879
401956
401973
402026
402051
402075
402119
402148
402310
402460
402492
402612
402631
402718
402854
402982
403148
403166
403201
403428
403532
403581
404035
404071
404221
404252
404753
404847
404854
404935
404956
405375
405544
405575
405600
405920
405989
406211
406585
406656
406691
406749
406807
407075
407098
407243
407304
407435
407504
407582
407586
407711
407724
407815
407849
407858
407923
407992
407994
408410
408455
408582
408589
408755
409004
409004
409052
409075
409145
409233
409298
409568
409596
409680
409791
410201
410262
410503
410588
410606
410623
410809
410863
411303
411348
411517
411571
411591
411703
411791
412015
412076
412107
412194
412217
412342
412805
412859
413209
413498
413671
413929
414140
414248
414511
414686
414722
414796
414839
415220
415301
415328
415382
415460
415470
415576
415644
415655
415704
416007
416055
416159
416190
416274
416309
416393
416394
416505
416525
416707
416778
416860
416994
417503
417550
417550
418051
418076
418277
418279
418331
418405
418407
418677
418719
418766
418780
419133
419213
419299
419312
419442
419574
419696
419752
419852
419854
420006
420122
420143
420224
420279
420335
420383
420465
420502
420566
420998
421054
421094
421354
421363
421507
421601
421747
421783
421968
422219
422219
422260
422337
422404
422494
422586
422615
422624
422777
422904
422922
423204
423242
423408
423420
423452
423527
423594
423760
423915
423957
424059
424288
424456
424841
424924
425003
425277
425424
425539
425544
425632
425667
425835
425866
426181
426261
426517
426529
426589
426705
426865
426982
427286
427406
427597
427744
427762
427822
427874
427947
427965
428059
428238
428294
428493
428506
428543
428650
428674
428686
428783
428796
428850
428881
428928
429107
429484
429516
429568
429762
429834
429982
429989
430258
430367
430384
430411
430446
431107
431296
431419
431631
431633
431766
432017
432082
432216
432323
432360
432371
432506
432506
432575
432753
432856
432883
432922
432982
432992
433136
433155
433237
433358
433367
433626
433791
434211
434234
434252
434285
434487
434508
434527
434549
434723
434800
434816
434892
434915
434937
434944
435199
435319
435492
435506
435586
435586
436085
436113
436137
436285
436304
436378
436406
436427
436577
436724
437099
437121
437124
437149
437206
437389
437556
437635
437656
437677
437875
438512
438735
438899
439062
439076
439155
439168
439228
439260
439634
439846
439878
439936
440084
440228
440254
440257
440425
440432
440444
440588
440702
440718
440754
440869
440870
440871
441135
441203
441225
441336
441770
441955
442004
442186
442250
442296
442302
442438
442568
442650
442834
442889
443145
443159
443349
443479
443492
443512
443648
443893
443993
444372
444545
444549
444586
444831
444870
444946
444979
445005
445049
445088
445115
445126
445252
445295
445411
445478
445545
445548
445660
445805
445883
445890
445999
446000
446111
446150
446223
446228
446269
446407
446616
446674
446731
446751
446796
446855
446903
446968
446978
446994
447019
447241
447296
447354
447385
447590
447641
447692
447808
447861
448028
448269
448317
448347
448394
448689
448875
448971
449093
449138
449196
449352
449366
449384
449439
449469
449521
449598
449688
449818
449888
450038
450059
450199
450281
450550
450631
450684
450813
450825
450886
450959
450964
450977
451016
451188
451290
451391
451535
451648
451764
452181
452233
452295
452365
452604
452665
452691
452746
452890
452908
453130
453343
453455
453702
454017
454045
454120
454133
454147
454270
454303
454303
454334
454414
454503
454581
454702
454759
454774
455025
455274
455286
455550
455646
455964
456046
456096
456154
456235
456315
456391
456433
456464
456505
456518
456650
456681
456714
456771
456893
457034
457059
457408
457519
457526
457635
457818
457889
457951
457961
458071
458140
458167
458196
458588
458622
458647
458693
458709
458753
458965
459038
459211
459328
459381
459384
459394
459418
459460
459484
459497
459509
459718
459731
459761
459831
460057
460172
460356
460382
460409
460500
460529
460553
460628
460708
460813
460904
461133
461229
461271
461291
461398
461692
462164
462213
462216
462229
462352
462492
462508
462714
462790
462824
462972
463113
463170
463211
463407
463571
463571
463796
463824
463888
464089
464219
464276
464326
464376
464395
464591
464618
464643
464679
464898
464918
464935
464938
464968
465209
465385
465404
465538
465829
465962
466015
466075
466307
466394
466504
466523
466626
466627
466644
466730
466955
467030
467334
467356
467465
467474
467536
467577
467722
467791
467895
467915
467950
468158
468194
468212
468339
468411
468414
468434
468514
468543
468728
469297
469319
469579
470114
470152
470215
470231
470250
470446
470459
470756
471094
471308
471454
471756
471785
471903
471985
472027
472088
472148
472158
472182
472318
472365
472965
473138
473307
473368
473450
473520
473554
473714
473773
473796
473813
473975
474588
474681
474926
475016
475050
475053
475126
475168
475266
475835
475852
475883
475956
476087
476140
476296
476335
476516
476525
476591
476598
476753
476757
476765
476799
476890
477066
477105
477279
477319
477348
477384
477451
477493
477582
477644
477720
477850
478023
478026
478222
478289
478398
478570
478727
478983
478990
479140
479184
479206
479292
479347
479470
480023
480081
480097
480144
480283
480293
480320
480326
480342
480446
480597
480736
480739
480816
481018
481125
481149
481263
481439
481613
481670
481813
482102
482139
482177
482182
482380
482398
482453
482600
482660
482827
482886
483017
483100
483213
483347
483366
483408
483820
483943
484022
484059
484085
484093
484210
484242
484374
484531
484616
484835
484940
484943
484983
485103
485275
485381
485463
485575
485612
485671
485771
485854
485883
485923
486091
486272
486283
486322
486369
486440
486808
487016
487100
487237
487320
487357
487509
487528
487986
488046
488052
488323
488334
488411
488588
488595
488598
488965
489097
489101
489305
489351
489817
489985
489996
490194
490418
490439
490760
490811
490845
490922
490941
491062
491083
491328
491377
491412
491503
491651
491970
492121
492124
492229
492316
492407
492583
492642
492695
492983
493118
493144
493210
493268
493454
493508
493749
493833
493849
493922
493943
494024
494080
494305
494388
494419
494422
494518
494565
495102
495111
495215
495276
495486
495518
495518
495710
495807
495820
495844
495914
495925
496150
496210
496304
496653
496665
496833
496901
496905
497103
497177
497405
497738
497862
497881
497902
497986
497991
497993
498388
498396
498597
498660
498697
498806
498939
499034
499121
499174
499441
499657
499740
499891
500030
500295
500330
500442
500541
500579
500604
500654
500712
500817
500924
500961
500993
501139
501177
501227
501404
501670
501699
501770
501820
502389
502595
502662
502681
502877
502886
503025
503225
503301
503459
503664
503701
504115
504117
504199
504207
504337
504547
504578
504817
504993
505143
505168
505268
505272
505343
505416
505425
505610
505645
505653
505702
505865
505889
505991
506022
506080
506080
506146
506183
506193
506262
506470
506592
506633
506800
507171
507325
507590
507691
507762
508122
508180
508196
508426
508581
508829
508836
508894
508942
509060
509242
509276
509501
509559
509606
509668
509691
509744
509802
509835
509915
510338
510504
510610
510686
510792
510826
510925
511047
511057
511091
511413
511434
511760
511951
512092
512135
512145
512206
512228
512382
512433
512440
512459
512541
512690
512753
512816
512880
513293
513354
513407
513438
513461
513510
513593
513691
513822
513960
514088
514184
514367
514466
514483
514486
514540
514744
515217
515273
515401
515426
515441
515467
515489
515724
515743
516150
516301
516314
516371
516405
516428
516480
516532
516637
516675
516716
516774
517068
517154
517220
517274
517274
517394
517521
517665
517853
517861
518033
518132
518132
518182
518248
518352
518476
518649
518789
518814
518941
518966
519046
519083
519142
519257
519329
519409
519641
519895
519929
519959
520257
520268
520400
520558
521186
521227
521426
521521
521621
521819
521922
521962
522020
522101
522112
522158
522290
522862
522881
522899
523079
523158
523246
523418
523512
523680
523701
523777
523911
523913
524030
524050
524156
524207
524484
524502
524578
524831
524939
524945
524957
525094
525135
525204
525249
525256
525268
525317
525426
525589
525631
525706
525747
525779
525822
525875
525879
526149
526314
526653
526680
526869
527130
527162
527212
527377
527493
527497
527755
527777
527787
527792
527828
527834
527834
527986
528085
528124
528237
528289
528434
528505
528885
528975
529052
529057
529168
529263
529377
529404
529417
529769
529883
529901
529919
530013
530187
530325
530502
530507
530518
530522
530531
530683
530704
530740
530775
530838
530882
530924
531073
531084
531285
531479
531540
531575
531649
531660
531700
531941
532541
532565
532581
532718
532847
533077
533249
533260
533527
533607
533648
533704
533821
533833
534000
534209
534312
534407
534411
534477
534595
534640
534759
534770
534971
534983
535006
535060
535101
535119
535152
535196
535204
535230
535498
535550
535601
535629
535659
535697
535795
536163
536319
536370
536398
536417
536576
536586
536781
536805
536900
536971
537208
537220
537232
537333
537416
537521
537804
537893
537931
538030
538106
538332
538341
538424
538470
538492
538523
538650
538703
539299
539420
539498
539580
539612
540034
540074
540189
540209
540340
540387
540492
540528
540618
540621
540850
540955
540963
540978
541009
541051
541125
541390
541498
541644
541681
541908
542209
542312
542352
542366
542417
542646
542678
542760
542768
542949
543034
543065
543685
543745
543763
543905
543980
544041
544097
544212
544292
544399
544436
544540
544545
544926
544986
545014
545066
545086
545155
545231
545289
545379
545415
545473
545528
545545
545585
546004
546029
546090
546105
546256
546271
546315
546512
546651
546865
546914
546925
547023
547049
547129
547203
547244
547337
547370
547486
547632
547878
548097
548189
548204
548262
548288
548547
548659
548788
548825
548924
549068
549080
549085
549112
549116
549234
549345
549453
549543
549678
549714
549844
549847
549861
549925
549985
550026
550256
550328
550504
550611
550706
550806
550920
550987
551147
551173
551249
551280
551297
551331
551444
551606
551761
551782
551905
551919
551921
551955
551985
551988
552392
552419
552558
552628
552738
552880
552927
552938
553273
553313
553354
553441
553696
553834
554249
554362
554412
554433
554542
554596
554677
554733
554871
554887
554995
555246
555368
555411
555491
555537
555606
555828
555861
555894
555903
555919
555967
556026
556085
556146
556177
556244
556300
556426
556778
556872
557047
557075
557141
557172
557450
557462
557471
557494
557733
557792
557999
558009
558027
558140
558326
558460
558601
558881
558981
559054
559299
559360
559376
559399
559432
559680
559761
560028
560085
560224
560374
560451
560475
560476
560484
560535
560627
560635
560672
560757
560758
560820
560959
560986
560995
561039
561051
561073
561249
561290
561295
561469
561560
561596
561686
561721
561764
561816
562029
562056
562210
562315
562319
562446
562466
562507
562526
562547
562646
562756
562789
562834
562941
562963
563058
563157
563195
563337
563364
563475
563522
563536
563541
563630
563896
564032
564097
564238
564314
564343
564579
564779
564884
564978
565094
565271
565375
565503
565732
566025
566068
566144
566326
566413
566445
566540
566545
566751
566929
567004
567130
567334
567426
567475
567552
567561
567599
567606
567679
567784
567973
567974
568124
568223
568340
568427
568454
568587
568710
568772
568871
569034
569169
569241
569508
569570
569605
570011
570034
570090
570211
570326
570482
570522
570701
571012
571047
571356
571362
571434
571559
571938
571987
572088
572559
572730
572797
572825
572898
572903
572971
572974
573083
573262
573518
573531
573701
573711
573717
573835
574107
574110
574125
574331
574343
574349
574480
574539
574574
574697
574953
575448
575473
575526
575821
575940
576083
576152
576162
576293
576297
576308
576314
576391
576474
576579
576586
576815
576825
577052
577308
577525
577586
577779
577782
577887
577905
577956
578080
578262
578477
578486
578514
578571
578759
578831
578982
579010
579312
579316
579381
579384
579404
579437
579458
579574
579593
579595
579736
579826
579979
580185
580235
580242
580301
580365
580536
580741
580843
581184
581211
581246
581263
581332
581377
581610
581764
581779
581900
582106
582164
582705
582715
582782
583070
583169
583177
583248
583297
583308
583564
583837
583903
583962
584011
584372
584464
584620
584818
585080
585243
585636
585924
586008
586063
586144
586173
586492
586493
586506
586547
586604
586707
587014
587202
587218
587271
587398
587465
587517
587572
587600
587698
587881
587966
587978
587990
588133
588160
588181
588561
588588
588648
588733
588736
589176
589245
589271
589386
589442
589450
589585
589614
589644
589751
589790
589801
590198
590200
590278
590431
590602
590669
590791
590902
590964
590975
591013
591146
591181
591207
591265
591445
591516
591570
591682
591758
591779
592143
592260
592298
592423
592524
592604
592770
592816
593075
593236
593335
593472
593503
593604
593640
593717
593731
593742
593808
593928
593954
593956
593977
594185
594252
594310
594341
594445
594636
594739
594825
594831
594942
595116
595175
595446
595597
595612
595888
595990
596256
596406
596476
596789
596794
596940
597022
597023
597056
597095
597096
597135
597144
597237
597346
597376
597478
597540
597595
597598
597626
597642
597659
597681
597790
597821
597939
597976
597988
598050
598224
598279
598354
598406
598415
598564
598656
598869
598891
598922
598987
599101
599114
599296
599454
599573
599671
599750
599801
599845
599906
599957
599958
600011
600188
600254
600391
600412
600437
600453
600462
600532
600655
600724
601016
601028
601050
601327
601374
601390
601500
601646
601745
601958
601977
602048
602161
602165
602227
602280
602307
602361
602392
602415
602417
602576
602688
602741
602762
602763
602793
602966
603045
603106
603126
603410
603850
603969
604041
604046
604411
604435
604496
604521
604535
604789
605264
605591
605873
605925
605963
606002
606064
606113
606185
606194
606228
606239
606332
606339
606602
606615
606659
606729
606829
606869
606893
607122
607127
607251
607361
607363
607477
607525
607530
607537
607638
607662
607696
607762
607780
607840
607978
607986
608308
608395
608681
608729
608837
608867
609045
609209
609268
609330
609335
609552
609699
609908
610006
610068
610099
610115
610192
610380
610495
610588
610680
610722
610776
610786
610800
610830
610862
610972
611041
611134
611149
611373
611415
611469
611739
611816
611870
611873
612164
612228
612296
612307
612329
612399
612418
612443
612594
612810
612879
612912
612960
612992
613109
613249
613375
613391
613396
613497
613868
613950
614352
614408
614411
614486
614648
614650
614846
614923
615091
615268
615350
615369
615468
615513
615669
615693
615753
615791
616054
616074
616125
616149
616228
616268
616304
616498
616657
616673
616815
617167
617221
617323
617362
617517
617553
617605
617641
617879
617910
617965
617966
617994
618294
618384
618863
618965
619075
619089
619176
619339
619433
619494
619538
619727
619976
620013
620222
620264
620301
620556
620757
621056
621067
621130
621156
621205
621209
621228
621392
621456
621562
621591
621654
621780
621810
622027
622052
622054
622086
622393
622542
622559
622573
623023
623090
623122
623173
623245
623255
623318
623341
623356
623369
623678
623991
624305
624438
624484
624658
624699
624809
624843
624853
625355
625390
625413
625643
625645
625680
625771
625818
626261
626266
626284
626384
626410
626474
626475
626598
626744
626843
626884
627019
627058
627107
627182
627220
627302
627328
627458
627467
627508
627717
627769
627957
627975
628179
628237
628288
628304
628503
628559
628619
628764
629013
629015
629158
629161
630152
630172
630224
630234
630314
630406
630526
630565
630673
630684
630866
630889
631006
631052
631065
631109
631162
631195
631257
631377
631394
631424
631582
631736
631803
631804
631826
631909
631973
631975
632032
632103
632117
632147
632254
632353
632439
632441
632457
632534
632537
632539
632555
632575
632591
632703
632834
632842
632858
632913
632991
633015
633145
633260
633454
633640
633682
633800
633882
633956
634080
634494
634745
634895
634961
635049
635199
635537
635654
635719
635752
635768
635879
635911
635951
636060
636159
636208
636253
636387
636420
636449
636547
636558
636584
636605
636803
636897
636906
637030
637104
637180
637367
637385
637418
637567
637707
637793
637888
638031
638242
638319
638463
638805
638893
638938
638958
639067
639088
639118
639224
639557
639572
639604
639705
639854
640097
640109
640461
640533
640583
640608
640759
640874
640927
641081
641085
641174
641209
641224
641385
641437
641506
641533
641675
641731
641737
641778
641804
641827
641911
642152
642156
642277
642452
642610
642704
642983
643189
643437
643553
643574
643585
643662
643677
643844
643882
644072
644102
644114
644126
644188
644386
644466
644557
644687
644929
645049
645070
645169
645364
645559
645633
645773
645787
645819
645946
645980
646021
646613
646672
646678
646753
646933
646947
646974
647134
647255
647364
647370
647387
647438
647502
647629
647690
647762
647767
647782
647889
648005
648042
648159
648246
648399
648618
648796
649114
649251
649428
649488
649489
649610
649717
649828
649986
650072
650106
650136
650230
650255
650363
650443
650473
650505
650517
650636
650778
650785
650844
650887
651027
651051
651199
651258
651282
651417
651419
651520
651645
651964
652242
652449
652533
652547
652555
652569
652579
652661
652792
652923
653096
653162
653168
653211
653211
653274
653349
653444
653580
653722
653739
653774
653816
653878
653939
653995
654052
654059
654065
654110
654156
654269
654279
654435
654584
654707
654751
654773
654864
654901
655096
655138
655175
655316
655725
655793
655822
655928
656180
656205
656683
656805
656856
657057
657216
657226
657384
657398
657540
657563
657567
657691
658035
658104
658218
658324
658332
658717
658948
658974
659028
659163
659200
659361
659450
659639
659846
659953
660004
660051
660084
660224
660319
660367
660401
660450
660480
660598
660900
660922
660927
661070
661157
661291
661318
661390
661402
661424
661441
661641
661808
661909
661915
661985
662007
662048
662060
662113
662126
662166
662371
662373
662377
662457
662703
663001
663064
663215
663298
663545
663677
663700
663765
663886
663924
663998
664132
664240
664282
664355
664363
664693
664917
664920
664933
665055
665105
665145
665217
665256
665398
665503
665737
665737
665932
665964
665976
666007
666229
666284
666320
666326
666367
666446
666488
666554
666687
666766
666963
667099
667176
667184
667236
667244
667414
667724
667845
667854
667936
668030
668080
668132
668138
668208
668212
668391
668617
668664
668843
669034
669116
669147
669186
669189
669458
669786
669833
670001
670005
670129
670147
670187
670362
670446
670464
670531
670562
670586
670597
670638
670787
670822
670837
670852
670969
671300
671350
671563
671727
671767
672180
672292
672366
672377
672402
672431
672445
672849
673143
673295
673378
673636
673671
673751
673762
673849
674089
674151
674364
674526
674543
674549
674569
674617
674777
674807
674811
674852
675257
675351
675383
675561
675612
675735
675781
675943
676004
676019
676042
676150
676188
676259
676267
676321
676478
676518
676557
676715
676776
676802
676864
676891
677020
677034
677497
677511
677537
677550
677616
677701
677760
677942
677995
678010
678063
678249
678269
678273
678310
678327
678401
678554
678566
678653
678736
678829
679019
679095
679101
679194
679216
679255
679317
679359
679455
679465
679619
679665
679801
679852
679939
680218
680230
680276
680783
680820
680947
680955
681079
681148
681238
681393
681451
681480
681834
681840
681885
682055
682065
682188
682219
682305
682360
682364
682400
682521
682686
682706
682836
682998
683027
683121
683202
683299
683331
683449
683458
683591
683749
683882
683883
683952
684032
684181
684221
684379
684415
684480
684602
684666
684740
684989
685512
685551
685643
685704
685719
685912
685922
686013
686101
686127
686138
686172
686184
686191
686217
686289
686537
686571
686629
686657
686710
686957
687176
687206
687213
687492
687520
687651
687654
687711
687968
688032
688062
688143
688245
688403
688507
689150
689241
689264
689297
689305
689339
689362
689393
689443
689476
689518
689537
689588
689904
689922
690020
690077
690110
690311
690378
690414
690447
690476
690495
690721
690735
691036
691044
691301
691347
691363
691434
691467
691546
691585
691684
691747
691973
692482
692591
692679
692841
692857
692885
692913
693119
693152
693300
693331
693336
693359
693432
693635
694069
694142
694171
694208
694305
694372
694396
694404
694609
694626
694863
694880
694998
695035
695196
695266
695283
695376
695386
695530
695628
695646
695774
695886
695917
695918
695928
695965
696115
696295
696321
696431
696449
696606
696733
696837
696925
697011
697096
697274
697340
697494
697693
697889
697891
698001
698153
698188
698256
698292
698298
698320
698349
698655
698687
698867
698898
698944
699332
699469
699505
699639
699754
700205
700687
700979
700981
701015
701039
701124
701136
701467
701537
701553
701587
701604
701651
701664
701812
701834
701968
702157
702185
702313
702561
702571
702699
702703
702762
702802
702809
702946
702990
703008
703062
703188
703241
703289
703454
703566
703622
703705
703736
703949
704048
704189
704318
704527
704772
704815
704884
704970
705318
705447
705454
705474
705489
705545
705551
705603
705656
705669
705841
705902
706057
706164
706198
706327
706450
706501
706592
706676
706900
706907
707200
707341
707409
707420
707576
707649
707719
707784
707916
707988
708320
708341
708391
708416
708626
708834
709117
709390
709524
709582
709784
709882
709993
710247
710360
710366
710527
710561
710579
710614
710628
710700
710767
710796
710796
710876
710882
711073
711278
711373
711458
711480
711534
711755
711797
711811
711858
711875
711895
712020
712102
712138
712188
712295
712414
712619
712624
712626
712640
712699
712951
712969
713107
713204
713208
713352
713431
713750
714002
714130
714323
714356
714397
714595
714617
714734
714779
714815
714891
714942
714946
715057
715261
715422
715640
715805
715852
715899
715971
716252
716309
716325
716355
716368
716403
716417
717155
717248
717267
717301
717433
717504
717678
717965
718002
718091
718198
718290
718507
718586
718606
718724
718729
718795
719027
719067
719124
719231
719322
719411
719540
719599
719618
719621
719665
719744
719867
719972
720035
720128
720400
720517
720590
720618
720637
720675
720702
720737
720755
720757
721073
721080
721111
721300
721524
721923
721952
721993
722046
722305
722530
722565
722568
722582
722607
722726
722924
723127
723287
723555
723590
723645
723788
723788
723958
724074
724113
724125
724355
724369
724791
724797
724992
725101
725248
725396
725569
725686
725724
726054
726078
726210
726553
726704
726719
726814
726869
726974
726978
727027
727074
727114
727240
727579
727614
727743
727762
727774
727795
727836
727869
727928
728002
728037
728126
728172
728272
728503
728692
728824
728829
728829
728841
728876
729000
729027
729076
729091
729345
729405
729475
729571
729611
729729
729841
729891
730041
730086
730263
730393
730863
731106
731396
731428
731441
731505
731535
731718
731747
731868
732004
732027
732147
732162
732169
732181
732406
732419
732431
732446
732561
732683
733013
733206
733315
733547
733580
733601
733626
733648
733698
733723
733731
734105
734196
734485
734590
734704
734711
734767
734788
734962
735029
735041
735095
735100
735190
735374
735611
735710
735750
736082
736333
736349
736405
736552
736584
736771
736825
736890
737076
737189
737208
737299
737383
737388
737426
737810
737878
737977
738027
738155
738438
738576
738743
738929
738956
738962
738995
739213
739217
739276
739484
739508
739543
739623
739667
739732
739831
739840
739916
740070
740172
740238
740300
740391
740614
740695
740921
740952
741013
741137
741243
741276
741344
741363
741409
741496
741954
742128
742221
742322
742335
742444
742484
742498
742515
742640
742706
742922
743261
743702
743711
743780
743811
743823
743928
743951
744007
744025
744029
744096
744113
744122
744289
744348
744394
744408
744551
744944
745061
745214
745289
745390
745690
745816
745839
745908
745942
746000
746068
746359
746535
746570
746666
746854
747001
747317
747465
747487
747559
747699
747859
747964
747979
748047
748072
748162
748289
748503
748571
748775
748777
748909
748962
748964
748966
749100
749135
749139
749153
749361
749395
749500
749503
749591
749633
749641
749747
750028
750104
750109
750206
750322
750715
750848
750854
750879
751070
751095
751103
751358
751392
751419
751450
751451
751532
752285
752393
752500
752555
752657
752972
753188
753409
753508
753557
753581
753790
753832
753863
754016
754057
754093
754099
754193
754408
754508
754750
754821
754853
754929
754973
755018
755021
755128
755182
755264
755273
755338
755449
755504
755546
755558
755782
756052
756078
756152
756179
756203
756334
756457
756540
756727
756748
756787
756919
756942
757053
757091
757208
757236
757283
757330
757347
757551
757570
757636
757736
757829
757849
757854
757908
758158
758232
758266
758384
758509
758539
758620
758664
758791
758820
758821
758856
759005
759056
759106
759206
759271
759441
759444
759646
759715
760080
760101
760172
760232
760246
760249
760308
760391
760427
760471
760501
760587
760623
760780
760842
760845
761165
761348
761349
761371
761419
761443
761454
761458
761569
761604
761803
761859
761904
761955
761977
761981
762155
762174
762185
762239
762325
762361
762431
762568
762569
762690
762806
762829
762850
762869
763128
763142
763142
763184
763323
763552
763825
763880
763930
764090
764114
764153
764171
764238
764270
764300
764349
764519
764664
764738
764761
764826
764833
764913
765069
765226
765231
765313
765491
765762
765847
766021
766069
766114
766135
766186
766339
766483
766703
766703
766734
766755
766772
766832
766937
767167
767372
767387
767455
767693
767814
767886
767966
768123
768561
768570
768607
768727
769032
769163
769200
769227
769232
769399
769435
769632
769636
769816
769850
770143
770156
770334
770474
770543
770608
770618
770802
770827
771032
771252
771285
771386
771472
771486
771551
771555
771593
771642
771703
771729
771748
772002
772018
772113
772177
772213
772241
772366
772428
772503
772551
772640
772653
772877
772994
773001
773095
773140
773195
773387
773398
773460
773865
773924
773969
774057
774148
774220
774410
774562
774575
774620
774742
774810
774949
774989
775105
775122
775240
775307
775412
775472
775673
776080
776471
776515
776613
776657
776743
777003
777039
777096
777320
777341
777371
777524
778034
778230
778447
778644
778937
778951
778958
778971
779126
779268
779286
779375
779388
779406
779448
779492
779596
779836
780035
780123
780158
780166
780171
780211
780222
780366
780431
780461
780480
780553
780578
780751
780888
780910
780932
780961
780991
781052
781074
781091
781182
781329
781358
781391
781405
781624
781711
781767
781802
781854
781929
782111
782193
782336
782347
782356
782436
782442
782477
782551
782552
782566
782627
782881
782909
782936
782949
783010
783149
783336
783436
783438
783444
783555
783777
783907
783973
783980
784040
784065
784270
784354
784371
784478
784502
784541
784557
784596
784648
784835
784862
785061
785089
785189
785459
785557
785613
785655
785674
785986
786023
786273
786298
786410
786537
786601
786675
786772
786789
786793
787139
787177
787443
787548
787581
787673
787736
787795
787831
787834
787845
788047
788361
788462
788721
788864
788879
788994
789036
789293
789376
789594
789704
789738
789802
789939
790121
790284
790331
790430
790504
790602
790724
790753
790796
790806
790989
791089
791666
791672
791696
791788
791792
791818
791906
791906
792075
792082
792094
792123
792141
792145
792157
792181
792193
792419
792591
792592
792637
792987
793032
793179
793334
793488
793500
793679
793930
794153
794241
794379
794461
794537
794685
794785
794902
794975
795154
795308
795640
795824
795888
796035
796129
796218
796220
796365
796373
796384
796392
796432
796534
796719
796858
797014
797034
797211
797214
797401
797437
797631
797667
797726
797755
797779
797951
798038
798117
798163
798277
798510
798695
798732
798979
799006
799248
799441
799758
799765
799847
799854
800267
800466
800481
800507
800540
800647
800874
800908
801164
801423
801428
801443
801691
801711
801849
802049
802185
802221
802245
802253
802265
802316
802387
802441
802450
802652
802736
803001
803350
803351
803670
803823
804018
804113
804141
804202
804256
804350
804640
804647
804753
804759
804770
804843
805005
805083
805124
805276
805295
805417
805425
805570
805616
805646
805708
805720
806013
806139
806149
806174
806235
806245
806319
806394
806457
806604
806617
806686
806748
806763
806827
806984
807109
807212
807259
807273
807474
807486
807569
807574
807666
807692
807762
807964
807995
808015
808058
808236
808559
808568
808776
809047
809063
809320
809373
809549
809842
810017
810057
810096
810165
810186
810256
810391
810549
810820
810922
810925
810930
811082
811245
811260
811324
811358
811464
811529
811575
811621
812067
812094
812130
812216
812342
812596
812619
812994
813163
813208
813237
813391
813615
813697
813833
813873
813889
813945
814067
814138
814346
814478
814502
814542
814548
814555
814607
814955
814963
815126
815136
815302
815326
815752
815992
816028
816317
816396
816502
816821
816879
816973
816983
817189
817327
817529
817531
817594
817829
817832
817857
817965
818050
818070
818261
818297
818302
818447
818542
818590
818770
818889
818976
818980
819020
819079
819318
819405
819424
819446
819487
819518
819528
819588
819767
819800
819809
819884
820014
820240
820620
820693
820800
820909
820981
821083
821153
821173
821235
821289
821415
821544
821630
821775
821840
821974
822238
822356
822390
822448
822768
822922
822960
823101
823397
823544
823584
823623
823630
823781
823801
823820
824208
824216
824241
824308
824373
824481
824528
824580
824617
824731
824732
824853
825017
825084
825097
825304
825428
825450
825477
825565
825589
825730
825755
825851
826066
826075
826193
826301
826592
826979
827023
827083
827302
827414
827481
827532
827586
827714
827745
827898
828054
828230
828253
828279
828362
828419
828825
828852
828930
828953
829052
829082
829154
829241
829244
829291
829298
829528
829545
829626
829632
829729
829820
829935
829987
830053
830091
830126
830190
830229
830266
830268
830590
830654
830667
830715
830720
830793
830907
830952
831081
831538
831583
831640
831728
831960
831967
832150
832357
832378
832386
832483
832493
832628
832862
833214
833307
833345
833493
833605
833671
833852
834090
834297
834442
834618
834767
834823
835031
835090
835364
835509
835565
835602
835604
835900
836035
836154
836189
836205
836274
836359
836560
836632
836783
836851
836933
837023
837192
837193
837206
837252
837283
837284
837511
837572
837618
837649
837651
837816
838053
838130
838144
838182
838434
838690
838696
838739
838924
839045
839091
839100
839154
839174
839240
839322
839350
839360
839481
839594
839658
839882
839891
839939
839968
840017
840025
840029
840056
840124
840287
840400
840439
840446
840451
840509
840614
840662
840692
840696
840839
841009
841018
841036
841207
841486
841720
841723
841747
841791
841831
842059
842063
842066
842157
842179
842366
842398
842588
842619
842623
842825
842831
842974
843027
843067
843191
843379
843392
843974
844031
844109
844153
844154
844157
844450
844510
844606
844635
844754
844818
845074
845163
845297
845417
845427
845685
845784
845886
845956
845971
846005
846110
846232
846265
846307
846381
846394
846443
846565
846812
846830
846865
846919
847035
847148
847233
847428
847485
847537
847687
847712
848225
848329
848615
848682
848705
848782
848809
848894
848940
848963
849026
849240
849248
849290
849415
849477
849564
849762
849882
849904
849921
849927
849933
849955
850118
850240
850364
850379
850394
851347
851455
852044
852072
852096
852157
852381
852473
852478
852480
852517
852869
852929
852983
853009
853436
853638
853647
853932
853980
854142
854235
854251
854303
854484
854518
854618
854652
854677
854728
854856
855129
855151
855205
855269
855283
855591
855732
855872
856060
856099
856123
856123
856257
856297
856297
856410
856446
856561
856619
856659
856666
856995
857007
857033
857154
857289
857438
857496
857522
857601
857601
857806
857829
857860
858078
858163
858454
858472
858536
858577
858612
858722
859440
859544
859614
859826
859880
859928
860147
860159
860193
860214
860288
860303
860445
860458
860468
860758
860826
860931
861013
861031
861055
861149
861249
861563
861580
861718
862058
862161
862389
862401
862410
862525
862581
862689
862700
862717
862995
862998
863061
863282
863345
863424
863584
863591
863600
863651
863705
863857
863898
864280
864293
864371
864564
864657
864725
864900
864921
864935
865001
865080
865095
865120
865321
865455
865518
865568
865855
865996
866033
866103
866175
866231
866234
866360
866467
866550
866569
866759
866941
867103
867105
867155
867217
867225
867257
867310
867490
867593
867757
867811
868031
868063
868455
868520
868673
868849
868928
868942
869182
869667
869971
869977
870024
870078
870081
870094
870135
870192
870332
870476
870626
870701
870802
870986
871005
871063
871091
871264
871281
871297
871324
871355
871560
871650
871675
871756
871828
871835
871917
872013
872020
872310
872364
872405
872481
872531
872549
872585
872711
872726
872749
872811
872997
873271
873296
873384
873385
873596
874133
874137
874141
874405
874552
874640
874718
874799
874982
875009
875082
875236
875259
875352
875416
875633
875682
875773
875818
875955
875961
876125
876290
876302
876373
876413
876456
876609
876618
877044
877045
877113
877359
877550
877814
877863
877961
878021
878095
878096
878143
878189
878199
878266
878305
878363
878409
878421
878803
878884
878925
879055
879275
879284
879291
879358
879364
879704
879780
879991
880003
880483
880535
880650
880707
880725
880775
880954
881041
881116
881145
881198
881254
881352
881388
881456
881459
881604
881684
881793
882104
882335
882353
882569
882600
882676
882696
882735
882878
883074
883172
883181
883212
883212
883333
883472
883707
883746
883819
883839
883888
884534
884618
884625
884772
884844
884885
884889
884900
884958
884960
885026
885218
885226
885349
885387
885425
885544
885657
885915
886180
886194
886338
886745
886885
887112
887113
887160
887316
887433
887595
887634
887643
887844
887931
888023
888063
888318
888382
888399
888490
888606
888756
888904
888974
889122
889177
889350
889388
889430
889470
889491
889600
889627
889627
889769
889774
889979
890009
890029
890187
890208
890890
890992
891202
891246
891307
891459
891514
891723
891752
891774
891805
891820
891903
891916
891973
892030
892039
892055
892309
892319
892361
892576
892715
892747
892808
892883
892930
892948
893145
893245
893267
893285
893416
893542
893603
893759
893761
893836
893875
893910
893953
894023
894107
894264
894284
894355
894431
894457
894485
894532
894609
894713
894906
895108
895130
895191
895364
895573
895645
895748
895790
895825
895969
896012
896043
896196
896232
896403
896419
896534
896660
896734
896802
896882
896954
897045
897086
897297
897423
897493
897756
897817
897939
897990
898140
898418
898516
898565
898740
898791
898796
898896
898987
899106
899178
899198
899254
899304
899348
899383
899477
899479
899511
899536
899609
899712
899819
899829
899973
900054
900188
900339
900487
900492
900514
900524
900556
900702
900891
900900
901019
901051
901095
901229
901248
901380
901526
901619
901633
901879
901890
902043
902064
902087
902165
902185
902288
902614
902926
902978
903046
903102
903221
903371
903387
903439
903515
903579
903857
904134
904199
904245
904249
904348
904366
904372
904455
904820
904916
905007
905011
905156
905202
905207
905214
905260
905431
905523
905525
905599
905617
905866
905885
905978
906178
906245
906270
906928
907073
907187
907267
907542
908483
908488
908696
908716
908752
909114
909269
909304
909307
909351
909521
909524
909570
909847
909974
909978
910041
910284
910376
910463
910508
910578
910580
910653
910655
910739
910941
911351
911422
911463
911811
912120
912190
912205
912525
912535
912543
912697
912762
912991
913065
913120
913138
913226
913265
913357
913451
913725
913813
913826
914012
914220
914349
914510
914644
914664
914747
914877
914889
914898
915028
915135
915165
915216
915553
915851
915970
916112
916150
916168
916228
916410
916624
916625
916848
916867
916952
916975
917055
917075
917113
917140
917533
917817
917927
918050
918095
918361
918373
918563
918683
918734
918843
918851
918900
918972
919017
919075
919080
919117
919379
919583
919742
919933
919966
920062
920091
920212
920431
920562
920757
921029
921178
921231
921338
921417
921543
921700
921726
921817
921964
922151
922260
922274
922300
922342
922408
922429
922472
922481
922616
922635
922781
922863
923200
923211
923227
923660
923780
923787
923944
924221
924446
924526
924654
924720
924748
924780
925006
925078
925343
925369
925455
925457
925699
925819
925959
926402
926442
926478
926505
926579
926745
926896
926908
926926
926955
926983
927235
927257
927257
927322
927372
927389
927657
927660
927782
927784
927935
928094
928108
928119
928186
928252
928362
928448
928452
928740
928792
928798
928803
928817
929120
929133
929193
929346
929359
929480
929526
929565
929697
929799
929857
929872
930157
930192
930297
930375
930395
930530
930803
930902
930977
931025
931077
931169
931274
931354
931374
931389
931428
931443
931634
931671
931688
931717
931799
932195
932350
932390
932428
932446
932528
932634
932702
932793
932892
933006
933037
933156
933192
933354
933515
933621
933640
933847
934050
934057
934361
934411
934510
934579
934758
934803
934866
934935
934938
934971
934985
934989
935132
935143
935154
935197
935209
935433
935441
935473
935532
935595
935672
935694
935697
935716
935874
935997
936043
936069
936119
936191
936191
936210
936659
936674
936737
936814
936845
936862
936885
936941
937029
937059
937066
937096
937150
937172
937523
937742
937881
937946
937956
937983
937994
937994
938078
938196
938232
938301
938390
938466
938561
938734
938860
938929
938936
939176
939429
939519
939569
939576
939620
939648
939725
939731
939808
939893
939958
939971
940749
940772
940967
941021
941081
941409
941455
941477
941555
941805
942018
942078
942085
942089
942184
942267
942346
942366
942397
942556
942563
942646
942651
942743
942813
943257
943272
943378
943464
943519
944162
944240
944676
945053
945234
945241
945392
945584
945605
945630
945638
945847
945878
946032
946048
946161
946205
946350
946418
946474
946508
946818
946862
946932
946992
946999
947204
947549
947615
947643
947723
947856
947880
947880
947897
948028
948123
948152
948202
948268
948273
948518
948573
948586
948598
948698
948956
949047
949068
949154
949189
949232
949304
949320
949479
949738
949841
949852
949905
950034
950135
950152
950192
950215
950297
950318
950405
950712
950716
950785
950846
950929
951028
951352
951363
951364
951515
951628
951652
951880
951934
952009
952225
952310
952648
952660
952679
952717
952917
952937
953084
953260
953286
953386
953469
953604
953673
953755
953813
953857
953879
954274
954345
954494
954552
954587
954760
954813
954835
954879
954880
955178
955520
955523
955574
956023
956030
956115
956151
956165
956183
956211
956396
956410
956544
956656
956659
956735
956755
956766
956913
957000
957019
957070
957233
957233
957262
957441
957446
957503
957761
957767
957840
957962
958126
958211
958250
958459
958464
958496
958729
958880
959258
959396
959609
959654
959717
959766
960529
960639
960675
960735
960799
960875
961009
961016
961612
961663
961703
961841
961954
962111
962176
962275
962494
962556
962659
962815
962925
963163
963234
963270
963330
963347
963404
963437
963709
963768
963800
963910
963998
964012
964031
964152
964311
964332
964510
964558
964630
964720
964806
964842
965091
965105
965296
965372
965554
965639
965678
965810
965896
965915
965943
966105
966290
966321
966543
966871
966947
966985
967026
967050
967096
967130
967195
967259
967505
967510
967701
967819
967882
968111
968442
968560
968565
968602
968996
969303
969397
969417
969535
969624
970034
970142
970185
970209
970296
970319
970419
970648
970651
970773
970811
970818
970939
970956
971147
971165
971251
971397
971506
971511
971731
971772
971933
971938
971953
971976
972071
972185
972188
972191
972200
972563
972563
972719
972781
973059
973074
973085
973109
973122
973143
973204
973225
973352
973376
973536
973552
973561
973624
973668
973687
973793
973870
973992
974025
974438
974443
974526
974688
974763
974920
974956
975069
975198
975204
975263
975325
975412
975471
975516
975890
975986
976162
976199
976203
976244
976358
976385
976637
976681
976717
976745
976964
977038
977112
977200
977237
977311
977348
977642
977719
977739
977821
977845
978146
978373
978717
978907
978974
979141
979172
979221
979278
979380
979405
979426
979514
979531
979620
979642
979648
979678
979829
979860
979938
980023
980056
980120
980293
980515
980634
981010
981103
981238
981465
981559
981708
981747
981767
981812
981815
981979
982198
982240
982284
982379
982381
982413
982433
982599
982861
983042
983184
983504
983593
983668
983783
983805
983811
983995
984023
984030
984094
984106
984303
984359
984371
984722
984729
985015
985120
985347
985355
985734
985749
985866
985954
985981
986081
986146
986167
986254
986263
986304
986399
986435
986964
987159
987234
987283
987463
987585
987612
987701
988043
988272
988345
988473
988627
988704
988715
988720
988787
988818
988841
988930
988954
989070
989105
989355
989359
989411
990192
990290
990351
990366
990487
990546
990578
990663
990845
991117
991162
991243
991477
991657
991694
991741
991765
991901
992034
992308
992368
992483
992505
992679
992701
993107
993281
993356
993459
993597
993638
993679
993707
993891
994139
994341
994352
994566
994803
994846
994860
995025
995187
995376
995526
995701
995762
995879
995962
996003
996140
996159
996191
996222
996230
996255
996446
996560
996958
997062
997068
997071
997095
997381
997406
997710
997903
997935
997999
998161
998168
998184
998294
998314
998366
998389
998407
998413
998457
998530
998539
998800
999052
999261
999271
999536
999644
999660
999778
999806
999824
999874
999901