130
184
237
242
376
443
502
528
548
605
709
832
1225
1336
1455
1544
1587
1590
1598
1900
2005
2042
2158
2200
2204
2301
2508
2771
3004
3009
3296
3343
3483
3624
3738
3966
4069
4150
4220
4280
4298
4464
4522
4557
4580
4623
4847
4867
4880
4903
4922
4938
5041
5136
5173
5307
5337
5494
5537
5557
5568
5629
5834
5907
6001
6134
6399
6597
6713
6879
6998
7224
7241
7385
7487
7533
7879
7939
8056
8154
8231
8255
8503
8535
8557
8684
8782
8793
8855
8880
8940
9043
9230
9241
9249
9404
9458
9582
9751
10032
10046
10104
10160
10381
10428
10465
10477
10494
10508
10542
10567
10694
10774
10830
10959
11022
11034
11034
11221
11365
11409
11558
11593
11695
11745
11819
11917
12023
12073
12249
12387
12556
12615
12919
13044
13146
13188
13273
13573
13683
13881
14124
14142
14246
14306
14350
14437
14607
14704
14717
14733
14748
14887
14944
15026
15079
15133
15187
15281
15301
15386
15531
15621
15707
15859
15893
16020
16096
16484
16591
16631
16632
16853
16919
16922
16927
17010
17447
17540
17580
17633
17638
17952
17999
18023
18099
18168
18196
18291
18551
18608
18670
18717
18793
18922
18996
19165
19343
19460
19474
19582
19932
19969
20039
20055
20286
20564
20649
20810
20870
20873
20898
20902
21000
21015
21028
21127
21146
21255
21318
21394
21525
21531
21578
21693
21777
21868
21919
21922
22082
22099
22181
22288
22323
22410
22458
22514
22539
22599
22672
22672
22699
22892
22898
23119
23439
23615
23688
23762
23950
24085
24111
24311
24349
24353
24555
24643
24720
24753
24994
25033
25068
25097
25123
25128
25302
25392
25461
25483
25491
25521
25602
25789
25876
25932
25975
26139
26155
26166
26198
26255
26426
26658
26820
27074
27107
27314
27334
27357
27415
27568
27790
27827
27963
28173
28217
28246
28351
28679
28775
28841
29150
29251
29315
29537
29539
29647
29978
29985
30234
30465
30469
30545
30680
30716
30777
30934
31468
31491
31560
31561
31745
31756
31955
32002
32061
32283
32400
32515
32588
32660
32775
32793
32921
32960
32972
33025
33038
33055
33342
33607
33718
33739
33858
34016
34119
34187
34203
34567
34628
34631
34644
34755
34912
35132
35466
35550
35576
35679
35743
35801
35972
35999
36029
36092
36101
36200
36285
36372
36523
36562
36680
36687
36689
36757
36813
36945
37204
37303
37413
37438
37596
37663
37802
37973
38294
38390
38816
38924
39069
39527
39633
39650
39662
39663
39782
39955
40113
40302
40313
40364
40387
40395
40534
40563
40664
40708
40722
40806
40933
41067
41073
41219
41290
41363
41419
41490
41514
41547
41597
41774
41795
41870
42250
42452
42508
42682
42914
42914
42967
43017
43168
43238
43434
43595
43596
43877
43881
43914
43926
43947
43974
43997
44031
44144
44419
44493
44607
44712
44849
45233
45253
45344
45546
46004
46097
46135
46534
46543
46733
46738
46986
47019
47083
47557
47609
47745
47877
47886
48006
48085
48317
48448
48489
48497
48536
48565
48659
48692
48771
48914
49068
49419
49506
49507
49540
49552
49613
49641
49642
49671
49768
49787
49910
50097
50336
50367
50417
50650
50694
50748
50883
51050
51101
51101
51122
51125
51223
51298
51310
51523
51561
51735
51738
51757
52194
52248
52282
52357
52397
52424
52506
52614
52708
52892
52894
52913
52951
52968
53105
53233
53414
53748
54125
54167
54429
54726
54878
54987
55093
55260
55459
55529
55622
55710
55847
55933
55961
55980
56009
56332
56497
56590
56802
56851
56864
56876
56901
57000
57134
57430
57562
57576
57633
57924
58078
58183
58199
58371
58514
58612
58750
58811
58899
59000
59008
59107
59107
59439
59448
59509
59514
59625
59781
59833
60142
60181
60343
60410
60458
60496
60820
60854
60924
60971
61337
61476
61493
61580
61598
61743
62415
62430
62474
62578
62622
62690
62746
62930
62958
63074
63081
63169
63191
63208
63414
63529
63559
63635
63651
63791
63827
63850
63885
63925
64008
64222
64250
64295
64335
64576
64754
64810
65025
65092
65127
65209
65216
65226
65280
65343
65506
65540
65685
65712
65873
65880
65889
65919
65924
65997
66082
66217
66323
66329
66451
66526
66594
66639
66780
66787
66933
67048
67064
67154
67224
67307
67319
67405
67814
68001
68041
68063
68458
68607
68609
68616
68647
68699
68888
68960
69147
69360
69363
69457
69621
69676
69705
69822
69872
69872
69926
70298
70416
70440
70479
70693
70743
70807
70891
70938
71150
71377
71597
71650
71836
71950
72056
72342
72388
72390
72431
72587
72625
72731
72783
72974
73084
73097
73104
73159
73339
73571
73574
73675
73783
73812
73938
73942
73954
73962
74062
74065
74079
74085
74339
74446
74494
74849
74869
74871
74948
74977
75110
75336
75347
75551
75607
75759
75759
75884
75887
75937
76171
76187
76265
76320
76418
76605
76735
76909
76976
76982
77351
77418
77439
77485
77547
77600
77697
77792
77856
77872
77884
77907
77965
78065
78136
78161
78340
78524
78570
78576
78596
78627
78772
79090
79107
79291
79481
79889
80007
80020
80143
80297
80378
80423
80666
80745
81055
81099
81230
81291
81525
81568
81748
82024
82135
82226
82228
82368
82393
82662
82731
82741
82747
82786
82912
83162
83329
83334
83352
83379
83428
83463
83739
83788
83809
83859
83872
83884
83972
83999
84182
84205
84253
84444
84471
84703
84704
84791
84849
84987
84991
85202
85216
85373
85521
85586
85634
85704
85751
85819
86253
86305
86327
86371
86587
86771
86829
86853
86986
87139
87169
87246
87520
87703
87743
87992
88047
88107
88114
88292
88413
88427
88483
88545
88554
88564
88646
88697
88701
88727
88856
88936
88948
89340
89358
89391
89608
89617
89623
89627
89801
89941
90011
90127
90414
90438
90812
90835
90937
91238
91261
91267
91298
91329
91470
91501
91665
91697
91714
91905
92085
92368
92539
92566
92582
92603
92630
92669
92986
93158
93293
93381
93538
93576
93657
93667
93864
94123
94154
94249
94321
94338
94386
94405
94429
94546
94603
94816
94844
94895
94904
94930
94946
94948
95028
95197
95210
95216
95277
95357
95410
95467
95623
95623
96155
96162
96250
96255
96392
96542
96703
96717
96725
96760
96764
96787
97255
97331
97378
97413
97420
97465
97641
97672
97712
97795
97939
98038
98262
98321
99074
99078
99160
99199
99250
99519
99633
99969
100004
100177
100563
100664
100924
101077
101351
101377
101568
101570
101582
101806
101893
102120
102182
102189
102471
102593
102603
102730
102738
102800
102819
103014
103028
103077
103122
103170
103193
103218
103478
103513
103561
103701
103711
103733
103993
104015
104130
104150
104162
104188
104190
104203
104308
104476
104481
104930
104973
105165
105222
105315
105365
105552
105833
106079
106096
106178
106245
106304
106317
106484
106538
106551
106639
106660
106733
106811
107089
107267
107271
107409
107675
107755
107816
107877
107919
107964
107972
108095
108223
108291
108564
108639
108739
108762
109224
109332
109716
109961
109968
110101
110133
110346
110616
110714
111088
111289
111393
111539
111608
111620
111810
112167
112175
112226
112238
112472
112545
112590
112621
112639
112663
112672
112687
112932
112959
113029
113121
113223
113245
113387
113815
114023
114253
114372
114523
114648
114698
114775
114870
114900
114914
115242
115286
115343
115447
115566
115649
115876
115905
115915
116046
116252
116425
116500
116597
116735
116960
117034
117143
117250
117381
117397
117416
117418
117635
118096
118361
118375
118518
118678
118745
118939
119042
119105
119253
119262
119460
119478
119483
119629
119658
119682
119835
119970
119996
120114
120218
120508
120607
120813
120892
120923
121056
121187
121233
121869
121892
121956
122336
122338
122503
122668
122749
122789
123166
123177
123265
123282
123715
123722
124088
124271
124384
124405
124519
124624
124627
124699
124844
125259
125261
125534
125642
125956
126051
126350
126405
126491
126556
126755
126817
126931
126947
127049
127271
127607
127766
127822
128102
128111
128123
128191
128359
128434
128580
128596
128725
128728
128777
128888
128922
129020
129022
129249
129266
129281
129305
129330
129493
129582
129607
129642
129672
129780
129837
129912
129982
130058
130080
130187
130203
130447
130492
130544
130577
131143
131161
131193
131233
131295
131459
131540
131652
131783
131846
131852
131855
131860
131913
131927
132031
132037
132159
132241
132277
132518
132629
132688
132722
132861
132866
132891
132958
132974
132975
133064
133067
133241
133493
133530
133837
134067
134089
134125
134132
134227
134237
134237
134287
134322
134344
134597
134733
134778
135065
135263
135490
135572
135788
135978
136004
136112
136147
136386
136464
136477
136515
136590
136723
136886
136891
136994
137015
137152
137224
137275
137275
137299
137417
137553
137671
137810
137913
137927
137971
137996
138223
138235
138295
138377
138522
138562
138586
138624
138630
139052
139093
139184
139434
139437
139461
139583
139606
139752
139844
139870
139891
139933
139980
140013
140043
140044
140047
140404
140464
140544
140649
140728
140747
140776
140921
140964
141221
141286
141314
141559
141639
141716
141784
141909
142239
142268
142441
142744
142765
142805
142849
142865
142902
142951
143019
143160
143231
143271
143284
143378
143511
143564
143623
143625
143713
143717
143752
143769
143878
143880
143902
143924
143950
143956
144039
144048
144106
144170
144215
144219
144240
144540
144610
144645
144659
144724
145010
145037
145092
145145
145347
145595
145903
145930
146266
146280
146298
146316
146427
146478
146517
146709
146758
146809
147053
147191
147348
147415
147462
147735
147846
147900
147969
148002
148007
148071
148150
148165
148307
148334
148385
148576
148665
148878
149002
149019
149209
149288
149358
149425
149558
149740
149742
150256
150309
150440
150484
150632
150771
150831
150942
151002
151021
151061
151089
151144
151144
151235
151425
151538
151542
151651
151659
151841
151891
151998
152019
152204
152338
152507
152592
152597
152640
152799
152937
152947
152955
153059
153085
153169
153238
153408
153848
153855
153856
153916
154132
154187
154358
154385
154394
154461
154463
154467
154490
154497
154559
154574
154597
154627
154673
154705
154857
154944
155009
155119
155191
155338
155609
155797
155979
156145
156376
156399
156575
156660
156710
156859
156904
156979
157010
157235
157254
157273
157326
157346
157356
157433
157535
157570
157571
157675
157694
157798
157839
157892
158121
158323
158505
158589
158615
158632
158761
158866
159193
159256
159258
159375
159463
159481
159728
159752
159763
159824
160091
160115
160308
160397
160407
160419
160423
160505
160628
160663
160730
160793
160838
160952
161027
161075
161145
161344
161431
161448
161485
161505
161523
161544
161727
161907
161977
162116
162162
162168
162252
162350
162595
162596
162974
162974
163018
163139
163163
163402
163525
163531
163683
163834
163853
164091
164330
164386
164401
164469
164508
164989
165117
165153
165378
165380
165476
165521
165794
165967
166021
166039
166265
166365
166580
166717
166814
166920
166990
167103
167120
167220
167562
167736
167752
167780
167830
168041
168230
168310
168324
168359
168505
168529
168579
168761
168893
168952
169109
169165
169328
169333
169398
169518
169596
169599
169623
169709
170016
170167
170256
170627
170874
171062
171081
171091
171320
171321
171390
171452
171525
171609
172149
172253
172309
172377
172531
172591
172636
172702
172776
172782
172822
172831
172856
173034
173107
173205
173366
173393
173467
173480
173656
173759
173806
173811
173819
173826
174089
174179
174186
174260
174272
174293
174392
174668
174775
174833
174985
175026
175164
175177
175214
175504
175509
175525
175607
175847
175908
175930
175957
175966
176091
176094
176135
176184
176184
176206
176386
176420
176472
176532
176594
176633
176910
176913
177005
177013
177060
177134
177211
177224
177234
177266
177397
177477
177630
178090
178101
178179
178225
178581
178590
178697
179066
179077
179153
179226
179301
179316
179413
179617
179622
179670
179766
179823
180135
180244
180336
180415
180488
180489
180512
180582
180583
180666
181066
181095
181148
181401
181531
181718
181811
181865
182211
182557
182604
182825
182844
182913
183143
183171
183288
183948
184184
184202
184297
184347
184350
184358
184544
184597
184605
184688
184788
184849
185538
185860
185942
186109
186164
186214
186452
186535
186674
186852
186990
186994
187108
187151
187218
187231
187263
187305
187382
187440
187453
187536
187681
187700
187707
187830
187836
187954
188108
188124
188288
188296
188435
188478
188769
188897
188996
189062
189321
189415
189444
189484
189806
189822
189853
189914
189934
189950
190051
190152
190162
190280
190399
190409
190751
190752
190848
190938
191062
191123
191172
191441
191472
191520
191713
191737
191836
191848
191870
191881
191914
191918
192025
192026
192195
192330
192358
192475
192517
192634
192885
193017
193069
193222
193297
193309
193423
193686
193715
193763
193803
193804
193824
193883
193897
193927
193950
194027
194043
194102
194114
194133
194198
194231
194296
194388
194390
194394
194410
194413
194447
194666
194703
194721
194883
194919
194973
195036
195076
195092
195261
195363
195369
195422
195553
195603
195661
195738
195761
195818
195853
196064
196172
196208
196228
196344
196423
196498
196511
196647
196794
196806
196811
196977
197605
197737
197940
198119
198129
198394
198400
198452
198581
198734
198766
198780
198797
198902
199287
199315
199318
199510
199613
199724
199753
199944
199958
200106
200409
200421
200507
200742
200882
201020
201160
201187
201226
201497
201541
201549
201566
201588
201775
201848
201885
202003
202075
202077
202173
202320
202356
202439
202651
202733
202774
202795
202797
203156
203250
203290
203344
203447
203574
203576
203626
203691
203851
204008
204181
204348
204491
204760
204766
204857
204872
204902
204951
205016
205038
205095
205126
205205
205313
205360
205429
205576
205662
205887
205896
205949
206058
206123
206328
206571
206687
206696
206761
206850
207049
207146
207203
207396
207455
207608
207649
207660
207673
207866
207869
208015
208064
208642
208683
208786
208844
208942
208964
208971
208999
209002
209134
209369
209474
209491
209517
209529
209607
209716
209825
209839
209848
209911
210053
210079
210128
210253
210264
210276
210302
210330
210439
210511
210544
210633
210668
210794
210801
210974
211119
211277
211455
211462
211503
211608
211722
211883
212002
212136
212270
212835
212887
212928
213080
213246
213257
213305
213333
213379
213527
213546
213567
213645
213862
214048
214077
214100
214124
214150
214166
214285
214290
214372
214399
214460
214526
214772
214892
214956
215152
215207
215381
215529
215584
215618
215749
215844
215878
215903
215912
216178
216590
216990
217107
217207
217306
217513
217535
217798
217841
217942
218031
218142
218387
218416
218597
218767
218775
218871
218968
219005
219020
219094
219164
219223
219345
219387
219732
219751
219997
220075
220179
220301
220559
220669
220698
220848
220914
220943
221027
221091
221147
221164
221176
221338
221431
221615
221775
221956
221976
222034
222052
222069
222078
222324
222446
222535
222550
222618
222660
222755
222780
222868
222888
222933
223240
223291
223329
223363
223377
223388
223408
223594
223646
223656
223819
223927
223934
224035
224099
224137
224208
224288
224339
224571
224626
224800
224866
225027
225207
225292
225305
225350
225510
225552
225562
225583
225621
225678
225722
225858
225895
225916
225935
225994
226175
226346
226347
226382
226383
226597
226938
226957
227190
227311
227451
227510
227523
227530
227668
227846
227877
228019
228038
228349
228494
228615
228628
228659
228673
228702
228848
228928
228968
229101
229181
229290
229379
229411
229501
229542
229561
229611
229623
229733
229734
229773
229906
229910
229987
230044
230266
230338
230509
230599
230601
230644
230652
230712
230766
230978
231186
231234
231385
231581
231713
231832
231919
232190
232230
232268
232425
232502
232530
232551
232737
232761
232765
232817
232845
232893
232984
233254
233271
233549
233629
233808
234199
234469
234484
234504
234604
234633
234689
234829
234870
234927
235022
235048
235168
235428
235439
235765
235968
236019
236062
236205
236206
236300
236319
236389
236472
236482
236579
236658
236773
236841
236879
236895
236896
237080
237208
237234
237289
237314
237334
237430
237623
237653
237830
237869
237959
238233
238247
238264
238268
238408
238438
238688
238773
238936
238958
238963
238964
239087
239100
239171
239172
239203
239298
239378
239436
239592
239628
239707
239751
239928
240026
240186
240209
240247
240312
240389
240414
240554
240580
240847
240864
240906
241020
241205
241282
241714
241770
241845
241883
241934
241947
241966
242031
242086
242125
242143
242146
242155
242181
242226
242640
242787
242901
243035
243425
243462
243557
243561
243611
243718
243833
244112
244290
244351
244365
244456
244470
244550
244552
244803
244916
245355
245434
245439
245639
245751
245809
245817
245876
245884
245919
246086
246213
246336
246412
246435
246436
246460
246506
246524
246527
246560
246568
246633
246696
246700
246781
246913
246933
247067
247174
247285
247542
247773
247840
247881
247928
247987
248059
248148
248207
248247
248381
248441
248806
249052
249059
249442
249479
249673
249702
249757
249841
249949
250044
250464
250593
250738
250833
251012
251322
251401
251557
251594
251641
251715
251993
252111
252225
252269
252291
252294
252332
252337
252538
252761
252911
253004
253253
253692
253749
253767
253845
253907
253938
254098
254201
254390
254395
254400
254415
254640
254752
254788
254947
254956
255082
255121
255361
255521
255585
255650
255690
255707
255809
255840
255902
255911
255953
255984
256129
256145
256173
256311
256320
256341
256356
256377
256384
256396
256397
256463
256567
256632
256747
256756
256816
256818
256874
256886
256909
257105
257134
257279
257353
257408
257460
257741
257822
257887
258055
258069
258139
258318
258374
258478
258564
258577
258671
258871
258875
259220
259220
259231
259599
259715
259793
259857
259944
260016
260078
260098
260099
260229
260640
260656
260758
260842
260860
260880
261051
261176
261254
261386
261433
261472
261623
261647
261728
261924
262262
262430
262445
262449
262713
262815
262967
263023
263143
263251
263330
263339
263374
263388
263415
263512
263534
263607
263626
264074
264261
264308
264457
264528
264557
264590
264816
264986
265009
265109
265112
265149
265216
265550
265793
265859
265919
266020
266025
266112
266228
266306
266369
266514
266801
267060
267080
267100
267104
267295
267463
267472
267515
267566
267593
267610
267763
267782
267870
267912
268004
268010
268207
268217
268363
268463
268595
268643
268992
269095
269100
269171
269255
269259
269271
269375
269486
269492
269584
269621
269647
269653
269817
269886
269900
269906
269921
270165
270226
270325
270333
270459
270704
270740
271245
271251
271263
271382
271489
271491
271865
271909
272053
272142
272151
272173
272433
272441
272664
272900
273033
273160
273220
273229
273358
273374
273396
273745
273957
273973
274080
274101
274313
274458
274492
274741
274900
274974
275163
275209
275285
275326
275412
275491
275549
275611
275895
275914
275942
276143
276335
276348
276426
276652
276673
276759
276866
277064
277185
277211
277272
277292
277390
277468
277569
277619
277934
278427
278534
278544
278547
278575
278583
278611
278711
278774
278845
278965
279065
279140
279357
279379
279506
279652
279704
279751
279799
279824
279899
280272
280279
280348
280399
280404
280622
280657
280698
280825
280866
281355
281384
281428
281467
281472
281525
281528
281540
281583
281695
281936
281963
281976
282296
282354
282401
282449
282690
282759
282831
282850
282856
282968
283080
283194
283218
283225
283329
283673
283749
283889
283906
284294
284447
284469
284476
284512
284556
285007
285008
285048
285064
285097
285224
285448
285836
285874
285949
286078
286194
286233
286246
286383
286403
286452
286478
286484
286545
286621
286825
286838
286920
287150
287158
287259
287686
287698
287744
287760
287832
288311
288461
288756
288919
289023
289029
289029
289183
289394
289411
289425
289604
289623
289649
289772
289833
289845
289921
289946
290010
290163
290230
290244
290295
290306
290484
290640
290768
290809
291130
291258
291287
291396
291473
291492
291558
291597
291632
291775
291795
291852
291857
291902
292219
292242
292268
292552
292676
292678
292828
292876
292919
292973
293095
293136
293493
293515
293516
293546
293579
293794
293813
294015
294093
294136
294163
294170
294242
294267
294449
294878
294899
294908
294923
295003
295200
295248
295335
295521
295767
295993
296019
296139
296254
296449
296467
296541
296594
296612
296621
296828
296871
296879
296892
297179
297365
297393
297417
297533
297586
297869
297921
298131
298469
298539
298544
298565
298593
298653
298749
298765
298869
298925
298931
298993
299040
299106
299109
299176
299394
299659
299660
299694
299778
299909
299973
300028
300056
300082
300174
300279
300327
301112
301219
301281
301313
301350
301371
301547
301551
301698
301715
301806
301873
302238
302276
302530
302669
302696
302770
302782
302798
302953
303025
303067
303128
303177
303182
303191
303267
303539
303998
304298
304332
304425
304451
304489
304502
304717
304985
305049
305135
305190
305315
305325
305353
305456
305563
305967
306005
306024
306536
306653
306814
306887
307037
307215
307224
307259
307401
307403
307825
307830
307862
307893
307948
307963
308045
308220
308382
308388
308402
308412
308488
308633
308653
308669
308675
308741
308843
308872
308949
308953
308988
309163
309175
309383
309561
309726
309844
309861
309862
309873
309937
310007
310126
310139
310460
310486
310876
310997
310999
311008
311026
311064
311096
311134
311165
311375
311381
311593
311687
311867
312013
312096
312318
312595
312786
312874
313107
313120
313284
313284
313588
313625
313783
314017
314117
314132
314247
314272
314356
314371
314388
314434
314482
314817
315085
315288
315324
315390
315661
315951
315991
316090
316170
316173
316250
316305
316313
316451
316694
316718
316760
316815
316897
316904
316939
316962
317023
317078
317179
317265
317303
317360
317403
317536
317669
318002
318003
318152
318261
318294
318597
318713
318780
318835
319115
319212
319379
319392
319554
319633
319647
319688
319692
319720
319736
319776
319892
319913
319934
320017
320036
320046
320255
320303
320326
320339
320534
320728
320825
321047
321211
321253
321518
321695
321781
321859
322040
322241
322264
322712
322816
322881
322932
322996
323063
323567
323630
323927
323981
324034
324082
324189
324237
324271
324315
324371
324508
325026
325040
325056
325083
325192
325262
325323
325422
325466
325478
325624
325654
325711
325787
325858
325872
325971
325993
326165
326215
326309
326384
326446
326559
326641
326847
326852
326870
326890
326976
327155
327233
327326
327498
327601
327613
327636
327812
327813
327908
327932
328249
328557
328590
328627
328814
329002
329046
329079
329085
329128
329211
329291
329312
329331
329470
329488
329788
329920
329937
330175
330405
330490
330597
330686
330691
330740
330784
330830
330882
330995
331092
331171
331230
331303
331429
331720
331979
331994
332089
332266
332382
332427
332720
332743
333112
333214
333307
333550
333566
333824
334096
334227
334312
334346
334783
334934
334951
335257
335260
335362
335591
335789
335825
336078
336106
336164
336260
336304
336348
336373
336386
336410
336439
336463
336506
336542
336627
336759
336843
337151
337188
337323
337345
337469
337613
337683
337741
337794
337978
338028
338156
338202
338261
338396
338435
338497
338549
338609
338642
338688
338691
338804
338825
338842
338881
339113
339129
339758
339877
339941
340105
340337
340492
340592
340666
340752
340849
340887
340915
340959
340970
341084
341232
341234
341295
341315
341381
341445
341658
341715
341820
341897
341940
342107
342299
342348
342516
342609
342697
342722
342773
342823
342832
343125
343241
343273
343333
343396
343587
343682
343745
343774
343793
343811
344003
344275
344375
344470
344502
344689
345117
345159
345190
345346
345451
345582
345609
345702
345743
345770
345857
345932
345951
345985
345994
346191
346292
346602
346716
346752
346764
346883
346976
346977
347053
347134
347276
347753
347788
347849
347881
347910
347929
347941
347992
348035
348074
348086
348204
348352
348370
348522
348792
348987
349051
349156
349298
349511
349625
349630
349714
349847
349945
350000
350071
350125
350286
350340
350379
350407
350454
350504
350623
350686
350687
350716
350813
350890
350972
351035
351060
351147
351402
351614
351653
351719
351820
351841
351873
352014
352071
352152
352188
352205
352287
352297
352320
352321
352353
352418
352429
352703
352862
352921
352955
352960
353074
353118
353305
353490
353539
353694
354085
354120
354345
354472
354568
354615
354799
354840
354932
355213
355281
355383
355385
355432
355641
355655
355660
355694
355887
355931
356396
356481
356515
356885
357190
357216
357259
357472
357607
357608
357623
357656
357957
358003
358111
358384
358611
358618
358635
358726
358763
358989
359019
359116
359277
359492
359604
359633
360125
360508
360513
360856
360863
360945
361126
361300
361382
361390
361647
361851
361912
361915
361919
361942
362122
362458
362492
362529
362590
362783
362886
362946
362953
362972
362987
363011
363045
363077
363310
363334
363376
363635
363740
363763
363785
363795
363902
363996
364176
364379
364456
364495
364632
364954
364962
365008
365012
365070
365077
365080
365179
365266
365303
365319
365340
365455
365508
365518
365579
365598
365717
365774
365780
365880
365911
365945
366029
366267
366354
366506
366519
366520
366641
366900
367013
367138
367246
367338
367354
367773
367779
367901
368000
368141
368149
368149
368420
368462
368718
368875
368996
369090
369213
369236
369445
369642
369649
369847
369923
369935
369977
370144
370195
370238
370245
370405
370732
370820
370846
370948
370959
371275
371307
371476
371749
371794
371894
371914
372072
372098
372142
372199
372220
372277
372482
372637
372685
372974
372996
373469
373682
374043
374097
374161
374281
374289
374604
374610
374744
374924
375162
375185
375192
375245
375347
375374
375414
375467
375650
375676
375801
375857
375993
376093
376174
376199
376218
376300
376389
376416
376439
376674
376682
376689
376830
376863
376876
377000
377012
377039
377280
377428
377459
377710
377806
377815
377924
377927
378019
378037
378135
378149
378362
378379
378741
378876
378920
379013
379109
379362
379429
379447
379620
379734
379762
379877
380105
380157
380232
380343
380375
380427
380482
380519
380656
380706
380753
380822
381025
381097
381160
381174
381371
381381
381440
381498
381512
381526
381729
381919
381935
381939
382013
382106
382251
382284
382342
382586
382675
382711
382855
382945
382948
383198
383290
383593
384039
384239
384432
384539
384699
384846
384894
385034
385036
385036
385232
385311
385410
385426
385490
385657
385687
385749
385865
386003
386121
386563
386570
386588
386642
386717
386986
387028
387151
387318
387553
387786
387864
387984
387996
388136
388154
388163
388228
388335
388339
388428
388931
389002
389083
389449
389486
389649
389684
389755
389759
389906
389959
389995
390105
390106
390632
390764
390797
390974
391139
391355
391386
391437
391899
391933
391947
392283
392422
392442
392446
392689
392791
392913
393005
393405
393581
394233
394261
394502
394590
394750
394814
395046
395098
395132
395299
395314
395315
395513
395789
395841
395872
395880
395881
395935
395982
395995
396019
396165
396214
396217
396324
396444
396621
396623
396843
396917
397015
397089
397131
397238
397327
397528
397616
397620
397683
397713
397749
397826
397838
397843
397863
397889
397932
398008
398098
398522
398785
398859
398936
398947
399359
399456
399971
400035
400157
400158
400204
400486
400729
400746
400785
401097
401169
401220
401361
401712
401918
401965
402032
402093
402296
402656
402665
402766
402814
402912
403353
403422
403574
403638
403694
403981
404024
404042
404118
404122
404483
404531
404575
404597
404708
405028
405084
405109
405236
405270
405311
405482
405647
405756
405999
406064
406068
406071
406239
406395
406401
406481
406545
406687
406716
406732
406838
407104
407153
407190
407225
407358
407379
407542
407545
407594
407691
407779
407787
407903
408151
408504
408660
408978
409013
409077
409301
409354
409515
409536
409557
409670
409789
410049
410204
410310
410323
410461
410540
410641
410801
410909
410932
411019
411087
411129
411135
411148
411162
411181
411196
411355
411414
411556
411668
411764
411782
412055
412162
412254
412278
412396
412521
412569
412577
412592
412673
412813
412887
412947
412956
413008
413012
413091
413191
413215
413321
413341
413361
413388
413417
413419
413581
413735
413743
413902
413995
414055
414062
414225
414355
414420
414456
414515
414629
414686
414706
414728
414907
415148
415282
415283
415378
415520
415538
415563
415612
415640
415649
415664
415930
416023
416072
416083
416288
416313
416378
416389
416416
416629
416755
417004
417318
417480
417562
417606
417610
417670
417769
417831
418060
418354
418457
418465
418502
418552
418597
418602
418720
418945
419010
419193
419215
419288
419571
419673
419714
419839
419864
419889
420401
420481
420596
420836
421104
421295
421343
421397
421406
421413
421462
421525
421599
421666
421748
421857
422053
422079
422145
422162
422189
422394
422782
422930
422940
422958
422995
423156
423157
423380
423386
423447
423637
423897
423953
424135
424143
424173
424182
424183
424385
424404
424415
424422
424469
424717
424819
424911
424918
424925
425074
425102
425128
425440
425462
425768
425866
425980
426046
426137
426596
426696
426769
426798
426887
427009
427039
427090
427205
427262
427309
427422
427587
427697
427758
427834
427872
427931
428292
428320
428325
428421
428827
429039
429223
429567
429569
429656
429765
429852
430031
430057
430072
430209
430230
430263
430538
430803
430913
430951
430960
430976
431028
431049
431052
431157
431165
431179
431246
431323
431347
431578
431580
431593
431893
431934
432131
432142
432204
432238
432429
432478
432493
432497
432543
432582
432630
432938
433128
433228
433407
433425
433456
433536
433658
433799
433909
433943
434025
434161
434358
434420
434534
434825
434868
434918
434934
435056
435154
435202
435234
435242
435447
435479
435741
435955
436183
436344
436368
436428
436465
436478
436479
436561
436855
436886
437156
437375
437481
437598
437637
437669
437825
437833
437907
437919
437932
438030
438072
438138
438194
438203
438256
438460
438533
438612
438655
438750
438802
438992
439018
439150
439201
439294
439327
439374
439593
439988
440074
440107
440304
440432
440473
440475
440499
440576
440629
440665
440772
440783
441240
441350
441512
441612
441655
441877
442000
442079
442144
442161
442212
442300
442664
442729
442970
442977
442990
443045
443190
443245
443336
443491
443607
443629
443692
443714
443848
444107
444132
444183
444621
444817
445056
445061
445114
445184
445196
445370
445588
445683
445916
446079
446112
446152
446158
446231
446266
446410
446590
446736
446784
446979
446993
447006
447015
447041
447102
447183
447274
447597
447621
447783
447912
447940
448066
448123
448263
448267
448363
448404
448438
448534
448550
448664
448749
448814
448943
449290
449468
449600
449677
449678
449741
449941
450080
450095
450228
450245
450275
450383
450409
450480
450588
450596
450702
450837
450843
451294
451326
451443
451537
451601
451605
451649
451756
451810
452082
452087
452155
452276
452569
452592
452656
452665
452746
452775
452796
452843
453181
453201
453240
453360
453406
453480
453484
453714
453803
453808
453838
453863
454079
454101
454240
454334
454406
454614
454920
455124
455142
455155
455263
455321
455347
455361
455394
455401
455448
455495
455674
455714
455848
455987
455999
456089
456129
456130
456303
456313
456362
456451
456615
456695
456709
456757
457050
457325
457416
457452
457643
457645
457703
457735
457739
457931
458281
458399
458475
458789
459205
459270
459286
459377
459443
459563
459699
459916
460136
460229
460278
460450
460498
460652
460894
461082
461149
461284
461341
461482
461592
461619
461702
461793
461860
461968
462026
462093
462256
462301
462359
462361
462404
462556
462590
462641
462643
462719
462738
462802
462889
463019
463294
463300
463351
463393
463476
463486
463527
463666
463763
463933
464098
464235
464389
464405
464415
464508
464525
464598
464629
464723
464771
464875
464910
465021
465294
465336
465532
465582
465879
466007
466171
466186
466305
466417
466458
466656
466661
466795
466930
466997
467036
467087
467106
467118
467306
467487
467548
467692
467869
467946
468108
468221
468348
468650
468725
468892
469161
469234
469407
469495
469560
469583
469641
469680
469898
469961
469999
470043
470048
470265
470309
470309
470345
470465
470528
470535
470558
471096
471159
471178
471187
471203
471212
471258
471273
471517
471541
471615
471763
471888
471902
471925
471930
471993
472070
472114
472183
472200
472241
472359
472446
472655
472723
472778
472875
472932
472982
472987
473059
473123
473267
473323
473340
473366
473532
473562
473572
473779
473918
473958
473975
474281
474433
474795
474933
475060
475070
475248
475289
475305
475359
475371
475645
475822
476042
476087
476189
476204
476249
476255
476421
476458
476486
476534
476548
476577
476626
476860
476920
476947
477030
477071
477087
477102
477143
477191
477209
477316
477575
477587
477592
477784
477916
477973
478045
478112
478422
478446
478534
478662
478853
478930
478967
478988
479074
479493
479811
479884
480216
480495
480646
480723
481010
481095
481447
481514
482038
482068
482143
482245
482311
482389
482480
482568
482607
482634
482726
482843
483013
483040
483103
483107
483199
483271
483428
483430
483563
483786
483808
483859
483906
484012
484041
484322
484475
484661
484728
484796
484820
484905
484951
485239
485366
485380
485411
485468
485658
485712
485727
486018
486205
486248
486407
486451
486471
486509
486524
486770
486805
486814
486820
487018
487113
487178
487197
487206
487253
487305
487328
487385
487455
487512
487648
487740
487752
487813
487952
488252
488333
488445
488530
488564
488619
488625
488754
488849
488914
488965
489279
489310
489571
489634
489809
489897
490012
490037
490410
490479
490665
490677
490720
490832
490881
490883
491059
491070
491117
491174
491329
491338
491340
491553
491617
491683
491685
491693
491735
491921
492227
492240
492256
492585
492762
492818
492999
493027
493141
493640
493642
493785
493823
493833
493956
494040
494069
494079
494280
494529
494665
494678
494793
494996
495357
495430
495446
495477
495559
495574
495608
496184
496185
496281
496317
496347
496388
496495
496557
496611
496830
496950
497028
497151
497228
497521
497528
497631
497923
497930
497932
497995
498060
498099
498174
498210
498301
498323
498339
498446
498502
498539
498588
498645
498841
498896
498929
498944
499081
499267
499552
499630
499663
499801
499810
499829
499895
499909
500099
500138
500208
500251
500358
500507
500559
500633
500660
500770
500790
500799
501087
501268
501268
501336
501414
501426
501571
502042
502542
502572
502577
502709
502730
503028
503035
503077
503178
503196
503237
503569
503640
503767
503865
503973
504130
504161
504439
504570
504700
504748
504847
504870
505296
505355
505362
505380
505454
505613
505624
505694
505730
505803
506450
506546
506687
506752
506792
506990
507146
507170
507364
507431
507651
507823
507825
507938
508043
508092
508107
508146
508294
508545
508558
508587
508640
508800
508880
508948
509006
509019
509140
509161
509177
509424
509471
509567
509838
509846
509869
509888
510119
510357
510377
510439
510501
510531
510644
510844
510847
510902
510961
511104
511118
511196
511290
511484
511504
511565
511750
512005
512096
512125
512159
512340
512360
512503
512622
512783
513057
513205
513352
513370
513702
513730
513942
513956
514048
514109
514175
514310
514426
514489
514626
514715
514853
514956
515010
515014
515071
515188
515467
515545
515935
515957
516157
516226
516252
516355
516367
516406
516545
516649
516693
516935
516989
517140
517191
517328
517379
517453
517525
517536
517555
517572
517670
517670
517761
517879
517948
518029
518077
518087
518271
518342
518516
518580
518602
518658
518686
518944
519064
519293
519333
519558
519710
519823
520002
520014
520152
520166
520345
520435
520485
520525
520820
520839
521021
521314
521558
521562
521727
521882
522010
522121
522155
522249
522266
522355
522406
522621
522625
522736
522738
522922
523121
523167
523418
523444
523748
523907
523968
523981
524051
524118
524146
524197
524344
524397
524407
524550
524571
524636
524680
524994
525007
525105
525232
525240
525388
525497
525639
525724
525731
525789
525923
525947
526018
526205
526253
526531
526545
526638
526652
526662
526780
526833
526923
526954
526965
527035
527141
527278
527443
527457
527476
527518
527807
528150
528195
528568
528629
528696
528727
528809
528965
528976
528986
529522
529642
529784
529832
529890
529915
529981
530014
530103
530269
530664
530678
530760
530953
531052
531115
531166
531227
531244
531367
531542
531899
531979
532259
532264
532297
532519
532596
532639
532700
532743
532855
532865
532908
533105
533212
533250
533309
533318
533476
533511
533783
533808
534010
534166
534364
534790
534878
534987
535027
535167
535249
535297
535348
535384
535562
535750
535788
535871
535885
536058
536233
536262
536448
536514
536558
536589
536753
536877
536899
537085
537213
537400
537502
537514
537548
537550
537982
538113
538116
538167
538232
538237
538281
538335
538405
538528
538540
538637
538672
538958
538980
539008
539010
539058
539168
539187
539243
539508
539558
539686
539781
540050
540062
540113
540193
540233
540637
541106
541117
541138
541430
541434
541503
541552
542094
542176
542183
542533
542540
542601
542609
542786
542810
542831
542859
542912
542926
542937
543067
543068
543081
543183
543188
543378
543395
543554
543706
543783
543837
543866
543942
543998
544075
544099
544481
544744
544797
544815
544836
544982
544988
545405
545513
545710
545844
545955
546029
546113
546255
546384
546650
546778
546822
546843
546973
546986
547427
547558
547595
547622
547667
547744
547806
547884
548020
548034
548058
548221
548443
548659
549193
549241
549440
549510
549547
549559
549661
549663
549832
549866
549977
550043
550117
550133
550138
550178
550361
550510
550683
550783
550938
550967
550983
550994
551097
551186
551273
551332
551367
551660
551725
551817
551831
551841
551935
551991
552030
552228
552330
552343
552458
552477
552568
552665
552825
552869
552917
552977
553008
553013
553317
553714
553727
553917
554031
554039
554052
554194
554256
554356
554551
554678
554792
554829
555481
555487
555547
555656
555692
555770
555834
555867
555867
555980
556082
556106
556268
556356
556373
556627
556639
556710
556898
557234
557281
557357
557740
557787
557831
557861
558119
558238
558527
558743
558969
559103
559165
559328
559366
559395
559533
559536
559696
559704
559738
559834
559857
559864
560092
560097
560141
560219
560279
560480
560493
560669
560848
560861
560963
560971
561239
561420
561715
561740
561853
561886
562001
562140
562279
562472
562505
562721
563099
563116
563200
563536
563719
563922
563970
564052
564110
564285
564308
564337
564510
564568
564738
564963
564999
565063
565078
565171
565257
565294
565409
565460
565519
565717
565785
565894
566011
566248
566624
566642
566774
566882
566934
566984
567008
567293
567296
567351
567566
567599
567786
567831
567917
568961
568988
569163
569356
569703
569837
569848
569883
570046
570128
570244
570301
570447
570766
570865
570872
570905
570911
571066
571180
571195
571262
571310
571371
571418
571481
571522
571558
571822
572342
572375
572684
573104
573178
573237
573417
573475
573485
573509
573553
573650
573721
573749
573972
573988
574300
574478
574507
574614
574697
574722
574795
575254
575352
575409
575476
575517
575731
575940
576026
576150
576218
576286
576293
576521
576536
576554
576721
576877
577021
577150
577287
577297
577374
577436
577511
577560
577615
577768
577793
578027
578326
578369
578614
578818
579118
579141
579355
579487
579505
579514
579710
579726
579835
579891
579959
580031
580116
580121
580290
580302
580367
580402
580462
580660
581196
581208
581289
581321
581390
581393
581427
581434
581437
581553
581584
581660
581730
581756
581817
581854
581883
581962
582050
582052
582221
582226
582363
582446
582545
582586
582788
582847
582860
582916
583008
583107
583144
583195
583490
583602
583660
583695
583992
584113
584157
584232
584291
584358
584460
584717
584762
584937
584961
585068
585175
585279
585510
585863
586029
586089
586089
586139
586170
586224
586230
586562
586575
586611
586671
586801
586923
586933
586992
587062
587147
587147
587165
587201
587254
587342
587453
587511
587767
587922
587987
588138
588229
588411
588621
588622
588727
588756
588794
588800
588819
589006
589096
589298
589371
589374
589439
589660
589671
589757
589940
590037
590048
590056
590078
590130
590323
590427
590434
590445
590485
590623
590700
590717
590752
590758
590863
590933
591090
591317
591600
591602
591682
591747
591804
591845
591888
591989
592114
592131
592319
592402
592410
592558
592802
592819
592821
592942
593052
593072
593183
593218
593277
593288
593342
593366
593407
593492
593790
593839
593847
593886
593963
594004
594404
594455
594461
594584
594880
594916
595011
595029
595187
595701
595961
595990
596026
596044
596078
596090
596359
596697
596736
596819
596875
596951
597060
597100
597153
597208
597306
597340
597345
597348
597382
597414
597552
597568
597637
597671
597868
597989
598079
598169
598310
598366
598434
598502
598538
598571
598627
598643
598703
598775
598864
598962
599264
599266
599404
599414
599480
599532
599580
599623
599672
599720
599752
600027
600150
600181
600399
600405
600543
600670
600680
600711
600726
600871
600885
600989
601006
601019
601075
601136
601199
601213
601276
601289
601658
601741
601754
602077
602323
602479
602560
603040
603227
603263
603365
603385
603540
603571
603748
603894
603985
603989
604092
604094
604157
604372
604405
604597
604627
604654
604684
604686
604733
604786
604798
604822
605012
605113
605183
605247
605425
605479
605491
605553
605662
605662
605797
605920
606065
606080
606129
606187
606210
606225
606365
606576
606608
606619
606679
606824
606875
607041
607098
607162
607209
607275
607351
607406
607514
607543
607744
607858
607889
607942
608033
608165
608258
608376
608600
608790
608797
608850
609095
609204
609426
609438
609463
609598
609721
609986
610036
610056
610098
610285
610306
610307
610346
610485
610529
610641
610742
610830
611031
611104
611116
611142
611158
611158
611274
611334
611372
611456
611473
611510
611527
611528
611618
611808
611874
611944
611999
612052
612092
612111
612260
612297
612556
612612
612672
612699
612753
612754
612783
612795
612885
612968
613013
613057
613058
613091
613094
613135
613182
613227
613469
613588
613636
613728
613838
613992
614242
614291
614512
614566
614581
614596
615010
615349
615356
615357
615600
615887
615973
616193
616342
616365
616384
616422
616460
616554
616642
616707
616922
616952
616997
617064
617105
617398
617409
617444
617789
617835
617864
617941
618047
618061
618321
618499
618555
618623
618636
618641
618664
618671
618702
618710
618735
618855
618966
619041
619107
619155
619174
619189
619253
619326
619752
619923
619975
620041
620173
620298
620400
620427
620488
620532
620555
620580
620618
620631
620870
620915
621027
621123
621169
621196
621496
621500
621650
622011
622063
622107
622115
622193
622339
622388
622407
622454
622914
622916
623011
623016
623049
623358
623396
623401
623434
623492
623623
623677
623947
624400
624416
624560
624664
624762
624989
625075
625314
625352
625543
625668
625760
625762
626080
626083
626124
626151
626231
626320
626358
626372
626455
626533
626867
626977
626997
627038
627039
627255
627293
627490
627501
627533
627583
627619
627669
627698
627820
627866
627998
628240
628299
628995
629123
629297
629398
629524
629655
629772
629787
629897
629944
630043
630064
630112
630198
630235
630237
630239
630343
630362
630485
630504
630550
630552
630652
630936
631090
631131
631274
631569
632003
632113
632165
632324
632398
632430
632472
632631
632934
633145
633361
633474
633617
633658
633701
633723
633825
633891
634384
634413
634473
634535
634680
634745
634761
634854
634932
635044
635098
635143
635219
635273
635414
635440
635516
635594
635691
635692
635702
635913
635960
636366
636474
636539
636709
636745
636834
636933
637049
637126
637210
637571
637749
637940
638071
638380
638497
638554
638588
638722
638732
638872
639129
639130
639195
639320
639392
639409
639469
639499
639944
639981
639988
640035
640088
640122
640161
640164
640210
640235
640282
640285
640367
640592
641122
641126
641168
641284
641316
641353
641388
642030
642209
642507
642535
642546
642705
642734
643092
643352
643430
643482
643730
643795
643887
644224
644291
644482
644506
644576
644693
644882
644905
644922
645091
645158
645344
645345
645353
645359
645414
645439
645614
645678
645699
645741
645827
646311
646369
646513
647151
647189
647447
647457
647564
647660
647739
647771
647772
647901
647930
647967
648065
648167
648277
648338
648640
649129
649145
649260
649505
649552
650070
650300
650554
650859
650934
651047
651152
651299
651386
651566
651715
651744
651796
651813
651814
651985
651997
652070
652177
652206
652210
652283
652305
652717
652795
652900
652905
652948
653145
653148
653162
653244
653280
653335
653613
653618
653675
653844
653947
653991
654026
654168
654257
654260
654353
654801
655224
655375
655385
655411
655459
655558
655682
655755
655915
655995
656110
656184
656308
656351
656428
656456
656759
656768
656775
656783
656787
656854
656928
657118
657215
657375
657440
657696
658037
658040
658165
658216
658300
658691
658706
658779
659007
659056
659141
659212
659262
659332
659471
659702
659784
659859
659879
660236
660674
660734
660952
661014
661127
661253
661294
661425
661466
661499
661525
661793
661962
662238
662269
662411
662591
662734
662838
662918
662979
663018
663127
663269
663318
663375
663465
663572
663606
663796
664023
664362
664550
664550
664616
664621
664690
664739
664775
664925
664972
665079
665138
665219
665235
665242
665299
665416
665460
665497
665581
665584
665724
665728
665833
665900
666077
666145
666169
666233
666235
666269
666370
666513
666619
666660
666834
667148
667300
667322
667417
667444
667479
667809
668063
668184
668377
668429
668487
668551
668637
668713
668728
668740
669145
669196
669248
669306
669547
669696
669817
669874
669917
669931
669952
670016
670245
670302
670404
670441
670454
670628
670690
671044
671155
671365
671365
671440
671597
671621
671636
671766
671931
672053
672061
672132
672166
672173
672250
672334
672379
672408
672492
672591
672682
672708
672723
673127
673326
673449
673519
673538
673746
673797
673865
673876
674046
674067
674113
674236
674449
674527
674621
674744
674761
675037
675043
675062
675157
675191
675316
675499
675509
675895
675971
676023
676059
676225
676342
676407
676445
676592
676735
676757
676836
676947
677100
677105
677197
677277
677293
677389
677440
677655
677724
677750
677759
677760
677839
678291
678331
678449
678466
678554
678617
678696
678729
678733
678738
678787
678936
678977
678982
679065
679169
679353
679362
679504
679901
680110
680245
680295
680322
680352
680382
680393
680415
680487
680506
680522
680642
680642
680676
680759
680859
680917
681112
681241
681285
681401
681456
681572
681638
681660
681900
681914
682080
682081
682088
682176
682195
682241
682264
682282
682492
682531
682721
682761
682809
682851
682853
682941
683001
683110
683214
683374
683405
683505
683666
683779
683797
683933
684089
684386
684423
684487
684922
685436
685568
685619
685642
685661
685664
685693
685711
685724
685798
685820
685936
686029
686117
686164
686513
686514
686881
686961
686986
687066
687078
687097
687110
687454
687455
687552
687559
687568
687579
687894
687984
688048
688069
688083
688089
688099
688191
688524
688724
688868
689060
689076
689352
689422
689430
689459
689478
689677
689688
689856
690225
690364
690546
690774
690783
690875
690892
690938
690950
691074
691095
691222
691223
691307
691643
691675
691856
691905
691975
692035
692044
692124
692307
692328
692435
692493
692515
692535
692582
692705
692862
693104
693394
693417
693486
693533
693609
693663
693877
693918
693922
694013
694032
694069
694133
694322
694463
694548
694940
694943
695099
695159
695168
695281
695342
695559
695562
695577
695591
695709
695900
695913
695999
696049
696115
696187
696202
696615
696884
696962
697230
697586
697817
697862
697910
697941
697995
698124
698144
698204
698218
698300
698324
698431
698531
698539
698809
699338
699615
699673
699724
700380
700435
700508
700508
700560
700627
700660
700740
700773
700777
700959
700986
701037
701163
701262
701342
701395
701447
701850
701932
701984
702044
702219
702332
702419
702746
703045
703283
703294
703384
703458
703489
703619
703658
703676
703681
703761
703942
703944
704052
704326
704402
704432
704443
704446
704458
704485
704711
704927
704943
705397
705550
705652
706038
706084
706338
706374
706435
706443
706675
706679
706926
706993
707059
707075
707384
707491
707498
707652
707660
707694
707817
707974
708069
708106
708615
708648
708972
708991
709275
709378
709514
710028
710058
710140
710271
710313
710346
710821
710966
710976
711085
711137
711196
711267
711275
711285
711338
711355
711550
711614
711626
711686
711771
711797
711919
711921
712037
712130
712174
712185
712239
712290
712377
712632
712784
712841
712851
712950
713108
713135
713191
713261
713341
713615
713728
713855
713936
714106
714283
714356
714376
714387
714423
714437
714560
714729
714799
714859
714915
714942
714985
714992
715203
715294
715349
715374
715424
715538
715704
715756
715808
715930
715996
716706
716815
716835
716924
717002
717141
717161
717398
717452
717500
717504
717599
717613
717701
717899
717974
718181
718749
718797
719090
719090
719315
719398
719439
719470
719712
719816
719965
719991
720085
720305
720566
720742
720816
720827
720884
720917
721021
721037
721200
721476
721719
721842
721914
721935
721986
722021
722174
722214
722294
722460
722714
722754
722777
722782
722798
722989
723022
723128
723134
723205
723293
723298
723321
723392
723426
723563
723572
723796
723813
723990
724020
724057
724167
724201
724315
724427
724533
724564
724753
724862
724862
724931
725006
725168
725205
725302
725510
725804
725835
725921
726073
726129
726345
726345
726452
726861
726977
727020
727100
727167
727209
727229
727368
727400
727512
727534
727835
728015
728245
728427
728603
728666
728680
728851
728858
729059
729228
729696
729781
729813
729863
729890
730099
730302
730357
730373
730446
730458
730480
730503
730533
730540
730546
730640
731035
731098
731122
731137
731308
731411
731470
731478
731508
731701
731763
731922
731936
732227
732361
732433
732504
732585
732678
732760
732784
732853
732881
732944
733049
733058
733114
733168
733376
733540
733540
733589
733715
733765
733791
733825
733836
733905
733948
734064
734219
734314
734333
734462
734583
734592
734697
734773
734816
734823
735141
735160
735174
735200
735297
735509
735688
735728
735987
736093
736242
736269
736334
736532
736581
736661
736709
736745
736827
736942
736945
737018
737089
737110
737139
737284
737290
737291
737492
737785
737902
737927
737929
738088
738343
738486
738626
738763
738841
738894
738915
738955
739053
739255
739257
739267
739368
739370
739456
739755
739767
739817
739962
739977
740050
740058
740059
740206
740370
740458
740467
740481
740573
740585
740594
740636
740659
740760
741214
741217
741233
741463
741509
741541
741680
741932
742066
742087
742093
742093
742096
742166
742589
742742
742888
743183
743285
743361
743507
743766
743926
743994
744029
744110
744217
744284
744325
744408
744520
744556
744590
744590
744703
744791
744843
744857
744954
745081
745099
745110
745176
745249
745266
745280
745296
745343
745567
745665
745666
745911
745954
745993
746015
746284
746317
746508
746512
746536
746600
746827
746947
746983
747032
747046
747071
747126
747239
747263
747288
747310
747454
747463
747507
747654
747694
747974
747982
748226
748227
748310
748383
748560
748564
748639
748653
748769
748913
748971
749140
749307
749409
749512
749530
749656
749684
749751
749770
749942
750143
750240
750281
750424
750598
750625
750892
751017
751106
751130
751133
751134
751242
751248
751345
751386
751547
751613
751647
751861
751904
752074
752108
752126
752187
752204
752209
752262
752485
752602
752733
752771
753005
753072
753146
753175
753218
753359
753418
753722
753809
753834
753912
753977
753994
754072
754084
754169
754215
754286
754635
754651
754677
754719
754782
754889
754904
755141
755212
755326
755406
755410
755543
755566
755617
755677
755711
755811
755840
755855
755899
756107
756127
756148
756150
756268
756324
756334
756411
756454
756502
756529
756538
756540
757109
757134
757323
757357
757427
757520
757609
757718
757772
757777
757833
757860
757899
757927
758054
758067
758201
758208
758339
758347
758458
758468
758603
758715
758958
758979
759096
759104
759124
759353
759423
759551
759599
759768
759955
759969
760072
760081
760529
760557
760565
760636
760657
760706
760712
760774
760797
760824
761015
761251
761325
761414
761599
761989
762014
762014
762028
762029
762031
762110
762142
762169
762175
762223
762318
762325
762477
762589
762640
762645
762710
762724
762772
762778
762923
762961
763029
763083
763217
763227
763379
763504
763635
763732
763790
763868
764067
764175
764382
764667
764736
765122
765495
765701
765726
765757
765830
765870
765888
765960
766004
766011
766263
766277
766558
766573
766698
766716
766723
766821
766977
766993
767034
767055
767152
767154
767183
767336
767408
767413
767615
767625
767804
767874
767882
767890
767995
768014
768034
768038
768211
768213
768532
768559
768577
768705
768790
768867
769014
769053
769081
769104
769144
769205
769303
769331
769415
769509
769554
769789
769852
769932
769945
770127
770199
770220
770256
770402
770421
770560
770691
770852
770857
770946
771064
771072
771132
771248
771262
771369
771403
771673
771689
771855
771889
771955
771962
771989
772075
772227
772306
772504
772561
772624
772630
772738
772810
772907
772952
773353
773399
773451
774013
774031
774041
774115
774116
774247
774326
774344
774369
774479
774691
774721
774871
774989
775097
775136
775182
775247
775312
775366
775754
775919
776002
776024
776059
776111
776286
776379
776538
776798
777006
777125
777486
777538
777629
777698
778176
778187
778348
778368
778617
778624
778688
778698
778844
778852
778880
779107
779237
779313
779419
779428
779489
779548
779796
779840
780141
780165
780181
780364
780434
780560
780594
780726
780774
780805
780879
780893
781052
781126
781257
781295
781397
781401
781493
781596
781604
781820
781898
781925
781952
782022
782177
782186
782209
782316
782352
782404
782407
782775
783125
783130
783170
783384
783386
783403
783518
783585
783594
783642
783647
783655
783721
783878
783969
784079
784141
784153
784250
784373
784497
784612
784723
784778
784868
784891
785135
785321
785438
785470
785547
785639
785800
785845
785967
786199
786259
786315
786331
786346
786411
786507
786557
786592
786649
786720
786823
786823
786882
786984
787057
787270
787347
787417
787635
787736
787777
787841
787843
787988
788039
788042
788049
788365
788483
788492
788504
788552
788628
788713
788785
788905
788935
789002
789125
789190
789201
789218
789314
789349
789373
789765
789797
789836
790008
790048
790099
790111
790150
790153
790220
790270
790359
790506
790566
790753
791010
791021
791239
791261
791368
791606
791665
791668
791681
791930
791989
791992
792297
792625
792646
792842
792849
793259
793330
793384
793890
793961
793987
794072
794088
794150
794267
794288
794550
794587
794666
794719
795027
795050
795655
795759
795798
795799
795882
795904
795911
796002
796110
796174
796177
796415
796603
796619
796809
796871
796931
796945
797072
797414
797555
797915
798071
798138
798300
798520
798642
799036
799038
799062
799080
799168
799255
799456
799534
799575
799761
799787
800066
800066
800079
800137
800158
800212
800218
800261
800351
800419
800693
800769
800812
800917
800931
800948
801334
801437
801509
801509
801522
801799
801849
801967
802259
802264
802373
802375
802790
802796
803183
803215
803359
803510
803868
803892
803926
804141
804235
804298
804526
804572
804593
804604
804644
805046
805174
805238
805274
805367
805903
806066
806083
806129
806357
806368
806393
806494
806620
806649
806659
806694
807089
807212
807311
807412
807585
807598
807705
807779
807804
807843
808150
808454
808483
808494
808634
809067
809155
809180
809269
809279
809344
809409
809443
809509
809578
809682
809728
810098
810105
810172
810314
810440
810564
810614
810700
810752
810881
810920
811040
811055
811109
811130
811166
811204
811424
811426
811491
811505
811595
811598
811705
811712
811830
811834
812025
812321
812364
812386
812479
812536
812661
812691
812706
812779
812891
812930
812973
812983
813148
813181
813356
813476
813604
813616
813720
813812
814114
814115
814410
814701
814746
815172
815184
815212
815242
815260
815291
815480
815530
815613
815725
815771
815774
815790
815974
816026
816257
816513
816515
816678
816895
816901
816902
816976
817145
817167
817598
817642
817742
817750
818059
818234
818324
818376
818560
818641
818646
818694
818731
818765
818793
818933
818970
818993
819004
819335
819442
819522
819591
819608
819636
819716
819758
819767
819968
820011
820030
820044
820064
820123
820213
820217
820232
820297
820326
820401
820429
820517
820560
820609
820628
820837
820894
820927
820940
820964
820966
821058
821194
821324
821365
821368
821378
821535
821577
821606
821742
821868
821910
822190
822243
822463
822487
822654
822668
822721
822736
822887
822968
823041
823119
823479
823584
823741
823743
823807
823944
823945
823957
823998
824137
824247
824376
824620
824712
824725
824752
824839
824891
825065
825348
825391
825391
825415
825613
825744
825963
826014
826061
826227
826372
826421
826698
826763
826866
826868
826957
827073
827079
827170
827171
827282
827328
827347
827504
827555
827713
827822
827870
828142
828198
828234
828268
828295
828305
828306
828374
828753
828899
829021
829074
829114
829187
829264
829296
829326
829480
829562
829731
829942
829960
830317
830319
830386
830419
830469
830505
830576
830603
830700
830824
831063
831091
831165
831564
831647
831714
832055
832142
832163
832271
832317
832334
832382
832450
832462
832563
832695
832701
832708
832757
832921
832943
832944
833074
833221
833254
833305
833318
833416
833725
833742
833845
834011
834093
834099
834215
834333
834446
834548
835129
835150
835177
835207
835293
835361
835369
835422
835528
835569
835629
835681
835687
835743
835754
835783
836128
836222
836241
836440
836451
836580
836671
836677
836689
836704
836824
836991
837020
837029
837043
837206
837214
837215
837444
837517
837737
837745
838351
838416
838485
838507
838759
838999
839029
839067
839147
839283
839312
840019
840087
840136
840391
840440
840782
840787
840888
840994
841068
841258
841310
841472
841554
841594
841679
841710
842033
842069
842183
842185
842186
842272
842529
842636
842653
842698
843064
843072
843076
843085
843250
843411
843473
843599
843604
844173
844189
844324
844433
844477
844636
844665
844720
844920
844945
845002
845158
845287
845325
845350
845589
845637
845641
845644
845735
845809
845854
846044
846197
846326
846575
846622
846671
846701
846747
846750
846883
846900
846909
846910
846929
846951
847294
847336
847444
847555
847577
847600
847758
847794
847819
847936
847977
848094
848450
848453
848454
848488
848684
848708
848722
848840
848851
848982
849048
849149
849196
849238
849348
849352
849406
849410
849422
849628
849746
849770
849905
850133
850142
850246
850333
850381
850465
850632
850643
850657
850687
850793
850840
851146
851149
851300
851362
851450
851474
851598
851623
851761
851780
851783
852058
852174
852406
852648
852893
852901
853031
853053
853168
853305
853312
853366
853580
853697
853779
854080
854176
854236
854390
854574
854677
854774
854795
854798
855090
855154
855181
855233
855290
855521
855539
855618
855820
855849
855864
855902
855919
856196
856253
856380
856405
856435
856601
856623
856850
857036
857278
857336
857407
857526
857808
857848
857869
857928
857939
857986
857991
858230
858273
858285
858322
858362
858378
858444
858553
858619
858915
859003
859393
859482
859555
859707
859731
859850
859925
860273
860363
860465
860496
860542
860595
860755
860971
861458
861584
861627
861901
861995
862091
862372
862826
862843
862894
863037
863066
863122
863177
863195
863345
863563
863706
863875
863882
863989
864205
864275
864329
864456
864542
864756
864921
865054
865071
865162
865295
865468
865622
865731
865765
865961
866078
866172
866276
866332
866465
866812
866886
867036
867180
867217
867421
867429
867507
867615
867685
867739
867950
868068
868088
868104
868239
868315
868435
868482
868508
868508
868528
868532
868546
868550
868827
868853
868917
868992
869017
869032
869085
869171
869258
869341
869359
869370
869601
869605
869715
869736
869788
869919
870020
870192
870201
870291
870324
870392
870416
870624
870783
870867
870971
870992
871220
871549
871688
871697
871732
871769
871854
871959
872044
872133
872288
872361
872392
872473
872581
872623
872638
872804
872991
873108
873208
873542
873597
873677
873686
873979
874001
874089
874146
874155
874164
874171
874424
874579
874590
874602
874604
874941
874949
875021
875131
875153
875353
875747
875822
875922
876000
876138
876144
876314
876424
876642
876659
876900
876905
877031
877097
877196
877266
877275
877333
877383
877439
877532
877663
877690
877694
877767
877912
878249
878285
878517
878652
878754
878777
878843
879159
879377
879384
879387
879543
879544
879588
879620
879879
879987
880067
880150
880245
880593
880666
880793
880891
880914
880967
881013
881074
881208
881375
881446
881472
881533
881726
881778
881790
881816
881847
881954
881966
882011
882074
882311
882477
882535
882806
882890
883111
883231
883352
883362
883444
883478
883727
883739
883837
883841
883844
883912
883963
883996
884044
884098
884313
884410
884741
884908
885016
885189
885239
885511
885569
885680
885901
886027
886058
886087
886168
886243
886427
886502
886517
886550
886569
886616
886753
886777
886864
887054
887131
887155
887243
887361
887610
887745
887811
887831
887857
888035
888085
888235
888647
888697
888767
888857
888877
888897
888937
889113
889118
889184
889236
889328
889346
889454
889603
889615
889711
889820
889834
889984
889988
890052
890094
890156
890164
890278
890281
890355
890469
890491
890503
890547
890692
890730
890842
890889
890889
890994
891171
891254
891363
891388
891497
891531
891535
891724
891766
891902
892383
892463
892610
892663
892733
892751
893068
893112
893122
893159
893363
893802
893809
894144
894197
894208
894241
894545
894559
894677
894690
894698
894799
894862
894940
894990
895112
895377
895396
895597
895779
895788
895959
895967
896035
896137
896190
896366
896454
896620
896643
896752
896794
896826
896877
896926
896932
896967
897039
897066
897138
897436
897530
897819
898276
898650
898821
898874
898950
898956
899009
899034
899430
899494
899633
899640
899670
899810
899841
899853
899890
899935
899996
900067
900102
900165
900228
900321
900431
900567
900585
900650
900681
900725
900916
901008
901065
901214
901328
901382
901639
901672
901737
902258
902387
902428
902448
902546
902625
902941
903040
903061
903072
903126
903585
903640
904049
904112
904340
904411
904439
904534
904579
904595
904678
904695
904704
904926
904960
905080
905177
905292
905294
905300
905416
905814
905842
905846
905876
905932
905939
905984
906047
906067
906375
906388
906452
906617
906651
906663
906858
907207
907222
907229
907345
907541
907546
907589
907657
907693
907712
907760
907778
907808
907894
907929
907973
908083
908108
908253
908494
908722
908829
908853
908921
909076
909093
909420
909450
909628
909662
910124
910278
910341
910358
910388
910464
910543
910550
910611
910657
910816
911027
911038
911070
911373
911386
911452
911466
911487
911548
911617
911702
911702
911855
912099
912100
912117
912311
912460
912693
912909
913165
913280
913358
913438
913477
913548
913617
913662
913751
913885
913893
914221
914408
914461
914589
914611
914625
914631
914786
914939
915132
915138
915179
915346
915499
915580
915608
915639
915736
915874
916078
916104
916115
916684
916724
916800
917126
917226
917288
917296
917367
917468
917475
917503
917524
917576
917645
917848
917860
917883
917979
918033
918172
918394
918457
918510
918571
918995
919181
919237
919358
919443
919472
919867
919903
919945
919984
920019
920058
920138
920168
920195
920211
920336
920381
920506
921025
921152
921218
921402
921451
921719
921729
921738
921864
921877
921896
921904
921971
922004
922106
922264
922459
922489
922622
922635
922702
922724
922828
922852
923006
923132
923241
923267
923601
923657
924018
924097
924105
924115
924311
924532
924533
924535
924590
924595
924750
924758
925014
925057
925099
925175
925200
925298
925323
925383
925460
925538
925576
925621
925761
925793
925960
926060
926065
926148
926216
926366
926507
926553
926689
926884
926919
927169
927276
927374
927435
927519
927635
927948
928022
928031
928057
928083
928144
928327
928685
928741
928806
929125
929220
929281
929422
929611
929712
929877
930194
930376
930470
930520
930546
930555
931042
931229
931325
931449
931578
931619
931650
931831
932157
932326
932380
932531
932542
932572
932657
932672
932676
932893
933000
933264
933319
933354
933369
933588
933600
933637
933651
933821
933867
933963
933985
934191
934261
934278
934307
934395
934500
934541
934646
934996
935072
935191
935226
935292
935387
935403
935490
935568
935756
935779
935820
935842
936041
936114
936568
936767
936768
936898
936932
936970
937029
937390
937471
937552
937818
937945
938175
938260
938326
938428
938676
938856
938901
938957
938969
939038
939067
939130
939201
939352
939448
939559
939597
939706
939822
939936
940012
940224
940268
940368
940370
940441
940520
940618
940658
940693
940813
940818
941524
941599
941640
942008
942157
942506
942529
942550
942583
942594
942703
942821
942857
942983
943012
943051
943064
943100
943108
943482
943680
943684
944052
944172
944268
944320
944429
944444
944477
944549
944664
944900
944982
945069
945201
945620
945630
945725
945725
945827
945888
945889
945934
945961
946227
946231
946363
946485
946533
946600
946629
946724
946969
947217
947232
947245
947341
947468
947669
947755
947878
947979
947999
948024
948070
948325
948380
948443
948483
948579
948651
948727
948788
948796
948869
948888
948941
949028
949037
949159
949243
949351
949533
949539
949588
949654
949782
949796
950041
950079
950131
950153
950315
950321
950494
950537
950593
950695
950798
950950
951074
951130
951358
951443
951606
951630
951639
951712
951713
951973
952003
952015
952061
952111
952341
952671
952725
952790
952874
952884
952895
953000
953052
953254
953322
953364
953442
953602
953710
953792
953969
954140
954182
954294
954571
954694
954696
954826
954833
955030
955040
955094
955269
955357
955975
956066
956456
956468
956615
956801
956841
956852
956899
956973
957006
957034
957167
957176
957210
957442
957524
957563
957580
957710
957804
957865
957875
957916
957957
958064
958185
958197
958284
958362
958683
958971
958973
959036
959169
959399
959468
959691
959752
959819
960098
960215
960232
960325
960479
960501
960517
960600
960613
960624
960625
960833
960975
961260
961372
961418
961432
961590
961735
961800
961878
961962
962017
962027
962036
962210
962420
962449
962635
962636
962702
962705
962966
963174
963186
963258
963687
963718
964214
964277
964301
964447
964491
964513
964526
964581
964734
964901
964966
965245
965353
965374
965758
965898
966049
966086
966111
966127
966204
966272
966403
966406
966446
966504
966510
966638
966677
966678
966850
966882
966900
966996
967423
967520
967536
967541
967574
967690
967799
968024
968042
968055
968107
968275
968813
969049
969231
969245
969376
969418
969720
969811
969844
970219
970259
970262
970506
970541
970555
970556
970621
970717
970736
970812
970927
970957
971128
971140
971160
971217
971328
971401
971501
971517
971634
971657
971838
971888
971930
971970
972039
972398
972472
972473
972548
972670
972681
972734
972812
972819
972922
972966
973028
973484
973506
973645
973756
973921
974048
974079
974210
974228
974324
974461
974902
974929
975246
975386
975542
975699
975935
975948
975975
976315
976395
976401
976416
976487
976685
976691
976920
977054
977073
977367
977418
977609
977646
977844
977848
978047
978179
978191
978407
978497
978540
978607
978634
978689
978726
978735
978860
979146
979156
979194
979547
979638
979659
979850
980144
980314
980368
980385
980403
980685
980687
980974
980998
981010
981218
981233
981255
981379
981502
981624
981724
981732
981794
981835
981854
981994
982046
982083
982158
982199
982209
982215
982413
982556
982620
982972
983025
983045
983062
983082
983164
983226
983228
983279
983381
983488
983506
983518
983620
983943
984101
984137
984184
984237
984388
984513
985010
985098
985122
985234
985276
985351
985500
985631
985659
985709
985726
985764
985873
985964
986001
986131
986141
986237
986301
986530
986604
986696
986787
987023
987048
987072
987196
987251
987258
987272
987374
987424
987524
987568
987584
987717
987736
987784
987933
988031
988031
988183
988206
988234
988311
988324
988382
988418
988475
988539
988666
988709
988747
988777
988834
988877
988932
988943
988994
989318
989352
989385
989504
989634
989964
990133
990165
990166
990189
990191
990236
990260
990346
990376
990533
990537
990631
990672
990808
990910
990916
990992
991105
991143
991308
991356
991545
991871
991878
991987
992065
992227
992275
992295
992307
992315
992332
992372
992521
992570
992603
992653
992690
992699
992767
992776
992780
992866
992946
992974
993203
993442
993484
993556
993590
993596
993619
993725
993906
994085
994163
994302
994325
994416
994464
994508
994520
994618
994726
994756
994851
994862
994932
994997
995527
995550
995639
995789
995836
995954
995999
996503
996610
996709
996774
996963
997183
997261
997297
997405
997654
997702
997733
997773
997780
997837
997973
998015
998151
998278
998306
998321
998496
998523
998566
998582
998690
998824
998838
999212
999319
999325
999474