0
61
104
302
388
493
604
628
869
1104
1305
1313
1455
1522
1561
1664
1723
1781
1808
1996
2085
2149
2439
2515
2587
2603
2813
2975
3063
3113
3231
3249
3283
3332
3333
3467
3541
3565
3575
3615
3813
3837
3854
3875
4021
4075
4220
4431
4551
4629
4773
4785
4969
4995
5048
5342
5563
5899
5922
5947
6225
6268
6316
6397
6423
6517
6562
6578
6611
6640
6646
6677
6762
6819
6875
7291
7346
7434
7587
7600
7655
7691
7722
7814
7975
8025
8032
8039
8044
8066
8212
8330
8338
8434
8614
8617
8706
9008
9047
9115
9253
9275
9286
9344
9346
9384
9575
9660
9784
9824
9824
9900
10001
10075
10155
10199
10379
10468
10682
10698
10934
10935
11085
11090
11099
11132
11180
11299
11383
11545
11574
11823
11895
11921
11989
12042
12089
12125
12546
12593
12727
12892
13078
13118
13267
13313
13344
13368
13664
13791
13799
14015
14234
14238
14372
14424
14485
14538
14737
14779
14796
14853
14872
14939
15004
15154
15237
15326
15336
15338
15386
15399
15833
15998
16031
16181
16214
16376
16376
16619
16627
16657
16669
16676
16762
16803
16905
17065
17119
17189
17241
17255
17444
17449
17527
17558
17761
17791
18112
18121
18210
18351
18371
18381
18394
18428
18439
18451
18690
18709
18777
18836
18859
18888
18912
19097
19175
19180
19342
19373
19626
19670
19766
19979
19994
20000
20256
20339
20367
20463
20579
20583
20840
21067
21169
21433
21497
21519
21553
21594
21635
21693
21766
21828
21938
22032
22171
22244
22253
22326
22380
22463
22515
22552
22577
22597
22627
22758
23140
23493
23508
23626
23760
23822
23877
23910
24071
24137
24147
24227
24335
24347
24727
24773
25018
25042
25196
25323
25506
25566
25814
26014
26040
26174
26271
26379
26655
26889
26933
26992
27049
27244
27368
27386
27414
27414
27420
27635
27660
27758
27786
27936
27960
27982
28011
28066
28122
28212
28218
28246
28250
28434
28483
28513
28547
28632
28720
28963
29156
29239
29709
29828
29969
30099
30108
30148
30270
30343
30384
30641
30856
30970
31075
31166
31267
31499
31502
31745
31973
32021
32137
32172
32240
32313
32338
32397
32502
33019
33073
33271
33326
33343
33626
33770
33851
33868
34051
34054
34249
34286
34508
34671
34686
34836
34883
34896
34956
35002
35123
35303
35311
35313
35526
35604
35690
35698
35706
35743
35765
35985
36002
36202
36341
36397
36445
36517
36540
36576
36854
36890
36891
37186
37236
37467
37491
37743
37810
37872
37920
38092
38102
38283
38384
38603
38631
38707
38951
38994
39038
39087
39114
39159
39227
39447
39551
39571
39600
39604
39793
39800
39864
39957
40084
40101
40223
40357
40460
40541
40576
40604
40676
40718
41099
41101
41198
41254
41469
41531
41575
41666
41717
41845
41892
42062
42080
42121
42284
42312
42371
42505
42595
42602
42719
42773
42854
43023
43164
43172
43234
43235
43247
43300
43309
43404
43469
43531
43608
43613
43678
43769
43786
43815
43824
43884
43918
43937
43979
44033
44070
44078
44123
44295
44390
44533
44770
44912
45225
45285
45572
45604
45653
45870
45872
45879
45902
45913
45918
45988
46283
46292
46382
46427
46468
46546
46660
47035
47323
47343
47912
48004
48154
48469
48717
48745
48775
48790
49041
49114
49216
49268
49428
49518
49616
49677
49705
49900
49962
49988
50108
50206
50293
50446
50579
50826
51032
51234
51545
51717
51897
51986
52021
52283
52349
52370
52477
52569
52811
52959
52992
53305
53507
53583
53668
53980
54043
54047
54199
54203
54222
54319
54554
54588
54620
54658
54818
54851
54898
54959
55010
55122
55286
55401
55575
55643
55653
55900
56083
56131
56328
56390
56397
56425
56501
56656
56769
56804
56903
56996
57084
57192
57292
57337
57377
57412
57756
58188
58193
58199
58248
58541
58544
58620
58675
58902
59068
59082
59133
59363
59444
59463
59683
59746
59781
59797
59879
59906
60002
60014
60036
60044
60130
60145
60159
60217
60348
60426
60521
60555
60708
60745
60920
60980
61071
61098
61149
61268
61388
61458
61469
61500
61684
61700
61702
61899
61950
62031
62151
62249
62259
62311
62485
62616
62726
62797
63041
63140
63375
63402
63490
63528
63629
63663
63823
63930
63968
64037
64055
64157
64256
64321
64359
64380
64487
64590
64597
64621
65078
65097
65113
65200
65302
65337
65599
65774
65819
66002
66128
66294
66294
66447
66481
66561
66610
66641
66794
67036
67101
67142
67181
67223
67288
67363
67393
67683
67865
67879
67943
68005
68044
68059
68074
68240
68280
68317
68417
68464
68550
68579
68749
69006
69053
69054
69059
69190
69359
69449
69487
69508
69870
69888
69908
70109
70253
70368
70385
70545
70578
70587
70664
70680
70709
70775
71037
71228
71486
71632
71716
71726
71777
71990
71993
72020
72157
72215
72237
72552
72602
72963
73002
73158
73240
73409
73430
73515
73529
73552
73574
73618
73773
73882
74036
74102
74111
74341
74369
74518
74639
74814
74820
74837
74910
74923
75082
75186
75516
75665
76060
76146
76222
76230
76305
76336
76584
76650
76655
76667
76752
76809
76964
76978
77241
77570
77724
77841
77842
77942
78259
78336
78343
78449
78507
78753
78813
79036
79133
79206
79334
79361
79490
79962
80033
80122
80190
80235
80343
80355
80361
80371
80446
80617
81132
81150
81282
81685
81747
81833
81837
81899
81935
81960
82042
82105
82162
82171
82226
82482
82721
82951
82958
83000
83135
83161
83245
83465
83516
83726
83833
83875
83884
84003
84093
84168
84175
84201
84254
84261
84332
84861
85248
85358
85722
85752
85758
85802
85965
85972
86401
86405
86553
86565
86603
86689
86704
86709
86744
86990
87034
87079
87164
87240
87326
87509
87830
87918
87975
88055
88108
88154
88218
88254
88388
88614
88656
88849
88879
88901
89084
89192
89278
89289
89318
89375
89402
89766
89866
90002
90088
90217
90356
90397
90444
90613
90660
90752
90779
90827
90835
90902
90907
91029
91138
91162
91163
91308
91319
91564
91608
91627
91637
91796
91869
92374
92479
92539
92620
92723
92727
92967
93411
93626
93715
93721
93892
93911
93983
94044
94172
94178
94178
94262
94358
94454
94845
94979
95017
95034
95089
95305
95326
95460
95465
95491
95917
96137
96356
97244
97397
97675
97712
97977
98202
98285
98557
98589
98688
98697
98709
98787
98912
99037
99102
99485
99593
99658
99715
99818
99904
99904
99904
99948
99958
100041
100107
100545
100560
100663
100757
100994
101103
101127
101232
101399
101460
101479
101914
101996
102162
102255
102310
102365
102367
102616
102636
102924
103016
103232
103294
103403
103536
103729
103785
103808
103871
103907
103915
103920
104011
104033
104399
104694
104763
104767
104944
105045
105133
105233
105395
105459
105574
105646
105747
105750
105792
105803
105937
105999
106075
106262
106375
106382
106395
106399
106435
106559
106566
106874
106899
106984
107049
107173
107213
107234
107254
107379
107409
107447
107518
107525
107657
107672
107988
108143
108157
108191
108241
108317
108447
108453
108864
108888
108922
108983
109360
109516
109527
109556
109585
109669
109688
109699
109795
109912
110024
110213
110252
110271
110295
110347
110454
110484
110674
110716
110850
111024
111063
111121
111128
111215
111273
111295
111326
111551
111654
111710
111719
111722
111782
111785
111919
111991
112128
112141
112385
112453
112478
112506
112598
112900
112912
112932
112958
113228
113286
113494
113773
113831
113851
113886
113908
113993
114065
114115
114225
114409
114488
114508
114839
115088
115176
115207
115496
115704
115943
116002
116005
116007
116041
116139
116164
116230
116308
116354
116450
116454
116863
116929
116997
117015
117228
117327
117444
117694
117742
117749
117916
117963
118037
118116
118258
118307
118449
118579
118585
118628
118727
118741
118862
118971
119076
119212
119525
119545
119639
119977
120000
120148
120246
120341
120592
120633
120686
120786
120899
121280
121288
121293
121507
121544
121545
121631
121674
121776
121881
122230
122234
122316
122363
122417
122454
122473
122620
122647
122702
122755
122762
122847
122890
122892
122902
123013
123096
123212
123213
123358
123363
123458
123711
123763
123788
123993
124123
124133
124597
124783
124859
124974
125052
125052
125193
125199
125421
125429
125472
125553
125612
125620
125627
125644
125736
125745
125805
126241
126290
126332
126443
126557
126610
126680
126709
126810
127053
127124
127159
127209
127335
127490
127627
127639
127680
127808
127854
127875
127943
128026
128274
128329
128378
128549
128930
129017
129068
129414
129520
129523
129552
129745
129969
130012
130286
130658
130707
130947
131091
131211
131384
131513
131700
131782
131812
132169
132182
132320
132452
132619
132703
132837
132941
132949
132959
133039
133086
133104
133220
133259
133291
133355
133487
133537
133543
133556
133611
133650
134328
134333
134333
134422
134462
134463
134711
134876
135010
135073
135162
135205
135328
135520
135531
135713
135864
135876
135908
135952
136058
136156
136361
136375
136435
136462
136587
136736
136739
136752
136816
137197
137285
137372
137417
137627
137692
137764
137766
137834
138054
138082
138205
138470
138486
138569
138779
138784
138918
138925
138925
139087
139148
139304
139332
139455
139562
139629
139766
139874
139895
139937
140180
140184
140379
140577
140825
140830
140939
140959
141083
141173
141332
141626
141626
141635
141994
142111
142143
142230
142337
142370
142475
142505
142618
142878
143199
143215
143939
144051
144248
144345
144417
144448
144554
144577
144615
144653
144672
144883
144948
145035
145111
145180
145269
145440
145510
145568
145642
145671
145803
145878
146106
146238
146259
146446
146490
146549
146584
146587
146689
146792
146827
146866
146872
147017
147191
147385
147420
147431
147697
147746
147834
147845
147855
147923
148050
148149
148431
148517
148547
148600
148744
149045
149392
149548
149719
149734
149845
150029
150046
150050
150141
150187
150259
150609
150615
150828
151058
151069
151145
151244
151335
151366
151398
151451
151491
151536
151598
151628
151693
151731
152050
152138
152163
152171
152226
152233
152323
152365
152455
152867
152903
152947
152964
153004
153070
153105
153209
153210
153254
153298
153303
153354
153502
153839
153925
153990
154248
154331
154411
154484
154780
154858
155031
155087
155222
155357
155392
155402
155402
155449
155463
155575
155669
155764
155829
156029
156165
156223
156289
156396
156524
156591
156683
156786
156834
156883
157055
157162
157175
157176
157247
157433
157453
157656
157675
157773
157802
157892
157921
158024
158034
158044
158068
158097
158217
158228
158304
158339
158466
158493
158578
158756
158808
158892
159060
159160
159560
159694
159737
159799
160192
160196
160225
160290
160346
160386
160419
160443
160586
160636
160801
160828
161280
161343
161406
161504
161519
161569
161622
161675
161739
161835
161880
161896
162008
162059
162090
162173
162303
162500
162554
162627
162719
162746
162864
162873
163088
163146
163367
163407
163656
163672
163696
163750
163941
163957
163961
164230
164304
164554
164603
164806
164815
164867
164915
165107
165142
165166
165273
165324
165394
165514
165630
165709
165775
165781
165915
165970
166034
166200
166301
166503
166980
167001
167074
167250
167316
167392
167450
167500
167662
167837
167902
167906
167967
167967
168114
168130
168259
168267
168439
168552
168566
168899
169081
169132
169236
169339
169494
169681
169684
170078
170103
170132
170181
170333
170508
170727
170924
171030
171110
171209
171272
171291
171416
171432
171487
171578
171632
171637
171657
171929
172099
172248
172328
172381
172403
172406
172632
172660
172666
172721
172883
173387
173460
173626
173699
173801
173822
173882
173903
173920
174001
174114
174184
174343
174371
174423
174441
174446
174517
174566
174689
174912
175024
175047
175151
175231
175340
175403
175413
175414
175628
175630
175691
175726
176261
176297
176362
176424
176470
176532
176602
176656
176678
176921
176934
176991
177087
177146
177175
177222
177239
177473
177704
177765
178113
178209
178258
178478
178530
178537
178584
178711
179180
179186
179202
179314
179458
179723
179826
179927
180156
180189
180206
180235
180314
180552
180688
180829
181183
181366
181393
181475
181515
181898
181973
182047
182352
182387
182495
182508
182550
182578
182677
182749
182780
183354
183383
183388
183495
183653
183655
183693
183733
183878
184007
184063
184127
184290
184357
184453
184465
184653
184707
184730
184830
184845
184987
184998
185118
185154
185255
185478
185496
185688
185841
185857
185921
186030
186057
186125
186142
186161
186290
186335
186337
186343
186530
186533
186550
186603
186653
186690
186725
186780
186809
187010
187219
187226
187473
187494
187621
187677
187721
187784
187868
188108
188351
188586
188792
188946
188948
189037
189038
189064
189292
189322
189402
189459
189673
189716
189863
190015
190155
190195
190250
190293
190490
190596
190712
190800
190825
190919
191033
191090
191372
191477
191684
191838
191899
192028
192103
192104
192165
192180
192430
192471
192602
192709
192871
192947
192967
193006
193042
193042
193064
193165
193204
193205
193228
193244
193303
193346
193423
193465
193472
193583
193632
193657
193717
193718
193836
193836
193878
194072
194395
194532
194653
194655
194679
194746
194778
195117
195533
195565
195738
195780
195838
195930
195933
196089
196116
196191
196209
196228
196237
196250
196324
196453
196586
196697
196721
196742
196792
196864
196962
196964
197112
197115
197364
197476
197724
198020
198106
198128
198151
198307
198501
198591
198609
198724
198780
198942
199083
199188
199320
199544
199651
199831
199865
199956
199964
200009
200028
200070
200140
200149
200150
200511
200529
200822
200860
201031
201485
201571
201588
201637
201678
201792
201811
201881
202175
202324
202349
202672
202676
202685
202884
202958
202983
203111
203133
203219
203234
203272
203341
203460
203465
203472
203554
203577
203656
204003
204179
204438
204469
204724
204816
204961
205066
205090
205142
205190
205385
205453
205727
206215
206336
206571
206607
206616
206672
206709
206958
206971
207063
207147
207193
207544
207586
207685
207802
207848
207870
207877
207926
208130
208290
208332
208360
208626
208668
208788
208983
209116
209458
209544
209779
209848
209918
209929
209949
210306
210330
210430
210460
210663
210707
210903
210918
210938
211218
211303
211419
211556
211603
211932
211993
212341
212472
212797
212827
212963
213033
213092
213181
213299
213341
213385
213514
213580
213842
213877
213957
214044
214060
214078
214110
214166
214309
214326
214634
214972
215076
215205
215366
215646
215669
215683
215745
215801
215868
215963
216004
216049
216241
216243
216266
216363
216534
216708
216748
216773
216877
216906
217215
217219
217322
217395
217395
217529
217555
218160
218199
218512
218803
219038
219042
219104
219138
219154
219182
219224
219373
219451
219569
219681
219706
219709
220185
220200
220269
220659
220755
220823
221223
221462
221537
221548
221622
221656
221658
221677
221700
221893
221946
221975
222111
222121
222147
222259
222325
222325
222561
222608
222766
222973
223073
223075
223095
223179
223245
223408
223496
223836
224134
224298
224441
224922
224929
225007
225091
225138
225179
225222
225490
225564
225732
225745
225891
226127
226162
226381
226383
226422
226448
226740
226762
226895
227086
227159
227219
227397
227595
227906
227994
228134
228330
228349
228480
228619
228664
228710
228715
228790
228957
229098
229567
229696
229839
229915
230087
230188
230256
230517
230560
230562
231251
231342
231683
232050
232129
232141
232145
232170
232230
232259
232421
232444
232483
232649
232662
232682
232733
232746
232841
232880
232911
233030
233201
233629
233659
233685
233779
233919
234054
234083
234104
234135
234150
234596
234669
235307
235415
235461
235505
235585
235602
235647
235731
235805
235814
235951
236102
236122
236182
236198
236232
236240
236290
236378
236779
236780
236855
236976
236983
237090
237429
237526
237551
237603
237607
237615
237620
237693
237821
238003
238073
238204
238337
238494
238501
238569
238622
238723
238890
239504
239505
239559
239584
239607
239621
239645
239655
239748
239768
239822
239928
240107
240181
240218
240226
240264
240273
240285
240298
240429
240459
240480
240621
240752
240785
240840
240880
240961
241327
241353
241367
241546
241630
241675
241935
241992
242169
242209
242264
242287
242337
242340
242559
242599
242953
242956
243214
243360
243419
243496
243578
243948
244031
244052
244065
244077
244092
244318
244364
244394
244398
244420
244464
244551
244754
244924
244982
245533
245640
245741
245975
246050
246210
246235
246273
246326
246371
246406
246489
246759
247102
247157
247392
247465
247506
248045
248171
248172
248253
248430
248852
248935
248942
248957
249097
249147
249208
249268
249290
249530
249552
249592
249671
249945
250060
250092
250100
250131
250418
250473
250478
250620
250624
250626
250655
250765
250849
250903
250905
250935
250957
250967
250994
251409
251416
251431
251577
251603
251799
251828
251961
252064
252136
252194
252206
252219
252242
252283
252341
252457
252523
252652
252708
252784
252834
252836
252853
253112
253113
253129
253130
253229
253269
253372
253448
253468
253636
253737
253767
253917
254058
254112
254261
254320
254341
254367
254412
254580
254665
254764
254960
254977
255041
255041
255062
255138
255202
255306
255610
255678
255905
255955
255974
256059
256246
256297
256381
256443
256493
256638
256651
256753
256768
256809
256809
256987
257179
257217
257281
257338
257340
257466
257492
257787
257856
257858
257893
258141
258168
258335
258391
258478
258506
258619
258686
258788
258864
258865
258901
258951
258988
259085
259165
259306
259514
259533
259585
259722
259801
259919
259944
260170
260343
260347
260429
260592
260620
260644
260649
260709
260727
260806
260871
260876
260932
260982
261097
261100
261260
261342
261478
261582
261641
261713
261855
261928
261959
262023
262029
262050
262252
262252
262275
262475
262477
262669
262676
262844
262845
262860
262863
262911
262967
263040
263208
263257
263370
263509
263557
263645
263673
263682
263884
264188
264267
264426
264459
264488
264490
264650
264765
264797
264845
264852
264937
264971
265043
265267
265282
265377
265555
265607
265623
265924
266276
266397
266457
266603
266715
266827
266839
267109
267177
267381
267471
267513
267593
267642
267676
267741
267888
267929
267958
268023
268240
268342
268402
268406
268423
268495
268727
268766
269064
269265
269683
269795
269816
269917
269919
269927
269957
269980
270025
270379
270402
270452
270514
270532
270549
270565
270608
270702
270803
270917
270966
271089
271133
271196
271357
271576
271808
271836
272002
272247
272336
272402
272740
272853
272933
272979
272982
273029
273077
273098
273102
273368
273549
273565
273633
273760
273886
273981
273985
274129
274174
274202
274209
274276
274467
274666
274713
274888
274948
275004
275130
275140
275155
275189
275395
275467
275698
275712
275805
275866
275875
275905
275981
276057
276120
276137
276138
276188
276248
276253
276568
276592
276714
276816
276947
277013
277248
277557
277991
278021
278022
278072
278096
278356
278387
278466
278605
278756
278972
279059
279583
279624
279657
279677
279792
279948
279973
280285
280410
280426
280432
280589
280606
280631
280817
280920
281087
281105
281138
281153
281171
281301
281413
281468
281526
281563
281602
281620
281640
281655
281664
281800
281916
281923
281956
282049
282486
282745
282749
282938
283152
283209
283477
283578
283658
283831
283833
283907
284046
284052
284455
284562
284568
284631
284648
284965
285089
285160
285212
285266
285322
285322
285371
285400
285426
285532
285569
285609
285664
285855
285859
286023
286055
286097
286128
286275
286307
286360
286814
286912
286953
287075
287168
287196
287254
287273
287440
287538
287543
287547
287568
287742
287750
287772
287789
287921
287986
287998
288068
288197
288209
288285
288322
288326
288362
288530
288595
288596
288935
289030
289097
289111
289154
289171
289177
289236
289328
289354
289482
289584
289647
289698
289730
289800
289838
289872
290029
290141
290162
290312
290615
290788
290802
290953
290973
291128
291209
291427
291707
291783
292079
292096
292100
292270
292291
292335
292438
292494
292528
292577
292621
292634
292796
292915
292930
293105
293157
293208
293325
293388
293454
293481
293611
293793
293861
294042
294080
294152
294212
294411
294594
294624
294641
294755
294917
294925
294962
295047
295183
295256
295471
295566
295589
295677
295796
295883
296003
296040
296129
296425
296568
296775
296777
296785
296883
296915
297039
297080
297327
297452
297606
297615
297645
297706
297713
297750
297764
297794
297803
297946
298015
298017
298046
298209
298214
298512
298569
298646
298739
298785
298837
298850
298894
299113
299281
299476
299697
299761
299810
299944
299997
300041
300225
300275
300290
300843
300891
300946
300948
300956
301353
301567
301587
301591
301675
301891
301920
302018
302061
302063
302070
302287
302377
302444
302457
302477
302651
302673
302782
302871
303026
303050
303134
303309
303372
303401
303488
303519
303861
304032
304083
304112
304113
304674
304748
304877
304974
304975
304985
305073
305275
305295
305487
305504
305520
306248
306492
306518
306627
306759
306794
306996
307092
307154
307443
307534
307537
307596
307605
307738
307826
307833
307943
308260
308433
308510
308518
308544
308576
308606
308789
308860
308869
308976
309026
309179
309180
309442
309464
309493
309619
309830
310140
310190
310286
310397
310538
310569
310575
310579
310608
310729
310942
311004
311026
311130
311168
311210
311313
311378
311403
311511
311600
311976
312061
312089
312151
312201
312314
312539
312554
312568
312689
312760
312775
312805
312808
312809
312970
313003
313064
313159
313327
313357
313468
313474
313519
313855
314197
314323
314423
314535
314718
314769
314793
315176
315336
315449
315543
315797
315980
316301
316426
316524
316534
316639
316643
316663
316696
316805
316879
317151
317339
317352
317735
317752
317820
317884
317991
317992
318058
318221
318251
318359
318413
318472
318549
318559
318624
318783
318811
319140
319160
319178
319212
319275
319571
319701
319820
319851
319930
319939
319954
320039
320054
320055
320205
320356
320380
320432
320496
320577
320676
320851
320852
320910
320992
321009
321416
321802
321925
322156
322164
322222
322231
322243
322262
322317
322460
322480
322512
322563
322574
322877
322955
323080
323180
323211
323229
323341
323658
323770
323777
323790
323881
324111
324283
324286
324754
324813
324817
325110
325151
325160
325169
325548
325556
325580
325582
325638
325884
326107
326223
326236
326253
326297
326329
326452
326517
326780
326792
326950
326965
327038
327117
327209
327234
327291
327502
327596
327602
327813
327879
327979
328131
328178
328258
328278
328294
328352
328584
328647
328681
328691
328732
328948
329060
329109
329172
329257
329414
329519
329782
329931
330046
330089
330297
330371
330388
330517
330724
330919
331001
331008
331086
331180
331202
331217
331251
331461
331547
331568
331597
331716
331871
332039
332067
332279
332393
332583
332671
332702
332743
332800
332808
332828
332985
333047
333107
333123
333220
333291
333444
333527
333685
333726
333759
333886
333907
333909
333912
334089
334129
334177
334215
334294
334382
334424
334438
334564
334618
334744
335032
335044
335052
335164
335310
335402
335684
335779
335929
336154
336329
336434
336578
336699
336747
336791
336883
337098
337391
337439
337509
337510
337544
337656
337697
337836
337907
338041
338115
338195
338343
338530
338535
338591
338671
339030
339080
339311
339411
339460
339462
339494
339506
339715
339750
339890
340074
340170
340422
340453
340570
340692
340732
340788
340990
341147
341346
341394
341437
341556
341651
341829
342061
342081
342249
342400
342466
342546
342564
342612
342664
342815
342857
342877
342887
343000
343124
343143
343143
343442
343657
343685
343702
343986
343998
344036
344068
344658
344666
344744
344751
344873
345020
345029
345038
345085
345138
345190
345192
345472
345528
345828
345984
346042
346123
346138
346389
346454
346518
346665
346699
346883
347112
347139
347257
347354
347518
347691
347765
347950
348189
348217
348234
348337
348398
348409
348634
348744
348929
348955
349000
349121
349144
349189
349219
349326
349488
349497
349512
349552
349767
349784
349819
350054
350223
350247
350352
350584
350736
350750
350796
350831
350984
351007
351693
351757
352133
352387
352402
352560
352628
352982
352989
353274
353380
353787
353918
354021
354090
354177
354185
354197
354426
354534
354567
354659
354662
354681
354911
355028
355050
355060
355159
355289
355516
355608
355634
355654
355752
355773
355779
355843
355869
355956
356191
356339
356486
356540
356565
356645
356773
356833
357062
357313
357321
357498
357517
357518
357588
358240
358296
358388
358552
358667
358722
358877
359071
359240
359506
359668
359722
359871
360318
360354
360470
360656
360692
360720
360720
360823
360864
360984
361042
361052
361122
361240
361269
361419
361493
361589
361594
361639
361669
361765
361847
361902
362010
362190
362265
362354
362668
362670
362806
362813
362851
362905
362911
362996
363036
363120
363226
363261
363604
363774
363854
363885
363896
363977
364059
364383
364565
364573
364650
364779
364820
364821
365024
365131
365158
365251
365385
365481
365514
365545
365557
365629
365653
365756
365759
365774
365970
365972
366034
366185
366225
366273
366322
366367
366477
366842
366916
367051
367156
367249
367335
367386
367572
367600
367658
367894
368017
368334
368485
368508
368865
369352
369379
369421
369650
369789
369815
369936
369950
369969
370146
370321
370382
370426
370486
370585
370615
370668
370761
370796
370864
370965
371029
371089
371109
371209
371281
371531
371649
371717
371796
371813
371847
371850
371963
372041
372056
372220
372256
372419
372725
372904
373046
373060
373159
373299
373327
373510
373594
373748
373751
373761
373783
373826
373828
373842
373853
373883
373938
374051
374077
374111
374144
374231
374299
374373
374378
374526
374528
374531
374601
374881
374940
375303
375307
375464
375572
375670
375838
375856
375928
376050
376112
376293
376306
376336
376422
376596
376882
376900
376908
377037
377173
377194
377309
377528
377557
377564
377577
377643
377718
377828
377972
378013
378266
378272
378396
378421
378450
378765
378865
379114
379206
379275
379362
379372
379438
379513
379578
379920
379948
379997
380264
380385
380425
380435
380493
380504
380680
380787
380803
380916
380946
381028
381076
381238
381252
381427
381646
381653
381783
381844
381942
382037
382055
382148
382240
382270
382431
382566
382589
382606
382762
382806
382871
382891
383139
383153
383161
383172
383197
383241
383549
383888
383903
383914
383999
384174
384255
384401
384508
384560
384743
384759
384852
384872
385014
385036
385269
385308
385326
385406
385496
385778
385894
385911
386079
386296
386311
386392
386454
386516
386694
386826
386838
387090
387394
387449
387463
387753
387756
387963
387982
388087
388309
388546
388891
388909
388943
389159
389315
389353
389354
389392
389402
389456
389536
389547
389576
389786
389796
389972
390023
390161
390326
390366
390645
390724
390793
390896
391072
391100
391125
391200
391365
391375
391444
391544
391596
391655
391725
391773
391908
391984
391986
391993
392053
392164
392223
392307
392333
392358
392741
392966
393092
393094
393262
393281
393533
393678
393803
393842
393842
393866
393916
393986
393991
394193
394237
394303
394345
394515
394620
394679
394698
394704
394759
394852
394947
394991
395060
395194
395249
395378
395475
395621
396047
396358
396363
396425
396434
396456
396465
396696
396828
396888
397032
397038
397132
397238
397252
397276
397294
397387
397581
397742
397840
397865
398053
398055
398148
398344
398772
398788
398947
398955
399056
399088
399361
399362
399426
399587
399672
399712
399986
400090
400177
400233
400459
400502
400621
400663
400780
400942
400995
401070
401170
401214
401348
401455
401725
401764
401770
401886
401908
401988
402004
402265
402523
402797
402815
402824
402906
403005
403084
403201
403301
403352
403447
403794
403866
403880
403924
403940
404131
404131
404194
404206
404233
404464
404591
404692
404809
404815
405021
405174
405219
405282
405484
405550
405751
405960
406273
406284
406340
406384
406460
406535
406726
407068
407127
407178
407267
407476
407661
407678
407840
407917
407993
408102
408426
408994
409030
409058
409083
409091
409124
409207
409244
409544
409645
409795
409818
409870
410222
410299
410371
410398
410513
410716
411008
411071
411385
411402
411443
411467
411627
411669
411822
411844
411921
412042
412478
412479
412545
412546
412732
412734
412823
412907
412923
413012
413022
413043
413080
413086
413127
413163
413233
413319
413484
413529
413580
413639
413952
414217
414276
414423
414554
414559
414601
414690
414718
414914
414929
415029
415029
415042
415080
415176
415219
415238
415310
415469
415517
415518
415532
415655
415658
415714
415783
415833
415857
416524
416567
416652
416782
416937
417073
417100
417155
417302
417532
417549
417696
417713
418026
418125
418174
418188
418459
418575
418655
418837
418963
419066
419158
419209
419214
419261
419326
419558
419939
420080
420190
420242
420257
420291
420341
420395
420551
420668
420821
421012
421343
421355
421453
421472
421831
421911
421946
421951
422100
422356
422419
422690
422762
422827
422873
423046
423088
423197
423230
423231
423257
423345
423366
423488
423556
423610
423829
423871
423958
423959
423969
424016
424226
424251
424268
424356
424413
424499
424526
424644
424673
424704
424718
424807
424865
424866
424902
425132
425148
425276
425316
425446
425792
425906
426072
426159
426164
426222
426280
426304
426354
426463
426532
426713
426832
426987
427407
427512
427624
427642
427741
427752
427787
427835
428014
428027
428085
428181
428227
428324
428652
428772
429016
429468
429769
429770
429850
429868
430010
430075
430192
430464
430478
430554
430612
430744
430773
430812
430924
431115
431119
431151
431812
431872
431970
432042
432160
432199
432414
432494
432789
432916
432918
433022
433058
433059
433114
433288
433591
433699
433862
434011
434082
434246
434266
434266
434343
434379
434640
434679
434795
434805
434944
434949
435122
435210
435244
435405
435576
435597
435623
435670
435712
435791
435858
435933
435956
436164
436280
436359
436370
436500
436577
436747
436906
436962
436992
437010
437046
437231
437405
437576
437603
437722
437922
438060
438104
438150
438265
438482
438785
438842
438977
439026
439390
439406
439617
439768
439951
440229
440553
440735
440887
440894
440970
441074
441089
441242
441254
441282
441364
441430
441602
441608
441644
441697
441747
441848
441962
442042
442138
442198
442378
442475
442526
442633
442643
442729
442787
442865
442946
442951
443029
443081
443094
443288
443388
443421
443431
443447
443490
443560
443584
443611
443617
443679
443884
443946
443995
444039
444308
444444
444695
444759
444884
444891
444954
445029
445111
445112
445137
445156
445158
445181
445312
445418
445704
445748
445751
445884
445991
446107
446275
446297
446303
446529
446704
446719
446913
446958
447039
447147
447593
447644
447690
448006
448178
448267
448305
448331
448449
448450
448545
448674
448804
448806
448851
448967
449082
449110
449180
449247
449360
449474
449742
449991
450064
450348
450446
450500
450559
450820
451107
451247
451338
451381
451615
451701
451709
451809
451821
451853
451908
451951
451952
451991
451996
452046
452144
452187
452352
452403
452954
453204
453441
453457
453472
453521
453723
453823
453850
454004
454016
454088
454411
454437
454508
454711
454771
454915
455008
455161
455305
455352
455508
455544
455576
455582
455812
455833
455835
456016
456087
456127
456162
456299
456395
456614
456695
456935
457040
457223
457289
457375
457434
457684
457820
457921
458061
458149
458359
458467
458611
458807
458930
458996
459063
459081
459290
459489
459745
459773
459951
459954
459966
460210
460480
460540
460546
460621
460665
460675
460685
460777
460807
461020
461082
461085
461199
461372
461443
461659
461716
461927
462070
462302
462333
462357
462539
462794
462948
463248
463250
463266
463288
463381
463521
463579
463682
463734
463824
464124
464197
464225
464351
464392
464400
464440
464484
464540
464623
464747
464762
464791
464871
465040
465058
465144
465309
465330
465342
465502
465573
465616
465781
465806
465963
466022
466044
466071
466202
466214
466360
466435
466461
466545
466617
466669
466749
466771
467102
467142
467158
467220
467301
467517
467695
467829
467900
468066
468236
468340
468515
468566
468604
468800
468953
469133
469196
469224
469413
469416
469443
469516
469582
469596
469652
469895
470066
470194
470372
470422
470474
470593
470674
470686
470742
470941
470950
471075
471290
471320
471465
471583
471621
471640
471792
471841
472401
472464
472494
472594
472685
472859
472863
473138
473225
473248
473405
473459
473505
473528
473558
473566
473624
473685
473784
473803
473853
474017
474032
474157
474229
474278
474300
474320
474364
474368
474393
474600
474682
474689
474984
475038
475060
475124
475366
475383
475440
475586
475595
475887
476192
476329
476572
476585
476621
476834
476875
476936
476994
477006
477256
477419
477544
477832
477979
478021
478123
478384
478389
478493
478989
479067
479267
479285
479343
479417
479462
479629
479701
479748
479922
479953
480802
480922
481123
481134
481201
481371
481442
481647
481674
481892
481992
482016
482089
482124
482187
482483
482578
482671
482879
482886
482923
482928
482958
483135
483159
483380
483430
483487
483529
483751
483835
483858
483884
483932
484004
484006
484268
484375
484444
484620
484678
484690
484816
484860
484902
484916
484939
485121
485187
485236
485286
485396
485738
485828
486061
486430
486440
486501
486676
486945
486946
486946
487036
487037
487072
487344
487369
487424
487457
487607
487642
487732
487798
487955
487990
488054
488072
488096
488558
488603
488616
488768
488881
488882
488895
488904
489093
489109
489139
489266
489344
489676
489920
490038
490108
490120
490206
490371
490453
490509
490567
490651
490714
490819
490862
491042
491068
491108
491180
491181
491423
491438
491731
492055
492059
492262
492398
492463
492647
493042
493053
493084
493117
493180
493401
493423
493589
493844
493882
494084
494086
494200
494305
494347
494474
494504
494641
494730
494751
494834
494932
494965
494984
495178
495202
495226
495584
495751
495871
495912
496089
496091
496113
496121
496128
496154
496167
496241
496419
496423
496474
496501
496532
496611
496719
496859
497032
497123
497135
497266
497417
497503
497516
497539
497568
497574
497575
497625
497650
497751
497904
497926
497930
497993
497994
498069
498093
498304
498324
498386
498544
498696
498965
499024
499048
499084
499093
499153
499166
499174
499263
499403
499473
499521
499538
499539
499612
499613
499809
499810
499874
499944
500245
500315
500330
500492
500862
500944
500959
500971
500982
501008
501391
501590
501590
501625
501629
501648
501669
501782
501789
501814
501894
502237
502464
502507
502633
502913
502951
503037
503077
503093
503110
503121
503224
503277
503362
503481
503516
503529
503578
503583
503622
503692
503793
503814
503820
503928
504051
504132
504410
504437
504465
504581
504619
504690
504965
505025
505080
505288
505617
505637
505652
505882
505969
506060
506110
506170
506305
506357
506458
506482
506494
506499
506502
506552
506629
506823
507000
507251
507426
507531
507541
507712
507795
508183
508357
508462
508691
508791
508858
508922
508972
508981
509046
509102
509143
509256
509310
509311
509574
509596
509643
509659
509719
509744
509793
509890
510099
510252
510325
510541
510698
510771
511036
511143
511228
511234
511254
511621
511679
511680
511692
512055
512087
512159
512304
512549
512588
512747
512821
512945
513020
513034
513152
513173
513178
513190
513208
513248
513303
513495
513824
513918
514214
514390
514587
514647
514684
514861
514967
515211
515221
515465
515585
515683
515743
515771
515775
515781
515845
516004
516024
516030
516127
516198
516257
516387
516636
516656
516680
516702
516844
517220
517377
517420
517423
517658
517744
517785
517999
518057
518266
518273
518417
518652
518918
518935
519157
519163
519194
519201
519259
519312
519379
519431
519452
519482
519716
519730
519838
519979
520206
520401
520482
520515
520596
520711
520959
521029
521162
521267
521417
521452
521580
521643
521660
521665
521693
521859
522029
522117
522172
522179
522207
522322
522565
522613
522624
522890
522999
523007
523089
523328
523702
523710
523717
523746
523762
523781
523847
523849
523909
524091
524222
524257
524426
524458
524480
524569
524590
524803
525005
525032
525199
525301
525309
525332
525414
525439
525527
525593
525608
525693
525763
525766
525795
525867
525992
526015
526081
526207
526266
526317
526430
526516
526525
526546
526616
526631
526808
526974
527021
527207
527364
527413
527444
527544
527601
527695
527829
527941
528150
528265
528404
528481
528495
528522
528625
528626
528862
528909
528962
529093
529107
529118
529148
529269
529732
529865
530041
530083
530163
530193
530262
530390
530569
530595
530661
530747
530807
530829
531011
531143
531265
531628
531760
531806
531854
531897
531911
531928
532001
532097
532252
532489
532568
532665
532708
532710
532773
532795
532807
532835
533182
533248
533438
533876
533937
534546
534579
534745
534828
534881
534955
535120
535159
535278
535425
535445
535681
535897
536148
536190
536337
536423
536550
536839
537095
537161
537217
537341
537405
537459
537542
537614
537730
537901
537919
537930
537945
538002
538048
538115
538262
538393
538454
538458
538459
538537
538564
538647
538669
538735
538764
538814
538917
539092
539202
539299
539492
539735
539770
539865
540077
540136
540197
540254
540283
540319
540409
540491
540527
540647
540651
540711
540759
540803
541141
541191
541385
541457
541665
541700
541718
542020
542066
542084
542258
542322
542404
542541
542672
542690
542805
543030
543117
543173
543273
543448
543485
543615
543635
543801
543908
543958
543960
543970
544039
544084
544131
544139
544141
544228
544272
544330
544415
544491
544527
544548
544621
544855
544926
545041
545042
545104
545164
545256
545269
545293
545517
545883
545928
545986
546071
546180
546197
546261
546307
546324
546421
546459
546509
546628
546647
546875
546954
547198
547364
547472
547485
547513
547577
547587
547805
547861
547983
548089
548159
548221
548478
548649
548704
548808
548876
548894
548967
549215
549234
549518
549599
549661
549673
549775
549967
550030
550278
550365
550611
550627
550714
550723
550738
550827
550829
550952
550956
550997
551010
551190
551246
551306
551334
551734
551768
552041
552139
552418
552523
552589
552605
552635
552636
552716
552764
552885
553029
553053
553074
553125
553165
553167
553249
553423
553726
553728
553962
553976
554003
554014
554033
554033
554206
554230
554327
554328
554351
554378
554387
554431
554770
554787
555041
555092
555355
555766
555843
555937
555968
556066
556118
556119
556155
556466
556569
556614
556654
556752
556772
556777
556796
557184
557229
557601
557615
557809
557951
558102
558135
558598
558656
558977
558991
559012
559026
559035
559038
559067
559257
559401
559646
559762
559792
559881
559905
559914
559976
560070
560081
560169
560197
560239
560261
560263
560286
560396
560415
560606
560752
560808
560818
560967
561138
561253
561271
561299
561309
561318
561493
561505
561528
562052
562223
562235
562326
562462
562550
562573
562610
562706
562770
562909
563097
563192
563461
563467
563484
563610
563623
563637
563697
563824
563870
563876
563994
564028
564107
564522
564567
564767
565083
565306
565315
565658
565796
565866
565900
566118
566133
566141
566204
566234
566292
566320
566411
566425
566691
566724
566789
566795
566813
566858
566959
567085
567137
567320
567384
567502
567537
567752
567780
567808
568093
568236
568433
568434
568482
568680
568819
568840
568847
569110
569156
569198
569497
569512
569637
569891
569992
570115
570491
570599
570865
571025
571035
571117
571284
571292
571316
571543
571690
571705
571718
572076
572079
572161
572221
572312
572367
572526
572665
572769
572856
573033
573097
573380
573453
573508
573545
573548
573559
573609
573814
574003
574185
574272
574441
574672
574739
574856
575078
575138
575150
575274
575317
575396
575473
575583
575587
575688
575729
575802
575957
576350
576380
576397
576430
576464
576572
576582
576638
576739
576863
576956
577171
577286
577350
577365
577367
577398
577406
577503
577537
577801
577809
577832
578090
578192
578292
578342
578398
578530
578652
578872
578972
579053
579070
579236
579260
579392
579494
579576
579609
579712
579737
579764
579795
579883
579897
579900
579913
579923
579966
579994
580117
580238
580258
580380
580479
580548
580575
580666
580717
580745
580937
581024
581073
581186
581199
581204
581267
581496
581580
581634
581720
581881
581881
582053
582109
582179
582185
582457
582559
582621
582710
582713
582727
582775
582793
582918
583155
583285
583475
583512
583517
583705
583812
583914
583973
583997
584043
584087
584489
584492
584566
584822
584945
585068
585113
585187
585247
585354
585528
585534
585656
585814
586004
586080
586126
586157
586213
586253
586262
586283
586284
586335
586363
586457
586698
586825
586963
586992
587023
587078
587145
587468
587596
588065
588091
588407
588452
588625
588666
588699
588854
588879
589013
589054
589071
589093
589193
589276
589866
590051
590129
590162
590192
590209
590218
590356
590739
590757
590864
591054
591059
591200
591297
591319
591388
591659
591695
591734
591894
592089
592136
592246
592299
592519
592600
592715
592738
592995
593193
593277
593347
593463
593582
593716
593805
593974
594013
594192
594320
594385
594417
594472
594524
594632
594894
595025
595081
595209
595245
595417
595572
595677
595727
595871
595952
596051
596232
596304
596418
596480
596647
596700
596937
597338
597360
597513
597526
597580
597607
597733
597750
597984
598014
598065
598151
598308
598608
598679
598704
598833
598837
598857
598973
599054
599236
599402
599650
599693
599788
599995
600091
600122
600131
600385
600389
600442
600482
600637
600654
600689
600749
600817
600862
600866
600929
601153
601154
601256
601295
601542
601745
601977
602203
602203
602233
602312
602472
602514
602582
602629
602649
602670
602976
603013
603016
603032
603155
603592
603734
603798
603808
603814
603847
603965
603981
604073
604155
604199
604370
604516
604524
604589
604613
604653
604833
605069
605170
605180
605185
605247
605265
605362
605546
605634
605704
605745
605962
605976
606009
606137
606153
606514
606532
606671
606879
606941
607140
607152
607325
607350
607457
607482
607661
607759
607828
607922
607993
608015
608093
608125
608257
608377
608485
608589
608622
608629
608709
608952
609006
609192
609199
609340
609569
609799
609828
609864
609888
609924
610014
610098
610381
610505
610635
610715
610741
610868
610962
611082
611274
611431
611658
611695
611726
611756
611835
611956
611977
612227
612340
612341
612399
612645
612651
612656
612657
612763
613023
613094
613107
613277
613303
613393
613546
613640
613710
613870
613910
613957
614075
614084
614508
614544
614704
614784
614795
614816
614865
614880
614960
614965
615013
615040
615233
615507
615564
615577
615661
615754
615962
615987
616325
616594
616715
616853
616894
616997
617015
617066
617078
617085
617205
617242
617279
617305
617609
617671
617745
617763
617873
617900
618072
618133
618154
618162
618169
618257
618271
618530
618575
618582
618632
618644
618675
618706
618784
618788
618836
618994
619408
619438
619442
619528
619658
619825
619945
620014
620017
620056
620077
620141
620187
620280
620281
620300
620342
620439
620442
620482
620535
620576
620603
620647
620791
620791
620829
620875
620966
621288
621324
621634
621677
621711
621729
621973
622181
622199
622270
622324
622442
622505
622545
622620
622668
622677
622686
623029
623218
623245
623421
623557
623599
623671
623831
623846
624046
624083
624341
624441
624552
624587
624721
624858
624867
624877
625010
625072
625303
625447
625521
625521
625580
625694
625821
626044
626173
626399
626466
626620
626702
626856
627011
627227
627331
627377
627516
627547
627771
627896
627939
627970
627995
628072
628074
628097
628109
628292
628298
628321
628331
628520
628615
628968
628983
629233
629336
629425
629794
629884
630046
630070
630317
630639
630849
630898
630935
631061
631088
631120
631142
631152
631265
631395
631405
631410
631755
631776
631784
631784
632220
632265
632308
632496
633023
633236
633461
633484
633896
634157
634286
634331
634898
635000
635041
635072
635106
635114
635197
635249
635312
635375
635510
635637
635751
635830
635864
636061
636207
636243
636296
636359
636361
636380
636439
636549
636563
636630
636688
636867
637178
637275
637398
637404
637442
637445
637458
637593
637684
637694
637921
638000
638083
638097
638157
638159
638238
638239
638318
638385
638615
638637
638649
638660
638689
638796
638854
638930
639018
639023
639198
639299
639313
639379
639503
639516
639588
639979
640054
640186
640239
640250
640282
640503
640546
640733
640934
640947
641067
641192
641553
641600
641605
641979
642214
642229
642323
642349
642450
642500
642545
642559
642752
642951
643039
643126
643196
643196
643296
643398
643411
643457
643661
643803
643833
643879
643959
644201
644262
644317
644449
644757
644887
645001
645018
645103
645202
645329
645507
645525
645534
645650
645708
645814
645826
645877
646211
646589
646650
646854
646882
646891
646997
647108
647310
647366
647441
647446
647491
647645
647821
647884
648077
648117
648365
648393
648555
648610
648760
648791
649127
649251
649318
649375
649391
649508
649524
649614
649619
649692
649748
649885
649925
650027
650107
650310
650606
650826
650830
650909
650937
650944
651203
651229
651265
651302
651361
651414
651480
651618
651704
651736
651857
652233
652253
652307
652528
652868
652969
653003
653469
653662
653730
653744
653873
654026
654190
654213
654282
654449
654584
654597
654626
654631
654854
655090
655157
655235
655284
655491
655508
655575
655597
655694
655729
655860
655919
655950
656010
656090
656108
656138
656185
656353
656539
656734
656999
657090
657124
657133
657189
657407
657713
657755
657880
657887
658111
658389
658443
658509
659113
659142
659150
659172
659173
659214
659414
659486
659545
659701
659720
659726
659995
660061
660134
660996
661185
661214
661502
661587
661662
661833
662106
662131
662166
662244
662350
662394
662441
662481
662511
662643
662699
662923
663084
663148
663214
663408
663528
663531
663597
663791
663807
663885
664127
664192
664301
664369
664512
664783
665072
665099
665224
665621
665718
665721
665840
666026
666135
666249
666638
666661
666695
666808
666837
666860
666907
667005
667110
667253
667261
667308
667437
667444
667642
667754
667756
667758
667972
667983
668050
668056
668078
668327
668378
668437
668463
668691
668800
668852
668949
669160
669181
669377
669387
669415
669417
669523
669539
669625
669637
669703
669770
669797
669819
669831
669845
669870
669924
670067
670131
670243
670396
670454
670664
670841
670920
671029
671069
671078
671329
671336
671339
671353
671433
671514
671535
671723
671844
671960
671987
671996
671998
672027
672108
672162
672321
672431
672693
672839
672861
672940
673096
673199
673237
673302
673396
673440
673554
673860
673863
673895
673918
674020
674034
674059
674160
674322
674413
674414
674553
674596
674684
674690
674711
674874
675101
675175
675341
675491
675635
675636
675697
675778
675791
675904
675926
676012
676304
676344
676418
676539
676549
676665
676760
676949
677003
677143
677198
677529
677712
677758
677795
678117
678185
678289
678319
678868
678906
679071
679093
679252
679367
679424
679463
679560
679574
679624
679658
679943
680150
680196
680232
680263
680334
680460
680555
680590
680641
680979
681153
681463
681502
681659
681700
681715
681887
682008
682060
682421
682729
682759
682785
682864
683019
683101
683465
683506
683593
684110
684169
684254
684345
684581
684620
684766
684840
685109
685333
685556
685589
685634
685688
685871
685876
686156
686276
686287
686310
686603
686755
686764
686817
686892
686911
687240
687405
687465
687473
687821
687834
687931
688093
688122
688134
688239
688253
688296
688362
688397
688560
688859
688905
689057
689059
689110
689202
689248
689560
689724
690073
690276
690353
690439
690569
690773
690824
690999
691061
691063
691106
691380
691501
691509
691515
691521
691532
691606
691690
691774
691860
691978
692010
692223
692262
692328
692490
692620
692718
693065
693154
693236
693303
693357
693424
693697
693907
693950
694110
694133
694277
694357
694400
694435
694662
694721
694760
694805
694865
694943
695006
695084
695212
695563
695622
695810
695848
695902
696012
696144
696290
696349
696370
696499
696562
696584
696644
696664
696706
696870
696884
696969
697761
697772
697848
697853
697867
697943
698000
698052
698124
698173
698356
698439
698460
698530
698771
698834
698889
698927
699147
699236
699436
699437
699454
699456
699462
699620
699652
699675
699707
699719
699870
699883
699937
700002
700047
700111
700194
700374
700659
700739
700804
700865
700994
701099
701204
701437
701543
701569
701873
702054
702105
702131
702131
702234
702318
702401
702580
702604
702614
702678
702731
702902
703146
703151
703256
703381
703738
703783
703850
703870
703939
703966
704213
704253
704310
704441
704504
704643
704766
704963
705399
705560
705722
705725
705733
705755
705895
705942
706252
706264
706281
706290
706677
706809
706811
706860
706881
706915
706957
706979
707097
707305
707309
707474
707764
707823
707871
707881
708118
708123
708203
708334
708558
708583
708778
708916
709000
709406
709415
709416
709490
709648
709760
709842
710059
710295
710350
710501
710672
710685
710845
711002
711136
711146
711202
711227
711264
711431
711476
711487
711517
711648
711767
711796
711880
711909
711909
711978
711981
712127
712241
712363
712489
712723
712769
712818
712896
712989
713034
713086
713175
713385
713483
713573
713830
713970
714059
714106
714572
714627
714635
714768
714776
714801
714831
714849
714914
715033
715181
715674
715759
716194
716270
716306
716383
716701
716808
716839
716961
717015
717131
717354
717675
717680
717746
717917
717967
717984
718114
718248
718270
718286
718302
718304
718331
718597
718708
718719
718756
718831
718843
718949
719001
719050
719132
719502
719704
719955
720033
720224
720258
720456
720462
720509
720554
720590
720681
720697
720812
720824
720861
720869
720912
720964
721045
721074
721120
721331
721388
721489
721656
721895
722271
722326
722374
722528
722720
722999
723174
723238
723438
723561
723681
723686
723822
723962
724012
724029
724076
724422
724509
724555
724848
725004
725169
725225
725254
725306
725360
725441
725529
725693
725846
726168
726172
726294
726496
726669
726689
726690
726768
726828
726960
726999
727023
727032
727113
727220
727302
727356
727412
727533
727561
727615
727937
728017
728228
728318
728464
728464
728575
728612
728695
728708
728712
728831
728882
728945
729120
729146
729174
729205
729295
729319
729335
729660
729844
729848
729863
729877
729985
730009
730146
730196
730333
730418
730697
730717
730884
730949
731089
731184
731281
731404
731527
731536
731605
731642
731748
731968
731987
732008
732196
732311
732371
732377
732653
732666
732732
732790
732896
732899
732929
732968
733103
733135
733375
733437
733540
733559
733561
733735
733753
733862
734188
734194
734215
734242
734297
734299
734323
734337
734371
734383
734627
734814
734939
735015
735017
735042
735066
735179
735329
735456
735635
735649
735673
735765
735791
735835
735901
735908
735997
736098
736153
736174
736181
736182
736385
736730
736851
736886
736896
737106
737131
737197
737244
737299
737430
737502
737721
737742
737759
737838
737869
737922
737980
737994
738203
738308
738321
738457
738842
738926
738936
738982
739152
739170
739192
739325
739381
739432
739530
739869
739896
740134
740179
740270
740286
740292
740356
740388
740411
740496
740574
740611
740628
740707
740846
740889
741003
741156
741224
741324
741610
741749
741871
742011
742025
742201
742216
742249
742406
742473
742552
742572
742585
742596
742738
742926
742929
743050
743264
743300
743350
743430
743442
743461
743481
743696
744345
744505
744643
744898
744921
745116
745129
745160
745284
745290
745302
745317
745371
745472
745621
745662
745888
746045
746089
746161
746404
746540
746572
746579
746708
746827
746834
746880
747169
747538
747567
747593
747643
747838
747900
748075
748146
748149
748221
748236
748379
748415
748422
748609
748754
748866
748872
748958
748999
749076
749085
749166
749318
749554
749582
749755
749808
749919
749962
750060
750124
750177
750398
750482
750537
750726
750834
750938
750953
751036
751051
751064
751175
751206
751357
751374
751390
751635
751670
751707
751748
751876
751997
752014
752100
752346
752624
752631
752658
752784
752941
753029
753120
753192
753249
753250
753352
753518
753722
753744
753827
753838
753947
753996
754084
754202
754269
754312
754568
754771
754909
754970
755153
755255
755465
755716
755804
755815
755857
755945
755962
756006
756025
756251
756274
756292
756395
756496
756496
756540
756543
756550
756574
757107
757426
757644
757649
757809
758123
758130
758165
758391
758444
758590
758918
759011
759081
759084
759167
759333
759424
759512
759528
759595
759698
759725
759728
759750
759824
759928
760044
760085
760170
760392
760428
760552
760569
760789
761016
761017
761135
761155
761275
761488
761581
761873
761994
762162
762240
762300
762429
762550
762759
762874
762914
762985
763085
763099
763124
763476
763504
763545
763986
764012
764118
764129
764152
764409
764433
764647
764653
764683
764697
764882
764898
765005
765046
765171
765183
765208
765331
765344
765467
765468
765472
765473
765541
765826
765931
765959
766016
766035
766357
766374
766392
766440
766684
767049
767097
767337
767364
767535
767550
767590
767601
767803
767866
767946
768087
768116
768140
768175
768344
768351
768500
768552
768576
768645
768720
768996
769017
769104
769334
769383
769497
769626
769648
769691
769745
769823
769981
770057
770185
770202
770287
770388
770503
770763
770808
771133
771188
771406
771444
771647
771904
771922
772307
772476
772593
772805
772873
772922
772993
773143
773258
773320
773560
773654
773709
773761
774094
774144
774305
774357
774408
774657
774747
774786
774907
774979
774989
775030
775869
775959
776126
776212
776274
776282
776338
776569
776587
776757
776916
776998
777084
777148
777321
777519
777771
777807
778066
778098
778224
778248
778487
778583
778679
778691
778709
778867
779024
779034
779112
779371
779405
779674
779743
779746
779932
779971
780181
780231
780299
780437
780546
780653
780742
780783
780947
781047
781111
781237
781725
781871
781903
781949
782062
782096
782224
782437
782448
782518
782627
782678
782840
782868
782932
783020
783038
783145
783181
783257
783292
783421
783466
783490
783529
783721
783734
784005
784245
784255
784440
784517
784521
784637
784710
784728
785300
785319
785553
785557
785619
785973
786010
786016
786068
786125
786509
786605
786660
786685
786767
786852
786935
787078
787144
787217
787298
787349
787406
787615
787901
787949
788078
788096
788479
788527
788532
788607
788669
788677
788714
788828
789017
789026
789201
789268
789655
789731
789870
789905
790358
790635
790747
790802
790819
790849
790938
790985
791384
791475
791644
791747
791762
791870
792095
792109
792160
792274
792452
792498
792594
792613
792651
792670
793106
793217
793425
793606
793615
793807
793891
793931
794007
794016
794033
794053
794462
794708
794743
794792
794897
794946
794975
794979
795007
795053
795088
795101
795172
795189
795292
795408
795520
795615
795925
796037
796463
796531
796616
796646
796814
796936
796938
796945
796976
797089
797089
797162
797222
797366
797433
797503
797729
797758
797788
797837
797937
798023
798048
798158
798178
798352
798359
798398
798419
798446
798507
798518
798594
798833
798864
798892
798936
799065
799115
799202
799308
799525
799568
799657
799762
799767
799977
800290
800335
800376
800447
800472
800690
800692
800713
800836
800845
800868
800884
800986
801042
801093
801214
801216
801383
801437
801664
801726
801753
801887
801902
801931
802010
802141
802226
802349
802420
802511
802513
802546
802637
802733
802763
802997
803300
803352
803404
803472
803492
803522
803773
803820
803825
804170
804208
804425
804431
804433
804725
804851
805069
805111
805212
805241
805519
805534
805679
805792
805800
805824
805928
805939
805965
806024
806051
806295
806434
806481
806524
806634
806794
806806
806809
806854
806881
807162
807322
807383
807500
807576
807735
807882
807945
808138
808152
808227
808716
808920
809030
809077
809161
809260
809672
809677
809738
810135
810252
810327
810456
810574
810632
810759
810872
811161
811297
811495
811700
811720
812047
812327
812343
812457
812600
812639
812879
812885
813082
813284
813296
813316
813322
813347
813468
813512
813742
814133
814367
814460
814527
814630
814692
815083
815262
815307
815357
815654
815676
815763
815864
815884
815928
816006
816058
816626
816641
816673
816741
816808
816912
816929
816984
817028
817070
817165
817227
817246
817349
817521
817814
817900
817910
817957
817991
818146
818219
818263
818337
818393
818416
818532
818574
818579
818684
818738
818752
818917
819081
819228
819230
819374
819475
819614
819684
819934
819966
820316
820376
820637
820725
820841
820864
820873
820994
821052
821137
821228
821559
821590
821651
821844
822081
822159
822215
822216
822241
822262
822276
822318
822477
822511
822557
822796
822853
822928
822976
823180
823284
823380
823420
823479
823708
823722
823755
823804
823832
823848
823854
823902
823942
824053
824314
824341
824386
824403
824505
824506
824509
824543
824591
824832
824868
824868
824876
824914
825079
825142
825777
825822
825838
825871
825937
825954
826000
826039
826049
826112
826252
826274
826301
826340
826360
826384
826615
826839
826866
826991
827049
827107
827272
827280
827351
827360
827519
827685
827726
827738
827770
827881
827899
827980
827997
828114
828130
828342
828612
828642
828722
828851
829090
829215
829461
829466
829490
829600
829649
829689
830087
830146
830210
830408
830426
830453
830490
830612
830798
830950
831062
831415
831551
831629
831812
831863
831881
831942
832049
832059
832185
832336
832459
832499
832512
832590
832783
832783
832816
832859
832865
832908
832960
832974
832996
833057
833155
833337
833393
833571
833607
833634
833652
833755
833982
834121
834237
834354
834418
834436
834540
834749
834770
834783
834801
834948
835000
835158
835180
835244
835284
835392
835427
835527
835610
835703
835769
835786
835915
836084
836147
836191
836449
836613
836737
836739
836802
837083
837108
837217
837231
837247
837375
837503
837601
837698
837878
837930
837979
837984
838315
838337
838416
838540
838653
838799
838854
838912
838989
839123
839124
839244
839460
839980
840304
840341
840602
840624
840695
840850
841234
841271
841334
841341
841458
841674
841685
841755
841868
841927
841962
842054
842055
842081
842101
842235
842245
842262
842277
842306
842443
842588
842679
842717
842864
842887
843280
843474
843514
843561
843897
843941
844009
844093
844330
844400
844400
844414
844431
844530
844853
844941
844948
845073
845426
845574
845578
845731
845824
845845
845867
845882
845899
846204
846252
846444
846653
846742
846873
847326
847470
847588
847615
847647
847671
847837
848277
848637
848663
848713
848765
848886
849055
849128
849331
849366
849405
849685
849771
849876
850010
850023
850029
850322
850371
850444
850459
850513
850560
850791
850989
851690
851822
851882
851908
852127
852504
852645
852713
852747
852752
852822
852941
853050
853110
853205
853268
853351
853593
853701
853775
854070
854086
854099
854131
854250
854290
854350
854460
854531
854722
854757
854775
854909
855250
855308
855396
855415
855650
855961
855967
856012
856066
856128
856193
856199
856635
856716
856799
856835
856897
856931
856946
857038
857274
857275
857324
857390
857417
857541
857564
857571
857817
857844
857852
857933
858114
858591
858616
858807
858835
858852
858904
859037
859196
859337
859402
859494
859630
859804
859986
860411
860525
860536
860657
860859
860914
861086
861110
861187
861543
861755
861796
862388
862422
862486
862714
862776
862847
862904
862960
863092
863217
863261
863343
863437
863575
863579
863719
863727
863859
863885
863969
864048
864308
864503
864766
864771
864846
864865
865158
865198
865314
865404
865406
865599
865738
866258
866279
866285
866425
866488
866789
866864
866933
867016
867063
867131
867167
867199
867209
867283
867286
867349
867674
867756
867785
867799
867813
867816
867834
867866
867924
867924
868120
868152
868186
868196
868275
868428
868581
868692
868728
868795
868803
868845
868888
868977
869088
869112
869186
869213
869360
869470
869604
869642
869662
870246
870305
870361
870366
870438
870467
870478
870524
870654
870719
870775
870814
870823
870946
871035
871185
871187
871189
871335
871452
871503
871539
871973
871978
872069
872265
872289
872313
872326
872623
872849
873028
873117
873137
873225
873274
873323
873429
873443
873472
873543
873571
873877
874010
874070
874205
874249
874281
874371
874470
874504
874512
874595
874640
874686
874696
874786
874931
874947
875039
875047
875051
875138
875158
875386
875450
875604
875721
875757
875780
876209
876277
876320
876731
876750
876778
876833
876962
876998
877065
877209
877247
877295
877398
877558
877648
877758
877903
878021
878200
878304
878355
878390
878510
878531
878590
878737
878738
878876
879038
879216
879340
879507
879544
879562
879612
879671
879788
879916
879969
880244
880334
880439
880870
881005
881019
881027
881226
881282
881437
881457
881522
881612
881620
881837
881961
882018
882043
882098
882122
882141
882314
882467
882493
882586
882703
882857
882959
883010
883163
883315
883399
883480
883481
883567
883766
883924
884044
884047
884152
884194
884471
884638
884749
884850
885148
885202
885236
885250
885412
885530
885746
886151
886156
886196
886269
886352
886375
886438
886439
886444
886483
886541
886707
886707
886795
886799
886948
887144
887189
887348
887370
887421
887669
887711
887839
888138
888209
888378
888439
888477
888595
888653
888670
888716
888740
888790
888876
888962
889107
889347
889809
889867
889931
889967
890119
890131
890152
890164
890227
890281
890780
891284
891296
891304
891361
891442
891501
891534
891568
891592
891608
891624
891739
891752
891774
891849
891979
892040
892104
892123
892218
892275
892630
892632
893226
893257
893568
893601
893615
893644
893731
893944
893949
894038
894054
894163
894247
894392
894478
894612
894651
894738
894837
894874
894906
894985
895020
895096
895397
895414
895420
895426
895469
895547
895589
895631
895663
895688
895840
895844
895914
896025
896198
896376
896543
896629
896638
896655
896668
896939
897001
897012
897060
897094
897257
897327
897394
897420
897570
897640
897805
897866
897960
898025
898081
898090
898110
898137
898207
898324
898372
898552
898608
898781
898966
899011
899083
899093
899303
899313
899490
899622
899759
900089
900168
900233
900333
900373
900421
900595
900727
900817
900994
901038
901202
901226
901258
901490
901805
901833
901834
902144
902236
902257
902270
902388
902396
902513
902555
902578
902796
902833
902848
902890
903087
903099
903113
903196
903248
903367
903555
903633
903785
903825
903873
903879
904064
904189
904298
904378
904395
904554
904745
904827
904973
904978
905068
905084
905346
905387
905389
906003
906132
906659
906708
906730
906737
906959
907010
907091
907095
907190
907232
907287
907430
907513
907553
907662
907737
907741
907767
907848
907883
908035
908067
908071
908144
908146
908160
908213
908269
908498
908736
908980
909049
909052
909157
909220
909254
909277
909284
909331
909650
909827
909876
909980
910088
910345
910423
910570
910587
910647
910705
910740
911056
911099
911113
911122
911310
911627
911725
911904
912122
912127
912159
912222
912351
912425
912624
912684
912706
912865
912867
912922
913004
913060
913098
913371
913430
913576
913657
913829
913833
913880
913962
914003
914014
914318
914355
914458
914694
914784
914860
914968
915074
915227
915302
915307
915431
915488
915509
915547
915688
915788
915809
915867
915885
915895
915904
915906
915967
916191
916490
916612
916634
916656
916683
916763
916832
916900
917118
917160
917166
917206
917231
917264
917349
917421
917580
917598
917602
917648
917688
917701
917898
917986
918038
918050
918053
918262
918305
918543
918671
918789
918791
918890
918894
918902
918903
918957
919013
919159
919180
919182
919195
919339
919465
919573
919574
919655
919819
919958
920283
920397
920486
920574
920627
920661
920681
920686
920948
921076
921080
921100
921169
921290
921363
921426
921430
921496
921531
921615
922149
922230
922542
922768
922973
922998
923109
923301
923321
923593
923745
924043
924071
924280
924354
924384
924641
924669
924776
924795
924935
925095
925182
925248
925335
925557
925696
925729
925736
925791
925924
925985
926040
926185
926351
926369
926387
926675
926702
926708
926734
926741
927228
927251
927289
927598
927685
927801
927806
927905
928054
928533
928613
928677
928789
928864
928943
928979
929012
929093
929103
929227
929273
929383
929464
929736
929828
929845
929849
930079
930160
930306
930321
930352
930370
930387
930549
930572
930602
930697
930718
930756
930923
931052
931066
931181
931225
931446
931546
931840
931968
932041
932054
932087
932139
932284
932318
932433
932606
932630
932679
932724
932760
932778
932829
932846
933028
933155
933191
933270
933402
933425
933501
933610
933684
933714
933875
933966
934088
934242
934361
934476
934507
934640
934745
935213
935297
935328
935375
935444
935627
935665
935694
936043
936140
936267
936447
936485
936494
936502
936522
936646
936652
936916
936956
937249
937532
937608
937735
937906
937914
937921
937980
938037
938051
938141
938171
938269
938329
938517
938619
938644
938677
938746
938782
938855
938866
938923
938928
938929
938999
939139
939250
939296
939409
939541
939725
939736
939790
939870
939908
939933
939940
940193
940461
940482
940483
940531
940576
940625
940708
940770
940851
940955
940996
941391
941550
941553
941790
941796
941814
941850
942117
942176
942535
942609
942616
942632
942735
942842
942969
943081
943086
943133
943280
943291
943440
943607
943762
943905
943945
944066
944081
944085
944104
944157
944267
944543
944711
944794
945023
945034
945220
945231
945249
945282
945345
945505
945525
945621
945664
945671
945675
945755
945801
945895
945896
945896
946048
946064
946075
946153
946208
946218
946401
946548
946819
946841
946854
946918
946959
946996
947071
947180
947210
947218
947329
947362
947432
947482
947491
947590
948081
948371
948581
948743
948744
948786
949066
949183
949248
949332
949369
949394
949675
949807
949910
950037
950051
950197
950273
950340
950449
950514
950600
950725
950740
950817
950920
951016
951139
951387
951716
951753
951807
951828
951932
951967
951978
952141
952360
952411
952424
952522
952791
952872
953029
953035
953075
953117
953132
953326
953339
953392
953458
953529
953648
953997
954056
954468
954503
954558
954560
954570
954584
954712
954773
954778
954948
954961
955014
955129
955271
955273
955402
955648
955718
955792
956096
956101
956426
956630
956640
956878
956925
957100
957299
957411
957799
957822
957859
957963
958034
958175
958216
958445
958466
958497
958502
958827
958896
958901
958991
959030
959074
959105
959107
959124
959141
959180
959192
959339
959386
959488
959561
959587
959617
959839
960273
960385
960479
960686
960708
960846
960849
960907
960914
961441
961479
962016
962193
962266
962272
962352
962638
962790
962823
963120
963143
963309
963406
963412
963652
963711
963775
963907
964014
964092
964196
964239
964528
964574
964902
965032
965196
965554
965729
965735
965812
965878
966288
966317
966349
966449
966869
966874
966915
966993
967109
967264
967273
967279
967303
967447
967449
967795
967824
968029
968044
968082
968083
968136
968146
968308
968330
968380
968470
968665
968696
968722
968770
968783
968805
968899
969056
969067
969116
969216
969286
969526
969621
969650
969687
970124
970373
970469
970487
970494
970498
970516
970552
970566
970630
970834
970848
970904
970940
970947
970998
971161
971449
971565
971589
971700
971789
971823
971907
971965
972017
972154
972309
972365
972389
972423
972532
972665
972671
972729
972750
972814
972930
973287
973389
973470
973524
973668
973703
973757
973795
973808
973830
973936
974038
974302
974335
974342
974468
974629
974873
974920
974967
974993
975203
975282
975328
975409
975428
975491
975560
975969
976080
976361
976481
976570
976614
976642
976663
976984
976999
977059
977070
977531
977537
977979
978136
978352
978358
978425
978643
978813
978910
979009
979084
979097
979174
979272
979536
979555
979585
979686
979690
979711
979828
979893
979948
980093
980438
980448
980494
980846
980852
980858
980875
980945
981002
981010
981182
981494
981584
981728
981792
981827
981869
981876
982062
982198
982345
982446
982450
982558
982607
982618
982678
982821
982847
982899
982942
983031
983063
983072
983177
983199
983373
983632
983636
983824
983935
984066
984114
984218
984228
984467
984489
984562
984578
984581
984686
984775
984815
984857
984865
984990
985137
985138
985168
985178
985272
985404
985417
985427
985523
985575
985698
985703
985715
985882
985972
985999
986038
986079
986107
986107
986118
986124
986274
986502
986581
986608
986667
986760
987164
987167
987244
987308
987340
987524
987869
987892
987981
988114
988278
988441
988467
988637
988665
988737
988791
988816
988817
988869
989012
989036
989495
989546
989568
989709
989740
989786
989848
989974
990068
990107
990197
990341
990353
990452
990543
990868
990916
990927
990936
990975
991120
991172
991195
991260
991332
991354
991482
991633
991681
991691
991791
991858
992053
992159
992207
992300
992511
992616
992655
992674
992747
993048
993314
993381
993440
993551
993584
993654
993765
993824
994040
994123
994141
994244
994292
994544
994555
994558
994601
994827
994898
994965
994979
995093
995182
995205
995329
995339
995412
995480
995508
995683
995818
995929
996030
996042
996182
996264
996443
996487
996523
996860
996937
997071
997151
997188
997436
997588
997916
998003
998074
998131
998190
998193
998208
998313
998507
999006
999107
999172
999269
999301
999371
999418
999605
999674
999726
999754
999756
999959