3
401
623
681
733
752
846
1085
1250
1367
1538
1544
1644
1654
1905
2307
2350
2520
2695
2805
2909
2925
2978
3011
3070
3128
3147
3288
3297
3360
3414
3436
3494
3621
3740
3806
3866
3903
3979
4206
4241
4307
4559
4668
4746
4841
4844
4864
4930
4934
5171
5238
5339
5344
5805
5943
6069
6220
6248
6403
6480
6670
6732
6751
6910
6929
6974
6984
7078
7239
7241
7261
7357
7403
7404
7531
7636
7745
7805
8139
8167
8217
8243
8357
8402
8520
8845
9030
9125
9400
9408
9558
9594
9659
9675
9787
9804
9930
10081
10121
10266
10334
10561
10658
10685
10767
10776
11159
11159
11232
11431
11564
11777
11801
12150
12222
12272
12362
12441
12443
12475
12480
12509
12519
12539
12631
12805
12847
12888
13032
13141
13182
13276
13355
13508
13609
13738
13845
13905
13983
14012
14141
14243
14287
14419
14513
14554
14784
14917
14920
15001
15139
15456
15462
15475
15604
15607
15660
15833
15911
16055
16220
16301
16469
16650
16665
17228
17389
17423
17478
17509
17621
17741
17816
17967
17998
18179
18247
18319
18426
18586
18588
18648
18811
18839
18851
18870
18905
18942
19135
19139
19141
19222
19310
19333
19408
19423
19470
19679
19813
19866
19885
19998
19999
20034
20076
20104
20140
20146
20223
20521
20521
20524
20606
20676
20796
20852
21260
21321
21516
21767
21935
21991
22082
22319
22380
22415
22526
22568
22572
22623
22649
22730
22739
22940
22979
23085
23244
23259
23316
23332
23355
23426
23573
23703
23870
24064
24096
24154
24224
24306
24399
24399
24433
24465
24472
24502
24558
24675
24812
24813
24835
24850
24912
25300
25376
25406
25487
25567
25730
25945
26042
26050
26166
26179
26194
26196
26435
26570
26704
26827
26916
26994
27038
27110
27179
27279
27366
27403
27429
27633
27809
28205
28254
28256
28277
28302
28341
28341
28469
28665
28681
28688
28998
29108
29160
29233
29334
29497
29499
29750
29831
29974
30020
30076
30099
30177
30368
30417
30418
30448
30486
30651
30660
30726
30782
30959
31066
31078
31101
31133
31141
31226
31233
31368
31388
31523
31545
31613
31615
31750
31883
31899
32036
32123
32246
32407
32500
32555
32677
32877
32877
33023
33100
33510
33565
33679
33977
34054
34105
34141
34185
34450
34554
34611
34620
34643
34867
34869
34876
34922
34925
34990
35034
35111
35281
35353
35564
35596
35660
35755
35766
35914
35925
35940
36055
36218
36227
36268
36360
36386
36555
36632
36729
36744
36822
36876
37008
37044
37167
37318
37596
37618
37768
37817
37826
37861
37896
37959
38045
38097
38109
38112
38142
38296
38337
38528
38554
38618
38850
39083
39110
39117
39150
39259
39325
39326
39768
39772
39865
39991
40064
40155
40159
40188
40219
40447
40590
40601
40960
40997
41000
41076
41157
41319
41804
41830
41958
41977
42111
42450
42493
42637
42638
42643
42856
42932
43524
43730
43756
43821
43882
43883
43891
43914
43963
44081
44175
44234
44271
44321
44364
44406
44448
44507
44650
44664
44670
44742
44768
44803
44842
44983
45061
45463
45575
45610
45694
45870
45935
45936
46068
46071
46169
46264
46295
46501
46629
46684
46757
46878
46994
46996
47196
47314
47315
47343
47460
47531
47547
47549
47618
47737
47799
48003
48020
48229
48348
48513
48566
48738
48784
48816
48823
48851
48895
48978
49339
49475
49548
49593
49603
49768
49920
50094
50316
50500
50950
50995
51010
51021
51095
51224
51287
51319
51453
51489
51546
51576
51813
51898
51918
51922
51964
52112
52264
52270
52308
52351
52469
52978
53125
53130
53201
53216
53249
53324
53324
53493
53510
53527
53994
54026
54274
54320
54374
54885
55054
55285
55286
55604
55721
55930
56091
56168
56206
56316
56346
56409
56519
56741
56898
56949
57000
57208
57279
57377
57398
57714
57902
58039
58082
58620
58710
58786
58825
59040
59186
59270
59329
59333
59363
59430
59500
59641
59747
59786
59952
59959
59979
60021
60060
60228
60323
60365
60413
60496
60505
60554
60607
60664
60866
60870
60942
60957
61178
61205
61215
61465
61471
61508
61518
61521
61727
61814
61834
61912
62055
62266
62329
62487
62640
62892
63318
63540
63545
63642
63852
64178
64318
64647
64780
65001
65115
65248
65435
65552
66153
66364
66458
66716
66863
67164
67496
67536
67788
67817
67945
67975
68172
68263
68278
68294
68473
68491
68513
68633
68646
68693
68736
68750
68977
69179
69187
69197
69327
69512
69565
69816
69818
69844
70353
70550
70551
70608
70683
70915
71173
71243
71272
71318
71392
71442
71445
71502
71502
71595
71645
71665
71671
71753
71793
72254
72268
72338
72345
72515
72799
72908
72950
72987
72988
73179
73231
73234
73373
73524
73712
73847
73913
73946
74021
74728
74926
74933
75072
75211
75261
75276
75434
75586
75625
75631
76102
76165
76301
76307
76339
76630
76732
76846
76992
77161
77176
77290
77322
77516
77555
77787
77849
77976
77984
78001
78012
78199
78210
78321
78357
78499
78599
78625
78751
78800
78839
78920
79044
79227
79469
79534
79618
79674
79688
79774
79886
79892
80012
80059
80167
80219
80378
80408
80441
80487
80494
80572
80791
80825
80832
80849
80861
80979
81006
81090
81118
81243
81309
81369
81504
81653
81749
81776
81800
81928
81951
81958
82027
82057
82141
82229
82231
82655
82780
82782
83228
83359
83380
83521
83815
83846
83846
83918
83939
84231
84361
84419
84465
84557
84575
84657
84751
84799
84992
85035
85382
85474
85498
85521
85595
85642
85649
85658
85975
85988
86184
86404
86783
86876
86919
87306
87313
87319
87410
87456
87596
87668
87771
87919
88080
88189
88547
88656
88666
88935
88965
88982
89062
89509
89518
89523
89561
90025
90145
90154
90168
90262
90428
90819
90877
90911
91036
91091
91126
91202
91340
91407
91439
91510
91651
91664
91694
91858
91887
92008
92043
92058
92205
92316
92366
92393
92442
92774
93116
93119
93186
93245
93305
93308
93811
93993
94021
94061
94087
94130
94372
94482
94516
94528
94534
94574
95090
95128
95380
95445
95457
95488
95489
95500
95616
95678
95696
95855
95959
96030
96500
96964
97054
97202
97251
97291
97395
97462
97489
97560
97652
97672
97885
97915
97976
98057
98125
98157
98258
98355
98530
98572
98745
98798
98841
99030
99098
99189
99387
99408
99608
99672
99787
99839
100132
100556
100633
100635
100738
101010
101058
101060
101356
101546
101667
101679
101791
101797
101800
101870
101875
102000
102134
102218
102255
102259
102261
102322
102336
102759
102782
102948
103156
103330
103366
103447
103465
103539
103583
103661
103844
103940
104026
104104
104199
104356
104439
104558
104612
104655
104767
104810
104870
104878
104884
104888
104990
105042
105137
105632
105678
105738
105750
105800
105886
105930
106145
106252
106261
106339
106451
106634
106639
106678
106685
106701
106738
106753
106767
107029
107043
107069
107112
107159
107227
107322
107367
107656
107816
108302
108405
108465
108524
108747
108777
108830
108837
108839
108911
109084
109129
109259
109317
109419
109618
109712
109754
109945
110052
110164
110366
110475
110559
110638
111048
111116
111127
111180
111540
111586
111617
111650
111652
111672
111751
111829
111872
111907
112099
112240
112344
112419
112449
112501
112520
112549
112679
113295
113317
113320
113555
113574
113731
113764
113827
113838
113887
113929
114205
114327
114360
114404
114655
114776
114891
115202
115433
115555
115636
115802
115916
115933
115999
116177
116198
116209
116274
116496
116618
116623
116771
116809
116855
116977
117093
117120
117147
117154
117223
117328
117407
117473
117504
117805
117881
117956
117994
118010
118038
118090
118159
118381
118808
118855
118920
118997
119029
119035
119118
119130
119754
119974
120158
120421
120658
120669
120707
121085
121206
121303
121356
121376
121435
121503
121905
121921
122017
122042
122137
122329
122405
122503
122509
122536
122694
122715
122748
122767
122946
123015
123133
123195
123214
123247
123252
123309
123401
123473
123541
123608
123636
123655
123716
124351
124367
124403
124517
124687
125131
125146
125197
125213
125256
125276
125401
125444
125447
125471
125577
125622
125662
125719
125795
125819
125880
125991
126091
126187
126231
126308
126406
126468
126590
126630
126657
126775
126813
126876
127259
127443
127916
128158
128222
128510
128699
128700
128905
128929
129238
129251
129290
129318
129426
129453
129571
129638
129821
129937
130267
130348
130480
130576
130621
130703
130725
130764
130857
130892
130924
131069
131468
131479
131517
131534
131538
131549
131688
131711
131759
131900
132175
132576
132594
132662
132666
132741
132775
132828
132836
133088
133131
133140
133264
133342
133417
133436
133448
133457
133505
133609
133645
133735
133829
133862
133902
133949
134021
134052
134081
134229
134316
134581
134702
134974
135074
135272
135331
135458
135462
135619
135718
135766
135792
135802
135806
135829
135925
135935
136055
136173
136193
136246
136270
136397
136513
136600
136659
136742
136806
136905
137192
137195
137224
137252
137259
137488
137711
137713
137857
137890
137909
138313
138362
138569
138610
138648
138692
138697
138809
138842
138966
138972
139074
139152
139391
139702
139728
139794
139913
139960
140043
140101
140103
140240
140249
140317
140329
140406
140704
140809
140851
140866
141016
141094
141097
141417
141491
141496
141521
141612
141755
141863
142036
142188
142325
142336
142457
142482
142635
142638
143077
143093
143117
143157
143196
143235
143288
143312
143326
143454
143494
143522
143646
143676
143711
143839
144009
144064
144099
144430
144445
144520
144528
144537
144646
144710
144755
144842
144963
145013
145161
145212
145226
145300
145503
145513
145523
145795
146014
146025
146277
146290
146353
146385
146644
146679
146700
147180
147252
147329
147363
147400
147498
147542
147543
147637
147723
147785
147890
148382
148561
148584
148704
148784
148798
148817
148830
148864
148879
148989
149001
149199
149199
149269
149289
149309
149332
149560
149568
149575
149724
149749
149755
149781
149816
149897
149911
149918
150073
150147
150241
150287
150313
150393
150462
150638
150749
150758
150861
150967
151277
151349
151402
151446
151458
151785
151933
152031
152037
152224
152280
152296
152600
152680
152780
152782
152922
153219
153411
153536
153554
153587
153894
154141
154204
154281
154364
154458
154498
154681
154720
154762
154804
154823
154848
154980
155072
155134
155218
156019
156181
156229
156284
156472
156506
156666
156705
156801
156961
157153
157195
157310
157345
157398
157400
157704
157834
158119
158137
158377
158495
158684
158721
158900
158914
158929
158945
158995
159286
159490
159549
159552
159579
159600
159793
159827
159900
160095
160201
160318
160561
160611
160702
160732
160751
161084
161133
161253
161289
161301
161605
161681
161694
161767
161875
161892
161898
162035
162040
162385
162517
163130
163221
163268
163298
163314
163370
163521
163527
163538
163618
163678
163798
163821
163958
164077
164081
164083
164232
164250
164388
164542
164980
164993
165035
165181
165374
165406
165647
165849
165950
166024
166033
166052
166064
166084
166099
166131
166153
166161
166268
166450
166616
166755
166820
166871
166892
166983
167205
167340
167365
167640
167709
168099
168135
168266
168319
168478
168606
168730
168748
168777
169049
169143
169249
169365
169426
169488
169521
169744
169881
170196
170277
170286
170292
170432
170508
170720
170758
170813
170856
171004
171056
171113
171137
171181
171283
171550
171581
171600
171613
171934
172291
172325
172343
172403
172630
172675
172957
173109
173309
173320
173385
173516
173588
173779
173802
173862
174099
174181
174253
174426
174486
174595
174603
174770
174793
174864
175063
175070
175322
175390
175400
175458
175539
175580
175688
176035
176070
176219
176301
176433
176572
176588
176853
176871
177217
177235
177408
177468
177702
177855
177977
178001
178066
178272
178354
178469
178534
178605
178625
178725
179137
179207
179302
179412
179625
179630
179653
179803
179807
179905
179948
179970
180081
180245
180332
180427
180522
180605
180953
181238
181270
181323
181666
181703
181856
181874
181884
181940
181960
182050
182159
182311
182389
182614
183070
183133
183243
183243
183333
183593
183598
183612
183801
183891
183993
184106
184227
184372
184388
184461
184538
184568
184674
184814
184945
185154
185188
185206
185210
185229
185806
185900
185949
185965
186036
186158
186266
186357
186363
186394
186425
186437
186465
186587
186600
186765
186782
186888
187064
187094
187243
187280
187294
187357
187423
187450
187484
187510
187587
187649
187732
187778
187947
188209
188287
188550
188658
188693
188906
189042
189153
189220
189242
189364
189433
189458
189468
189514
189728
189737
189807
190059
190172
190292
190305
190368
190495
190517
190572
190614
190648
190868
190890
190912
190993
191277
191292
191466
191511
191543
191548
191589
191603
191731
191763
191907
191949
191958
192093
192203
192223
192275
192346
192403
192459
192707
192776
192841
192870
192873
192979
192997
193017
193132
193142
193207
193233
193376
193398
193416
193428
193788
193803
193809
193989
194167
194182
194346
194378
194427
194460
194554
194583
194769
194784
194843
195005
195101
195135
195210
195298
195299
195369
195386
195387
195401
195572
195814
195846
195913
196090
196130
196178
196358
196457
196504
196559
196583
196607
196634
196771
196839
196931
196959
196963
197082
197389
197483
197613
197666
197730
197836
197854
197856
198115
198326
198351
198390
198430
198529
198616
198618
198622
198631
198655
198672
198703
198743
198869
199102
199482
199545
199762
199860
199868
199942
199976
200119
200156
200190
200328
200626
200638
200737
200790
201047
201285
201302
201450
201534
201613
202156
202173
202362
202543
202607
202628
202711
202762
202841
202978
203226
203299
203302
203505
203575
203610
203706
203729
203803
203839
203976
203993
204044
204059
204087
204087
204109
204155
204255
204277
204405
204421
204458
204488
204496
204508
204681
204700
204783
204812
204893
204949
204995
205009
205024
205326
205342
205817
205878
205878
206353
206388
206461
206474
206494
206497
206657
206897
206960
207065
207332
207456
207563
208003
208016
208062
208071
208251
208382
208408
208480
208563
208673
208725
208751
208897
209001
209014
209272
209365
209447
209504
209518
209522
209566
209600
209890
209936
210107
210149
210151
210244
210255
210410
210586
210626
210642
210902
210915
210923
211042
211072
211155
211193
211194
211236
211421
211467
211492
211539
211728
211923
212376
212448
212504
212568
212608
212680
212763
212845
212907
213228
213228
213340
213487
213645
213963
213987
214010
214015
214016
214067
214182
214269
214471
214889
214909
214909
214939
215083
215132
215278
215403
215446
215454
215539
215602
215631
215707
215742
215752
215840
215872
216114
216122
216156
216175
216192
216768
216775
217042
217334
217511
217876
217880
217891
217919
217927
217950
218006
218120
218183
218300
218333
218503
218669
218897
218921
218950
218953
218994
219233
219329
219374
219549
219736
219769
219813
219849
219852
220060
220099
220146
220191
220226
220307
220346
220473
220794
220851
220893
220978
221040
221187
221203
221341
221380
221500
221513
221527
221543
221965
222027
222464
222698
222707
222758
223023
223103
223176
223195
223422
223482
223507
223660
223713
223743
223770
223823
223883
223955
224051
224108
224171
224211
224273
224659
224736
224759
224771
224864
225176
225204
225211
225353
225386
225627
225942
226116
226269
226466
226505
226593
226630
226687
226692
226692
226883
226890
226891
227019
227158
227159
227253
227415
227486
227548
227604
227915
227925
228076
228092
228166
228173
228499
228606
228678
228768
228833
229164
229295
229446
229504
229636
229836
229871
230033
230165
230315
230323
230371
230431
230578
230774
230842
231036
231190
231252
231293
231356
231562
231584
231592
231619
231735
231744
231808
231905
231950
232014
232018
232065
232115
232240
232243
232316
232437
232513
232537
232554
232613
232765
232805
232819
232885
232988
233003
233120
233214
233221
233271
233362
233457
233535
233620
233627
233651
233715
233965
234043
234195
234229
234257
234421
234432
234538
234704
234705
234918
235049
235255
235402
235453
235766
235847
235966
236033
236182
236211
236434
236456
236505
236539
236582
236590
236611
236626
236953
237069
237196
237239
237256
237293
237428
237470
237485
237649
237896
237971
237997
237999
238124
238650
238786
238832
238973
238981
239035
239103
239124
239159
239171
239429
239448
239491
239588
239600
239610
239828
239882
239941
239941
239992
240050
240061
240161
240238
240337
240456
240567
240589
240694
240834
240976
241049
241113
241116
241132
241153
241198
241500
241522
241679
241751
241822
241920
242304
242473
242538
242694
242940
242950
242994
243020
243022
243136
243153
243355
243453
243457
243534
243639
243751
243765
243819
243880
243911
244010
244065
244407
244424
244722
244774
244794
244996
245239
245302
245347
245438
245447
245456
245546
245546
245606
245761
245791
245833
246209
246277
246297
246325
246381
246383
246451
246575
246624
246813
247050
247327
247416
247442
247485
247489
247717
247781
247895
248043
248180
248193
248269
248380
248672
248799
249149
249157
249271
249287
249345
249586
249729
249893
249914
249996
250183
250257
250376
250547
250673
250809
250856
250936
251129
251271
251321
251398
251438
251481
251579
251591
251659
251794
251829
251860
251992
252016
252112
252143
252265
252579
252614
252710
252813
252932
253079
253101
253296
253459
253472
253542
253550
253588
253920
254153
254248
254515
254554
254628
254711
254786
255017
255133
255172
255399
255514
255568
255578
255771
255861
255947
256134
256165
256180
256218
256495
256646
256931
257003
257122
257251
257414
257465
257544
257709
257718
257823
257956
258073
258152
258199
258213
258332
258676
259011
259310
259327
259328
259351
259423
259540
259583
259626
259689
259696
259768
259939
259983
260013
260042
260140
260178
260276
260293
260326
260726
260806
260823
260926
260959
261031
261116
261166
261266
261425
261478
261566
261572
261650
261904
262104
262129
262307
262340
262622
262637
262856
262871
262873
263089
263159
263398
263499
263565
263665
263907
264049
264113
264409
264501
264680
264701
264726
265162
265297
265396
265404
265421
265560
265642
265777
265875
265922
265959
266185
266232
266297
266317
266722
266777
266932
267004
267049
267087
267155
267162
267231
267394
267479
267831
267833
267903
267968
268149
268184
268188
268253
268279
268336
268465
268478
268508
268686
268687
268710
269142
269287
269303
269378
269408
269484
269845
269995
270011
270160
270193
270263
270296
270454
270534
270913
270918
271061
271071
271168
271264
271300
271436
271634
271653
271713
271722
271743
271924
271955
272117
272153
272253
272395
272585
272689
272756
272832
272890
272901
272969
273015
273095
273152
273153
273303
273485
273498
273588
273594
273708
273735
273839
274032
274069
274105
274197
274246
274358
274547
274549
274571
274583
274753
274856
274863
274902
275409
275701
275736
275737
275744
275783
275835
275883
276063
276197
276218
276226
276271
276330
276394
276583
276591
276603
276623
276644
276645
276758
276764
276832
276840
276913
277005
277009
277009
277027
277147
277159
277170
277388
277592
277797
277834
278058
278126
278283
278313
278381
278540
278541
278653
278850
278882
279005
279106
279143
279237
279623
279654
279679
279832
279933
279985
280165
280229
280266
280357
280529
280704
280857
280980
281042
281127
281151
281153
281261
281499
281598
281629
281655
281727
281929
282112
282128
282145
282377
282417
282584
282890
282913
282948
282984
283104
283141
283370
283404
283460
283461
283484
283749
283820
283885
283915
283974
284047
284081
284275
284278
284352
284401
284426
284430
284778
285002
285090
285182
285237
285273
285614
285665
285786
285932
285965
286152
286240
286334
286353
286408
286448
286451
286494
286642
286707
286718
286809
286904
286919
286933
286936
287021
287383
287436
287461
287685
287707
287925
288098
288142
288249
288253
288336
288381
288452
288618
289084
289084
289112
289398
289411
289456
289786
289787
289983
290120
290530
290586
290655
291024
291137
291186
291399
291487
291611
291664
291731
291735
291786
291851
291874
291878
291948
292131
292217
292603
292664
292749
292836
292867
293047
293360
293487
293849
293903
293923
294035
294036
294356
294402
294411
294637
294679
294840
294880
294880
295155
295225
295243
295256
295296
295300
295315
295487
295527
295562
295738
295748
295767
295896
295915
295994
296234
296294
296412
296688
296811
296888
296957
296961
297121
297581
297688
297743
297743
298056
298073
298078
298216
298304
298379
298422
298555
298624
298690
298798
298827
298960
299098
299312
299671
299672
299674
299678
299764
299793
299880
299884
300173
300177
300252
300452
300557
300702
300755
300847
300859
300903
300936
301058
301079
301133
301338
301576
301683
301722
301821
301935
302013
302074
302168
302200
302297
302566
302687
302772
302851
302903
302911
302936
302973
302989
303033
303332
303366
303565
303710
303829
303856
304248
304294
304362
304392
304401
304412
304496
304600
304608
304846
304903
304914
305034
305227
305260
305305
305370
305436
305445
305660
305662
305674
306047
306061
306064
306186
306426
306557
306572
306746
306838
306945
307065
307069
307097
307177
307187
307287
307484
307577
307767
308079
308147
308159
308173
308250
308343
308398
308541
308734
308933
308938
309011
309055
309280
309395
309465
309483
309491
309499
309506
309714
309809
309867
309882
309965
310130
310239
310493
310622
310637
310637
310802
310984
311002
311614
311725
311820
312010
312103
312145
312978
313070
313074
313152
313375
313413
313530
313610
313623
313657
313708
313733
313753
313781
313805
313952
313958
313974
313992
314050
314148
314159
314255
314459
314467
314502
314587
314813
314911
315018
315041
315129
315204
315237
315587
315593
315707
315790
316027
316118
316173
316266
316326
316374
316483
316574
316816
316880
316953
317315
317385
317773
317778
317988
317991
318030
318390
318402
318417
318425
318444
318457
318469
318470
318534
318554
318735
318982
319281
319308
319361
319506
319610
319659
319661
319714
319717
319815
319873
319962
320195
320250
320276
320352
320403
320691
320729
320786
320907
321108
321225
321228
321262
321294
321329
321509
321620
321671
321842
322142
322150
322183
322369
322496
322533
322766
322781
322876
322884
322906
323088
323113
323318
323383
323411
323533
323583
323660
323853
324020
324089
324134
324308
324452
324475
324507
324559
324638
324682
324736
324862
324897
324997
325041
325149
325169
325391
325709
325764
325785
325880
325891
325960
326230
326331
326477
326525
326561
326641
326667
326712
326729
326772
326847
326858
327122
327246
327381
327559
327578
327682
327760
327772
327780
327827
327898
328000
328025
328042
328257
328498
328775
328793
328803
328811
328879
329043
329069
329102
329151
329199
329282
329651
329659
329690
329740
329795
330268
330281
330421
330469
330630
330721
330839
330855
330997
331085
331167
331301
331381
331512
331705
331734
331744
332139
332203
332567
332568
332593
332636
332718
332835
333266
333526
333573
333733
333836
333886
333965
333971
334188
334260
334539
334675
334708
334885
334903
335146
335215
335243
335440
335493
335523
335589
335625
335654
336103
336126
336303
336417
336473
336478
336706
336738
336780
336806
336890
336973
336980
336992
337069
337630
337642
337772
337842
337929
338038
338086
338181
338317
338693
338777
338940
339024
339413
339471
339602
339681
339856
339912
340000
340149
340164
340312
340367
340565
340590
340599
340609
340690
340695
340788
340884
340957
341073
341104
341136
341194
341247
341494
341536
341545
341573
341697
341728
341857
341987
342042
342396
342915
342975
343009
343084
343162
343687
343831
343932
343976
344115
344121
344148
344268
344431
344444
344582
344610
344708
344895
345070
345078
345129
345249
345311
345470
345513
345524
345729
345754
345828
346249
346332
346351
346455
346525
346700
346858
346918
346972
346976
347045
347164
347416
347511
347552
347564
347597
347680
347699
347792
347806
347991
347997
348012
348109
348379
348411
348440
348644
348712
348776
348846
348888
348938
348954
349070
349142
349214
349457
349506
349593
349643
349646
350003
350192
350377
350471
350617
350738
350821
350915
351015
351076
351101
351285
351327
351334
351406
351440
351482
351849
351913
351962
352066
352091
352104
352243
352415
352451
352671
352857
352922
353361
353387
353566
354144
354303
354393
354400
354403
354428
354438
354531
354683
354712
354994
355014
355038
355203
355313
355446
355503
355555
355558
355627
355830
356254
356518
356567
356720
356731
357007
357193
357197
357213
357240
357316
357494
357614
357764
357918
357940
358004
358021
358100
358120
358120
358153
358174
358176
358260
358454
358459
358573
358616
358631
358632
358813
358819
358845
359093
359644
359819
359884
359902
359906
360139
360188
360283
360552
360625
360730
360733
360738
360986
361071
361344
361437
361651
361685
361793
361896
361997
362252
362434
362473
362514
362561
362631
362758
362969
363104
363116
363331
363575
363765
363814
363966
364016
364039
364158
364254
364255
364270
364450
364834
364896
364906
365095
365123
365172
365390
365806
365812
365980
366043
366129
366173
366297
366431
366555
366646
366849
366853
366867
366886
366949
367033
367160
367241
367261
367541
367547
367591
367634
367743
367792
367813
367854
368042
368121
368245
368457
368619
368819
368922
368923
369004
369134
369164
369481
369567
369574
369614
369675
369943
370188
370268
370315
370326
370382
370524
370543
370554
370835
370848
371023
371106
371173
371237
371248
371439
371528
371602
371609
371617
371668
371778
371811
371819
371990
372161
372233
372341
372383
372438
372492
372647
372744
372788
372997
373034
373068
373147
373281
373295
373447
373475
373544
373609
373626
373627
373787
373899
374154
374211
374584
374636
374676
374710
374743
374939
374975
375197
375464
375489
375719
375724
375802
375872
375908
376004
376042
376305
376376
376509
376532
376711
376726
376991
377047
377108
377284
377397
377512
377580
377705
377765
377773
377816
377910
377937
378116
378256
378274
378483
378492
378528
378599
378623
378659
378749
378984
378992
379039
379216
379377
379490
379512
379554
379715
379778
380040
380451
380603
380622
380876
380934
381142
381490
381590
381609
381616
382114
382332
382429
382514
382601
382653
382803
382858
383123
383195
383527
383566
383899
383913
383918
384156
384197
384293
384309
384466
384584
384644
384800
384812
384981
385082
385088
385104
385159
385166
385217
385266
385302
385324
385501
385518
385576
385664
386052
386176
386364
386585
386630
386892
386975
386983
387004
387054
387352
387355
387367
387404
387602
387666
387858
387919
388001
388033
388286
388325
388424
388586
388698
388775
388864
388899
388904
388927
388985
389041
389087
389136
389201
389211
389238
389350
389368
389386
389665
389727
389876
389915
389987
390006
390045
390149
390188
390273
390342
390342
390402
390533
390597
390677
390707
390710
390748
390785
391091
391182
391216
391275
391334
391395
391543
391604
391628
391751
391828
391876
392044
392076
392229
392242
392325
392472
392567
392623
393260
393417
393429
393448
393467
393609
393875
393995
394016
394227
394346
394347
394409
394460
394649
394942
395020
395033
395181
395238
395310
395408
395434
395463
395697
395719
395802
395983
396269
396356
396484
396503
396529
396595
396598
396777
396989
396995
397137
397313
397348
397416
397655
397658
397711
397755
397765
397792
397893
397954
398223
398227
398390
398447
398457
398571
398596
398601
398636
398855
398922
399115
399335
399356
399680
399706
399790
399827
399864
399865
399960
400000
400045
400220
400340
400355
400396
400415
400560
400742
400769
401229
401261
401523
401626
401654
401700
401785
402163
402220
402316
402346
402415
402433
402467
402495
402515
402521
402584
402648
402735
402773
402801
402858
402889
402933
403039
403067
403174
403183
403916
403943
403994
404016
404183
404198
404311
404556
404684
404686
404900
404973
405064
405114
405141
405177
405209
405265
405286
405293
405329
405330
405351
405434
405447
405453
405738
405777
405836
405938
405982
406233
406285
406291
406439
406704
406768
406808
406919
406999
407018
407050
407156
407677
407714
408161
408371
408506
408644
408810
408836
409018
409154
409218
409239
409249
409304
409307
409349
409362
409381
409436
409546
409667
409690
409762
409967
409992
410043
410077
410142
410218
410221
410338
410478
410489
410668
410697
410900
411296
411304
411477
411596
411596
411724
411737
411888
411986
412022
412253
412429
412571
412670
412785
412840
412866
412972
413161
413242
413589
414122
414230
414287
414414
414539
414563
414662
414879
414900
414924
415074
415088
415158
415331
415467
415625
415696
415995
416089
416323
416497
416579
416622
416699
416714
416767
416864
416908
416913
417227
417350
417373
417422
417432
417703
417896
418261
418362
418387
418401
418412
418456
418594
418882
418900
418939
419047
419080
419174
419239
419262
419341
419399
419571
419584
419607
419636
419734
419746
419906
420025
420037
420077
420285
420529
420639
420837
420959
420974
421190
421257
421283
421299
421590
421658
421784
421790
421836
422141
422346
422718
422763
422777
422957
423186
423282
423300
423325
423396
423466
423543
423567
423595
423642
423682
423823
423852
423896
423948
424016
424369
424925
424988
425125
425492
425536
425548
425690
425693
425727
425761
425853
426002
426035
426131
426161
426166
426202
426235
426272
426280
426287
426499
426516
426625
426656
426728
426798
426926
426954
427039
427561
427811
427838
428081
428260
428293
428498
428551
428593
428598
428646
428691
428742
428765
428886
428932
428973
429244
429522
429555
429842
429889
429970
429976
430060
430239
430257
430310
430433
430462
430506
430643
430681
430915
430977
431029
431038
431155
431203
431251
431261
431272
431377
431550
431589
431797
431837
431935
432091
432318
432353
432552
432611
432648
432696
432923
432942
433070
433087
433106
433255
433285
433532
433613
433685
433795
433868
433911
433949
434276
434285
434414
434448
434522
434554
434556
434672
434691
434741
434866
435144
435159
435178
435274
435463
435476
435641
435658
435927
436040
436415
436427
436483
436570
436575
436648
436710
436863
436935
437130
437235
437519
437645
437826
438048
438131
438527
438753
438785
439028
439216
439318
439465
439558
439722
439745
439760
439810
439846
439882
439909
439957
440028
440081
440291
440307
440359
440377
440665
440833
440876
440881
441164
441224
441300
441343
441353
441354
441367
441394
441607
441661
441714
441740
441797
442159
442162
442175
442222
442273
442385
442606
442608
442623
442855
442900
443151
443153
443557
443682
443813
443816
443868
444171
444220
444366
444436
444449
444645
444665
444819
445029
445211
445227
445336
445512
445517
445684
445969
446351
446420
446482
446514
446600
446637
446831
446836
446847
446896
446912
446997
447172
447183
447214
447303
447350
447471
447531
447575
447715
447727
447826
447967
448070
448161
448239
448259
448397
448513
448672
448803
448828
449221
449285
449521
449792
449802
449805
449942
449944
449985
450142
450149
450337
450418
450448
450588
450699
450721
450882
451002
451099
451100
451305
451826
452250
452319
452552
452628
452671
452873
452893
453197
453227
453360
453375
453685
453729
453807
453918
454067
454125
454160
454462
454493
454506
454683
454950
454984
455361
455448
455511
455568
455834
455877
455901
455912
456026
456110
456131
456369
456427
456614
456627
456746
456790
456794
456974
456976
457097
457410
457720
457764
457868
457990
458105
458128
458182
458234
458299
458579
459029
459119
459216
459243
459289
459335
459349
459457
459668
459759
459775
460065
460077
460138
460242
460383
460718
460741
460744
460784
461027
461079
461189
461199
461323
461451
461545
461589
461831
461931
462119
462183
462353
462364
462411
462415
462433
462460
462502
462518
462667
462736
462805
463096
463171
463487
463558
463654
463762
463780
464155
464188
464204
464279
464449
464616
464719
464795
465073
465074
465229
465307
465424
465430
465538
465784
465821
465955
465965
466033
466070
466095
466178
466210
466239
466332
466903
466931
467203
467492
467499
467668
467844
468012
468021
468069
468077
468198
468362
468394
468442
468476
468603
468713
468736
468904
468928
469042
469336
469456
469490
469559
469874
470059
470145
470594
470840
470913
471335
471341
471535
471549
471570
471624
471727
471738
471932
471939
472036
472065
472132
472230
472304
472400
472452
472666
472879
473071
473162
473215
473396
473430
474125
474192
474379
474538
474580
474638
474781
474842
474867
474869
474943
475018
475048
475072
475096
475185
475199
475215
475252
475484
475750
475795
475805
476215
476323
476447
476457
476618
476732
476835
476875
477150
477174
477182
477311
477427
477432
477439
477662
477705
477744
477757
477985
478009
478393
478703
478942
479092
479115
479387
479443
479748
479815
479976
480043
480437
480523
480642
480768
480871
480992
481065
481087
481264
481423
481627
481630
481667
481693
481735
482112
482332
482337
482771
482806
482809
482946
482990
483088
483153
483266
483366
483449
483609
483838
484024
484103
484394
484403
484451
484464
484494
484627
484684
485054
485217
485322
485358
485361
485594
485664
485835
485840
485929
486031
486117
486159
486415
486584
486818
486899
487028
487036
487046
487371
487583
487643
487808
487843
487863
487898
488153
488154
488218
488441
488481
488517
488554
488634
488806
488840
488872
489002
489008
489066
489098
489117
489173
489203
489339
489372
489662
489671
489762
489828
489840
489902
489978
490050
490193
490196
490346
490396
490505
490666
490716
490742
491123
491132
491252
491318
491343
491373
491436
491543
491585
491787
491913
492123
492208
492291
492473
492493
492598
492606
492714
492716
492742
492828
492933
492937
492958
493033
493312
493393
493650
493652
493713
493737
493864
493866
494127
494265
494313
494338
494515
494606
494714
494716
494727
494908
494911
495028
495087
495095
495249
495306
495426
495808
495847
495858
495913
496163
496298
496368
496506
496580
496762
496804
497250
497413
497664
497697
497701
497716
497750
497758
498122
498241
498375
498465
498516
498525
498686
499288
499319
499447
499475
499537
499542
499651
499770
499968
500040
500076
500256
500493
500519
500721
500728
501015
501295
501336
501545
501546
501556
501561
501586
501643
501682
501779
501874
502017
502056
502138
502240
502261
502277
502353
502444
502488
502626
502660
502691
502766
502789
502809
502813
502902
503019
503032
503363
503632
503642
503779
503782
503943
504304
504367
504463
504471
504720
504729
504817
504948
505014
505158
505240
505325
505331
505382
505613
505734
505749
505784
505791
505794
505870
505881
506026
506223
506634
506670
506708
506854
506860
507013
507022
507049
507151
507214
507294
507503
507506
507532
507544
507667
507740
507778
507788
507842
508149
508221
508287
508784
508922
509012
509155
509181
509275
509438
509610
509630
509678
509729
509991
510012
510184
510328
510330
510349
510349
510430
510507
510775
510913
510924
510957
511017
511165
511171
511203
511267
511384
511537
511663
512056
512117
512118
512222
512238
512296
512422
512456
512506
512592
513019
513126
513201
513203
513300
513378
513549
513582
513710
514012
514563
514632
514659
514737
514767
514900
514959
515105
515314
515381
515564
515613
515814
515977
516005
516075
516137
516493
516693
516709
516799
516956
516998
517172
517248
517305
517380
517382
517447
517614
517640
517822
517874
518073
518091
518109
518198
518392
518491
518649
518717
518950
519248
519305
519403
519429
519457
519493
519513
519644
519692
519706
519835
520094
520178
520321
520383
520502
520536
520567
520578
520730
520824
520930
520946
521258
521282
521398
521477
521484
521535
521714
521727
521948
522049
522057
522110
522529
522598
522772
522974
522975
523070
523092
523156
523203
523266
523304
523406
523470
523485
523514
523567
523611
523619
523689
523740
523879
523929
524296
524299
524363
524456
524588
524741
524765
524808
524833
524852
524924
524985
525064
525074
525300
525318
525319
525337
525510
525530
525561
526201
526376
526613
526620
526662
526721
526804
526861
526863
527002
527269
527360
527735
527744
527751
527806
528085
528106
528185
528333
528346
528347
528369
528435
528488
528596
528756
528879
528963
529030
529127
529131
529303
529346
529622
529695
529891
530083
530595
530636
530751
530872
531400
531418
531468
531497
531552
531564
531669
531813
532044
532047
532049
532286
532378
532767
532830
532885
532909
533126
533181
533208
533334
533479
533594
533595
533953
534276
534296
534332
534467
534543
534572
534675
534784
534838
534920
535058
535096
535097
535102
535125
535235
535263
535523
535634
535962
535979
536002
536078
536122
536158
536162
536258
536618
536808
536839
536865
537121
537298
537453
537483
537873
538000
538052
538084
538119
538289
538491
538570
538720
538978
539026
539052
539155
539165
539211
539249
539485
539510
539585
539812
539834
539878
539944
540026
540134
540268
540534
541173
541185
541202
541225
541376
541770
541845
541999
542241
542458
542468
542469
542469
542479
542518
542577
542750
542963
543032
543135
543364
543471
543603
543634
543700
543767
543955
544083
544286
544348
544432
544524
544737
544911
544915
544971
544986
544999
545066
545178
545218
545262
545262
545473
545484
545513
545621
545667
545697
545808
545900
546098
546190
546210
546552
546645
546730
546830
546846
546851
546900
546989
547065
547199
547344
547374
547451
547480
547678
547712
547838
547854
547877
548106
548254
548307
548506
548551
548571
548588
549039
549117
549122
549141
549170
549188
549201
549575
549579
549747
549765
549791
550277
550317
550397
550415
550436
550445
550479
550606
550887
551293
551379
551401
551460
551498
551578
551610
551826
551829
551875
552027
552080
552191
552224
552307
552345
552674
552757
552858
552866
552977
553020
553025
553063
553104
553229
553300
553350
553504
553666
553708
553716
553858
553862
553894
554157
554160
554215
554245
554411
554455
554506
554601
554989
555080
555197
555223
555379
555419
555533
555538
555611
555643
555696
555699
555701
555716
555761
555777
555887
556162
556238
556443
556471
556525
556879
556986
557065
557301
557485
557507
557750
557769
557935
557944
557980
558030
558182
558271
558566
558721
558893
558982
559014
559033
559052
559091
559443
559548
559663
559687
559805
559807
559820
559979
560121
560223
560339
560425
560518
560692
560762
561034
561295
561363
561430
561505
561569
561617
561893
561954
561961
562022
562063
562306
562311
562384
562432
562437
562747
562847
563042
563059
563074
563117
563239
563641
563847
563981
564036
564052
564054
564205
564315
564323
564834
564947
565114
565115
565163
565199
565310
565431
565596
565823
565879
566078
566243
566274
566297
566395
566447
566519
566520
566667
566670
567148
567198
567299
567603
567808
567883
568223
568322
568424
568758
568911
569078
569086
569123
569129
569179
569183
569345
569384
569409
569453
569458
569469
569577
569577
569614
569715
569832
569943
569973
570120
570144
570171
570310
570346
570439
570580
570847
570900
570932
571046
571120
571389
571537
571637
571695
571849
571985
572001
572138
572289
572312
572467
572646
572731
572745
572812
572893
573002
573160
573196
573370
573437
573725
573742
573749
573755
573911
573992
573995
574000
574069
574199
574282
574320
574336
574353
574446
574576
574577
574642
574792
574831
574993
575010
575049
575121
575225
575233
575250
575282
575330
575455
575463
575507
575761
575773
575802
575836
576013
576076
576155
576184
576187
576364
576396
576564
576669
576700
577209
577226
577231
577572
577759
577759
577783
578082
578364
578366
578505
578514
578635
578809
578837
578917
579058
579189
579312
579603
579607
579625
579671
579966
580007
580084
580340
580550
580632
580641
580790
580930
580985
581041
581085
581091
581242
581488
581496
581506
581707
581944
582150
582292
582381
582563
582572
582625
582878
582886
582980
583003
583100
583140
583158
583171
583415
583472
583562
583834
583966
584000
584026
584044
584272
584402
584591
584718
584722
584847
584976
585029
585249
585260
585325
585384
585408
585676
585718
585855
585952
586126
586442
586479
586483
586884
586955
586980
586988
587102
587112
587243
587308
587339
587500
587555
587566
587591
587615
587819
587821
587913
588054
588144
588169
588186
588284
588357
588376
588431
588605
588825
588935
588938
588948
588969
589019
589086
589116
589253
589310
589396
589401
589439
589640
589688
589727
589753
589811
589842
589851
589863
589893
589914
589917
589932
589941
590039
590227
590332
590354
590403
590452
590496
590522
590543
590606
590631
590636
590773
590871
591356
591381
591509
591615
591648
591713
591736
592184
592320
592402
592472
592475
592595
592643
592683
592707
592803
592844
592935
593263
593414
593476
593487
593614
593827
593897
594091
594282
594445
594518
594610
594962
595054
595099
595149
595223
595312
595441
595650
595692
595701
595709
595772
595898
596040
596179
596280
596371
596405
596436
596534
596617
596693
596703
596750
597017
597092
597146
597243
597246
597268
597300
597361
597458
597464
597498
597651
597707
597922
598199
598231
598233
598382
598396
598838
599131
599154
599443
599583
599801
599918
600018
600026
600051
600158
600257
600405
600578
600664
600691
600799
600816
600895
600998
601111
601131
601146
601232
601277
601285
601307
601458
601479
601518
601871
602197
602384
602458
602513
602813
602872
602893
602908
603035
603058
603205
603464
603550
603600
603863
604019
604068
604134
604234
604254
604363
604377
604428
604518
604579
604688
604728
604843
604999
605067
605191
605440
605448
605525
605531
605856
605879
606219
606223
606277
606300
606348
606381
606480
606747
606772
607034
607140
607154
607204
607215
607224
607247
607287
607319
607402
607423
607442
607675
607728
607810
607842
607862
607866
607880
608068
608099
608145
608266
608317
608499
608590
608728
608794
608817
608977
608989
608991
609024
609058
609132
609196
609202
609226
609307
609419
609602
609617
609655
609831
609858
609885
609921
610010
610221
610295
610360
610549
610722
610786
610802
610830
610861
610898
611076
611204
611206
611507
611720
611839
611868
611886
611967
611969
612029
612062
612067
612298
612399
612447
612606
612663
612765
612829
612972
613052
613258
613332
613399
613414
613565
613585
613734
613835
613852
613981
614002
614078
614113
614253
614254
614265
614346
614404
614458
614484
614697
614721
614980
614981
615024
615126
615170
615189
615338
615471
615488
615559
615596
615659
616148
616388
616395
616610
616905
616910
616991
617184
617251
617339
617606
617629
617676
617783
617944
617962
618030
618129
618181
618297
618375
618449
618461
618464
618544
618581
618693
618700
618754
618791
619174
619425
619498
619616
619776
619790
619814
619934
620083
620349
620576
620940
620991
621055
621461
621505
621559
621849
621945
622102
622150
622218
622374
622386
622400
622422
622427
622492
622550
622642
622788
622856
623017
623063
623094
623147
623273
623335
623440
623615
623621
623784
623868
623888
624073
624119
624158
624264
624346
624359
624410
624451
624536
624592
624778
624827
624912
624931
625239
625497
625712
625786
626076
626090
626091
626119
626170
626255
626314
626430
626519
626627
626638
626948
626983
627352
627685
627689
627833
627986
628498
628570
628679
628984
629020
629069
629102
629122
629124
629225
629277
629280
629380
629417
629540
629644
629728
629746
629852
630056
630071
630231
630270
630400
630547
630612
630807
630851
630910
631146
631438
631514
631531
631719
631753
632015
632067
632082
632368
632792
632831
632852
633010
633039
633172
633174
633208
633244
633316
633514
633543
633646
633985
634008
634146
634177
634210
634307
634416
634500
634768
634862
635070
635080
635205
635208
635635
635724
635843
635865
635904
635909
635998
636012
636125
636206
636360
636364
636381
636407
636601
636690
636763
637019
637021
637096
637122
637152
637165
637268
637274
637319
637414
637489
637575
637820
637833
638017
638052
638079
638242
638261
638264
638285
638407
638441
638474
638616
638751
638888
639023
639195
639227
639290
639671
639795
639933
639990
639996
640052
640386
640445
640486
640557
640575
640607
640642
640659
640870
640993
641002
641122
641173
641173
641242
641266
641300
641361
641389
641423
641437
641548
641581
641620
641753
641813
642001
642044
642439
642704
642712
642748
642793
643183
643251
643275
643438
643495
643532
643659
643820
643972
644015
644019
644191
644212
644298
644316
644541
644647
644770
644822
644997
645110
645234
645596
645763
645790
645899
645934
645972
646060
646076
646093
646324
646434
646487
646570
646776
646838
646871
647320
647333
647542
647738
647943
647960
647989
648128
648144
648180
648273
648348
648461
648567
648601
648637
648699
648787
648789
648834
648953
648977
648988
649112
649238
649244
649311
649335
649490
649549
649593
649699
649805
649860
650059
650073
650117
650443
650460
650522
650583
650626
650670
650677
650701
650796
650830
650867
650999
651115
651131
651208
651288
651429
651436
651481
651727
651734
651765
651898
651969
651978
652198
652347
652483
652637
652694
652949
652958
652997
653040
653070
653128
653128
653174
653175
653194
653207
653249
653289
653295
653421
653525
653633
653643
653675
653903
653903
653919
654006
654096
654105
654159
654247
654324
654427
654459
654504
654539
654569
654643
654844
654875
654920
654943
654976
655125
655337
655392
655504
655505
655547
655695
655792
655823
655840
655841
655844
655877
656033
656104
656140
656484
656523
656525
656566
656587
656672
656709
656768
656895
657076
657127
657229
657240
657521
657695
657706
657801
658015
658033
658234
658244
658322
658482
658602
658688
658847
658908
658936
659095
659197
659297
659411
659580
659669
659705
659740
659925
660188
660236
660238
660406
660568
660638
660714
660722
660829
660831
660861
661098
661133
661183
661331
661410
661501
661541
661603
661828
661836
661904
661922
662035
662150
662384
662591
662704
662728
662766
662769
662801
662816
662983
662985
663265
663266
663406
663466
663529
663556
663688
663914
663935
663953
664221
664258
664390
664444
664528
664680
664757
664838
665121
665176
665207
665229
665399
665495
665541
665637
665675
665754
665785
665956
666023
666069
666207
666225
666384
666434
666566
666796
666916
666996
667103
667108
667183
667298
667379
667408
667500
667518
667603
667672
667728
667848
667904
668236
668266
668293
668318
668518
668529
668540
668549
668694
668716
668759
668805
668928
669167
669314
669408
669560
669573
669750
669771
669781
669834
669964
669993
670069
670197
670295
670383
670563
670586
670700
670754
670805
670810
670935
670984
670998
671212
671255
671391
671745
671925
672055
672158
672185
672206
672330
672370
672581
672604
672669
672703
672870
673126
673251
673262
673424
673673
673947
674123
674229
674256
674257
674333
674334
674413
674500
674828
674977
674979
675301
675419
675442
675481
675751
675973
676275
676308
676319
676399
676487
676513
676537
676669
676765
676769
676942
677076
677131
677264
677275
677459
677574
677652
677795
677866
678003
678149
678196
678289
678432
678438
678465
678583
678653
678849
678867
678905
678910
678991
679009
679092
679104
679271
679295
679388
679417
679558
679699
679797
679814
679865
679929
680021
680053
680100
680123
680228
680231
680339
680392
680393
680540
680647
680707
680772
680871
680964
681102
681256
681335
681584
681597
681640
681789
681813
681847
681885
681909
682527
682603
682777
682781
682782
682855
682903
682974
683464
683520
683696
683757
683781
683887
684030
684135
684295
684302
684432
684433
684437
684481
684540
684819
684857
684928
684987
685020
685239
685300
685426
685476
685498
685540
685787
685874
685913
686067
686216
686232
686272
686287
686354
686375
686677
686767
686872
687052
687057
687085
687100
687194
687229
687248
687252
687420
687427
687487
687493
687871
687890
688019
688082
688204
688266
688423
688460
688571
688633
688786
689031
689043
689046
689066
689156
689187
689257
689257
689382
689404
689497
689558
689729
689859
689899
689943
690067
690087
690141
690275
690290
690304
690445
690604
690614
690674
690865
690894
691020
691069
691229
691349
691890
692028
692123
692130
692333
692396
692499
692592
692683
692690
692696
692875
692886
693014
693135
693255
693371
693380
693455
693745
693749
693862
694083
694193
694323
694360
694411
694633
694727
694755
694837
694881
694996
694996
695052
695106
695141
695441
695716
695776
695908
696035
696181
696538
696622
696742
696769
696798
697067
697194
697206
697287
697300
697403
697411
697458
697477
697564
697564
697641
697713
697752
697795
697848
697880
698112
698117
698335
698465
698566
698698
698756
699077
699219
699366
699406
699640
699651
699671
699776
699790
699798
699977
700031
700078
700142
700359
700453
700474
700638
700918
701018
701231
701279
701290
701320
701517
701844
701895
702023
702709
702764
702828
702898
702916
702964
703150
703199
703316
703358
703442
703499
703609
703616
703738
703823
703899
703979
703996
704073
704105
704122
704264
704350
704479
704638
704786
704838
704907
705030
705061
705076
705183
705333
705492
705496
705752
705784
705809
705873
705876
706024
706068
706172
706361
706365
706369
706427
706452
706711
706802
706818
706848
706889
707119
707163
707198
707366
707444
707542
707679
707943
708025
708026
708048
708240
708269
708309
708357
708505
708548
708655
708754
708941
708966
709036
709060
709080
709101
709429
709559
709569
709770
709787
709826
709871
710043
710163
710172
710191
710273
710290
710328
710334
710373
710403
710404
710444
710474
710547
710603
710639
710981
711346
711518
711544
711601
711742
711858
711900
712046
712166
712247
712317
712317
712372
712937
713236
713262
713366
713382
713474
713545
713632
713635
713652
713839
713943
713985
714175
714249
714435
714440
714451
714597
714649
714679
714868
714912
715097
715258
715335
715435
715542
715737
715761
716038
716041
716125
716127
716173
716282
716700
716745
716759
716881
716997
717038
717113
717263
717269
717588
717614
717699
717731
717802
718009
718029
718091
718351
718435
718770
718971
719112
719171
719179
719222
719482
719513
719556
719624
719744
719838
719846
719913
720069
720071
720468
720567
721031
721077
721213
721307
721585
721598
721626
721680
721795
722055
722139
722183
722310
722316
722453
722582
722895
722931
723004
723457
723499
723651
723803
723904
723998
724108
724129
724280
724351
724373
724444
724504
724566
724573
724673
724707
724714
724831
724932
725022
725048
725054
725113
725162
725265
725495
725542
725552
725628
725644
725672
725759
726036
726062
726148
726190
726809
726868
726903
727050
727226
727258
727283
727398
727449
727465
727482
727530
727593
727619
727634
728090
728497
728540
728553
728554
728713
728917
729144
729186
729562
729840
730084
730090
730214
730301
730415
730444
730591
730646
730688
730782
730829
730911
731139
731239
732060
732086
732338
732398
732472
732547
732577
732595
732600
732804
732897
733000
733213
733215
733273
733377
733396
733425
733615
733719
733735
734022
734043
734067
734101
734102
734107
734127
734141
734176
734476
734880
735058
735205
735212
735246
735510
735647
735680
735761
735772
735794
735980
736033
736114
736254
736346
736441
736507
736533
736730
736911
736995
737001
737063
737280
737440
737490
737605
737746
737842
737877
737961
737989
738004
738086
738100
738133
738160
738182
738325
738365
738403
738416
738435
738449
738529
738536
738610
738737
738898
738914
738914
739208
739250
739319
739430
739431
739489
739494
739503
739575
739587
739687
739699
739737
739785
739808
739814
739819
739961
739970
740046
740058
740078
740196
740477
740601
740605
740870
740886
740936
741062
741092
741136
741178
741287
741299
741590
741633
741658
741675
741686
741742
741764
742006
742070
742149
742214
742234
742500
742562
742573
742583
742587
742621
742681
742745
742860
742932
743153
743317
743428
743609
743637
743774
743826
744211
744248
744410
744530
744608
744681
744898
744920
744933
745267
745332
745557
745615
745676
745712
745753
745962
746005
746011
746042
746079
746099
746105
746182
746295
746458
746534
746592
746750
746805
746989
747291
747482
747498
747529
747564
747651
747665
747721
747827
747903
748093
748134
748229
748422
748469
748474
748546
748597
748692
748901
748907
748997
749047
749217
749257
749259
749452
749463
749533
749545
749615
749666
749882
749918
749953
750033
750065
750074
750084
750193
750207
750373
750643
750963
751025
751036
751116
751125
751261
751341
751484
751536
751551
751631
751685
751868
751927
752020
752205
752282
752347
752468
752487
752523
752536
752607
752674
752875
752890
752914
753087
753215
753238
753342
753454
753469
753484
753516
753570
753624
753629
753709
753731
753820
753888
753914
754001
754017
754271
754341
754439
754523
754533
754799
755039
755100
755113
755198
755337
755458
756131
756139
756674
756717
756719
756748
756969
757078
757187
757234
757492
757516
757745
757921
758110
758806
759040
759151
759230
759674
759908
759994
760234
760307
760411
760474
760526
760534
760535
760550
760572
760606
760609
760644
760648
760748
760907
761224
761242
761434
761498
761500
761514
761618
761918
762026
762072
762161
762204
762221
762326
762331
762346
762351
762421
762491
762565
762670
762678
762717
762731
762839
763071
763110
763157
763193
763335
763470
763574
763673
763746
763883
763892
763939
763975
764016
764054
764059
764081
764132
764134
764281
764527
764711
764726
764983
765006
765276
765286
765422
765470
765495
765511
765552
765566
765571
765755
765895
765988
766057
766096
766120
766132
766258
766273
766288
766458
766521
766544
766641
766848
766985
767035
767120
767201
767249
767383
767757
767819
768123
768161
768294
768391
768471
768692
768928
769070
769134
769153
769212
769241
769385
769450
769450
769450
769495
769511
769541
769740
769750
769837
769906
770087
770104
770220
770354
770581
770688
770911
770916
771065
771129
771230
771439
771495
771607
771775
771833
771835
771851
771966
771998
772039
772068
772307
772317
772590
772628
772672
772686
772706
772706
772719
772935
773061
773426
773575
773662
773706
773743
773804
773917
773961
774021
774128
774143
774165
774374
774380
774597
774602
774723
774867
774919
774980
775026
775033
775094
775170
775244
775271
775278
775605
775706
775788
775823
776078
776329
776435
776454
776683
776687
776702
776773
776980
776994
777179
777284
777367
777521
777669
777745
777755
777825
778129
778135
778283
778397
778506
778603
778714
778886
778959
779111
779189
779202
779502
779771
779909
780115
780170
780195
780405
780452
780630
780754
780922
781173
781326
781633
781803
781815
781929
781929
782039
782116
782409
782483
782630
782788
782870
782986
783460
783709
783813
783815
783900
784028
784198
784346
784389
784415
784594
784625
784687
784745
784866
784922
784944
785026
785041
785192
785309
785329
785636
785723
785865
786028
786140
786191
786275
786395
786588
786623
786664
786937
787291
787321
787347
787525
787534
787953
788177
788229
788237
788278
788363
788435
788490
788552
788561
788570
788604
788818
788980
789214
789440
789447
789475
789663
789678
790161
790166
790253
790397
790454
790466
790562
790660
790738
790811
790854
790856
791000
791323
791335
791336
791361
791363
791414
791454
791677
791820
792086
792399
792412
792447
792481
792485
792522
792543
792677
792680
792863
792886
793017
793165
793186
793205
793208
793233
793344
793432
793451
793593
793707
793879
793937
793961
793992
794423
794514
794541
794585
794657
794680
794879
794942
794971
795118
795182
795224
795513
795547
795548
795557
795630
795636
795728
795832
795872
795903
796168
796278
796296
796326
796692
796888
796922
797008
797237
797381
797779
797865
797922
798112
798349
798513
798526
798589
798819
798838
798899
798977
799134
799241
799246
799332
799354
799362
799866
799917
799990
800026
800166
800183
800265
800512
800585
800670
800676
800720
801089
801238
801327
801483
801506
801916
802099
802188
802214
802230
802325
802330
802576
802589
802633
802782
803005
803132
803258
803501
803791
803878
803912
804107
804138
804191
804214
804362
804408
804475
804624
804800
804861
804935
805007
805016
805164
805201
805342
805343
805396
805400
805467
805619
805764
805829
805997
806044
806137
806143
806179
806335
806357
806407
806686
806692
806748
806805
806931
806974
807037
807122
807309
807372
807375
807540
807804
807878
808099
808103
808156
808358
808422
808440
808492
808743
808751
808796
808801
808877
808882
809002
809488
809694
809730
809769
809806
809927
809955
810108
810118
810122
810179
810702
810758
810832
810954
811023
811028
811201
811322
811436
811535
811686
811700
811715
811760
811763
811807
811815
811895
811905
811943
811991
812075
812175
812410
812441
812505
812524
812541
812584
812645
812658
812706
812710
812721
812944
812953
813094
813186
813318
813417
813476
813502
813618
813792
813830
813860
814051
814110
814121
814141
814199
814209
814320
814374
814565
814799
814897
815098
815111
815196
815269
815313
815436
815483
815510
815570
815653
815701
815776
815982
815995
816106
816151
816257
816419
816481
816522
817001
817086
817146
817169
817323
817488
817511
817741
817800
817959
818011
818020
818151
818411
818526
818693
818696
818766
818830
818882
819178
819211
819352
819478
819542
819623
819704
819782
819893
819926
819948
820185
820228
820273
820333
820364
820617
820684
820739
820843
820864
820966
821032
821191
821248
821370
821519
821708
821824
821965
822168
822267
822277
822599
822776
822787
822792
822839
823005
823025
823031
823098
823102
823123
823175
823316
823343
823702
823786
824188
824257
824260
824269
824382
824497
824608
824733
824778
824833
824890
824912
824944
824990
825005
825071
825201
825316
825337
825495
825601
825650
825837
825902
825971
826184
826406
826446
826516
826618
826868
826874
826899
826941
827163
827229
827252
827535
827871
827892
828080
828082
828092
828167
828169
828170
828185
828260
828363
828408
828490
828684
828685
828698
828773
828917
828986
829149
829164
829520
829548
829558
829568
829645
829682
829929
829931
829977
830153
830231
830546
830614
830673
831059
831064
831130
831484
831678
831982
832010
832323
832385
832405
832609
832682
832772
832779
832787
832906
832955
833048
833317
833340
833414
833507
833641
833706
833734
833999
834026
834038
834102
834114
834308
834347
834433
834565
835016
835032
835152
835158
835442
835753
835861
835948
836105
836111
836150
836240
836268
836402
836514
836515
836571
836742
836746
836775
836933
836939
836957
837001
837059
837141
837150
837277
837387
837409
837790
837983
838335
838436
838505
838518
838575
838624
838625
838779
838780
838805
838885
838920
839109
839174
839243
839534
839547
839769
839818
839893
839941
839999
840111
840219
840360
840527
840637
840746
840758
840816
840868
840947
841112
841113
841181
841277
841363
841571
841612
841657
841959
842009
842206
842213
842232
842241
842295
842352
842409
842643
842713
842717
842760
842827
842881
843036
843453
843661
844136
844164
844196
844207
844360
844407
844470
844541
844562
844585
844638
844902
845029
845066
845126
845149
845303
845308
845441
845479
845554
845780
845788
845980
846030
846085
846172
846180
846194
846221
846417
846458
846525
846563
846610
846696
846783
846958
846990
847143
847150
847184
847187
847281
847402
847485
847607
847666
847751
848019
848281
848361
848487
848513
848678
848807
848877
848925
848982
849149
849195
849275
849276
849462
849518
849547
849612
849725
850032
850035
850055
850180
850268
850314
850384
850587
850947
850972
850994
851065
851077
851152
851161
851218
851261
851373
851561
851590
851780
851877
852096
852111
852196
852225
852306
852517
852595
852747
852813
852878
852921
852935
853080
853218
853413
853552
853568
853568
853678
853775
853904
854011
854104
854129
854225
854328
854580
854596
854700
854793
854918
855102
855154
855268
855279
855361
855662
855680
855780
855840
856048
856094
856181
856429
856500
856575
856654
856692
856760
856855
856925
857075
857391
857711
857992
858180
858351
858473
858610
858687
858733
858862
858899
858980
859202
859329
859440
859515
859519
859610
859653
859753
859772
859930
859982
860055
860141
860159
860174
860189
860216
860248
860291
860400
860450
860496
860865
860971
861086
861191
861323
861342
861383
861655
861691
861771
861804
861940
862294
862304
862380
862447
862554
862567
862746
862865
863056
863103
863112
863131
863242
863276
863290
863292
863371
863427
863467
863520
863652
863733
864544
864593
864618
864631
864648
864666
864669
864730
864782
864794
864810
865067
865215
865335
865351
865371
865376
865403
865462
865715
865775
865797
866545
866753
866851
867044
867048
867107
867168
867404
867532
867560
867637
867783
867834
867910
868004
868065
868099
868105
868150
868266
868374
868522
868535
868761
868919
868942
869005
869218
869322
869322
869376
869581
869586
869619
869667
869675
869791
869833
869961
869979
870726
870831
870901
870918
870957
871303
871383
871424
871427
871452
871480
871759
871829
871841
872202
872348
872510
872554
872564
872595
872641
872674
872687
872729
872734
872818
872857
873355
873681
873735
873813
873926
874057
874257
874399
874556
874567
874689
874709
874839
874872
874980
874993
875076
875104
875123
875151
875154
875159
875246
875251
875334
875380
875405
875408
875542
875566
875780
875909
875915
875993
876028
876067
876073
876206
876267
876470
876519
876653
876654
876666
876837
876902
876956
877006
877078
877237
877330
877356
877437
877540
877635
877803
877805
877858
877967
878181
878312
878551
878605
878630
878823
878840
878921
879071
879158
879274
879339
879368
879380
879408
879601
879708
879731
879836
879898
880028
880211
880291
880337
880372
880672
880679
880765
880768
880864
880874
881133
881462
881584
881769
881776
881807
881841
881970
882064
882404
882471
882482
882617
882673
882908
883190
883289
883364
883564
883758
883809
883886
883929
883990
884115
884158
884194
884211
884212
884284
884443
884543
884577
884591
884663
884772
884810
884832
884865
885046
885210
885236
885252
885428
885432
885483
885529
885652
885728
885925
886005
886104
886196
886344
886403
886653
886665
886688
886739
886740
887034
887253
887271
887508
887544
887724
888248
888268
888275
888314
888347
888363
888416
888548
888643
888899
888918
889140
889258
889292
889300
889600
889610
889648
889898
889911
889985
890195
890512
890677
890995
891058
891082
891093
891230
891284
891345
891520
891527
891745
891790
891822
891838
891928
892033
892134
892140
892483
892590
892592
892622
892622
892692
892754
892794
892812
892915
892999
893001
893044
893129
893174
893223
893357
893492
893616
893747
893749
893927
894124
894259
894491
894665
894689
894694
894873
895002
895026
895085
895101
895193
895332
895400
895419
895421
895491
895536
895815
895898
896042
896207
896240
896269
896394
896413
896440
896941
897430
897928
898102
898209
898251
898318
898579
898646
898696
899116
899270
899310
899409
899521
899583
899593
899631
899653
899654
899730
899788
899944
899972
900109
900181
900287
900312
900340
900374
900841
900918
901190
901206
901243
901389
901408
901454
901478
901675
901738
901826
901838
902003
902160
902225
902275
902373
902397
902451
902676
902757
902772
902798
903202
903253
903332
903493
903675
904154
904199
904288
904376
904438
904447
904708
904726
904802
904812
904963
905087
905136
905138
905167
905179
905240
905250
905254
905255
905465
905590
905724
905753
905965
906036
906185
906324
906431
906435
906538
906546
906606
906747
906834
906868
906946
907218
907225
907306
907407
907504
907580
907695
907756
908071
908078
908147
908207
908559
908638
908757
908781
908900
908977
908983
908992
909133
909353
909412
909470
909528
909550
909580
909636
909660
910018
910024
910116
910154
910278
910361
910497
910511
910519
911011
911023
911323
911362
911363
911487
911606
911658
911750
911775
911935
912054
912085
912137
912207
912329
912414
912470
912529
912654
912673
912686
912916
912934
912950
912968
912990
913005
913099
913186
913214
913635
913673
913703
913733
913875
913890
913909
914183
914248
914253
914550
914892
914968
914983
915086
915206
915215
915265
915404
915442
915475
915610
915698
915751
915894
915913
916027
916051
916196
916232
916244
916288
916334
916354
916484
916550
916732
916766
917012
917020
917046
917271
917429
917530
917601
917931
917950
917991
918074
918200
918525
918545
918564
918576
918601
919172
919244
919378
919433
919447
919517
919529
919553
919697
919723
919744
919857
919869
919876
920041
920116
920237
920335
920484
920526
920578
920677
921115
921597
921683
921746
921808
921905
921909
921984
922030
922137
922402
922536
922547
922603
922728
922974
923047
923081
923111
923192
923212
923269
923297
923403
923543
923558
923615
923668
923720
923831
923889
923943
924284
924324
924353
924407
924457
924480
924554
924600
924736
924751
924838
924859
925017
925179
925384
925421
925659
925676
925734
925746
925860
925957
926023
926217
926492
926553
926598
926744
926791
926908
927086
927136
927311
927423
927482
927507
927541
927546
927631
927828
927839
927858
927995
928022
928041
928139
928145
928213
928519
928559
928601
928741
928844
928923
929119
929209
929241
929325
929430
929546
929566
929693
929754
929858
929904
929921
929935
929981
930074
930144
930284
930300
930388
930541
930549
930746
930891
931059
931096
931262
931342
931360
931449
931501
931937
932014
932341
932476
932528
932530
932542
932695
932750
933069
933235
933251
933348
933612
933701
933737
933789
934092
934525
934656
934808
934873
934975
934977
935192
935199
935541
935628
935685
935770
935793
936011
936114
936158
936288
936325
936377
936391
936558
936842
936850
936856
937072
937077
937105
937176
937361
937467
937500
937591
937758
937823
937964
938061
938284
938424
938477
938777
938816
938835
938838
938905
938943
939133
939147
939184
939242
939455
939849
939976
939991
940257
940423
940440
940441
940509
940534
940640
940645
940693
940720
940753
940799
940925
941136
941415
941447
941495
941957
941993
942025
942088
942402
942414
942426
942474
942539
942723
943068
943219
943247
943270
943307
943374
943524
943566
943688
943698
943840
943844
943952
944029
944177
944228
944496
944547
944561
944779
944859
945012
945238
945337
945488
945514
945540
945562
945813
945984
946136
946140
946343
946553
946674
946696
946897
946915
946979
947033
947075
947182
947609
947868
947911
947935
947983
948093
948121
948209
948309
948530
948563
948616
948781
948849
948953
948972
949040
949085
949085
949218
949362
949483
949659
949670
949825
950043
950073
950134
950391
950445
950519
950546
950560
950595
950634
950692
950694
950983
951003
951166
951219
951374
951376
951391
951439
951540
951934
951941
952018
952102
952251
952279
952436
952724
952861
952903
952986
952997
953045
953390
953429
953453
953455
953593
953644
953700
953718
953745
954071
954098
954249
954289
954368
954530
954548
954554
954566
954609
954890
954934
955074
955204
955306
955322
955403
955580
955647
955649
955862
955914
955921
955996
956105
956167
956186
956219
956532
956565
956665
956740
956763
956788
956954
956962
957002
957187
957283
957440
957594
957784
957838
957986
958104
958166
958237
958248
958377
958525
958554
958638
958974
959022
959093
959213
959345
959429
959507
959541
959569
959658
959907
959943
960103
960348
960350
960405
960443
960445
960649
960730
960857
960977
960984
960985
960998
961134
961205
961414
961418
961562
961692
961700
961738
961808
962180
962298
962343
962419
962450
962646
962653
962715
963017
963214
963261
963298
963389
963537
963623
963636
963802
963954
964005
964030
964058
964252
964466
964599
964610
964783
964938
965092
965308
965444
965532
965550
965649
965677
965904
965965
966112
966188
966235
966246
966294
966435
966459
966528
966539
966563
966591
966686
966716
966948
967475
967671
967894
967983
968137
968353
968484
968638
968823
968973
969014
969534
969655
969844
969897
970064
970097
970119
970338
970344
970381
970452
970544
970553
970592
970654
970665
971310
971322
971528
971529
971554
971632
971638
971685
971996
972023
972072
972132
972193
972194
972251
972253
972355
972379
972714
972828
972904
972906
973077
973090
973268
973304
973338
973482
973544
973933
973936
974135
974151
974352
974483
974640
974961
974980
975913
976031
976220
976229
976252
976338
976493
976554
976602
976795
976914
976934
976942
977167
977315
977320
977370
977560
977630
978110
978122
978371
978468
978499
978612
978616
978737
978824
978888
978937
979041
979261
979283
979518
979539
979622
979727
979850
979926
980091
980131
980303
980373
980396
980645
980792
980997
981138
981145
981224
981284
981362
981497
981537
981799
982075
982139
982308
982502
982676
982709
982734
982745
982906
982946
983149
983256
983410
983425
983641
983665
983805
983815
983903
983998
984001
984050
984066
984241
984535
984604
984608
984620
984641
984873
984963
985036
985159
985303
985374
985541
985585
985683
985722
985729
985853
985973
985974
986113
986501
986543
986718
986903
986904
986911
987040
987192
987587
987641
987735
987758
987848
987868
988111
988165
988267
988802
988913
989469
989533
989572
989672
989734
989921
989958
990039
990159
990343
990434
990443
990529
990547
990769
990775
990983
991047
991048
991222
991580
991591
991612
991617
991726
991742
991875
991877
991879
992043
992229
992246
992272
992310
992331
992431
992441
992701
992724
992753
992771
992857
993028
993281
993287
993299
993306
993434
993451
993456
993482
993490
993648
993810
993837
993846
993849
993932
993952
994090
994123
994251
994387
994432
994521
994695
994910
994933
994934
995014
995066
995119
995308
995335
995457
995540
995600
995687
995784
996066
996069
996075
996171
996411
996600
996698
996847
996872
996884
996904
996924
997027
997047
997086
997115
997282
997311
997401
997412
997413
997511
997602
998288
998304
998344
998473
998754
998841
998923
998951
999024
999037
999212
999557
999584
999619
999652
999655
999747
999825
999854