25
121
137
220
263
279
315
378
412
600
715
729
765
885
909
1139
1250
1276
1404
1405
1484
1586
1617
1717
1730
1831
1850
1901
2014
2140
2251
2355
2568
2573
2636
2665
2709
2764
2811
2944
3003
3079
3163
3303
3364
3433
3571
3582
3597
3843
3870
3926
4002
4023
4072
4099
4296
4338
4391
4487
4621
4645
4677
4863
4929
4974
5170
5232
5349
5351
5392
5650
5672
6016
6260
6283
6475
6496
6540
6541
6572
6629
6953
7039
7074
7075
7075
7129
7265
7454
7616
7639
7639
7768
7795
7807
8016
8145
8238
8366
8573
8599
8621
8732
8813
8906
8910
9058
9108
9167
9428
9434
9541
9596
9644
9662
9712
9748
9817
9885
9917
10059
10061
10126
10213
10335
10339
10455
10494
10595
10609
10657
10815
10819
10970
10977
11100
11138
11142
11147
11176
11183
11242
11323
11439
11529
11681
11708
11862
11927
12039
12094
12237
12400
12423
12544
12716
13218
13349
13372
13769
13795
13816
13826
13879
13971
14098
14156
14264
14283
14302
14315
14565
14660
14680
14723
14768
14889
14964
15078
15257
15290
15294
15302
16012
16267
16295
16331
16551
16632
16685
16909
16928
16985
17034
17080
17125
17160
17261
17295
17297
17358
17768
17795
17879
17905
18051
18119
18307
18465
18506
18700
18796
18869
18874
18883
18998
19172
19274
19308
19524
19560
19589
19707
19793
19873
20133
20324
20356
20409
20456
20588
20755
20909
20971
21127
21250
21441
21671
21727
21812
21826
21923
21977
22040
22177
22193
22218
22308
22330
22524
22587
22731
22787
22982
23069
23217
23509
23510
23613
23649
23677
23820
23873
23919
23954
23991
24102
24133
24220
24351
24661
24683
24754
24806
24853
24870
24897
24997
25078
25365
25423
25611
25753
25908
26048
26290
26348
26611
26738
26851
26997
27066
27138
27152
27191
27306
27472
27737
27827
27932
28073
28125
28347
28357
28420
28485
28492
28551
28616
28643
28663
28772
28780
28827
28841
29050
29055
29088
29210
29269
29276
29333
29539
29674
29806
29875
29885
29895
29974
30100
30233
30436
30559
30674
30936
30936
31090
31174
31242
31296
31306
31361
31423
31563
31673
31700
31756
31902
32541
32702
32713
32863
32962
33020
33099
33387
33425
33445
33482
33483
33709
33955
34064
34179
34342
34600
34604
34629
34729
34779
34840
35093
35158
35516
35582
35609
35702
35786
35789
36284
36318
36366
36458
36876
37008
37031
37070
37108
37223
37249
37330
37506
37693
37710
37802
37908
38029
38052
38419
38748
38773
38799
38805
38974
38976
39149
39259
39309
39657
39734
39785
39794
39900
39913
39914
39929
40025
40064
40101
40150
40300
40357
40396
40483
40521
40580
40609
40792
40853
40975
41036
41161
41241
41241
41328
41349
41393
41481
41600
41666
41799
41885
41916
42202
42256
42300
42313
42479
42555
42563
42572
42611
42657
42897
43140
43301
43303
43380
43384
43461
43485
43551
43583
43603
43673
43812
43833
43984
43987
44031
44095
44244
44282
44522
44543
44681
44702
44749
44872
44895
44946
45017
45034
45332
45350
45548
45627
45669
45692
45821
46129
46323
46335
46352
46399
46548
46569
46572
46722
46854
47040
47093
47118
47140
47179
47321
47418
47785
47848
48018
48187
48706
48824
48837
48843
48880
49003
49081
49092
49335
49352
49557
49644
49687
49701
49967
50003
50008
50021
50230
50312
50746
50765
50914
50917
50955
51025
51231
51276
51327
51405
51412
51434
51521
51543
51713
51740
51835
51974
52140
52209
52268
52535
52789
52967
53097
53105
53148
53247
53299
53327
53597
53660
53700
53735
53885
54026
54277
54404
54546
54560
54636
54676
54941
55222
55441
55546
55570
55635
55755
55801
56066
56122
56535
56583
56652
56886
56889
56901
56963
57144
57439
57565
57631
57789
57856
57924
57938
57956
57987
58119
58269
58306
58505
58673
58787
58949
59021
59352
59385
59440
59625
59679
59834
59862
59892
60275
60570
60691
60779
60801
60888
60907
60995
60999
61081
61095
61108
61126
61242
61309
61311
61422
61442
61515
61531
61686
61832
61897
62059
62230
62256
62320
62383
62439
62459
62484
62661
62754
62781
62843
62880
63035
63126
63133
63219
63310
63482
63551
63580
63672
63759
63953
63988
64120
64154
64362
64438
64511
64559
64567
64693
64701
64727
64829
64834
64917
64999
65012
65039
65205
65245
65271
65323
65338
65395
65400
65421
65480
65660
65748
65873
65888
65944
66004
66015
66247
66265
66311
66479
66579
66761
66859
66868
66874
66998
67092
67342
67499
67513
67529
67649
67730
67822
68025
68166
68414
68424
68437
68646
68676
68759
68981
69180
69188
69195
69362
69418
69694
69717
69901
69917
70016
70207
70270
70548
70686
70765
70768
70830
71043
71273
71291
71306
71911
71931
72223
72446
72520
72609
72662
72753
72954
73071
73171
73377
73519
73713
73724
73790
73836
74039
74399
74505
74516
74652
74939
74995
75053
75146
75212
75258
75561
75586
75618
75689
75732
75736
75739
75870
75901
76178
76237
76335
76337
76348
76363
76382
76538
76573
76629
76661
76757
77400
77613
77678
77708
77747
77772
77796
77823
77863
77893
77924
77993
78026
78120
78165
78481
78534
78542
78678
78917
78978
78983
79072
79230
79287
79665
79668
79778
79966
80056
80075
80403
80408
80478
80488
80571
80587
80706
80853
81014
81024
81159
81167
81174
81777
81788
81933
82173
82212
82281
82303
82345
82407
82449
82494
82631
82817
83087
83330
83392
83449
83733
84001
84073
84127
84317
84491
84734
84917
85163
85166
85209
85233
85313
85509
86006
86016
86096
86230
86268
86272
86310
86336
86338
86393
86403
86459
86586
86676
86993
87075
87249
87465
87476
87523
87540
87841
87862
87909
87924
87954
88012
88041
88048
88065
88180
88242
88265
88287
88327
88396
88480
88520
88811
88934
89123
89144
89235
89246
89315
89397
89589
89824
89910
89974
89998
90024
90073
90166
90206
90507
90597
90813
90974
91000
91252
91350
91359
91365
91499
91828
91856
91915
91962
91964
91982
92011
92211
92305
92416
92427
92479
92632
92757
92936
93022
93031
93043
93254
93383
93479
93494
93656
93715
93754
93847
93925
94078
94104
94114
94136
94167
94290
94318
94421
94596
94626
94723
94766
94771
94797
94839
94935
94997
95227
95278
95510
95525
95666
95774
96059
96418
96546
96646
96756
96829
96872
96998
97044
97063
97243
97261
97270
97304
97339
97445
97531
97564
97601
97775
97783
97805
97849
98141
98147
98170
98182
98272
98354
98497
98562
98818
98861
98906
98995
98998
99051
99146
99295
99310
99677
99779
99795
99940
99971
100064
100072
100261
100293
100425
100556
100694
100723
100773
100800
100811
100979
101015
101068
101417
101422
101480
101679
101684
101748
101866
102040
102139
102206
102283
102515
102515
102654
102753
102760
102790
103066
103084
103088
103252
103362
103654
103717
103890
104264
104275
104296
104399
104505
104651
104710
104722
104840
104954
104974
105027
105149
105161
105164
105182
105259
105301
105371
105373
105523
105562
105609
105663
105738
105880
105932
106078
106363
106565
106676
106733
106813
107279
107364
107470
107741
107743
107789
107815
107901
108078
108260
108334
108354
108422
108500
108620
108859
108884
108909
108999
109401
109404
109556
109807
109815
109893
109899
109976
109976
110066
110099
110110
110134
110199
110452
110486
110564
110681
110714
111244
111524
111534
111543
111628
111648
111704
111841
111957
112059
112068
112094
112730
112974
113115
113257
113260
113303
113476
113766
113936
113939
114002
114008
114347
114389
114635
114733
114769
114828
115098
115324
115332
115520
115709
115754
115983
116019
116284
116352
116461
116521
116688
116848
117025
117027
117087
117153
117483
117596
117886
118048
118048
118249
118544
118617
118931
119038
119142
119171
119285
119690
119720
119840
119891
119978
120079
120854
120861
120945
121151
121172
121234
121249
121469
121493
121569
121625
121805
121807
121875
121924
121936
121996
122033
122667
122778
122839
122898
123028
123153
123189
123192
123275
123490
123530
123627
123684
123707
123932
123935
123966
123970
124111
124120
124280
124336
124483
124692
124871
124907
125125
125147
125167
125189
125231
125372
125441
125563
125649
125981
126337
126476
126723
126727
126730
126868
126955
127109
127527
127549
127554
127700
127727
127793
127824
127849
128249
128304
128306
128581
128632
128652
128797
128873
128942
128951
128983
129135
129274
129482
129488
129520
129634
129833
129840
129906
129953
129968
130017
130042
130082
130096
130319
130330
130335
130436
130638
130662
130787
130930
131289
131302
131349
131512
131549
131859
131946
131957
131981
132362
132709
132855
132936
133220
133402
133433
133512
133703
133726
133803
133928
133981
133998
134118
134328
134333
134395
134424
134441
134485
134642
134858
134888
134912
134974
135014
135122
135138
135163
135177
135313
135349
135482
135726
135951
136018
136080
136083
136197
136259
136373
136496
136586
136628
136655
136659
136728
136843
137090
137322
137389
137582
137586
137764
137877
137892
138142
138180
138205
138226
138381
138580
138613
138813
138887
138933
138948
138983
139035
139130
139239
139253
139289
139505
139622
139647
139716
139778
140109
140257
140319
140328
140535
140830
140864
140891
140894
141115
141402
141574
141683
141688
141867
141930
142005
142308
142317
142509
142540
142907
142936
142955
143033
143078
143115
143204
143338
143418
143622
143633
143636
143680
143866
143929
143940
144036
144039
144075
144186
144309
144389
144411
144483
144547
144692
144706
144724
144733
144754
144808
144993
145084
145242
145406
145587
145715
145810
146012
146104
146134
146191
146207
146415
146744
147016
147083
147102
147223
147508
147543
147546
147547
147552
147682
147819
147833
147873
148012
148065
148146
148221
148247
148353
148380
148453
148514
148692
148715
148849
148850
148905
149015
149344
149354
149383
149504
149581
149607
149713
149950
150032
150098
150329
150354
150419
150650
150702
151020
151130
151138
151251
151307
151391
151913
151984
152154
152294
152307
152470
152500
152530
152651
152748
152950
153007
153095
153103
153159
153270
153463
153511
153630
153637
153875
154004
154013
154074
154301
154357
154465
154470
154735
154756
154759
154842
154863
155081
155111
155305
155717
155765
156017
156355
156491
156497
156553
156558
156563
156701
156790
156860
157016
157034
157231
157362
157746
157822
157850
157914
157973
157978
158044
158100
158632
158974
158990
159099
159986
160014
160040
160269
160336
160340
160360
160380
160409
160417
160468
160614
160641
160882
160961
160994
161320
161445
161658
161698
161732
161924
161939
161984
162006
162030
162132
162142
162203
162256
162309
162424
162588
162622
162751
162758
162763
162841
163081
163168
163206
163252
163262
163349
163387
163481
163588
163642
163645
163749
163758
163910
164018
164047
164382
164421
164468
164475
164586
164588
164654
164743
164903
165018
165062
165089
165139
165157
165182
165192
165348
165377
165398
165401
165464
165595
165660
165849
165935
166179
166604
166711
166968
166985
167022
167039
167182
167347
167370
167409
167473
167568
167667
167685
167955
168054
168187
168200
168240
168301
168515
168532
168628
168748
168775
168818
168838
168839
168897
169003
169227
169572
169880
169964
170081
170223
170340
170340
170361
170419
170675
170869
170958
170966
171151
171164
171404
171541
171556
171587
171648
171688
171752
171799
171899
172272
172284
172321
172466
172690
172702
172765
172813
172818
172821
172844
172913
173002
173332
173468
173548
173567
173678
174037
174129
174175
174221
174280
174452
174511
174706
174851
174940
174950
174962
175043
175063
175127
175493
175533
175590
175611
175693
175945
175963
176038
176039
176111
176245
176351
176471
176473
176515
176624
176662
176756
176944
177045
177058
177166
177169
177914
178049
178075
178158
178188
178248
178269
178358
178399
178452
178468
178510
178578
178606
178679
179511
179823
179835
179856
180100
180110
180116
180165
180180
180278
180426
180435
180564
180601
180651
180664
180729
180869
181270
181394
181423
181496
181723
181807
181857
181889
181907
181944
182033
182035
182357
182357
182368
182371
182390
182394
182398
182399
182437
182478
182501
182620
182655
182766
182795
183121
183123
183167
183248
183329
183450
183484
183606
183794
183867
184191
184214
184527
184571
184605
184645
184763
184798
184824
184984
185114
185123
185150
185337
185453
185461
185671
185735
185887
185959
185982
186082
186216
186237
186246
186265
186328
186490
186508
186620
187088
187170
187189
187336
187445
187716
187747
187818
187820
187927
187983
188120
188603
188634
188706
188736
188771
188812
188938
189029
189037
189057
189121
189172
189198
189242
189260
189353
189360
189366
189672
189720
189743
189762
189847
190131
190251
190277
190284
190307
190327
190438
190497
190501
190589
190622
190649
190676
190694
190870
190883
190949
190959
190978
191078
191198
191488
191775
191932
191972
192015
192049
192121
192150
192327
192469
192596
192628
192896
192938
192961
192961
193553
193577
193903
194095
194157
194270
194277
194374
194491
194523
194540
194566
194579
194656
194917
194918
195152
195278
195438
195516
195762
195869
195915
196112
196261
196268
196354
196448
196463
196481
196709
196813
196934
197006
197566
197818
198019
198124
198187
198397
198587
198615
198642
198694
198875
199040
199086
199167
199172
199299
199339
199359
199564
199868
199922
199936
199989
199992
200075
200123
200271
200295
200365
200504
200605
200720
200841
200979
200980
201036
201141
201149
201243
201256
201453
201560
201792
201797
201890
202054
202073
202132
202225
202453
202512
202519
202535
202680
202724
202738
202840
202913
202916
203218
203348
203417
203480
203481
203548
203619
203634
203718
203832
203848
203895
204221
204237
204258
204478
204708
204784
204879
204915
204933
204970
205065
205081
205124
205167
205183
205187
205294
205389
205504
205567
205583
205653
205718
205782
206044
206195
206199
206244
206282
206323
206374
206431
206758
206891
206948
207109
207146
207189
207291
207641
207765
207946
208101
208272
208456
208859
209393
209456
209510
209561
209638
209687
209697
209756
209876
209954
209965
209977
210015
210019
210158
210312
210347
210379
210610
210618
210771
211036
211059
211169
211258
211289
211539
212127
212266
212274
212283
212401
212439
212554
212615
212709
212894
212928
213183
213591
214046
214050
214117
214235
214333
214354
214430
214482
214569
214618
214684
215204
215270
215273
215297
215380
215522
215565
215908
215910
216069
216098
216119
216223
216512
216563
216632
216701
216921
217208
217275
217484
217587
217808
217889
218046
218142
218154
218223
218277
218292
218381
218508
218684
218761
218791
218801
218829
218840
218952
219054
219187
219227
219253
219298
219335
219453
219470
219793
219799
220146
220246
220395
220422
220477
220743
220834
220935
220961
221038
221167
221374
221534
221657
221750
221754
221864
221891
221990
222027
222463
222517
222697
222765
222799
223067
223101
223115
223150
223601
223757
223821
223831
224015
224036
224057
224069
224588
224610
224861
224892
224899
224945
225249
225364
225366
225390
225612
225717
225783
225933
225942
226029
226138
226468
226514
226526
226553
226558
226671
226723
226941
226981
227135
227182
227399
227435
227504
227585
227769
227805
227832
227867
228065
228135
228135
228163
228575
228578
228663
229079
229188
229201
229252
229265
229274
229487
229656
229760
229784
230063
230181
230189
230289
230388
230411
230412
230638
230649
230793
230906
230941
230983
231097
231158
231169
231198
231269
231289
231455
231696
231807
231909
232135
232187
232197
232202
232268
232297
232311
232409
232412
232514
232532
232615
232616
232644
232684
232764
232894
233008
233096
233222
233313
233322
233378
233386
233447
233675
233752
233787
233793
233800
233949
234060
234217
234304
234351
234365
234378
234472
234800
234813
234908
235172
235188
235319
235460
235487
235505
235574
235768
235772
235818
235895
236023
236170
236373
236773
236940
236944
237073
237127
237249
237254
237378
237914
238036
238207
238211
238250
238274
238278
238425
238434
238572
238588
238760
238993
239013
239053
239144
239338
239381
239402
239463
239657
239731
239786
239868
239999
240172
240179
240184
240233
240414
240440
240478
240610
240737
240752
240761
240782
240945
240948
241013
241261
241319
241354
241437
241554
241559
241743
241904
242171
242282
242294
242414
242441
242482
242563
242673
242705
242714
242753
242867
242944
243124
243132
243132
243183
243226
243380
243638
244021
244299
244386
244512
244516
244658
244813
244903
244994
245102
245115
245206
245606
245705
245707
246121
246271
246319
246718
247077
247284
247304
247619
247685
247697
247754
247798
247957
248151
248153
248358
248364
248366
248517
248538
248900
248948
248955
249034
249370
249397
249810
249889
249936
249991
250268
250285
250600
250650
250677
250766
250943
250991
251056
251082
251088
251090
251224
251333
251359
251374
251475
251713
251716
251748
251856
252014
252107
252176
252249
252274
252351
252555
252705
252763
252765
252836
252877
253031
253132
253285
253299
253325
253496
253783
253867
253900
253989
254239
254278
254328
254385
254529
254535
254613
254724
254746
254795
254815
254835
254844
254902
254987
255055
255166
255236
255260
255310
255353
255362
255478
255502
255652
255680
255698
255701
255985
256012
256080
256224
256352
256356
256479
256937
257192
257219
257255
257321
257390
257391
257672
257688
257713
257750
257876
258095
258405
258502
258700
258753
258788
259031
259093
259104
259122
259215
259413
259458
259498
259645
259673
259678
259777
259831
259855
259930
260072
260157
260282
260361
260387
260437
260632
260782
260934
260957
261037
261181
261268
261301
261376
262026
262146
262210
262216
262386
262609
262813
262813
263292
263513
263785
263813
263817
263861
264005
264170
264195
264223
264252
264320
264329
264469
264509
264512
264533
264765
264809
264882
264908
264933
264934
265143
265184
265411
265565
265658
265744
266042
266121
266122
266257
266488
266558
266594
266697
266703
267021
267086
267201
267329
267645
267652
267693
267743
267783
267849
267933
268062
268561
268711
268972
269015
269052
269226
269298
269302
269889
270045
270115
270123
270148
270221
270242
270338
270376
270461
270736
270766
270768
270853
270970
270976
271237
271357
271416
271570
271697
271938
271954
272006
272028
272180
272331
272384
272450
272451
272508
272544
272603
272657
272846
272908
272935
272939
273108
273213
273305
273307
273412
273477
273512
273646
273689
273873
273917
273979
274013
274396
274422
274541
274578
274672
274746
275013
275120
275234
275384
275412
275439
275525
275537
275542
275699
275858
276003
276099
276159
276256
276260
276272
276278
276412
276628
276636
276637
276726
276762
276763
277158
277212
277247
277380
277392
277636
277915
278243
278283
278483
278487
278524
278610
278856
278945
279106
279123
279137
279138
279204
279262
279351
279501
279514
279538
279838
280114
280126
280342
280461
280709
280710
280735
280742
280829
280838
281120
281170
281293
281303
281323
281367
281389
281651
281670
281959
282122
282170
282402
282593
282831
283006
283237
283444
283473
283652
283787
283999
284075
284171
284261
284295
284395
284427
284872
284882
284961
285023
285030
285060
285127
285251
285911
285958
286119
286147
286206
286246
286248
286397
286464
286567
286660
286731
286767
286835
286986
287116
287296
287324
287374
287468
287547
287685
287741
287770
288012
288059
288098
288158
288241
288390
288450
288597
288692
288814
288855
288965
289031
289189
289211
289534
289654
289669
289744
289822
290105
290226
290314
290317
290404
290422
290478
290610
290682
290702
290711
290894
290948
291025
291027
291135
291151
291173
291265
291569
291724
291754
291939
292002
292051
292114
292150
292416
292518
292537
292619
292751
292895
292922
293029
293124
293166
293184
293234
293424
293633
293736
293821
293881
293908
294007
294147
294184
294244
294341
294501
294624
294968
295269
295286
295315
295398
295460
295719
295883
295887
295977
296001
296083
296129
296231
296383
296423
296524
296721
296760
296767
296878
296981
297091
297147
297290
297577
297694
297702
297727
297748
297831
297979
298172
298189
298472
298515
298659
298702
298716
298836
299220
299386
299694
299726
299877
300090
300279
300462
300469
300673
300786
301044
301097
301279
301299
301398
301625
301664
301926
302106
302186
302345
302362
302460
302495
302545
302583
302664
302888
302987
303072
303093
303106
303268
303411
303800
303834
304162
304350
304375
304430
304501
304557
304763
304895
304953
305247
305363
305387
305409
305415
305487
305640
305739
305799
306060
306077
306188
306356
306588
307083
307107
307228
307308
307347
307458
307641
307767
308098
308099
308183
308213
308242
308340
308342
308365
308619
308654
308830
309165
309311
309331
309585
309599
309698
309893
310065
310186
310199
310228
310286
310430
310502
310518
310632
310883
310977
311003
311030
311295
311408
311468
311548
311559
311633
311701
311832
312182
312185
312365
312567
312574
312661
312740
312747
312754
312827
312829
312843
313072
313157
313176
313220
313261
313304
313370
313393
313438
313439
313539
313704
313891
314205
314479
314553
314610
314742
314929
315047
315081
315179
315377
315438
315662
315774
315857
315882
316120
316370
316659
316852
317123
317275
317420
317632
317875
317916
318083
318128
318347
318445
318481
318608
318743
318847
318954
318961
318994
319143
319173
319200
319289
319338
319362
319404
319408
319464
319471
319496
319642
319650
319657
319697
319739
319767
319821
320012
320042
320238
320302
320329
320468
320548
320571
320791
320811
320812
321044
321094
321127
321138
321150
321679
321938
321950
322269
322346
322405
322414
322417
322420
322511
322552
322560
322562
322650
322676
322874
322957
322964
322978
323165
323300
323566
323673
323800
323864
324081
324109
324180
324284
324292
324311
324539
324609
324727
324801
324927
324948
325035
325040
325151
325392
325534
325539
325646
326107
326209
326404
326460
326558
326564
326602
326806
326830
326843
326870
326904
326905
326913
326948
327184
327190
327486
327708
327850
327964
327996
328076
328215
328321
328321
328546
328555
328632
328637
328723
328815
328879
328979
329014
329049
329189
329259
329624
329740
329752
329824
329910
329925
329974
329998
330196
330355
330382
330435
330455
331014
331015
331054
331270
331406
331665
331674
331757
331854
331947
332029
332031
332045
332201
332316
332547
332582
332588
332694
332694
332747
332836
332875
333169
333192
333221
333318
333323
333482
333623
333786
334200
334430
334535
334626
334627
334692
334751
334982
334994
335029
335232
335513
335606
335634
335660
335696
335912
336038
336163
336255
336331
336365
336389
336442
336513
336514
336537
336717
336748
336814
336862
337052
337209
337245
337780
337913
337967
338474
338578
338601
338606
338697
338723
339001
339052
339060
339060
339078
339274
339292
339411
339586
339617
339681
339859
339861
339970
340011
340015
340053
340123
340235
340272
340428
340503
340753
340896
340899
340911
340913
340949
340973
341138
341561
341573
341764
341862
341894
342017
342387
342516
342606
342616
342713
342720
342771
342821
342879
343001
343072
343079
343197
343246
343250
343436
343627
344118
344158
344260
344359
344513
344606
344724
344791
344811
344958
345180
345195
345253
345386
345517
345676
345685
345757
345923
345949
346248
346292
346322
346560
346642
346740
346745
346981
347014
347374
347415
347439
347483
347485
347496
347521
347586
347626
347680
347738
347803
348142
348268
348346
348350
348420
348540
348546
348654
348690
348850
348863
349219
349231
349244
349260
349260
349290
349383
349400
349497
349746
349796
350016
350087
350097
350329
350619
350732
351121
351139
351280
351321
351661
351693
351818
351819
351874
351993
352037
352454
352470
352490
352531
352564
352568
352702
352904
353053
353178
353200
353227
353294
353478
353489
353492
353563
353571
353820
353984
354078
354150
354260
354275
354284
354374
354445
354573
354597
354812
354988
355028
355046
355214
355267
355357
355486
355553
355609
355729
355926
356068
356091
356134
356164
356216
356243
356557
356625
356730
356739
356752
356885
356931
356948
356952
357029
357103
357122
357387
357549
357704
357732
357907
357933
358017
358025
358045
358046
358151
358232
358278
358305
358562
358646
358938
358988
359000
359111
359138
359194
359582
359689
359815
359816
359856
359996
359997
360039
360045
360078
360153
360182
360318
360370
360409
360545
360668
360686
360801
360980
361232
361345
361404
361511
361582
361596
361693
361864
362099
362189
362301
362360
362411
362572
362573
362641
362731
362801
362960
362990
363170
363246
363400
363518
363580
363600
363633
363652
363759
363771
363867
363908
363973
364062
364077
364142
364329
364364
364398
364434
364712
364867
364951
364988
365020
365075
365303
365451
365544
365733
365763
365847
365868
365914
366021
366107
366125
366288
366643
366740
366843
366938
367392
367452
367479
367480
367549
367741
367788
367793
367851
367927
368082
368243
368336
368485
368518
368526
368568
368818
368891
368904
368922
368998
369021
369117
369274
369401
369470
369536
369548
369563
369677
369791
369842
369896
369938
369972
369988
370243
370269
370435
370573
370576
370696
370781
370924
371027
371065
371081
371093
371131
371164
371222
371254
371656
371745
371785
371807
371937
371992
372009
372024
372081
372238
372260
372294
372342
372379
372393
372445
372487
372576
372673
372720
372721
372791
373177
373550
373615
373636
373737
373768
373835
373840
373885
374182
374310
374342
374357
374448
374686
374826
374830
375097
375254
375389
375452
375509
375748
375752
375787
375965
376101
376125
376283
376425
376451
376577
376626
376779
376968
377028
377197
377199
377257
377359
377597
377629
377643
378166
378204
378227
378275
378345
378654
379088
379289
379351
379434
379486
379705
379724
379823
379826
379885
379890
380018
380047
380055
380077
380082
380109
380172
380302
380312
380651
380656
380772
381018
381024
381026
381099
381111
381228
381295
381439
381531
381667
381849
382011
382084
382085
382228
382456
382513
382719
382809
382831
382884
383042
383198
383239
383359
383461
383545
383559
383570
383639
383734
383933
383967
383971
384059
384116
384213
384431
384465
384491
384683
384787
384947
385157
385271
385364
385438
385456
385510
385513
385647
385761
385811
386269
386338
386440
386606
386622
386729
386753
386880
387509
387819
387917
388008
388242
388330
388365
388445
388680
388680
388722
388731
388841
388846
388935
389022
389223
389348
389475
389585
389955
390064
390084
390289
390449
390552
390634
390714
390981
391006
391082
391098
391265
391376
391406
391529
391531
391648
391734
391773
391793
391801
391855
391987
392181
392540
392605
392632
392855
392907
393121
393365
393462
393478
393666
394199
394234
394306
394529
394575
394665
394684
394890
394929
394948
395039
395303
395347
395461
395492
395512
395547
395643
395655
395671
395822
395910
395944
396158
396240
396542
396670
396710
396722
396766
396831
396835
396900
396943
396974
397214
397267
397622
397742
397761
397764
397874
397905
397910
398396
398458
398653
398786
398814
398962
399264
399277
399368
399463
399504
399567
399755
399860
399879
399889
399941
400321
400418
400603
400745
400992
401000
401226
401294
401320
401444
401535
401564
401596
401647
401687
401690
401831
401862
401879
401959
401968
402058
402062
402093
402325
402372
402568
402597
402694
402810
402975
403006
403052
403221
403248
403457
403556
403560
404032
404061
404226
404468
404702
404723
404758
404819
404889
404946
405124
405153
405186
405256
405320
405323
405579
405645
405658
405844
405963
406156
406316
406335
406495
406598
406630
406647
406691
406732
406816
406933
407005
407159
407181
407261
407335
407408
407458
407493
407513
407522
407685
407967
408129
408178
408257
408361
408454
408494
408589
408720
408737
408953
409084
409324
409352
409470
409555
409643
409669
409738
409846
410105
410165
410252
410403
410758
410805
410817
410842
410885
410966
410988
411134
411150
411329
411332
411414
411543
411598
411792
411876
411878
411990
412175
412367
412392
412478
412520
412531
412630
412632
412641
412689
412705
412738
412786
413166
413297
413321
413500
413674
413714
413731
413742
413868
413918
413960
414004
414054
414189
414520
414575
414731
414741
414838
414877
414918
415094
415129
415283
415332
415404
415434
415450
415482
415552
415671
415705
416060
416070
416083
416412
416517
416665
416668
416686
416697
416733
416770
416783
416815
416988
417016
417086
417112
417114
417218
417396
417515
417522
417559
417701
417728
417737
417772
418259
418298
418396
418413
418436
418458
418485
418520
418538
418692
418708
418832
418855
419172
419203
419223
419464
419604
419630
419673
419679
419686
419725
419741
420135
420206
420284
420566
420864
421101
421109
421650
421688
421989
422064
422130
422146
422269
422279
422384
422507
422533
422662
422735
422743
422783
422805
422825
422937
423001
423144
423237
423275
423303
423388
423441
423575
423755
423784
423859
423950
424364
424425
424454
424517
424590
424847
425014
425236
425276
425538
425630
425895
426006
426064
426099
426134
426143
426143
426381
426543
426778
426790
426920
427011
427071
427292
427491
427524
427561
428080
428152
428275
428488
428578
428673
428722
428745
428766
428833
428928
429047
429060
429424
429474
429526
429578
429650
429819
429926
429928
429956
430098
430153
430210
430361
430735
431173
431253
431314
431342
431408
431541
431715
431751
431788
431841
431873
431905
431966
432056
432056
432143
432257
432340
432663
432880
433061
433236
433255
433295
433356
433472
433538
433862
434028
434064
434285
434311
434376
434618
434754
434778
434799
434958
435071
435118
435156
435230
435299
435691
435714
435870
436348
436472
436783
436859
436920
437385
437516
437521
437546
437558
437626
437763
438328
438467
438525
438529
438594
438811
438876
438892
438895
438929
439082
439158
439377
439432
439606
439854
439960
440000
440002
440026
440054
440286
440313
440345
440397
440415
440447
440458
440492
440751
440930
441166
441180
441342
441460
441538
441539
441620
441718
441877
441889
441919
441993
442016
442045
442045
442118
442213
442363
442368
442450
442488
442548
442668
442711
442812
442868
443087
443095
443134
443415
443440
443604
443604
443779
443995
444273
444330
444420
444463
444471
444673
444725
444760
444768
444791
444823
445214
445544
445550
445562
445630
445649
445649
445664
445893
445897
446064
446100
446224
446445
446536
446924
446988
447059
447345
447436
447718
447914
447916
447929
448046
448074
448453
448472
448491
448674
448763
448822
448831
448878
448915
448919
449034
449133
449175
449189
449347
449495
449552
449907
449951
450119
450247
450264
450313
450372
450562
450569
450697
450960
450998
451003
451007
451014
451117
451130
451305
451402
451492
451883
451922
452141
452217
452438
452582
452763
452992
453077
453087
453321
453541
453596
453676
453698
453727
453747
453749
453762
453827
453860
454040
454113
454167
454277
454285
454388
454629
454945
455223
455253
455291
455571
455628
455765
456030
456044
456181
456200
456370
456440
456487
456519
456661
456719
456793
456902
456964
457045
457317
457591
457596
457612
457918
457953
458028
458087
458263
458279
458404
458472
458673
458848
459001
459086
459163
459165
459194
459205
459423
459973
460025
460065
460132
460159
460188
460313
460328
460587
460721
460757
460838
460901
461069
461111
461253
461401
461405
461648
461814
461822
462028
462111
462161
462178
462283
462432
462468
462616
462687
462825
463062
463077
463085
463233
463282
463327
463367
463474
463530
463599
463687
463848
463853
464077
464111
464148
464509
464659
464663
464957
465096
465218
465290
465492
465552
465604
465731
465775
465794
466052
466252
466504
466520
466549
466894
467107
467273
467290
467412
467423
467560
467572
467692
467872
467981
468013
468670
468782
468887
468984
469145
469152
469230
469455
469551
469571
469768
469789
469937
469977
470029
470102
470118
470227
470349
470790
470926
471032
471073
471104
471209
471235
471374
471445
471645
471731
471826
472079
472262
472333
472450
472462
472637
472696
472825
472871
472887
472907
473007
473068
473075
473133
473196
473252
473494
473553
473718
473792
473832
473927
474181
474417
474581
474617
474617
474639
474668
474689
474705
474867
474967
475071
475117
475397
475447
475452
475499
475565
475745
475765
475786
475795
475867
476045
476045
476052
476063
476117
476137
476202
476505
476540
476944
477017
477029
477090
477173
477310
477376
477677
478183
478246
478353
478416
478489
478635
478797
478800
478940
479006
479333
479493
479623
479926
480350
480404
480428
480452
480531
480573
480662
480672
480692
480801
480842
480949
481058
481117
481283
481609
481696
481756
481767
481988
482066
482453
482520
482619
482659
482817
482938
483047
483204
483235
483240
483275
483411
483515
483683
483858
483886
483894
484106
484216
484305
484565
484612
484967
485005
485075
485202
485315
485352
485365
485416
485440
485555
485935
485978
486195
486254
486325
486546
486572
486744
486790
487079
487458
487472
487524
487933
488062
488171
488577
488760
488839
488926
488947
488971
489017
489017
489087
489233
489259
489442
489515
489570
489623
489623
489634
489665
489668
489840
489945
489969
489977
490045
490070
490117
490137
490255
490545
490566
490653
490655
490671
490676
490926
490988
491170
491188
491399
491513
491652
491827
491854
492050
492055
492064
492065
492181
492547
492558
492657
492725
492731
492749
492800
492872
493092
493106
493146
493244
493356
493394
493417
493520
493655
493680
493713
493720
493747
493816
493903
493937
494021
494135
494136
494137
494140
494223
494496
494612
494644
494714
495000
495008
495158
495300
495310
495383
495386
495428
495482
495495
495501
495593
495708
495910
495943
495984
496047
496267
496375
496518
496534
496560
496598
496808
496868
496874
497097
497394
497438
497488
497635
497643
497648
497730
497755
498244
498289
498322
498428
498463
498545
498650
498886
498976
499061
499393
499525
499560
499572
499664
499691
499859
499882
500041
500072
500122
500127
500157
500185
500246
500459
500516
500550
500743
500760
500831
500877
500931
500975
501169
501209
501246
501602
501697
501746
501936
501953
502149
502180
502278
502292
502315
502344
502403
502449
502626
502693
502857
502926
503009
503076
503096
503108
503284
503351
503394
503546
503566
503683
503703
503770
503773
503944
503968
504041
504789
504920
505089
505148
505314
505575
505678
505790
505898
505968
506052
506119
506146
506208
506283
506367
506447
506462
506492
506596
506696
506734
506809
506849
506870
506970
507077
507080
507101
507154
507237
507388
507481
507533
507632
507692
507809
507886
507950
508004
508123
508139
508371
508490
508611
508657
508711
508716
508936
509156
509350
509548
509561
509728
509784
509831
509843
509852
509890
510062
510092
510275
510322
510431
510601
510666
510769
510788
510917
511206
511369
511405
511435
511444
511449
511506
511615
511725
511784
511869
511963
512026
512058
512077
512384
512482
512510
512796
512893
512924
513096
513147
513346
513369
513494
513507
513659
513722
513978
513985
513999
514136
514271
514418
514429
514446
514575
514598
514720
514720
514892
514899
514903
514913
515010
515017
515405
515610
515646
515670
515982
516070
516085
516228
516321
516343
516416
516463
516541
516596
516674
516847
516882
517088
517090
517570
517630
517680
517853
517961
518088
518104
518288
518340
518346
518467
518524
518630
518996
519057
519241
519313
519461
519539
519734
519834
519877
520006
520120
520122
520126
520254
520292
520443
520726
520758
520778
520826
520859
521070
521303
521307
521335
521491
521545
521555
521644
521702
521773
521915
522180
522271
522414
522450
522473
522580
523063
523309
523799
523821
523835
523880
523946
524123
524165
524266
524290
524650
524668
524887
525057
525388
525466
525607
525699
525813
525843
525883
525938
526005
526222
526314
526469
526641
526759
526911
526930
526948
527003
527168
527354
527461
527464
527612
528185
528359
528365
528378
528400
528451
528481
528562
528636
528748
528875
528893
529292
529878
529917
530241
530290
530459
530512
530644
530798
530859
531069
531113
531144
531165
531178
531235
531461
531467
531501
531599
531810
531831
532012
532229
532359
532399
532412
532490
532530
532707
532765
532787
532810
532838
532860
532890
532969
533034
533232
533320
533545
533568
533628
533635
533710
533731
533815
533853
533854
534025
534045
534099
534210
534454
534462
534580
534676
534733
534753
534776
534885
534898
535090
535204
535254
535376
535390
535668
535810
535978
536212
536246
536251
536374
536375
536523
536555
536582
536674
536748
536825
536900
537267
537270
537280
537299
537360
537388
537465
537588
537699
537719
537910
538038
538064
538167
538212
538424
538474
538647
538691
538745
538891
538920
539070
539183
539183
539188
539471
539514
539542
539636
539765
539910
540032
540110
540235
540465
540492
540559
540579
540967
541009
541091
541140
541220
541238
541259
541306
541329
541362
541374
541456
541833
541836
542011
542237
542280
542312
542338
542358
542392
542776
543085
543096
543143
543297
543305
543513
543581
543701
543704
543892
543928
544038
544091
544162
544278
544304
544353
544464
544491
544809
544844
544877
544962
545039
545058
545125
545128
545151
545169
545173
545279
545366
545573
545574
545936
546121
546127
546223
546248
546292
546331
546350
546499
546861
547059
547079
547100
547146
547262
547309
547328
547339
547363
547414
547637
547684
547813
547870
547911
548043
548049
548111
548148
548268
548332
548449
548493
548504
548564
548731
549075
549217
549285
549337
549355
549598
549634
549854
549897
549914
549956
550018
550021
550036
550057
550484
550754
550970
551305
551375
551415
551501
551514
551652
551844
551943
551953
551971
551986
552191
552211
552353
552445
552602
552679
552694
552762
552875
553098
553133
553148
553183
553195
553301
553347
553357
553447
553603
553830
553856
554372
554531
554710
554775
554849
554867
554924
554997
555068
555165
555549
555564
555585
555677
555872
555880
555940
556074
556096
556134
556170
556170
556396
556455
556831
556861
556906
556956
557050
557150
557389
557698
557746
557795
557864
558113
558302
558338
558340
558358
558432
558469
558834
559012
559064
559322
559437
559554
559578
559666
560048
560060
560069
560144
560236
560355
560399
560835
560903
561122
561144
561195
561256
561267
561378
561400
561430
561454
561465
561507
561953
561990
562214
562302
562330
562391
562445
562493
562544
562581
562657
562740
562769
563098
563175
563221
563257
563351
563353
563482
563583
563969
563985
564050
564084
564259
564758
564912
565053
565254
565299
565342
565363
565546
565600
565619
565772
565794
565847
565938
565996
566194
566402
566631
566945
567134
567349
567733
567817
567916
568065
568193
568240
568255
568273
568302
568329
568331
568426
568775
568804
569018
569125
569170
569338
569354
569405
569561
569619
569952
569959
569962
570048
570262
570270
570519
570947
571005
571313
571562
571743
571898
571901
571907
571954
572076
572127
572395
572498
572639
572766
572901
572927
573170
573338
573373
573481
573498
573681
573692
573756
573871
573954
574104
574106
574508
574531
574958
574998
575474
575649
575777
575795
575976
576104
576170
576178
576471
576531
576573
576718
576813
576817
576904
576964
576965
577029
577074
577154
577265
577278
577332
577385
577650
577831
577831
577895
577919
578029
578226
578260
578276
578560
578582
578601
578648
578660
578673
578717
578744
578859
578930
579182
579270
579403
579483
579585
579790
579812
579872
579931
580119
580829
580843
580987
581199
581255
581374
581395
581403
581659
581729
581765
581782
581812
581864
581903
581910
581918
581942
582172
582286
582287
582839
583367
583390
583836
583852
583931
584006
584098
584216
584370
584383
584419
584566
584595
584824
584844
584852
584868
584913
585055
585114
585143
585315
585414
585531
585632
585816
585827
585837
585939
585997
586022
586117
586238
586491
586544
586912
586954
587055
587114
587212
587234
587446
587532
587961
588227
588238
588247
588257
588276
588353
588426
588607
588682
588700
588861
588885
588897
589074
589256
589266
589325
589342
589462
589688
589689
589704
589800
589804
589862
590244
590290
590348
590428
590449
590524
590776
590848
590924
590993
591238
591290
591349
591401
591425
591537
591569
591621
591660
591708
591780
591957
592127
592167
592169
592215
592314
592490
592627
592667
592682
592703
592789
592877
593036
593143
593446
593564
593719
593726
593734
593764
593861
593899
594189
594237
594322
594352
594447
594542
595126
595155
595196
595491
595952
596136
596707
596996
597152
597317
597488
597593
597597
597754
597807
598115
598131
598134
598183
598224
598315
598596
598649
598690
598786
598790
598836
598839
598878
599114
599279
599318
599511
599605
599631
599645
599698
599702
599817
599867
599957
600079
600090
600142
600213
600239
600358
600412
600417
600512
600541
600632
600716
600779
600780
600931
600963
600992
601043
601051
601172
601375
601399
601543
601638
601696
601867
602008
602028
602133
602168
602202
602416
602422
602510
602703
602778
602913
603158
603268
603378
603416
603465
603664
603706
603922
604115
604149
604172
604203
604253
604553
604824
604855
604881
604919
605001
605072
605200
605365
605553
605636
605693
605696
606129
606334
606393
606446
606509
606528
606579
606614
606693
606833
606964
607065
607098
607118
607169
607251
607252
607336
607363
607365
607462
607512
607595
607972
607991
607995
608064
608268
608333
608366
608519
608530
608713
608814
608878
609020
609034
609051
609196
609270
609351
609371
609475
609494
609673
609690
609775
609862
609875
609889
609971
609991
609993
610006
610178
610180
610313
610376
610522
610571
610633
610691
610745
610806
610811
611006
611222
611383
611482
611488
611520
611645
611700
611874
611970
612096
612203
612308
612387
612459
612488
612536
612570
612627
612840
612933
613090
613338
613410
613526
613649
613757
613764
614028
614142
614242
614282
614365
614549
614566
614665
614729
614844
614938
614957
614981
615174
615248
615357
615367
615546
615556
615786
615788
615830
615839
615847
616350
616351
616422
616429
616637
616838
616840
617174
617321
617379
617432
617548
617576
617765
617848
617852
617928
618070
618484
618503
618676
618779
618793
619132
619133
619168
619228
619373
619510
619582
619626
619909
620147
620147
620449
620495
620573
620583
620595
620696
620732
621096
621134
621261
621284
621357
621496
621699
621786
621895
621945
621999
622053
622112
622342
622552
622789
622905
623019
623113
623230
623471
623550
623595
623619
623655
623681
623689
623867
623922
623954
623974
624025
624179
624279
624345
624561
624596
624660
624728
624858
624899
624905
625031
625194
625198
625457
625627
625769
625783
625832
625878
626079
626089
626351
626471
626488
626534
626655
626884
626928
626999
627067
627134
627198
627215
627222
627267
627526
627528
627844
628137
628482
628532
628601
628664
628727
628920
629120
629266
629317
629371
629402
629403
629468
629543
629652
629720
629860
629908
629931
629986
630051
630068
630100
630384
630427
630520
630692
630785
630796
630848
630869
630886
631002
631271
631350
631373
631409
631579
631628
631829
631874
631890
631988
632139
632139
632158
632410
632507
632550
632751
632817
632853
633057
633215
633343
633353
633385
633491
633630
633852
634023
634042
634043
634188
634244
634259
634437
634490
634758
634959
634985
635100
635276
635284
635303
635395
635467
635567
635632
635667
635754
635755
635837
635879
636244
636433
636478
636488
636582
636682
636897
636981
637038
637083
637100
637138
637151
637240
637291
637348
637360
637360
637497
638005
638038
638087
638089
638123
638164
638240
638271
638369
638447
638551
638680
638786
638861
638906
638945
638988
639031
639050
639105
639135
639184
639313
639335
639536
639561
639603
639683
639737
639868
639893
640120
640134
640161
640162
640194
640205
640226
640277
640376
640383
640534
640573
640723
640774
640838
640897
641209
641243
641265
641495
641555
641769
641806
641937
642228
642648
642733
642745
642793
642913
642985
643127
643204
643244
643313
643446
643540
643541
643602
643656
644067
644173
644374
644585
644594
644667
644721
644828
644842
644997
645042
645125
645274
645389
645526
645566
645676
645794
645861
645892
645931
646157
646195
646230
646316
646343
646348
646512
646586
646732
646826
646860
646942
647164
647399
647445
647648
647904
647951
647999
648152
648162
648192
648399
648442
648583
648722
648845
648874
649062
649108
649228
649483
649521
649623
649746
649769
649782
649844
649973
650011
650052
650281
650287
650371
650450
650483
650660
650706
650726
650731
650753
650759
650794
650842
651141
651248
651380
651397
651403
651588
651632
651745
651767
651875
651926
652431
652483
652544
652609
652664
652793
652794
652815
652928
653111
653132
653189
653276
653338
653361
653419
653449
653511
653582
653617
653668
653705
653798
653805
653870
654020
654058
654198
654218
654430
654651
654759
654768
654843
654973
655047
655127
655220
655224
655227
655272
655575
655772
655885
655965
656304
656759
656810
657041
657088
657519
657576
657622
657726
657795
657886
657915
657925
657940
657955
657965
658224
658292
658416
658519
658601
658651
658652
658833
659096
659271
659560
659572
660330
660352
660454
660645
660811
660891
660918
660965
661108
661191
661266
661325
661439
661549
661583
661700
661786
661847
661857
662211
662225
662266
662498
662599
662825
662915
663046
663120
663453
663600
663674
663743
663766
663977
663996
664064
664339
664362
664663
664679
664784
664913
665064
665152
665222
665229
665249
665289
665295
665703
665936
666017
666045
666085
666169
666189
666398
666575
666625
666746
666754
666791
666863
667432
667457
667501
667550
667596
667639
667674
667706
667734
667805
667811
667875
667886
668015
668136
668141
668233
668272
668321
668330
668463
668514
668571
668789
668899
668927
669009
669064
669125
669143
669162
669199
669327
669399
669633
670035
670055
670070
670285
670624
670668
670715
670721
670721
670768
670849
670990
671039
671172
671210
671368
671516
671660
671751
671797
671872
671874
672042
672144
672147
672166
672346
672521
672541
672626
672868
672903
672945
673011
673111
673133
673142
673156
673230
673312
673382
673414
673681
673716
673754
673780
673954
674342
674362
674425
674529
674620
674644
674856
675312
675385
675411
675472
675519
675615
675721
675774
676306
676567
676595
676603
676615
676724
676735
676915
676943
676965
676967
677030
677087
677096
677212
677265
677307
677484
677551
677554
677675
677799
677888
677977
678154
678366
678392
678678
678750
678962
678999
679043
679152
679252
679274
679378
679525
679635
679696
679729
679888
680035
680397
680452
680653
680669
680746
680802
680839
680843
680876
681139
681259
681403
681584
681618
681631
681646
681806
681912
682140
682218
682523
682840
683019
683129
683206
683261
683372
683394
683489
683532
683554
683672
683895
683916
683930
684146
684185
684361
684453
684524
684608
684943
684961
685144
685230
685237
685300
685336
685542
685633
685837
685882
686027
686111
686135
686419
686472
686613
686743
686791
686867
687223
687227
687308
687431
687618
687656
688095
688388
688479
688594
688724
688894
689123
689242
689324
689649
689670
689679
689768
689891
690123
690191
690210
690212
690257
690330
690609
690753
690765
690814
690910
690949
690999
691047
691149
691269
691294
691344
691509
691536
691588
691728
691730
691797
691799
691845
691848
691852
691880
691895
692005
692053
692269
692370
692620
692627
692654
692663
692910
693087
693140
693320
693328
693332
693362
693646
693647
693861
693909
693950
693961
693969
694049
694181
694315
694387
694613
694623
694665
694767
694855
694902
694935
695036
695146
695305
695416
695789
695796
695961
696112
696195
696250
696504
696566
696582
696582
696637
696659
696823
696985
697287
697316
697572
697617
697669
697738
697781
697802
697881
697983
698072
698193
698218
698371
698487
698502
698577
698743
698773
698960
699004
699172
699230
699356
699455
699472
699557
699765
699999
700065
700136
700201
700260
700669
700697
700731
700891
701002
701011
701090
701118
701118
701230
701246
701285
701353
701448
701684
701817
701844
701890
701929
701947
701949
702070
702160
702220
702643
702817
702855
703001
703048
703132
703194
703327
703349
703393
703660
703796
703942
703986
704086
704102
704125
704141
704513
704552
704630
704721
704731
704757
704897
705043
705102
705105
705269
705300
705308
705439
705581
705668
705869
705880
705916
705992
706083
706282
706414
706478
706497
706553
706638
706641
706845
707017
707072
707273
707434
707479
707504
707620
707719
707771
707778
707833
707881
708028
708225
708240
708258
708326
708387
708443
708452
708467
708799
708999
709012
709016
709152
709415
709465
709513
710244
710397
710487
710498
710506
710679
710833
710881
710907
710961
711071
711131
711157
711178
711214
711397
711454
711514
711537
711549
711552
711668
711680
711767
711773
711932
711965
712031
712073
712087
712217
712615
712867
712923
712973
713082
713107
713295
713358
713549
713754
713784
713827
713836
713925
714210
714423
714532
714710
714765
714772
714909
714919
715058
715080
715170
715338
715555
715570
715632
715680
715755
715836
715936
715998
716038
716129
716216
716271
716296
716491
716656
716713
716832
717003
717087
717105
717176
717251
717281
717456
717495
717498
717515
717578
717602
717674
717995
718020
718031
718089
718121
718526
718561
718594
718815
719012
719050
719082
719128
719166
719266
719266
719280
719290
719335
719377
719562
719738
720000
720007
720019
720049
720491
720752
720790
720906
721129
721308
721434
721457
721499
721620
721679
721801
722019
722067
722087
722114
722222
722278
722328
722607
722659
722679
722694
722779
722839
722873
722906
722976
723173
723196
723274
723521
723537
723582
723670
723885
724027
724071
724119
724473
724541
724634
724667
724728
724746
724773
725069
725101
725135
725245
725249
725289
725319
725450
725574
725617
725673
725759
725766
725777
725805
725860
725978
726039
726228
726294
726353
726586
726617
726696
726834
726917
727244
727327
727435
727437
727476
727542
727606
727742
728085
728292
728304
728442
728499
728593
728763
728808
728870
729061
729262
729284
729362
729754
729857
730290
730381
730582
730935
731034
731040
731189
731287
731384
731540
731585
731626
731647
731677
731762
731852
731928
732058
732070
732136
732510
732644
732835
733006
733066
733203
733239
733359
733363
733388
733501
733577
733659
733716
733743
734004
734157
734175
734199
734252
734326
734662
734748
734763
734783
734841
734972
734993
735007
735055
735080
735087
735103
735120
735122
735376
735456
735794
735865
736142
736177
736207
736610
736852
736971
737110
737151
737220
737267
737295
737353
737372
737408
737424
737535
737545
737656
737810
737864
737914
737970
738136
738384
738671
738673
738678
738682
738893
738955
739003
739148
739159
739220
739221
739261
739453
739453
739484
739529
739545
739567
739588
739622
739754
739791
739906
740053
740231
740399
740410
740540
740572
740583
740637
740650
740709
740980
741069
741083
741182
741241
741271
741492
741501
741639
741970
742002
742005
742035
742152
742158
742225
742268
742306
742341
742366
742388
742418
742590
742706
742845
743017
743217
743221
743352
743384
743618
743659
743854
743972
744160
744185
744465
744470
744504
744612
744733
744745
744764
744896
745019
745217
745233
745334
745502
745933
745937
746103
746207
746261
746286
746434
746457
746470
746603
746781
746823
746842
746914
746917
747014
747200
747217
747228
747515
747580
747616
747841
748060
748127
748173
748178
748191
748262
748272
749040
749047
749099
749225
749408
749453
749491
749520
749853
749874
749914
750019
750161
750262
750382
750430
750452
750548
750623
750672
751193
751250
751432
751438
751550
751558
751744
751751
751869
751890
752366
752438
752692
752697
752711
752859
752928
753084
753101
753153
753255
753273
753505
753506
753610
753676
753678
753739
753822
753983
754097
754196
754382
754421
754471
754550
754565
754622
754684
754716
754732
754792
754814
754898
754903
754932
755084
755098
755124
755131
755163
755244
755367
755382
755397
755423
755427
755550
755585
755643
755655
755837
755938
756169
756337
756337
756440
756695
756700
756860
756960
756993
757323
757460
757476
757483
757508
757849
757994
758006
758013
758499
758777
758851
759061
759185
759555
759583
759613
759699
759704
759818
760063
760162
760188
760228
760343
760533
760591
760594
760669
760727
760840
761092
761100
761127
761248
762151
762152
762240
762262
762315
762337
762602
762664
762684
762833
762883
763024
763032
763309
763668
763738
763788
763800
763824
763952
763963
764063
764077
764149
764256
764281
764634
764751
764770
764817
764865
764925
764931
764950
765106
765161
765478
765673
765695
765802
765825
766066
766172
766215
766246
766409
766506
766538
766555
766673
766777
766778
766833
767091
767127
767191
767258
767555
767695
767772
767849
767888
767892
767916
768155
768165
768189
768279
768319
768320
768380
768394
768446
768563
768708
768721
768771
768834
768835
768949
769231
769260
769590
769628
769783
769941
770035
770357
770413
770489
770517
770612
770646
770832
770907
770931
770947
771000
771068
771148
771154
771303
771340
771363
771379
771504
771577
771587
771912
772046
772097
772107
772236
772556
772843
772898
772941
772986
773043
773130
773207
773232
773386
773530
773579
773648
773846
773966
774158
774262
774372
774404
774432
774560
774796
774852
774891
774939
774940
774946
775158
775337
775379
775520
775619
775626
775665
775794
775818
775966
776073
776132
776160
776187
776262
776327
776445
776548
776653
776730
776797
776915
777003
777013
777024
777301
777342
777712
777823
777845
777849
778072
778117
778185
778198
778243
778333
778558
778570
778574
778704
778800
779021
779028
779123
779127
779289
779509
779623
779634
779686
779723
779879
779987
780506
781052
781362
781409
781436
781624
781785
781979
782060
782356
782650
782686
782693
782722
782754
782787
782792
782813
782854
782856
782957
782998
783092
783223
783236
783516
783549
783600
783633
783705
783782
783929
783934
783965
784071
784351
784458
784479
784622
785079
785225
785333
785395
785455
785473
785510
785513
785522
785545
785599
785602
785648
785851
786003
786351
786618
786795
787004
787110
787205
787249
787264
787301
787396
787409
787423
787619
787749
787821
787840
787955
787977
788249
788286
788348
788503
788609
788621
788896
788899
789036
789152
789221
789430
789612
789709
789794
789843
789903
789928
790118
790365
790386
790432
790442
790503
790598
791145
791226
791412
791415
791420
791479
791490
791694
791871
791906
791922
792140
792434
792470
792562
792673
792812
792849
792891
792973
793276
793419
793719
793900
793973
793996
794239
794267
794414
794590
794800
795040
795132
795217
795241
795489
795642
795715
795881
796017
796020
796050
796177
796215
796248
796305
796379
796392
796406
796450
796715
796748
796782
796868
796964
796991
797030
797178
797182
797220
797235
797353
797355
797543
797666
797834
797839
798018
798123
798128
798196
798233
798386
798433
798453
798466
798494
798613
798842
798865
798884
798907
799047
799055
799061
799162
799677
799683
799758
799762
799787
799849
799882
799915
799975
800248
800267
800319
800390
800559
800585
800689
800798
800893
800962
800994
801067
801167
801290
801327
801376
801567
801568
801635
801771
801916
801948
801994
802147
802313
802527
802552
802722
802753
802914
803002
803134
803263
803328
803358
803659
804207
804406
804569
804835
804839
804923
804971
805063
805133
805197
805276
805526
805545
805574
805614
805926
806043
806098
806161
806261
806265
806265
806504
806541
806685
806768
806894
806904
806996
807037
807136
807300
807396
807453
807468
807571
807595
807730
807736
807854
808053
808305
808430
808655
808842
809305
809379
809449
809490
809722
809834
809860
809880
809938
810012
810105
810280
810283
810291
810318
810489
810515
810612
810631
810648
810775
810900
811097
811132
811388
811439
811478
811488
811536
811659
811992
812014
812100
812102
812143
812205
812399
812430
812657
812676
812678
812873
812892
812924
813026
813103
813499
813555
813612
813754
813763
813782
813830
813929
813956
814098
814282
814368
814379
814457
814600
814767
814768
814841
815158
815168
815335
815405
815558
815662
815702
815885
815922
815951
815996
816153
816289
816327
816569
816749
816819
816859
816879
816922
816974
817118
817175
817213
817255
817355
817510
817674
817675
817739
818016
818106
818201
818327
818334
818347
818432
818451
818767
818794
818958
818983
819003
819017
819088
819157
819298
819397
819463
819647
819652
819814
819847
819854
820297
820488
820565
820584
820726
820875
820908
820997
821134
821228
821237
821589
821612
821637
821779
821840
821909
821923
821956
822159
822338
822541
822566
822728
822839
822858
822872
823014
823036
823124
823127
823161
823187
823291
823564
823581
823651
823676
823786
823856
823858
823907
823986
823990
824002
824007
824076
824146
824188
824393
824510
824514
824566
824577
824612
824802
824830
824931
824989
824998
825042
825061
825146
825223
825289
825514
825559
825597
825645
825767
825959
826004
826053
826134
826457
826512
826531
826710
826791
826851
826920
826930
826953
827122
827139
827290
827310
827338
827350
827442
827502
827593
827728
827845
827874
828091
828151
828197
828319
828381
828550
828557
828672
828687
828773
828786
828858
828926
829004
829143
829146
829187
829252
829252
829267
829311
829326
829374
829606
829856
829879
829914
829972
830028
830052
830447
830493
830596
830619
830621
830834
830878
831593
831714
831758
831887
831899
831951
832184
832376
832386
832449
832454
832513
832566
832571
832709
832774
832830
832894
833007
833012
833090
833135
833150
833204
833282
833409
833436
833559
833759
833875
833922
834075
834089
834136
834265
834287
834382
834407
834619
834669
834715
834719
834720
834767
835224
835282
835490
835503
835591
835657
835665
835677
835767
835801
835848
835888
835909
835947
836077
836416
836457
836618
836662
836825
836892
836952
837206
837690
837722
837920
837960
838415
838429
838519
838710
839056
839119
839279
839399
839430
839459
839601
839720
840093
840104
840406
840512
840590
840600
840621
840657
840738
840896
840944
841009
841111
841279
841308
841322
841326
841514
841520
841549
841758
841783
841804
841843
841985
842042
842066
842088
842096
842247
842264
842346
842571
842725
842756
842926
843115
843228
843308
843433
843434
843450
843552
843762
843952
843972
844062
844296
844298
844332
844368
844481
844498
844566
844724
844734
844843
844871
844906
845111
845283
845340
845655
845912
845999
846017
846243
846473
846565
846650
847077
847086
847137
847159
847197
847355
847393
847608
847612
847649
847672
847707
848015
848049
848206
848276
848386
848426
848449
848488
848502
848921
848927
849081
849151
849211
849293
849295
849308
849361
849396
849402
849433
849594
849622
849711
849806
849824
850197
850202
850312
850429
850557
850575
850696
850773
851077
851079
851207
851263
851265
851380
851644
851677
851776
851832
851839
852201
852250
852267
852301
852344
852421
852638
852784
853377
853449
853454
853496
853565
853846
854011
854350
854420
854452
854459
854528
854578
854647
854730
854837
854981
854985
855062
855068
855128
855134
855154
855226
855329
855356
855372
855448
855546
855812
855827
855904
856002
856011
856045
856110
856338
856727
856766
856972
857012
857172
857283
857390
857437
857441
857450
857608
857657
857717
857828
857842
858049
858067
858173
858251
858313
858334
858369
858466
858472
858591
858602
858676
858792
858800
858934
858938
859141
859195
859265
859459
859506
859524
859530
859662
859838
859871
859914
860133
860165
860209
860243
860341
860392
860608
860618
860640
860649
860816
860898
860913
861166
861173
861230
861289
861365
861549
861582
861583
861644
861685
861880
861935
862317
862380
862510
862531
862692
862760
862793
862998
863551
863750
863897
863986
864052
864071
864072
864090
864120
864127
864135
864275
864325
864609
864717
864786
864824
864858
864909
864966
865061
865166
865236
865304
865371
865410
865496
865526
865535
865545
865671
865700
865744
866069
866078
866103
866383
866515
866596
866621
866745
866853
866914
866938
867027
867256
867380
867391
867410
867437
867461
867589
867599
867686
867771
867836
867933
868018
868153
868167
868197
868406
868531
868533
868588
868588
868664
868717
868938
868970
869058
869066
869251
869336
869349
869369
869396
869607
869662
869669
869814
869856
869866
869907
869980
870024
870047
870303
870353
870420
870559
870601
870683
870716
871034
871082
871212
871575
871580
871761
871817
871933
872112
872239
872257
872416
872502
872515
872527
872538
872600
872673
872760
873123
873261
873368
873389
873668
873688
873745
873960
874049
874213
874379
874461
874566
874632
874704
874778
874970
875023
875125
875217
875220
875252
875362
875454
875474
875542
875748
875986
876003
876048
876069
876253
876558
876634
876682
876697
876784
876895
877274
877283
877574
877575
877622
877662
877743
878054
878325
878399
878589
878624
878912
879073
879226
879487
879488
879500
879553
879743
879829
879905
880107
880186
880188
880220
880319
880383
880442
880576
880608
880622
880769
880881
880882
880886
880931
880954
881023
881036
881215
881233
881368
881384
881404
881481
881538
881579
881611
881631
881654
881791
881875
881923
881965
882005
882220
882418
882694
882767
882922
882939
882956
882977
883011
883188
883191
883197
883203
883320
883362
883541
883657
883797
883817
883943
884105
884129
884131
884371
884470
884863
884930
885008
885458
885511
885658
885681
885738
885919
885921
885952
885964
886106
886396
886418
886496
886678
886736
887050
887097
887136
887200
887230
887414
887650
887693
887989
888057
888141
888356
888457
888510
888513
888673
888679
888792
889180
889235
889362
889444
889502
889510
889543
889585
889623
889732
889849
890223
890231
890233
890351
890380
890421
890444
890527
890527
890616
890834
890967
890999
891272
891352
891546
891766
891797
891809
891840
891945
892016
892024
892248
892272
892425
892452
892453
892550
892566
892621
892655
892717
892764
892777
892864
892977
892978
892999
893058
893059
893128
893141
893184
893194
893356
893368
893501
893568
893617
893658
893718
893812
893888
893980
894084
894124
894179
894265
894291
894411
894580
894631
895001
895326
895462
895708
895813
895926
896067
896075
896305
896361
896465
896791
896998
897128
897139
897277
897331
897586
897596
897863
897890
897943
898006
898117
898193
898226
898375
898377
898799
898848
898874
898891
898904
898952
899227
899311
899375
899377
899406
899423
899504
899543
899605
899655
899707
899797
899815
899865
899869
899964
899973
900088
900174
900297
900450
900600
900826
900834
901072
901079
901209
901290
901356
901389
901701
901730
901782
901924
902038
902226
902315
902532
902535
902569
902605
902793
903067
903142
903189
903235
903471
903479
903617
903706
903756
903790
903868
903976
903976
904077
904079
904260
904348
904352
904381
904448
904536
904554
904647
904753
904776
904938
905013
905215
905288
905812
905840
905992
906118
906128
906152
906295
906339
906406
906556
906569
906727
906812
906966
907007
907263
907573
907592
907620
907671
907756
907887
907953
907972
908101
908390
908412
908459
908548
908606
908690
908814
908837
908928
908942
908975
909209
909269
909301
909428
909606
909742
909851
909920
910033
910157
910335
910353
910535
910657
910678
910699
910838
910877
910979
910984
911108
911206
911374
911510
911538
911551
911553
911706
911746
911750
911848
911989
912075
912167
912265
912374
912391
912465
912500
912591
912676
912722
912737
912884
912976
913026
913089
913119
913129
913180
913396
913428
913437
913549
913565
913611
913731
914173
914175
914695
914705
914793
914928
915141
915155
915585
915611
916106
916203
916247
916377
916490
916498
916577
916791
916922
917071
917115
917149
917234
917317
917394
917411
917489
917656
917808
917878
917916
918073
918075
918296
918307
918362
918365
918429
918611
918744
918768
918873
918970
919064
919389
919566
919615
919647
919738
919752
919857
919873
920157
920284
920286
920289
920485
920537
920596
920675
920709
920738
920741
920896
920964
921227
921285
921799
921836
921877
922002
922173
922255
922728
922738
922836
922882
922955
923214
923263
923432
923471
923534
923583
923591
923594
923717
923747
923814
924326
924401
924504
924528
924548
924561
924599
924719
925022
925070
925174
925347
925418
925512
925559
925672
925676
925742
925775
925779
925802
926096
926114
926176
926237
926301
926384
926430
926505
926620
926634
926971
927127
927147
927162
927267
927293
927502
927537
927603
927635
927643
927713
927775
928062
928212
928343
928432
928453
928531
928552
928608
928633
928650
928727
928912
928963
929251
929263
929275
929286
929465
929646
929694
929783
930003
930037
930153
930407
930457
930535
930671
930867
930873
930966
931019
931135
931230
931647
932005
932012
932125
932293
932353
932372
932411
932454
932677
932695
932744
932861
932886
932970
933009
933121
933253
933285
933349
933775
933944
934122
934168
934180
934319
934429
934461
934495
934778
934812
934958
935138
935310
935498
935531
935568
935613
935687
935978
936046
936427
936460
936522
936774
936815
936854
937003
937041
937110
937117
937348
937437
937444
937491
937558
937644
937853
937863
937867
937893
938106
938368
938389
938437
938709
938884
939017
939028
939112
939128
939135
939358
939388
939571
939874
939890
939938
940021
940025
940091
940166
940254
940286
940326
940523
940624
940671
940748
940929
941011
941240
941361
941466
941489
941702
941863
942047
942101
942265
942430
942597
942651
942787
942881
942913
943002
943004
943104
943216
943260
943375
943421
943632
943722
943815
943958
944048
944075
944135
944418
944480
944735
944837
944978
945012
945115
945137
945158
945277
945358
945542
945642
945746
945873
945961
945980
946023
946040
946254
946296
946303
946309
946328
946371
946464
946895
947074
947202
947531
947617
947760
947901
947914
947950
947985
948145
948152
948211
948393
948507
948762
948808
948825
948849
948997
949028
949076
949194
949318
949319
949332
949346
949376
949781
949782
949831
949894
949907
949975
949988
950303
950316
950652
950704
950737
950752
950792
950851
950964
951075
951091
951167
951601
951624
951634
951683
951736
951855
951864
951882
951934
951951
951963
951984
952176
952300
952311
952421
952522
952548
952642
952644
952659
952781
953128
953166
953304
953308
953312
953368
953535
953623
953652
953813
953820
953966
954103
954124
954144
954358
954386
954483
954486
954537
954564
954613
954695
954748
954841
954925
955019
955058
955138
955151
955173
955242
955253
955286
955328
955333
955452
955531
955647
955752
955812
955820
955829
955934
955971
955998
956114
956434
956484
956610
956666
956763
956842
956896
956939
957017
957241
957453
957621
957651
957706
957941
958101
958222
958292
958400
958439
958600
958721
958850
958863
958964
959001
959116
959159
959388
959423
959548
959569
959674
959924
960103
960105
960417
960587
960601
960776
960803
960883
960929
960982
960994
961003
961019
961032
961091
961127
961162
961213
961215
961245
961536
961629
961795
961887
961997
962021
962036
962320
962344
962648
962698
962725
962737
962846
962912
962923
962936
962990
963209
963402
963474
963530
963555
963636
963691
963827
963933
964128
964148
964198
964291
964561
964563
964617
964658
964683
964800
964973
965063
965129
965213
965255
965335
965417
965492
965589
965625
965653
965706
965866
965893
966027
966352
966378
966482
966519
966582
966785
967021
967027
967276
967361
967428
967490
967563
967583
967593
967757
967814
967964
968081
968126
968341
968533
968619
968629
968717
969004
969133
969218
969258
969423
970110
970193
970287
970300
970354
970657
970772
970793
970919
971015
971021
971114
971213
971250
971263
971326
971395
971414
971587
971627
971679
971769
971773
971913
971984
972069
972265
972289
972545
972677
972776
972824
972929
973043
973129
973289
973316
973327
973562
973678
973691
973716
973742
973868
973885
973902
973927
974131
974172
974174
974659
974676
974734
974803
974841
974906
974971
974992
975021
975165
975191
975289
975344
975417
975453
975504
975516
975708
975905
975923
976317
976415
976598
976705
976881
976953
977155
977218
977234
977458
977877
978003
978026
978084
978155
978369
978783
978886
979024
979033
979172
979196
979314
979381
979525
979619
979847
979928
980041
980299
980346
980505
980630
980714
980747
980812
981007
981062
981208
981453
981474
981656
981660
981684
981871
981970
981995
982022
982025
982049
982063
982088
982264
982275
982351
982663
982788
982902
982903
982906
982942
983007
983249
983346
983432
983612
983791
983846
983871
983906
983915
984013
984031
984254
984298
984379
984685
984744
984747
984818
985010
985024
985117
985122
985263
985496
985715
985769
985789
985953
985994
986103
986130
986132
986142
986154
986275
986299
986487
986620
986677
986737
986900
987000
987012
987316
987351
987402
987418
987454
987489
987497
987497
987598
987650
987764
987805
988007
988146
988202
988251
988444
988478
988557
988696
988745
988759
988773
988864
989024
989247
989342
989433
989438
989453
989490
989691
989769
989929
990156
990158
990174
990267
990358
990410
990448
990620
990719
990804
990846
990942
991024
991198
991284
991353
991435
991510
991516
991560
991650
991744
991749
991754
991914
991975
992045
992195
992248
992327
992693
992788
993098
993159
993206
993610
993864
993897
994082
994161
994463
994558
994779
994976
995048
995206
995292
995625
995888
996066
996071
996186
996322
996332
996356
996458
996866
996940
996996
997048
997115
997153
997251
997279
997284
997317
997330
997439
997532
997553
997587
997737
997822
997869
997917
997944
997991
998171
998251
998306
998462
998489
998568
998702
998710
998728
998756
998775
998802
998802
998810
998822
998879
999230
999254
999285
999428
999543
999709
999921