3
21
49
74
117
248
409
474
487
705
715
768
817
1023
1026
1277
1593
1618
1619
1704
1796
1852
1950
2275
2532
2624
2654
2708
2710
2732
2739
2745
2761
2816
2953
2975
3326
3336
3360
3474
3635
3801
3812
3817
3883
3935
3995
4031
4164
4580
4627
4655
4745
4769
4858
4888
4920
5177
5468
5521
5533
5539
5608
5625
5960
5973
6091
6109
6131
6316
6349
6428
6447
6830
6864
7473
7536
7624
7945
7995
8036
8133
8222
8309
8937
9043
9333
9419
9534
9580
9886
9914
9980
10217
10601
10776
10815
10992
11040
11284
11494
11494
11573
11573
11600
11678
11810
11842
12002
12097
12126
12133
12202
12247
12356
12366
12445
12559
12674
12855
13120
13129
13129
13158
13244
13458
13550
13658
13763
13782
13941
14065
14215
14547
14761
14788
14795
14805
14900
15112
15196
15242
15283
15328
15540
15643
15764
16091
16241
16390
16538
16561
16614
16669
16675
16688
16790
16915
16938
16966
17162
17496
17531
17593
17634
17648
17662
17718
17722
17765
17782
17803
17847
18130
18219
18277
18348
18561
18606
18795
18804
18924
18929
19006
19067
19418
19432
19580
19681
19749
19826
19877
19966
20262
20278
20321
20454
20613
20665
20712
20782
20970
20971
21013
21303
21669
21691
21751
21829
21954
22214
22474
22579
22595
22638
22705
22739
22882
23102
23190
23205
23699
23926
23927
24006
24012
24041
24106
24203
24248
24387
24417
24428
24439
24522
24582
24701
24721
24727
24730
24818
24981
25435
25487
25514
25606
25732
25806
26010
26017
26024
26045
26049
26130
26195
26260
26285
26466
26590
26604
26680
26747
26929
27020
27064
27219
27302
27314
27356
27597
27622
27645
28032
28048
28051
28199
28244
28462
28582
28591
28592
28951
29065
29106
29202
29347
29358
29505
29615
29770
30038
30092
30151
30171
30315
30389
30591
30609
30631
30723
30750
30793
31067
31121
31538
31619
31739
31759
31788
31826
31860
31878
31893
31904
31948
32227
32324
32357
32370
32406
32667
32908
33247
33364
33373
33391
33490
33946
33984
34020
34037
34331
34354
34455
34509
34719
34756
34852
34871
34989
35128
35161
35171
35243
35262
35430
35595
35651
35738
35906
35955
36007
36233
36349
36391
36411
36472
36521
36647
36685
36843
37083
37132
37392
37482
37544
37583
37943
38215
38593
38648
38848
38852
38987
39007
39043
39069
39236
39243
39424
39443
39550
39708
39943
39943
40023
40082
40091
40267
40449
40587
40698
40917
40936
40966
41059
41106
41138
41255
41269
41334
41886
41898
41993
42109
42170
42318
42408
42603
42687
42770
42780
42885
42999
43022
43113
43230
43325
43384
43819
43863
43882
43890
43921
43972
44231
44432
44507
44650
45228
45233
45307
45456
45515
46286
46306
46461
46502
46534
46542
46545
46553
46670
46762
46769
47045
47079
47115
47121
47218
47324
47456
47604
47771
47860
47918
47942
48055
48326
48471
48612
48638
48704
49067
49103
49104
49180
49257
49292
49414
49491
49621
49920
49923
49994
50003
50044
50180
50190
50198
50208
50237
50409
50452
50676
50757
50779
50850
50886
51020
51024
51073
51091
51343
51484
51494
51622
51902
52025
52076
52178
52210
52236
52294
52409
52596
52898
52986
53110
53185
53218
53267
53460
53571
53697
53718
53825
53973
54207
54280
54303
54306
54442
54529
54627
54847
54854
54910
54976
55179
55427
55529
55570
55864
55871
55939
55980
55981
56088
56216
56219
56302
56437
56499
56524
56609
56627
56712
56783
56883
56991
57073
57144
57187
57248
57347
57381
57418
57451
57507
57753
57762
57881
57918
57989
58256
58336
58357
58432
58490
58502
58718
58746
58785
58834
59075
59551
59617
59876
59936
60055
60124
60210
60329
60388
60627
60657
60679
60721
60787
60901
60995
61015
61153
61158
61198
61272
61419
61486
61523
61572
61961
61971
62045
62047
62146
62707
62719
62841
62990
63114
63285
63310
63381
63432
63557
63609
63844
63846
63930
64052
64099
64276
64291
64314
64406
64512
64621
64674
64740
64746
64827
64967
65103
65213
65540
65577
65607
65725
66037
66314
66319
66593
66619
66669
66738
66939
67031
67201
67319
67377
67428
67525
67564
67601
67698
68014
68027
68091
68176
68190
68332
68489
68588
68726
68732
68866
68888
68895
68943
68948
68967
68972
68981
68984
69055
69359
69446
69449
69562
69618
69655
69770
69975
70008
70084
70152
70176
70409
70497
70585
70648
70677
70770
71400
71509
71864
72022
72038
72089
72114
72209
72210
72320
72331
72340
72473
72482
72580
72596
72646
72783
72827
72928
73071
73346
73348
73373
73460
73516
73652
73777
73780
73799
73878
73943
73960
73991
74118
74337
74418
74503
74516
74523
74613
74681
74813
74994
75000
75100
75577
75588
75595
75839
76084
76197
76206
76434
76529
76594
76717
76738
76758
76825
76881
76912
76974
77141
77248
77375
77568
77852
77917
78034
78125
78126
78209
78253
78596
78622
78725
78917
79183
79255
79258
79317
79661
79699
79863
79905
79926
79929
79970
80127
80194
80354
80368
80521
80596
80631
80657
80685
80820
80873
80970
81461
81696
81782
82097
82196
82408
82411
82459
82483
82560
82642
82651
82696
82714
82726
82808
82940
82978
83002
83103
83181
83184
83193
83249
83940
84027
84127
84346
84387
84497
84511
84539
84584
84676
84735
84843
84859
85020
85085
85100
85152
85182
85294
85371
85412
85437
85574
85681
86070
86137
86194
86202
86357
86383
86429
86666
86740
86940
86966
87055
87090
87219
87224
87231
87264
87363
87649
87689
87947
88082
88190
88254
88693
88758
88853
89093
89190
89264
89338
89480
89505
89510
89524
89649
89702
89933
90008
90014
90065
90159
90539
90555
90732
90746
90772
90869
90896
90921
90939
91021
91169
91197
91503
91519
91567
91664
91775
92077
92104
92125
92331
92361
92859
93041
93124
93281
93291
93330
93352
93384
93453
93455
93492
93531
93666
93697
93761
93814
93816
93890
93977
94188
94204
94240
94286
94354
94388
94410
94454
94483
94524
94565
94565
94602
94610
94647
94774
94811
94830
94837
94989
94991
95148
95323
95331
95353
95489
95531
95662
95719
95738
95831
95838
95843
95914
95992
96121
96423
96706
96958
97216
97711
97862
97934
97964
98064
98074
98088
98106
98139
98291
98298
98340
98552
98592
98653
98668
98753
98850
98951
98957
99227
99349
99419
99514
99552
99600
99607
99636
99674
100178
100225
100387
100405
100796
100837
100864
101118
101166
101206
101304
101413
101493
101684
101840
102060
102094
102152
102159
102166
102209
102276
102432
102477
102585
102782
102831
102918
102934
103004
103007
103063
103119
103249
103339
103348
103409
103410
103463
103502
103512
103662
103685
103828
103896
103926
103946
103990
104021
104248
104433
104517
104545
104644
104649
104800
104968
105237
105399
105586
105647
105687
105918
106003
106082
106216
106284
106300
106318
106321
106321
106565
106669
106724
106838
106882
106888
106899
107019
107201
107334
107376
107382
107452
107586
107951
107972
107987
107989
108179
108275
108382
108514
108563
108704
108780
109048
109080
109163
109202
109557
109629
109783
109804
109809
109850
109931
110368
110399
110418
110607
110747
110752
110754
110875
110963
111013
111164
111360
111390
111412
111518
111679
111836
112157
112285
112335
112552
112701
113112
113249
113311
113337
113378
113607
113747
113821
113869
114360
114382
114408
114460
114791
114804
114875
114916
114936
114982
115053
115061
115448
115561
115563
115685
115953
115958
116035
116040
116041
116114
116360
116414
116495
116619
116694
116709
116731
116853
116876
116920
116936
117050
117079
117117
117123
117282
117500
117509
117690
117691
117899
117910
117967
118145
118156
118292
118684
118759
118963
118989
119092
119104
119263
119280
119343
119358
119477
119550
119587
119733
119742
119835
119960
120044
120240
120417
120500
120557
120620
120674
120717
120754
120764
121120
121196
121248
121403
121518
121564
121578
121656
121670
121686
121778
121793
121953
121970
121983
122046
122121
122121
122193
122471
122487
122493
122555
122692
122714
122733
122880
122895
122965
123120
123135
123161
123324
123469
123593
123684
123719
123725
123777
123971
124081
124099
124284
124433
124443
124463
124722
124899
125066
125221
125283
125350
125384
125549
125552
125595
125602
125751
125954
126077
126162
126320
126322
126509
126662
126668
126766
126822
126919
126981
127018
127034
127462
127471
127727
127729
127766
127772
127793
127834
127852
127925
127997
128158
128387
128406
128563
128815
128828
129178
129259
129335
129431
129675
129682
129745
129764
129830
129840
129865
129905
129909
130001
130041
130146
130280
130347
130527
130534
130646
130826
130848
130873
130974
131127
131232
131402
131757
131788
131845
132119
132220
132383
132625
132667
132827
132933
132992
133204
133308
133314
133505
133592
133608
133651
133802
133867
134056
134203
134534
134685
134694
134702
134716
134843
134866
134936
135083
135145
135156
135269
135410
135570
135636
135644
135681
135848
135967
135976
136114
136149
136187
136195
136289
136364
136620
136628
136648
136684
136819
136874
136994
137002
137050
137302
137422
137496
137551
137668
137755
137839
137876
137884
137921
137975
138228
138382
138558
138678
138701
138745
138861
138861
138943
139179
139187
139398
139449
139515
139595
139787
139904
140023
140193
140291
140350
140512
140643
140939
141079
141147
141195
141376
141381
141492
141572
141577
141703
141737
141744
141895
141953
142124
142213
142222
142435
142471
142491
142574
142653
142660
142703
142729
142756
142792
142799
142898
142989
143079
143109
143467
143598
143615
143675
143753
143900
144171
144270
144667
144855
145061
145179
145196
145227
145253
145578
145822
146215
146234
146520
146651
146808
146839
147227
147370
147723
147787
147841
147932
148189
148291
148360
148426
148487
148544
148905
148942
149283
149306
149316
149333
149350
149370
149418
149446
149465
149771
149957
149969
150016
150047
150162
150237
150304
150304
150316
150471
150809
151157
151212
151214
151318
151399
151417
151418
151511
151661
151832
151903
151907
151924
152004
152026
152079
152094
152183
152360
152538
152610
152686
153101
153154
153427
153727
153876
154142
154251
154464
154481
154520
154651
154652
154960
154993
155032
155216
155334
155396
155468
155659
155903
156022
156045
156060
156289
156622
156647
156714
156717
156831
156887
156908
156943
156949
157065
157124
157126
157186
157338
157379
157516
157588
157603
157870
157943
158089
158253
158439
158506
158698
158757
158920
159096
159150
159266
159307
159386
159413
159703
159745
159749
159778
159824
159839
159973
160089
160172
160289
160354
160365
160541
160623
160684
160691
160701
160702
160905
160950
161072
161082
161104
161177
161768
161811
161824
161825
161854
161864
161980
162007
162015
162122
162225
162253
162400
162584
162596
162778
162913
163000
163000
163116
163180
163218
163221
163383
163442
163483
163838
163897
163969
164653
164726
164808
164947
165124
165235
165324
165332
165333
165377
165569
165613
165676
165770
165775
165838
166038
166201
166530
166562
166579
166743
166743
166950
167360
167530
167536
167627
167718
167792
167802
168021
168080
168107
168138
168156
168539
168562
168942
169071
169119
169140
169324
169332
169480
169502
169520
169526
169538
169633
169697
169733
169753
169768
169900
170058
170229
170229
170442
170649
170704
170720
170873
170914
170940
171059
171160
171175
171260
171264
171373
171388
171507
171536
171604
171684
172043
172224
172272
172292
172418
172460
172537
172779
172885
173022
173139
173426
173433
173513
173526
173758
173804
173889
173899
174017
174133
174140
174140
174240
174248
174267
174557
174606
174678
175046
175263
175515
175543
175645
175781
175811
175875
176151
176228
176552
176714
176790
176936
177034
177038
177146
177292
177588
177678
177683
177720
178100
178362
178436
178438
178668
178726
178755
178873
178946
178963
179027
179408
179468
179518
179612
180186
180194
180342
180618
180698
180727
180969
180990
181131
181151
181198
181389
181425
181487
181490
181529
181771
181784
181893
181939
181986
182090
182174
182355
182523
182549
182736
182852
183017
183170
183184
183220
183400
183469
183513
183589
183695
184023
184055
184244
184679
184779
184810
184909
184961
185414
185471
185590
185637
185670
185793
185829
185845
185878
185985
186020
186257
186274
186529
186540
186734
186869
186955
187001
187044
187148
187204
187294
187314
187592
187598
187678
187692
187756
187794
187826
187842
187865
188117
188160
188164
188207
188264
188529
188857
188922
188989
189073
189137
189163
189452
189487
189600
189760
189771
189836
190043
190101
190201
190210
190304
190512
190661
190707
190747
190755
190762
190812
190863
190913
190925
190947
191008
191017
191141
191170
191179
191276
191298
191359
191366
191780
191836
191938
192414
192524
192612
192663
192738
192740
192799
192805
192881
192902
193008
193342
193531
193573
193575
193896
193959
194015
194047
194138
194362
194369
194391
194400
194401
194427
194524
194526
194532
194758
194829
194838
194869
194947
195008
195112
195370
195419
195586
195721
195764
196176
196282
196296
196307
196313
196355
196470
196663
197084
197322
197355
197784
197805
198125
198184
198312
198708
198861
198912
199027
199258
199287
199334
199352
199413
199635
199666
199676
199789
199791
199797
199994
200151
200176
200463
200496
200516
200574
200608
200663
200741
200759
200936
200958
201211
201354
201387
201651
201757
201765
201827
202098
202159
202444
202730
202813
202921
202943
202957
203080
203099
203123
203318
203409
203706
203793
203830
203996
204117
204237
204300
204792
205088
205122
205145
205337
205524
205549
205635
205690
205832
205925
205948
205991
206081
206129
206197
206235
206261
206346
206411
206522
206598
206693
206748
206749
206959
206993
207099
207451
207493
207499
207642
207642
207663
207845
207878
208024
208076
208077
208156
208396
208715
208751
208831
208837
208936
208937
209065
209417
209492
209602
209614
209800
209887
209906
210062
210273
210390
210413
210531
210705
210812
210885
210919
211080
211200
211223
211335
211386
211390
211414
211465
211500
211533
211611
211725
211752
211800
211924
212023
212047
212112
212122
212179
212315
212487
212522
212674
212684
212861
212951
212962
213114
213250
213456
213472
213496
213516
213543
213610
213706
213785
213834
213837
213982
213996
214109
214139
214272
214280
214368
214386
214505
214505
214518
214688
214706
214759
214842
214843
214857
214948
215063
215131
215283
215391
215690
215791
215796
215823
215869
216041
216096
216168
216314
216373
216377
216410
216476
216555
216663
216836
216893
216917
216947
217033
217036
217058
217089
217272
217519
217567
217741
217817
218094
218281
218524
218532
218603
218758
218898
218916
219011
219063
219219
219245
219262
219562
219712
219815
219851
219881
219917
219960
219962
220024
220068
220107
220141
220206
220361
220571
220743
220867
220882
220890
221014
221034
221036
221039
221057
221269
221270
221329
221412
221423
221525
221817
221895
221968
221973
222037
222356
222558
222622
222622
222681
222721
222810
222910
222935
223111
223148
223150
223243
223281
223461
223463
223515
223599
223623
223666
223672
223683
223849
224089
224311
224432
224465
224468
224593
224695
224926
225073
225087
225166
225283
225369
225441
225464
225500
225695
225755
225805
225870
225932
226139
226156
226175
226325
226328
226434
226501
226549
226580
226585
226624
226626
226750
226820
226934
227125
227216
227586
227697
227797
227847
227906
228020
228048
228092
228098
228303
228321
228447
228477
228487
228845
228880
229088
229161
229318
229347
229545
229761
229789
229812
229894
229967
230164
230238
230266
230297
230327
230505
230517
230611
230656
230661
230896
230936
231001
231019
231098
231362
231518
231569
231635
231666
231913
232379
232482
232561
232563
232624
232792
232906
232990
232996
233520
233543
233580
233841
233869
233932
234666
234722
235161
235284
235458
235489
235682
235800
236049
236120
236219
236335
236439
236571
236932
237050
237086
237367
237373
237456
237477
237599
237718
237951
237951
237965
237999
238022
238099
238146
238206
238211
238322
238454
238458
238571
238589
238621
238923
238933
238962
239029
239043
239099
239106
239128
239195
239200
239221
239327
239422
239526
239535
239561
239646
239764
239905
239977
240151
240152
240190
240200
240327
240363
240396
240425
240435
240471
240556
240627
240831
241003
241047
241073
241095
241199
241354
241482
241503
241508
241637
241647
241742
241859
242042
242046
242114
242170
242209
242253
242347
242475
242541
242545
242553
242680
242688
242697
242701
242950
243224
243282
243493
243548
243665
243727
243815
243861
243877
243983
244016
244064
244085
244266
244584
244684
244801
244880
245001
245030
245132
245336
245423
245482
245684
245686
245701
245915
246041
246057
246134
246237
246245
246304
246353
246431
246443
246510
246615
246629
246978
247015
247128
247172
247233
247320
247348
247682
247684
247704
247723
247761
247790
247864
248018
248359
248384
248427
248758
248853
248929
249219
249495
249875
249938
249948
250069
250115
250139
250254
250481
250542
250563
250599
250608
250785
250864
251030
251238
251279
251425
251485
251554
251621
251623
251629
252003
252217
252226
252268
252417
252468
252482
252489
252522
252839
252931
252975
253184
253421
253511
253583
253675
253841
254042
254087
254087
254103
254319
254333
254566
254566
254637
254693
254698
254877
255033
255230
255317
255333
255519
255526
255617
255734
255756
255865
255967
256090
256116
256271
256303
256473
256530
256569
256745
256803
256933
256950
257119
257372
257415
257663
258118
258136
258149
258209
258392
258463
258782
258862
258914
259036
259216
259253
259523
259662
259730
259772
259898
259903
259920
260115
260428
260854
260856
260860
261080
261463
261541
261561
261588
262107
262369
262461
262462
262493
262518
262723
263071
263389
263801
263893
263904
264109
264254
264340
264446
264584
264590
264674
264676
264862
264876
264885
265057
265229
265251
265258
265278
265359
265542
265592
265605
265853
266219
266302
266563
266674
266964
267009
267084
267443
267512
267638
267803
267900
267928
267929
267951
268060
268069
268091
268229
268236
268409
268442
268454
268573
268581
268598
268720
268750
268839
268855
268911
269258
269313
269366
269412
269534
269622
269840
269927
270186
270376
270674
270703
270728
270734
270832
270945
270952
271048
271085
271186
271850
271929
271991
272023
272070
272209
272292
272355
272427
272463
272493
272763
272788
272813
272886
272919
272947
273125
273143
273324
273403
273480
273492
273512
273575
273626
273718
273724
273734
273764
273786
273852
274012
274306
274366
274434
274736
274765
275120
275193
275196
275732
276137
276348
276409
276420
276455
276494
276828
276943
277004
277088
277089
277101
277266
277336
277368
277445
277456
277645
277913
278302
278405
278634
278666
278678
278684
278840
278888
278899
278956
279005
279025
279091
279115
279497
279637
279668
279773
279883
280319
280379
280421
280667
280760
280796
280958
281081
281342
281406
281584
281792
282000
282175
282263
282422
282504
282514
282591
282747
283347
283396
283530
283629
283822
283886
283991
284505
284741
284747
284957
284969
285031
285057
285082
285394
285561
285579
285722
285743
285780
285818
285851
285958
285992
286185
286316
286673
286795
287117
287138
287152
287239
287310
287396
287447
287479
287505
287523
287524
287943
288091
288117
288234
288267
288283
288294
288299
288312
288393
288396
288475
288546
288559
288561
288570
288573
288741
288891
288898
288904
288982
289036
289054
289065
289410
289477
289488
289517
289598
289705
289743
289757
289782
289834
289906
289913
290220
290235
290305
290593
290677
290789
290854
290939
291049
291190
291215
291354
291359
291486
291578
291716
291924
292067
292092
292140
292201
292224
292242
292400
292408
292526
292759
292780
292882
293226
293300
293361
293423
293542
293584
293703
293789
293842
293936
293992
294236
294360
294386
294751
294835
294835
295061
295095
295393
295540
295914
295923
295977
295979
296118
296182
296190
296199
296283
296365
296434
296508
296555
296572
296606
296637
296687
296723
296953
296967
297039
297062
297162
297390
297425
297457
297516
297559
297666
297872
297990
298258
298513
298594
298680
298819
298821
298853
298853
298935
299107
299130
299156
299254
299531
299648
299762
299948
300081
300139
300143
300190
300461
300534
300720
300735
300819
300843
300943
301003
301042
301101
301118
301179
301370
301416
301528
301563
301647
301663
301899
301969
302419
302480
302697
302770
302942
302942
303259
303280
303302
303490
303505
303511
303525
303554
303789
303907
303915
303946
303961
304123
304359
304448
304513
304553
304570
304587
304676
304698
304732
305072
305074
305094
305186
305250
305280
305302
305308
305430
305472
305491
305543
305594
305616
305721
305893
305937
306101
306158
306301
306348
306371
306519
306565
306670
306679
306837
307151
307154
307274
307785
307822
307876
307879
307886
308080
308150
308289
308311
308558
308606
308804
308808
309200
309208
309228
309543
309551
309574
309721
309951
309972
310091
310474
310560
310623
310700
310705
310830
311067
311077
311091
311118
311138
311287
311301
311304
311318
311428
311488
311615
311762
311824
312189
312478
312558
312589
312720
312747
312769
312789
312812
312866
312958
313075
313160
313320
313343
313386
313480
313488
313505
313678
313811
313867
313876
314415
314526
314651
314656
314776
314842
315084
315118
315252
315637
315648
315653
315731
315783
315801
315884
315914
315942
315955
315974
316109
316109
316293
316318
316354
316372
316376
316411
316439
316558
316671
316977
317005
317069
317078
317168
317244
317273
317275
317367
317392
317392
317417
317651
317821
318045
318060
318179
318195
318210
318337
318446
318556
318602
318691
318775
318886
318969
319019
319041
319184
319239
319287
319314
319391
319402
319602
319640
319889
319912
319942
319946
319985
320155
320244
320354
320423
320905
320937
320961
321066
321098
321118
321128
321198
321291
321306
321439
321456
321506
321601
321731
321819
321860
321926
321942
322022
322188
322347
322452
322743
322805
322834
322906
322942
323057
323199
323204
323205
323271
323406
323415
323560
323564
323689
323691
323696
323892
324044
324307
324584
324660
324724
324745
324835
325087
325388
325493
325512
325617
325683
325837
325998
326042
326144
326153
326201
326256
326347
326375
326623
326828
326834
326868
326910
326913
326921
327076
327486
327499
327519
327628
327643
327662
327691
327942
327946
327994
328029
328075
328150
328388
328403
328433
328522
328672
328880
329039
329087
329164
329270
329309
329445
329450
329497
329608
329720
329993
330040
330058
330104
330125
330448
330548
330746
330751
330787
330919
330952
331031
331048
331189
331379
331539
331563
331588
331595
331808
332065
332097
332160
332365
332821
333095
333166
333259
333327
333330
333351
333404
333408
333439
333679
333692
333843
333955
333986
334090
334227
334229
334254
334285
334406
334468
334596
334631
334730
334870
334936
335111
335269
335345
335617
335695
335762
335808
335817
336127
336262
336329
336489
336519
337190
337207
337310
337347
337356
337590
337622
337839
337858
337920
338138
338185
338447
338573
338802
339116
339132
339200
339321
339573
339789
339817
340144
340288
340326
340457
340736
340757
340788
340814
340970
341048
341167
341360
341428
341439
341478
341501
342388
342392
342472
342568
342621
342654
342805
342844
343068
343076
343265
343405
343406
343436
343627
343685
343697
343737
343866
343907
344091
344209
344509
344537
344613
344655
344803
345028
345097
345271
345347
345514
345595
345613
345632
345665
345678
345698
345700
345701
345788
346078
346078
346290
346316
346321
346368
346395
346464
346650
346708
346741
346823
346954
347042
347048
347239
347518
347643
347848
347998
348099
348144
348407
348685
348725
349045
349110
349535
349693
349818
349973
350033
350073
350133
350155
350358
350530
350681
350712
350889
350998
351255
351293
351317
351364
351397
351546
351662
351669
351813
351858
352044
352084
352090
352225
352270
352549
352634
352659
352817
352865
352903
352991
352992
353011
353105
353393
353555
353571
353629
353787
353891
354106
354242
354264
354397
354536
354618
354723
354750
354820
354884
354997
355033
355112
355489
355543
355576
355673
355834
356053
356312
356377
356392
356463
356503
356726
356744
356752
356908
357007
357051
357345
357406
357479
357579
357633
357932
358026
358049
358064
358147
358147
358161
358252
358307
358329
358353
358380
358450
358492
358566
358685
358840
359033
359086
359132
359251
359394
359489
359712
359805
359910
360012
360184
360238
360246
360355
360356
360358
360554
360710
360724
361017
361037
361045
361109
361124
361268
361651
361673
361876
361992
362119
362121
362122
362140
362250
362568
362616
362671
362728
362847
362992
363034
363057
363101
363212
363317
363351
363390
363571
363657
363708
363741
363812
363912
363929
363940
364017
364093
364136
364176
364422
364452
364517
364598
364798
364878
364972
365147
365435
365468
365581
365637
365705
365860
365890
365957
365984
365994
366074
366154
366211
366259
366646
366735
366771
366912
366923
366998
367070
367079
367142
367169
367271
367429
367607
367631
367661
367718
368023
368063
368205
368238
368322
368392
368424
368637
368728
368808
368849
368994
368994
369049
369081
369108
369290
369423
369693
369751
370014
370153
370310
370586
370754
370790
370796
370831
371074
371192
371353
371575
371579
371663
371665
371797
371861
371902
372104
372302
372347
372369
372524
372613
372768
372785
372814
372824
372850
373098
373191
373287
373421
373670
373716
373889
373974
373987
374089
374272
374450
374625
374695
374760
374826
374869
375272
375469
375479
375525
375557
375622
375686
375687
375812
375972
376026
376234
376282
376379
376399
376536
376577
376609
376783
376941
377047
377111
377462
377526
377535
377685
377700
377742
377815
377926
378040
378054
378169
378180
378329
378365
378505
378589
378613
378687
378850
378873
378952
379162
379211
379352
379364
379375
379570
379660
379680
379854
379980
380140
380170
380450
380727
380747
380797
380881
380961
380969
381382
381487
381490
381578
381591
381638
381662
381731
381732
381792
381983
382039
382056
382092
382223
382382
382515
382519
382532
382612
382717
382771
382803
382806
382827
382838
382993
383112
383148
383185
383217
383358
383450
383503
383712
383726
383800
384033
384080
384113
384150
384294
384375
384515
384526
384639
384861
385005
385024
385234
385317
385331
385489
385726
386160
386214
386432
386482
386565
386643
386656
386698
386980
387094
387113
387328
387341
387400
387420
387445
387542
387563
387617
387624
388009
388201
388233
388296
388360
388453
388473
388725
388887
388904
389026
389198
389217
389351
389404
389426
389438
389463
389614
389639
389754
389886
389894
390007
390043
390166
390193
390219
390357
390403
390528
390529
390604
390771
391181
391344
391464
391579
391604
391636
391667
391748
391928
392114
392272
392550
392612
392650
393002
393037
393250
393270
393383
393495
393626
393684
393715
393850
393928
393968
393969
393988
394084
394123
394170
394180
394324
394330
394530
394616
394620
394707
394712
394771
394781
394881
394910
394994
395009
395090
395098
395106
395171
395274
395378
395386
395428
395590
395748
395961
396013
396131
396137
396349
396365
396549
396595
396670
396810
396875
397079
397095
397212
397443
397554
397735
397798
397806
397809
397870
397901
397951
398017
398049
398139
398587
398775
398832
398844
398857
398911
398970
398976
399268
399277
399392
399570
399910
399960
400120
400126
400307
400307
400355
400387
400402
400908
400912
400999
401100
401300
401437
401614
401704
401997
402011
402028
402358
402377
402728
402764
402799
402977
403254
403349
403430
403638
403690
403817
403878
403955
404010
404145
404373
404390
404478
404491
404534
404647
404779
404908
405340
405490
405596
405656
405735
405741
405746
405844
406083
406352
406400
406610
406674
406808
406833
406840
406873
406912
407245
407293
407339
407487
407541
407613
407661
407662
407881
407920
407927
408040
408114
408219
408233
408283
408337
408337
408346
408473
408524
408867
408975
409031
409172
409229
409265
409410
409451
409634
409724
409846
409905
410216
410650
410652
410680
410740
410768
410898
411034
411247
411536
411688
411752
411877
411929
412041
412197
412310
412334
412400
412429
412454
412627
412632
412717
412939
413032
413239
413278
413540
413590
414159
414367
414532
414533
414629
414833
414887
414955
415080
415173
415407
415455
415615
415700
415870
415959
416130
416269
416308
416324
416397
416537
416621
416662
416809
416856
416916
417069
417253
417413
417537
417629
417653
417684
417698
417828
417865
417875
418299
418391
418637
418834
418846
418870
418973
419344
419500
419715
419798
420247
420270
420284
420415
420438
420465
420482
420496
420639
421013
421036
421114
421126
421210
421241
421258
421282
421301
421319
421372
421532
421585
421783
422030
422074
422103
422113
422141
422180
422293
422321
422321
422401
422447
422483
422568
422627
422719
422731
422769
422928
422980
422981
422984
423055
423183
423297
423382
423397
423440
423492
423619
423622
423697
423750
423855
423864
423871
423920
423953
423986
424059
424104
424291
424375
424686
424819
424874
424886
425055
425083
425136
425198
425240
425244
425259
425272
425283
425284
425349
425408
425479
425531
425769
426093
426135
426295
426624
426886
427059
427072
427392
427489
427597
427601
428050
428252
428591
428641
428831
428841
428909
428980
429210
429367
429508
429830
429836
429844
430222
430318
430433
430520
430728
430920
430937
431041
431097
431284
431293
431309
431398
431512
431567
431602
431814
431823
431912
431969
432010
432104
432193
432342
432445
432533
432560
432615
432705
432813
432815
433110
433188
433252
433283
433295
433388
433430
433462
433753
433856
434010
434104
434175
434342
434343
434407
434504
434540
434561
434826
434856
434905
435102
435442
435747
435777
436093
436439
436551
436578
436616
436668
436734
436907
436935
437046
437050
437150
437187
437284
437350
437428
437486
438110
438145
438385
438392
438475
438539
438696
438701
438933
439153
439357
439887
439960
439989
440095
440231
440346
440355
440458
440533
440536
440687
440721
440870
441049
441075
441086
441095
441112
441186
441266
441318
441387
441425
441635
441645
441735
441784
441860
441860
441878
441920
442157
442186
442219
442226
442262
442311
442353
442396
442492
442493
442723
443380
443433
443907
443915
444356
444532
444653
444666
444781
444841
445177
445339
445340
445361
445362
445545
445560
445733
445828
445892
445928
446080
446192
446318
446384
446577
446592
446767
446929
447009
447067
447169
447623
447639
447783
447961
447971
448218
448234
448450
448501
448614
448729
448757
448824
448951
449193
449314
449329
449392
449619
449782
450055
450252
450414
450584
450821
450894
450905
450948
451116
451211
451286
451351
451352
451559
451586
451750
451758
452022
452040
452076
452100
452123
452260
452357
452412
452477
452548
452552
452578
452664
452689
452733
452737
452742
452830
452864
452945
452985
453120
453163
453177
453356
453517
453645
453699
453883
454017
454150
454240
454283
454286
454351
454405
454475
454527
454529
454581
454624
454839
454976
455062
455188
455233
455302
455454
455469
455517
455519
455689
455749
455824
455910
456002
456003
456240
456246
456559
456674
456924
457008
457156
457186
457246
457404
457436
457579
457642
457708
457719
457757
457847
457903
457966
458288
458348
458716
458774
459019
459380
459482
459489
459551
459607
459644
460110
460196
460212
460402
460568
460646
460744
460894
461126
461306
461363
461441
461578
461599
461615
461835
461894
462024
462025
462060
462266
462309
462321
462531
462690
462706
462756
462922
462932
463096
463375
463457
463588
463955
464053
464153
464339
464352
464505
464566
464625
464626
464672
464952
464957
464968
464991
465003
465085
465117
465167
465421
465673
465840
465912
465914
465982
466118
466195
466305
466544
466641
466649
466655
466700
466837
466842
466953
466972
467094
467107
467243
467256
467259
467406
467476
467535
467638
467659
467875
467988
468231
468278
468457
468606
468639
468978
469055
469116
469273
469298
469311
469455
469464
469726
469732
469802
469848
469953
470210
470365
470367
470374
470625
470720
470783
470854
471016
471031
471152
471161
471208
471414
471437
471464
471624
471704
471753
471793
471796
471820
471862
472018
472297
472375
472493
472545
472554
472586
472687
472719
472728
472781
472927
473176
473264
473265
473334
473369
473381
473477
473567
473583
473651
473651
474170
474444
474648
474720
474972
475015
475022
475053
475208
475400
475423
475441
475444
475491
475651
475743
475761
475793
475801
475854
475874
475904
476313
476381
476396
476410
476486
476496
476526
476590
476629
476640
476700
476755
476806
476860
476864
476904
476909
476967
477079
477156
477322
477384
477414
477493
477727
477860
477994
478076
478250
478254
478334
478518
478555
478804
478859
479094
479264
479583
479785
479839
479878
479908
480106
480157
480209
480308
480325
480412
480522
480530
480650
480656
480669
480686
480714
480771
480907
481078
481222
481300
481386
481499
481642
481648
481657
481766
481824
481991
482176
482209
482287
482311
482385
482410
482715
482753
482765
482851
483065
483116
483201
483277
483298
483575
483631
483631
483677
483694
483747
483790
483834
483836
483872
483894
483952
484004
484024
484108
484143
484347
484575
484698
484892
484931
484990
485050
485108
485339
485428
485502
485521
485531
485754
485779
485840
485863
485883
485912
485931
486001
486024
486029
486109
486145
486369
486414
486475
486623
486677
486865
486930
486998
487200
487381
487516
487647
487738
487759
487797
487888
488108
488124
488168
488256
488274
488279
488284
488313
488515
488776
488802
488806
488884
489151
489351
489422
489526
490028
490134
490288
490312
490401
490437
490569
490594
490678
490733
490811
490847
490983
491071
491072
491127
491202
491254
491292
491547
491753
491813
491827
491845
491879
491902
491990
492083
492133
492210
492262
492529
492649
492724
492873
493455
493593
493605
493608
493648
493703
493760
493794
494260
494292
494299
494372
494387
494392
494658
494691
494780
495064
495873
495961
496117
496145
496183
496521
496571
496584
496595
496621
496676
496695
496864
496869
496881
496965
496978
497154
497258
497480
497516
497527
497563
497621
497683
497686
497821
498000
498082
498188
498229
498287
498388
498485
498504
498571
498605
498873
498875
498936
498966
499137
499231
499282
499309
499347
499386
499609
499628
499749
499985
499989
500128
500176
500237
500320
500390
500491
500942
501134
501186
501288
501405
501430
501453
501790
501853
501887
502009
502209
502272
502400
502419
502562
502579
502929
503016
503097
503214
503495
503514
503519
503670
503685
503737
503786
503864
503953
504560
504739
504855
504876
504966
505059
505191
505276
505276
505305
505348
505446
505508
505540
505599
505634
505723
505824
505834
505852
505981
506051
506134
506159
506191
506222
506272
506338
506342
506389
506451
506461
506528
506593
506871
506895
506929
506994
507005
507222
507257
507366
507410
507588
507960
508079
508083
508464
508481
508582
508667
508751
508860
508881
508893
508916
508923
508959
508960
508975
509010
509037
509096
509172
509555
509560
509661
509736
509816
509837
510001
510053
510055
510128
510194
510308
510621
510715
510750
510866
510935
510989
511379
511532
511616
511657
511939
512124
512132
512267
512413
512521
512542
512629
512769
512811
512828
512853
513019
513036
513066
513086
513123
513244
513309
513373
513559
513559
513589
513683
513746
513835
513855
513971
514097
514486
514516
514685
514740
514742
514767
514829
515028
515182
515257
515303
515478
515818
515940
515989
516139
516203
516206
516268
516364
516417
516661
516661
516661
517173
517250
517294
517307
517377
517516
517750
517754
517850
518024
518078
518086
518096
518272
518331
518349
518466
518479
518596
518678
518700
518735
518882
518969
519235
519242
519460
519491
519624
519867
519908
519956
520064
520461
520656
520885
521056
521297
521321
521358
521387
521460
521467
521869
521895
521932
522258
522342
522527
522552
522688
522689
522734
522779
522857
522936
522963
523094
523219
523247
523291
523380
523442
523450
523601
523613
523668
523823
523949
523997
524118
524179
524204
524377
524450
524452
524497
524726
524966
525059
525085
525143
525312
525404
525422
525744
525874
525971
526036
526327
526386
526404
526520
526537
526654
526704
527151
527212
527319
527450
527637
527689
527740
527760
527798
527831
527839
527955
528418
528420
528510
528521
528572
528582
528797
528824
528862
528993
529003
529571
529707
530009
530032
530147
530256
530409
530575
530804
530891
530929
530951
531062
531133
531149
531236
531244
531365
531704
531822
531990
531997
532106
532300
532407
532447
532569
532660
532686
532696
532797
532820
532831
532987
533160
533208
533332
533451
533571
533578
533584
533732
533743
533766
533855
533861
534110
534144
534310
534315
534402
534819
535183
535228
535645
535648
535815
535817
536189
536255
536397
536479
536553
536601
536791
537007
537135
537455
537498
537538
537617
537743
537787
537803
537970
538025
538059
538246
538389
538402
538499
538541
538692
538726
538932
539017
539020
539113
539203
539223
539456
539612
539937
540018
540037
540039
540068
540218
540388
540492
540998
541059
541073
541091
541150
541150
541157
541198
541376
541566
541693
541751
541856
542569
542591
542635
542714
542750
542828
542882
542938
542986
542990
543275
543343
543550
543683
543918
544039
544125
544167
544189
544287
544320
544326
544466
544487
544493
544750
544910
545030
545071
545103
545219
545365
545464
545559
545634
545911
545921
545991
546002
546185
546370
546471
546488
546599
546654
546693
546696
546950
547095
547201
547212
547268
547507
547577
547600
547683
547753
547800
547807
547877
548214
548234
548401
548470
548495
548875
548876
548914
548937
548942
548982
549080
549201
549248
549286
549427
549441
549456
549530
549546
549676
549754
549866
550005
550014
550065
550079
550101
550232
550276
550287
550454
550638
550667
550762
550790
550816
550893
551039
551420
551455
551827
551908
552070
552126
552439
552531
552604
552630
552704
552807
552873
553098
553183
553221
553334
553365
553454
553461
553641
553748
553846
553889
553901
553924
554018
554269
554288
554376
554408
554417
554438
554465
554526
554664
554779
554831
554855
554943
554961
555030
555077
555123
555188
555339
555358
555389
555395
555468
555530
555555
555665
555753
555791
555824
556106
556125
556305
556320
556326
556405
556598
556716
556718
557041
557042
557306
557452
557549
557723
557769
557911
557985
558006
558018
558049
558188
558203
558376
558425
558483
558510
558591
558626
558706
558998
558998
559053
559106
559121
559159
559198
559249
559320
559351
559361
559402
559577
559605
559662
559784
559837
559872
559905
560037
560220
560461
560612
560622
560626
560628
560678
560781
560851
560870
560885
560925
560975
561085
561163
561184
561430
561603
561917
561933
562212
562258
562283
562469
562626
562685
562832
562849
563008
563031
563198
563631
563644
563673
563705
563727
563850
563871
563901
563947
563980
564729
564853
564952
565012
565162
565196
565414
565477
565527
565572
565862
566020
566027
566063
566119
566281
566340
566356
566392
566427
566520
566526
566544
566551
566718
566881
566886
567006
567515
567529
567742
567804
567934
568025
568056
568079
568144
568189
568336
568423
568455
568491
568611
568637
568653
568761
568871
568882
568952
569024
569046
569134
569222
569362
569397
569557
569618
569650
569729
569740
569743
569916
570017
570107
570210
570320
570510
570599
570664
570879
571045
571115
571267
571300
571303
571332
571351
571373
571439
571621
571629
571718
572039
572056
572092
572093
572216
572261
572367
572372
572437
572609
572743
572801
572837
572927
572947
573275
573298
573452
573696
573822
573857
573920
574274
574416
574619
574640
574736
574753
575300
575313
575548
575734
576060
576085
576160
576274
576355
576454
577052
577126
577192
577282
577458
577573
577706
577713
577798
577839
578003
578046
578051
578272
578318
578507
578651
578775
578793
578801
579116
579332
579347
579401
579406
579465
579693
579696
579805
579827
579877
580023
580069
580091
580355
580402
580406
580436
580486
581096
581203
581279
581322
581386
581511
581584
581673
581708
581752
581845
581941
582409
582777
583242
583327
583340
583352
583418
583427
583526
583580
583603
583750
584159
584269
584453
584468
584934
584952
584971
585311
585328
585479
585614
585649
585690
585777
585801
585897
586141
586142
586145
586204
586211
586238
586504
586758
586877
586952
586963
586990
587067
587373
587403
587547
587633
587720
587871
587877
587930
587941
587942
587960
588007
588249
588274
588303
588328
588366
588418
588445
588580
588606
588756
588834
588865
588866
588903
588942
588946
588967
589023
589075
589133
589167
589332
589535
589592
589661
589703
590021
590116
590265
590399
590535
590601
590678
590855
590999
591168
591238
591301
591309
591405
591433
591534
591571
591774
591807
591839
591918
591986
592204
592487
592544
592603
592655
592660
592699
592729
592804
593022
593134
593185
593186
593534
593601
593616
593655
593660
593837
593957
593979
593987
594241
594265
594280
594558
594568
594719
594727
594819
594980
594992
595088
595154
595243
595280
595395
595668
595784
595962
596023
596066
596148
596415
596544
596733
596827
596876
596921
596962
597076
597330
597563
597707
597736
597753
597766
597788
597791
597832
597915
597956
598178
598301
598553
598835
598987
599031
599042
599264
599271
599423
599591
599878
600112
600140
600323
600445
600557
600560
600586
600642
600779
600779
600805
600834
600889
600931
601031
601055
601062
601072
601144
601313
601499
601534
601574
601753
601854
601894
602484
602523
602579
602626
602738
602750
602843
602844
602864
602884
602981
603122
603271
603397
603490
603525
603625
603686
603732
603879
603943
604232
604261
604308
604328
604354
604427
604631
604758
604908
605041
605056
605156
605228
605370
605709
605774
605820
605928
606143
606457
606533
606675
606676
606965
607037
607098
607134
607141
607173
607243
607276
607299
607334
607454
607533
607566
607589
607844
607991
608167
608253
608314
608331
608333
608425
608481
608490
608647
608679
608897
608941
608970
609069
609222
609222
609224
609275
609321
609385
609417
609482
609504
609535
609631
609675
609833
609837
609870
609946
610064
610070
610186
610356
610623
610631
610654
610780
610814
610931
611008
611021
611169
611240
611242
611313
611428
611470
611584
611713
611754
611895
612096
612110
612178
612499
612535
612552
612637
612664
612740
612754
612819
612876
613142
613233
613244
613387
613433
613458
613538
613555
613853
614160
614171
614385
614544
615016
615034
615037
615043
615126
615146
615149
615327
615327
615397
615539
615649
615763
615876
615883
615897
616044
616233
616305
616353
616544
616627
616692
616766
616842
616961
617048
617055
617111
617175
617217
617351
617409
617464
617492
617549
617662
617738
617882
617995
618060
618315
618415
618513
618550
618609
618617
618655
618770
618780
618851
618874
619519
619875
620062
620077
620093
620114
620240
620367
620390
620460
620530
620617
620949
621030
621073
621149
621210
621340
621553
621655
621764
621924
621959
621969
622293
622688
622945
622971
622987
622988
622993
623116
623206
623212
623353
623599
623736
623769
623838
623884
624122
624167
624173
624287
624342
624345
624405
624510
624622
624654
624771
624795
624891
624917
624989
624995
625049
625099
625258
625289
625446
625575
625645
625661
625694
625852
625870
625928
625945
625991
626164
626207
626288
626339
626456
626548
626580
626590
626674
626689
626749
627256
627762
628001
628118
628144
628184
628343
628442
628458
628465
628471
628553
628608
628617
628781
629012
629470
629480
629604
629646
630029
630146
630379
630405
630429
630447
630475
630998
631221
631323
631328
631406
631654
631853
631967
632070
632175
632365
632377
632548
632576
632604
632636
632881
632896
633161
633316
633474
633523
633536
633614
633875
633964
634163
634363
634774
634785
634873
634875
634894
634973
635112
635341
635403
635505
635578
635597
635635
635776
635879
636081
636188
636189
636435
636481
636504
636552
636894
636918
636932
637037
637087
637303
637341
637483
637500
637847
637930
638085
638127
638285
638345
638352
638379
638468
638589
638683
639072
639113
639156
639190
639213
639241
639281
639336
639432
639498
639713
639950
639968
639986
639996
640136
640216
640218
640353
640450
640575
640651
640732
640932
640934
641094
641230
641395
641455
641530
641654
642029
642180
642190
642214
642260
642301
642460
642528
642696
642705
642860
642995
643058
643093
643161
643257
643479
643759
643792
643850
643871
643922
643938
644126
644142
644172
644268
644479
644490
644538
644745
644759
644772
644837
644858
644883
644934
644934
645002
645055
645265
645469
645667
645947
645973
646176
646178
646228
646301
646322
646329
646345
646355
646468
646523
646548
646580
646617
646928
647096
647150
647235
647283
647287
647356
647491
647619
647695
647787
647883
647927
648027
648137
648197
648197
648238
648285
648333
648534
648548
648658
648707
648724
648814
648858
648912
648942
649118
649134
649402
649510
649593
649768
649803
649892
649909
649918
650012
650033
650064
650066
650102
650285
650302
650319
650443
650512
650543
650570
650706
650769
650811
650927
650932
650975
651216
651261
651351
651496
651499
651501
651505
651583
651698
651795
651812
651844
651994
652048
652237
652280
652552
652649
652663
652783
652827
652870
653181
653220
653271
653453
653466
653572
653960
654037
654042
654132
654381
654423
654498
654805
654977
655039
655093
655297
655345
655364
655536
655556
655565
655663
655667
655758
655868
655871
655997
656088
656114
656200
656232
656247
656413
656423
656540
656575
656599
656728
656812
656912
656919
656962
656965
657049
657138
657208
657278
657311
657386
657548
657551
657611
658206
658288
658333
658379
658509
658524
658574
658673
658856
658926
658928
658976
659083
659116
659152
659343
659377
659496
659729
659826
659943
659959
660378
660426
660619
660676
660705
660800
661019
661022
661059
661075
661190
661219
661469
661487
661585
661636
661757
662100
662186
662285
662297
662339
662609
662697
662773
662846
662946
663116
663141
663229
663243
663289
663310
663414
663475
663536
663632
663680
663712
663758
663786
663788
663798
663976
663994
664043
664050
664064
664276
664569
664638
664658
664882
665097
665158
665161
665193
665321
665566
665653
665766
665934
666063
666064
666231
666435
666664
666873
666989
667011
667063
667080
667282
667375
667380
667638
667799
667812
667862
667906
668062
668063
668189
668335
668394
668419
668420
668470
668579
668829
668860
668916
668928
669019
669057
669143
669145
669218
669265
669303
669351
669479
669605
669634
669641
669716
669776
669849
670272
670312
670354
670435
670457
670574
670689
670708
670766
670802
670858
670942
670979
671016
671182
671198
671255
671827
671849
671901
672005
672092
672142
672286
672491
672623
672707
673002
673054
673266
673269
673289
673491
673500
673533
673541
673626
673633
673771
673868
673967
674043
674213
674225
674335
674404
674529
674586
674742
674789
674926
674983
675096
675128
675542
675581
675632
675636
675639
675675
675871
676023
676193
676259
676305
676367
676516
676522
676618
676702
676754
676893
676922
676947
676996
677094
677226
677249
677266
677364
677382
677504
677524
677582
677954
678004
678007
678043
678093
678273
678298
678315
678371
678585
678596
678762
678768
678815
678839
678860
678958
678989
679052
679076
679099
679149
679320
679338
679402
679418
679465
679468
679525
679630
679774
679830
679850
679980
680034
680040
680047
680136
680174
680181
680292
680421
680467
680563
680657
680716
680775
680986
680991
681244
681272
681276
681350
681369
681380
681433
681580
681641
681678
681682
681706
681794
681811
681887
681907
682180
682263
682321
682353
682479
682564
682690
682712
682769
682776
682778
682923
683150
683257
683309
683316
683394
683452
683453
683498
683536
683796
683811
683921
684183
684225
684327
684328
684426
684453
684464
684503
684621
684622
684733
684913
685242
685293
685323
685468
685488
685521
685551
685567
685697
686173
686395
686538
686671
686782
686797
687007
687085
687179
687203
687233
687459
687507
687550
687680
688298
688362
688379
688386
688418
688557
688679
688694
688816
688989
689109
689199
689306
689341
689420
689449
689450
689590
689594
689626
689727
689794
689915
690172
690177
690213
690411
690511
690519
690559
690684
690794
690796
690947
690987
691200
691371
691467
691505
691552
691636
691695
691703
691779
692020
692195
692228
692305
692347
692395
692395
692402
692443
692548
692807
692843
692876
692880
693053
693187
693291
693304
693308
693315
693663
693711
693786
693976
694064
694118
694154
694305
694322
694404
694528
694532
694738
694764
694935
695101
695244
695321
695572
695618
695679
695779
695965
696000
696079
696108
696252
696323
696335
696431
696648
696740
696864
696936
697167
697184
697304
697376
697464
697512
697658
697929
697971
698112
698133
698238
698275
698345
698518
698625
698839
698907
698914
698929
698996
699005
699158
699452
699525
699547
699574
699654
699985
700141
700192
700242
700359
700641
700759
700868
701025
701119
701243
701354
701411
701489
701542
701642
701751
701878
701927
702310
702428
702429
702499
702560
702804
702902
702980
703150
703302
703411
703538
703550
703759
703870
703975
704132
704329
704403
704490
704547
704554
704566
704613
704667
704931
705103
705157
705157
705175
705190
705218
705237
705246
705500
705648
705686
705760
705882
705947
705997
706040
706256
706313
706347
706486
706507
706639
706821
707029
707190
707484
707618
707712
707869
707887
707896
707987
708080
708108
708182
708193
708693
708737
708741
708767
708839
708861
708900
709105
709246
709280
709375
709588
709716
709740
709871
709964
709971
710219
710258
710270
710318
710383
710466
710471
710703
710787
710803
710831
711005
711260
711276
711432
711663
711916
712115
712202
712404
712434
712446
712475
713109
713156
713230
713248
713504
713535
713648
713849
713889
713928
713981
714490
714496
714789
714819
714833
714966
715165
715208
715316
715337
715908
715911
715970
715977
716013
716064
716165
716298
716338
716352
716414
716476
716505
716678
716680
716683
716699
716799
716885
716899
716924
716952
717072
717203
717287
717505
717550
717648
717686
717744
717792
717839
717966
718066
718212
718402
718431
718544
718718
718830
718897
719094
719296
719474
719589
719641
719655
719689
719806
720010
720086
720329
720351
720441
720566
720571
720619
720648
720663
720786
720863
720980
721028
721127
721172
721186
721191
721271
721283
721326
721386
721394
721497
721738
721786
721797
722024
722309
722561
722626
722658
722696
722770
722944
723040
723101
723196
723196
723266
723292
723307
723406
723474
723482
723586
723746
723750
723845
724314
724622
724754
724941
725163
725448
725482
725846
725942
725973
726096
726213
726789
726938
726964
726990
727064
727118
727271
727376
727933
727935
727963
728179
728563
728571
728831
728974
729018
729068
729344
729477
729577
729581
729586
729794
729847
730096
730153
730324
730390
730525
730780
730791
730857
730917
731027
731172
731349
731361
731377
731433
731460
731477
731549
731701
731784
731897
731904
732238
732272
732483
732517
732599
732846
732974
732980
733016
733097
733102
733107
733380
733381
733482
733749
733912
733936
734061
734398
734399
734605
734644
734868
734935
734936
734998
735032
735047
735182
735387
735400
735458
735720
735806
735829
735920
735958
735992
736101
736253
736392
736464
736535
737137
737342
737439
737479
737647
737723
737965
737968
738139
738503
738610
738781
739309
739633
739638
739811
739854
739932
739991
740265
740381
740492
740495
740746
740764
740874
740933
740950
741024
741143
741191
741280
741301
741385
741452
741570
741689
741846
741873
742176
742198
742338
742343
742396
742490
742498
742543
742570
742605
742737
742750
742786
742834
742847
743053
743079
743161
743411
743416
743552
743670
743686
743746
743806
743944
743970
744028
744130
744315
744370
744378
744437
744445
744465
744564
744800
744891
744912
744994
745386
745431
745522
745604
745655
745659
745686
746165
746207
746451
746483
746620
746681
746730
746916
746970
747004
747050
747148
747437
747503
747569
747651
747661
747726
747792
747965
748065
748464
748540
748567
748709
748934
749038
749090
749403
749481
749488
749490
749689
749718
749919
749988
750016
750111
750128
750157
750395
750469
750626
750910
751238
751262
751335
751377
751547
751829
751886
751942
751987
752066
752090
752166
752201
752391
752446
752593
752617
752952
753191
753229
753255
753323
753404
753597
753608
753688
753786
753845
754014
754098
754357
754363
754509
754600
754723
755025
755173
755226
755316
755396
755458
755501
755544
755584
755595
755599
755656
755666
755694
755738
755762
755971
756171
756209
756212
756285
756298
756433
756564
756705
756812
756860
757026
757055
757209
757325
757435
757520
757798
757912
757963
758075
758351
758452
758523
758725
758837
758942
758987
759002
759069
759345
759486
759505
759910
760156
760168
760216
760228
760259
760528
760546
760695
760737
760864
761013
761083
761264
761340
761754
761761
761786
762096
762129
762197
762309
762317
762554
762606
762761
762891
762901
762976
763043
763279
763368
763564
763893
763930
763982
764005
764235
764352
764401
764457
764493
764780
764890
764947
765160
765184
765265
765493
765558
765597
765741
765772
766018
766127
766178
766191
766607
766678
766686
766693
766795
766814
766860
766909
766986
767046
767099
767154
767179
767199
767213
767227
767420
767624
767879
768011
768094
768404
768440
768509
768528
768666
768927
769182
769308
769412
769465
769524
769585
769632
769645
769756
770007
770020
770061
770218
770283
770296
770388
770472
770606
770624
770675
770777
770799
770818
770894
770895
770989
771365
771559
771750
772066
772150
772159
772194
772322
772376
772581
772630
772775
772799
772841
772842
772867
772910
772919
772948
772953
773070
773133
773185
773247
773302
773325
773356
773436
773494
773801
773812
773903
773971
774457
774470
774834
774878
774912
774963
775112
775113
775232
775245
775283
775428
775623
775640
775712
775758
776008
776305
776342
776658
776695
776801
776897
777065
777119
777140
777210
777218
777286
777293
777324
777414
777497
777507
777566
777629
777728
777735
777763
777770
777795
777822
777858
778001
778053
778152
778185
778218
778284
778324
778416
778510
778804
778944
779033
779393
779439
779471
779592
779650
779706
779740
779914
779925
780082
780102
780444
780544
780669
780775
780860
780885
781194
781334
781461
781531
781698
781754
781759
781826
782094
782233
782325
782428
782475
782510
782513
782550
782834
782851
782862
782958
782966
783083
783502
783570
783576
783650
783712
783888
783903
784015
784049
784054
784130
784203
784468
784598
784620
784807
784952
785050
785120
785329
785429
785569
785581
785684
785706
785916
786021
786093
786149
786265
786330
786427
786498
786541
786589
786618
786625
786640
786722
786728
786861
787003
787031
787068
787467
787512
787854
787937
787937
788048
788195
788487
788675
788733
788800
788929
788935
789057
789063
789231
789234
789559
789723
789879
789942
790298
790405
790519
790613
790671
790789
790938
790991
791108
791250
791297
791338
791350
791359
791833
791856
791883
791933
792018
792187
792410
792518
792626
792874
793089
793318
793624
793840
793849
793894
794131
794610
794731
794751
794817
794830
794987
795252
795253
795565
795736
795763
795922
795958
795965
796076
796323
796420
796446
796736
796812
796951
796975
797056
797127
797261
797477
797515
797522
797666
797879
798044
798399
798662
798873
798908
799235
799628
799725
799781
799796
799823
799857
799916
800035
800046
800323
800333
800385
800549
800571
800621
800688
800738
800991
801050
801062
801118
801396
801396
801423
801558
802100
802100
802189
802331
802341
802345
802354
802376
802754
802826
802935
803084
803159
803275
803396
803418
803696
803812
804039
804054
804212
804217
804261
804449
804470
804532
804609
804624
804765
804806
804836
804973
804986
805214
805276
805315
805460
805477
805611
805626
805716
805738
805739
805786
805908
806033
806239
806309
806644
806706
806872
807019
807060
807340
807626
807706
807736
807899
807914
807982
808008
808023
808065
808133
808228
808268
808359
808412
808497
808668
808723
808736
808744
808763
808901
808934
809296
809363
809616
809630
809984
810001
810090
810114
810220
810251
810277
810369
810499
810523
810560
810677
810808
810872
811024
811076
811293
811555
811680
811702
811755
811795
811946
811964
812064
812075
812130
812149
812163
812335
812356
812400
812479
812533
812734
812737
812807
812861
812909
812913
812921
812962
812993
812993
813320
813537
813672
813706
813720
813874
813896
814055
814432
814720
814780
814898
814976
815168
815177
815301
815309
815320
815383
815399
815445
815504
815697
815795
816022
816135
816186
816347
816351
816402
816476
816501
816566
816639
816968
817083
817091
817119
817207
817227
817270
817643
817834
817853
817964
817993
818400
818444
818444
818529
818815
818881
818925
818978
819167
819213
819214
819244
819384
819396
819442
819555
819603
819612
819628
819642
819722
819859
819971
820021
820107
820358
820414
820421
820760
820968
821164
821602
821625
821649
821680
821692
821744
821804
821872
821933
822370
822402
822432
822483
822698
822738
822762
822825
822957
823103
823238
823591
823949
823974
824103
824138
824223
824238
824249
824349
824413
824482
824499
824558
824602
824610
824641
824795
824870
824927
824993
825005
825049
825066
825120
825191
825392
825528
825677
825753
825833
825856
825866
825917
825938
826066
826264
826442
826554
826585
826587
826653
826902
826954
826982
827063
827448
827456
827468
827553
827570
827783
827790
827790
827828
827931
827979
828215
828273
828339
828471
828670
828677
828704
828720
828970
828971
829091
829159
829227
829291
829455
829467
829486
829605
829627
829789
829826
829840
829845
829913
829937
829950
830428
830476
830482
830483
830695
830787
830821
830944
830975
831201
831287
831469
831485
831571
831588
831617
831708
832100
832113
832228
832384
832385
832453
832841
832878
832896
832936
832983
833091
833197
833251
833354
833815
833973
833991
834453
834857
834996
835081
835111
835136
835163
835243
835246
835255
835416
835555
835667
835949
836214
836308
836426
836431
836611
836634
836761
836794
836846
836864
837038
837086
837212
837350
837381
837647
837648
837831
837871
837969
837991
838011
838092
838202
838237
838285
838315
838464
838542
838706
838799
838957
839060
839076
839226
839462
839511
839598
839601
839649
839695
839778
839817
839901
839912
839916
839971
840115
840151
840217
840274
840290
840531
840604
840704
840719
840805
840926
841108
841409
841450
841546
841602
841628
841705
841726
841756
841802
841803
841867
841870
841913
841983
842172
842395
842510
842562
842673
842955
843129
843155
843166
843227
843269
843549
843565
843587
843922
843923
843981
844095
844121
844136
844408
844426
844481
844686
844744
844833
845072
845190
845247
845353
845401
845478
845489
845576
845651
845715
845919
845940
846019
846306
846312
846346
846470
846514
846543
846613
846623
846663
846680
846903
846956
846992
846998
847134
847171
847405
847583
847711
847870
847872
847898
847899
847962
848065
848080
848168
848201
848234
848309
848398
848455
848628
848655
848683
848990
849045
849050
849092
849114
849144
849186
849527
849724
849756
850015
850027
850224
850382
850475
850629
850681
850757
850821
850829
850977
850977
851016
851047
851067
851128
851181
851318
851715
851875
851879
851984
852051
852161
852174
852285
852348
852470
852619
852735
852835
852859
852991
853022
853125
853226
853318
853364
853451
853560
853595
853686
853704
853705
854085
854369
854449
854529
855120
855200
855330
855362
855541
855551
855674
855681
855744
855749
855749
855761
855790
855834
855882
856109
856109
856158
856257
856343
856414
856427
856500
856676
856702
856719
856833
857005
857209
857353
857732
857828
857922
858071
858386
858410
858457
858547
858613
858642
858658
858668
858885
858966
859007
859018
859103
859211
859245
859268
859402
859407
859432
859433
859514
859793
859881
860020
860348
860354
860396
860440
860763
860859
861016
861043
861064
861117
861178
861246
861261
861329
861516
861651
861689
861788
861923
861937
862043
862103
862181
862188
862227
862449
862529
862657
862758
862810
862813
862824
862927
862934
863077
863115
863263
863284
863364
863368
863548
863733
863748
863787
864184
864245
864284
864350
864371
864402
864833
864947
865047
865101
865105
865287
865373
865382
865545
865615
865616
865666
865671
865943
866136
866310
866452
866578
866668
866676
866710
866868
866896
866924
867013
867030
867034
867115
867310
867396
867423
867571
867578
867625
867826
867843
867944
867968
868001
868024
868214
868705
868714
868770
868808
868962
869016
869316
869447
869873
869905
869913
869967
870106
870122
870238
870262
870623
870734
870810
870855
870999
871244
871250
871276
871526
871685
871907
872194
872257
872313
872526
872554
872632
872987
873231
873267
873404
873453
873678
873797
873805
873972
874185
874208
874250
874383
874565
874701
874751
875163
875230
875371
875571
875596
875681
875702
875712
875715
875752
875765
875849
875904
876032
876150
876251
876394
876424
876581
876609
876957
877012
877106
877161
877248
877330
877343
877372
877416
877431
877472
877866
878121
878147
878202
878328
878349
878363
878472
878484
878545
878611
878953
878970
879058
879165
879393
879393
879598
879665
879728
879819
880077
880108
880484
880555
880703
880733
880840
880854
880872
881455
881463
881505
881603
881729
881734
881742
881792
881806
881934
882078
882159
882185
882208
882383
882498
882498
882540
882552
882831
882972
882981
883215
883328
883396
883408
883415
883558
883635
883712
883728
883776
883781
883931
883957
884034
884064
884246
884287
884349
884389
884520
884851
885075
885096
885096
885130
885220
885302
885369
885447
885668
885708
886009
886019
886361
886553
886683
886752
886866
887157
887279
887285
887314
887347
887405
887566
887678
887823
887894
888085
888180
888190
888226
888294
888304
888349
888403
888445
888477
888724
888979
889003
889306
889321
889341
889524
889543
889755
889757
889780
889781
889784
889833
889869
890120
890176
890323
890514
890543
890670
890710
890740
890802
890954
891049
891197
891237
891300
891478
891526
891798
891828
891850
891882
891937
891996
892148
892214
892233
892308
892331
892364
892557
892591
892609
892626
892737
892770
892779
892821
892927
892941
893023
893227
893253
893299
893317
893494
893612
893789
893868
893907
893922
894145
894444
894562
894987
895004
895066
895271
895448
895557
895795
895871
895877
895887
895987
896183
896225
896243
896395
896507
896614
896635
896810
897044
897475
897499
897499
897775
897840
897885
897919
897938
898240
898323
898352
898352
898363
898446
898593
898595
898632
898697
898748
898757
898860
898924
898951
899002
899058
899083
899220
899430
899492
899606
899669
899675
899696
899777
899858
899979
900110
900137
900153
900311
900392
900458
900496
900558
900610
900671
900727
900730
900825
900934
901013
901044
901176
901220
901222
901306
901403
901415
901589
901993
902187
902243
902297
902410
902424
902441
902472
902704
902709
902760
902799
902974
903006
903060
903198
903206
903221
903289
903304
903377
903412
903440
903470
903606
903676
903742
903789
903808
903913
903934
903939
904052
904144
904231
904357
904363
904386
904549
904638
904777
904829
904992
905143
905225
905338
905442
905510
905555
905575
905676
905681
905902
905954
906015
906027
906166
906230
906395
906480
906798
906913
906934
907023
907085
907341
907478
907547
907620
907692
907762
907798
907807
908094
908120
908214
908330
908441
908472
908483
908527
908729
908799
908837
908848
908928
908993
909117
909157
909232
909300
909510
909547
909742
909790
909808
909828
909877
909893
909969
910130
910245
910247
910375
910473
910607
910620
910708
910731
910800
910846
910905
911435
911567
911586
911831
911993
912038
912346
912363
912688
912706
912755
912758
912799
912848
912860
912914
912988
912997
913013
913043
913226
913400
913723
913859
913893
913971
914156
914192
914196
914286
914319
914584
914757
914812
914847
915089
915104
915349
915549
915553
915795
916464
916485
916545
916560
916574
916807
916839
916936
916954
916994
917336
917473
917493
917807
917865
917990
918034
918148
918188
918310
918344
918537
918639
918676
918766
918981
919111
919171
919182
919314
919347
919421
919583
919644
919703
919726
919852
919981
920134
920217
920421
920508
920599
920711
920929
920949
920991
921079
921092
921294
921295
921384
921402
921571
921644
921681
921735
921746
921781
922004
922331
922332
922388
922440
922534
922552
922644
922745
922784
922796
922829
922954
923011
923298
923342
923428
923538
923727
923762
923779
924012
924109
924125
924139
924171
924178
924195
924292
924363
924411
924428
924528
924546
924563
924644
924761
925004
925048
925051
925147
925282
925283
925336
925450
925466
925499
925685
925735
925894
925921
926020
926040
926091
926095
926166
926263
926287
926434
926454
926613
926689
926705
926767
926808
927184
927347
927430
927648
927650
927742
927834
927844
928060
928133
928259
928279
928302
928312
928340
928384
928759
928782
928864
928868
928881
928945
929022
929153
929183
929201
929285
929397
929410
929473
929575
929641
929645
929763
929997
930008
930066
930224
930522
930535
930564
930611
930668
930956
930979
931084
931158
931242
931244
931293
931303
931309
931548
931569
931696
932040
932065
932330
932434
932474
932570
932597
932766
932969
933010
933023
933219
933258
933284
933498
933697
933791
933855
933872
933908
933967
933973
934052
934096
934151
934177
934233
934282
934295
934629
934630
934807
935082
935175
935179
935213
935234
935265
935442
935724
935738
935742
935789
935843
935884
935889
935984
936343
936379
936413
936487
936502
936502
936506
936819
937202
937432
937462
937476
937517
937749
937995
938349
938390
938546
938572
938597
939027
939064
939120
939175
939190
939234
939330
939382
939525
939539
939739
940020
940370
940407
940750
940763
940911
941038
941110
941529
941588
941632
941699
941737
941806
941867
942197
942208
942230
942330
942537
942572
942895
942981
943100
943235
943501
943535
943788
943912
944303
944306
944425
944620
944694
944695
944798
944926
944935
945059
945230
945282
945340
945460
945608
945609
945663
945666
945693
945749
945821
945867
946462
947098
947127
947161
947407
947411
947481
947554
947668
947726
947785
947805
947844
948124
948345
948366
948384
948404
948765
948826
949189
949303
949532
949666
949707
949947
950052
950076
950143
950183
950187
950316
950635
950758
950808
950861
950986
951056
951227
951252
951345
951351
951580
951661
951708
951804
951845
951999
952053
952067
952141
952147
952194
952367
952386
952429
952631
952692
952717
953000
953118
953125
953159
953473
953475
953521
953610
953789
953831
953850
954173
954203
954227
954303
954354
954404
954410
954583
954604
954617
954899
954938
955023
955045
955080
955157
955233
955259
955396
955476
955498
955566
955629
955690
955725
955810
955900
955932
955981
955995
956222
956440
956532
956546
956602
956769
956835
957192
957288
957401
957536
957700
957759
957777
957907
958113
958287
958457
958618
958888
959210
959250
959420
959449
959570
959636
959797
959952
960012
960066
960125
960311
960399
960574
960738
960762
961148
961244
961417
961532
961586
962115
962770
962906
963006
963083
963210
963266
963505
963544
963695
963730
963745
963793
963899
964011
964063
964171
964254
964405
964438
964658
964763
964859
965038
965097
965107
965136
965163
965473
965559
965687
965774
965828
965915
965977
965988
966069
966208
966224
966552
966666
966708
966819
966900
967063
967078
967225
967374
967396
967464
967563
967587
967597
967681
967780
967793
967795
968025
968033
968094
968205
968267
968349
968440
968600
968659
968780
968804
968812
969207
969253
969268
969659
969670
969749
969786
969895
969910
970112
970129
970347
970382
970419
970571
970624
970805
970855
970947
971185
971220
971312
971362
971681
971881
971917
972001
972065
972239
972337
972492
972656
972799
972867
972935
973040
973578
973704
973745
973755
973938
973945
974121
974235
974418
974509
974544
974695
974780
974883
975012
975037
975040
975107
975118
975225
975384
975711
975715
975752
975907
976070
976086
976088
976133
976256
976372
976443
976854
976866
976987
977506
977612
977756
977800
977827
977960
978152
978206
978361
978629
978829
978879
979151
979269
979377
979383
979413
979459
979599
979695
979874
980018
980066
980083
980086
980302
980381
980387
980448
980588
980785
981028
981097
981107
981388
981480
981539
982013
982032
982138
982553
982723
982814
982933
983117
983245
983269
983287
983291
983327
983522
983784
983847
983902
984037
984099
984233
984301
984333
984399
984560
984752
984920
984977
985014
985248
985301
985375
985414
985449
985547
985690
985747
985805
986060
986130
986269
986471
986592
986812
986924
987056
987063
987139
987796
987869
988045
988092
988116
988153
988377
988463
988547
988613
989140
989206
989303
989317
989340
989401
989544
989579
989644
989731
989778
989932
989953
990132
990168
990190
990263
990351
990373
990396
990470
990524
990653
990904
990947
991360
991608
991707
991853
991991
992054
992171
992379
992402
992750
992765
992863
993091
993145
993217
993246
993330
993336
993347
993360
993369
993409
993424
993485
993580
993585
993618
993624
993746
993848
993863
993955
993965
993998
994117
994130
994288
994360
994419
994638
994716
994742
994748
994787
994836
994879
995036
995260
995262
995569
995594
995822
996011
996079
996491
996625
996651
996755
996775
996838
996935
997073
997181
997209
997238
997759
997830
997900
997942
998107
998144
998567
998601
998733
999286
999319
999380
999402
999458
999531