61
66
74
75
90
113
251
313
435
478
542
547
704
804
914
918
1165
1314
1431
1550
1658
1773
2108
2145
2261
2287
2420
2427
2559
2649
2728
2770
2785
2794
3146
3203
3287
3310
3494
3601
3652
3652
3695
3737
3962
4016
4064
4109
4233
4313
4512
4533
4603
4634
4662
4705
5044
5135
5138
5183
5208
5303
5305
5327
5368
5408
5409
5466
5763
5912
5971
5996
6011
6213
6272
6312
6551
6624
6668
6931
6967
7030
7155
7265
7287
7352
7559
7710
7832
7842
7909
7975
7978
8005
8035
8092
8275
8331
8348
8348
8377
8512
8520
8684
8760
8949
9054
9057
9115
9143
9216
9253
9326
9342
9563
9564
9608
9612
9769
9864
9873
10126
10380
10507
10511
10609
10693
10765
11292
11334
11364
11583
11632
11658
11877
11969
11993
11994
12171
12243
12247
12250
12256
12406
12954
13012
13144
13440
13483
13582
13753
13876
13886
14042
14285
14458
14499
14518
14532
14756
14773
14782
14800
15099
15186
15303
15425
15428
15480
15602
15661
15804
16042
16086
16253
16267
16319
16360
16429
16431
16529
16566
16643
16718
16996
17092
17147
17158
17171
17235
17237
17240
17298
17551
17663
17685
17906
17949
17965
18064
18219
18373
18549
18768
18839
18864
19029
19055
19220
19317
19321
19515
19526
19620
19641
19678
19721
19814
19821
19936
19952
20049
20113
20233
20235
20254
20268
20355
20698
20750
20973
21169
21175
21451
21682
21851
22233
22497
22902
22956
22986
23090
23203
23225
23396
23451
23596
23677
24125
24143
24199
24385
24487
24754
24996
25122
25352
25354
25663
25711
25924
26020
26055
26132
26391
26406
26610
26740
26908
27118
27197
27445
27453
27590
27596
27652
27791
27854
27926
27932
27991
28088
28171
28212
28234
28330
28411
28492
28562
28565
28570
28606
28999
29338
29380
29545
29589
29633
29668
29701
29875
29907
29940
29994
30009
30013
30144
30332
30360
30549
30567
30588
30614
30622
30646
30903
30911
30983
31070
31439
31444
31480
31485
31529
31563
31576
31641
31713
31811
31905
31988
32042
32293
32312
32349
32443
32454
32515
32638
32691
32834
32894
33069
33316
33530
33555
33794
33797
33829
33830
33840
33855
34181
34279
34419
34504
34579
34748
34805
35205
35273
35658
35738
36019
36167
36308
36343
36383
36388
36395
36431
36553
36661
36851
36921
36961
37222
37238
37284
37418
37444
37785
37972
38118
38144
38154
38248
38415
38489
38506
38668
38680
38691
38745
38759
38795
38807
38859
38872
38898
39057
39085
39103
39146
39584
39779
39792
39860
39861
39879
39974
39982
40029
40033
40051
40152
40233
40280
40309
40375
40593
40651
40719
40733
40742
40973
41115
41135
41157
41343
41588
41663
41693
41899
42123
42274
42401
42425
42554
42601
42633
42866
42929
42981
43294
43306
43626
43703
43744
43888
44068
44220
44421
44491
44537
44574
44614
44717
44767
45033
45048
45107
45278
45280
45363
45363
45567
45577
45610
45613
45865
45921
45969
45973
46128
46180
46405
46423
46431
46437
46486
46573
46578
46610
46615
46709
46975
47231
47523
47535
47626
47639
48075
48124
48164
48196
48200
48232
48344
48738
48812
48869
48897
48912
48954
48966
49225
49295
49303
49337
49444
49459
49480
49727
49738
49892
50012
50043
50174
50304
50424
50754
50983
51012
51022
51127
51154
51165
51171
51278
51480
51508
51509
51532
51595
51597
52288
52294
52341
52341
52470
52541
52556
53348
53431
53499
53555
53655
53656
53711
53953
54008
54093
54142
54185
54188
54233
54268
54330
54385
54405
54438
54475
54515
54537
54720
54953
55046
55127
55279
55388
55512
55528
55529
55540
55604
55697
55832
55928
55998
56044
56267
56404
56411
56488
56616
56645
56681
56754
56903
57118
57394
57978
58199
58217
58240
58353
58431
58453
58621
58726
58879
58898
58972
58994
59036
59202
59269
59300
59311
59338
59449
59556
59615
59633
59696
59965
59984
60011
60095
60528
60583
60960
61054
61094
61294
61340
61393
61492
61566
61820
61885
61935
62314
62336
62348
62773
62774
62814
62870
62914
63031
63097
63104
63131
63208
63346
63470
63644
63722
63943
63956
63976
64041
64112
64157
64352
64381
64762
64810
64995
65047
65162
65260
65326
65398
65664
65819
65944
65947
66151
66195
66241
66288
66385
66390
66423
66534
66564
66613
66763
66878
66902
67095
67234
67253
67310
67599
67697
67712
67795
67842
68163
68458
68626
68740
68859
69038
69115
69203
69344
69440
69456
69460
69556
69556
69600
69607
69622
69645
69898
69914
69943
70047
70047
70247
70288
70289
70297
70331
70518
70531
70569
70750
71083
71219
71292
71328
71349
71638
71655
71726
71793
71877
71941
72094
72097
72304
72457
72755
72889
72898
72998
73128
73278
73298
73318
73337
73416
73438
73534
73607
73732
73810
73847
73931
74030
74038
74209
74222
74416
74704
74978
75056
75234
75450
75457
75557
75565
75670
75690
75691
75731
75798
75992
76170
76330
76442
76467
76472
76605
76678
76685
76825
77163
77202
77279
77304
77385
77559
77710
78067
78124
78407
78749
78903
79014
79241
79323
79387
79583
79594
79786
80040
80065
80251
80251
80254
80324
80363
80375
80623
80777
80884
80985
80999
81228
81277
81314
81476
81478
82161
82187
82302
82465
82480
82494
82539
82609
82669
82765
82863
82919
83042
83060
83060
83165
83345
83423
83668
83723
83726
83810
83842
83863
83984
84101
84399
84699
84858
84978
85002
85016
85388
85591
85699
85706
85841
85895
85978
85994
86009
86104
86105
86124
86209
86265
86277
86326
86344
86712
86965
87158
87220
87302
87780
87927
87985
88059
88063
88088
88125
88197
88289
88423
88467
88767
88923
89065
89160
89213
89273
89281
89342
89377
89513
89740
89760
90121
90144
90396
90431
90436
90462
90487
90634
90639
90710
90875
91054
91113
91165
91335
91343
91360
91519
91583
91602
91788
92170
92292
92690
92936
92969
92978
93014
93859
93907
93958
93959
93989
94022
94204
94387
94423
94493
94698
94750
94827
94945
95004
95045
95284
95327
95357
95490
95554
95579
95609
95658
95818
95925
95936
96017
96017
96207
96234
96316
96555
96823
96835
96847
97059
97152
97165
97175
97495
97548
97548
97578
97831
97834
97841
97922
97997
98197
98243
98280
98358
98440
98452
98525
98582
98670
98818
99024
99060
99126
99253
99260
99285
99341
99532
99534
99899
99925
100003
100007
100072
100106
100258
100266
100370
100468
100551
100746
100850
101280
101292
101420
101832
101907
101948
102336
102421
102427
102481
102637
102639
102646
102777
102829
102892
103092
103092
103117
103273
103338
103471
103600
103653
103949
104047
104114
104205
104274
104369
104658
104791
104822
104959
105011
105144
105187
105291
105292
105417
105431
105434
105623
105630
105662
105668
105680
105713
106124
106128
106136
106153
106224
106382
106508
106532
106623
106676
106739
107260
107364
107374
107512
107653
107859
107870
107971
108065
108085
108168
108317
108394
108450
108481
108980
109074
109230
109415
109533
109946
110077
110303
110401
110427
110676
110863
110940
111020
111193
111454
111459
111523
111554
111652
111765
111915
111961
112297
112830
112994
113118
113161
113228
113235
113465
113512
113531
113789
113795
113993
114071
114126
114201
114242
114304
114319
114514
114599
114778
114860
114916
114956
114963
115216
115222
115588
115842
115849
115976
116102
116199
116212
116269
116275
116305
116317
116344
116380
116482
116688
116749
116779
116814
116846
116886
117062
117187
117193
117303
117390
117450
117472
117481
117723
117735
117826
117848
118146
118176
118216
118308
118504
118561
118622
118630
118881
118917
118931
118954
119081
119084
119096
119774
119833
119889
119899
119981
120237
120263
120372
120463
120471
120507
120512
120761
120886
121092
121104
121113
121187
121227
121439
121504
121644
121689
121695
121707
121751
121757
122088
122250
122419
122678
122740
122777
123006
123009
123047
123172
123464
123517
123657
123686
123804
123874
123935
123971
124289
124414
124468
124564
124620
124747
124838
124977
125090
125245
125355
125366
125389
125470
125750
125814
125918
126033
126092
126254
126405
126482
126529
126563
126584
126586
126635
126707
126758
127005
127240
127280
127400
127413
127911
127941
128015
128096
128179
128496
128574
128856
128899
128921
128968
129034
129214
129348
129398
129485
129496
129645
129680
130078
130118
130133
130609
130800
130807
130821
130964
130966
131038
131059
131061
131218
131666
131826
132228
132231
132415
132426
132452
132597
132612
132671
132896
132966
133026
133031
133607
133672
133682
133789
133823
133837
133861
133869
133908
134008
134076
134206
134412
134416
134694
134780
134801
134865
135065
135190
135230
135268
135345
135345
135417
135417
135446
135494
135535
135536
135837
135948
136088
136165
136379
136423
136470
136490
136498
136577
136589
136711
136727
137093
137094
137159
137163
137199
137222
137237
137304
137404
137441
137470
137532
137695
138149
138289
138294
138374
138500
138659
138746
138842
139008
139025
139030
139117
139325
139381
139453
139753
139886
139983
140396
140564
140644
140665
140850
140981
141365
141427
141572
141579
141616
142096
142104
142136
142205
142223
142357
142453
142544
142563
142621
142629
142734
142755
142905
142937
142953
143202
143214
143225
143379
143538
143690
143719
143799
144321
144464
144524
144661
144715
144815
144874
144914
145234
145340
145370
145396
145544
145583
145608
145662
145741
145757
145774
145838
145870
146154
146236
146242
146351
146354
146429
146771
146798
146823
146917
146938
147201
147268
147510
147692
147737
147877
148017
148072
148157
148214
148294
148546
148831
148872
148894
149049
149143
149145
149307
149486
149658
149726
149734
149883
149907
149968
150049
150148
150573
150654
150656
150694
150813
150833
151043
151169
151306
151340
151360
151444
151477
151503
151633
151655
151707
151847
151959
152036
152146
152167
152190
152388
152407
152443
152504
152514
152537
152615
152661
152768
152845
152915
153047
153255
153313
153367
153394
153611
153740
153799
153823
153846
153868
154039
154408
154415
154426
154592
154595
154681
154726
154745
154808
154809
155111
155208
155223
155226
155294
155423
155512
155569
155632
155751
155789
155795
155825
155846
156217
156306
156340
156370
156371
156475
156617
156708
156823
157254
157488
157489
157532
157734
157775
158001
158065
158105
158249
158276
158428
158613
158808
158822
158835
159027
159141
159175
159208
159484
159543
159598
159623
159842
159952
160118
160247
160410
160422
160615
160671
160805
160866
160953
160963
161039
161193
161242
161279
161398
161532
161589
161658
161691
161897
161939
162225
162279
162447
162512
162624
162661
162700
163017
163241
163347
163394
163536
163715
163943
163952
163954
164032
164276
164771
164929
164946
164965
165080
165355
165397
165564
165632
165696
165737
165974
166073
166260
166362
166388
166513
166527
166621
166763
166764
166894
167039
167148
167338
167346
167387
167544
167663
167995
168061
168290
168309
168631
168633
168687
168703
168713
168764
168797
168844
168845
169234
169333
169388
169422
169425
169451
169461
169473
169562
169589
169736
169988
169990
170562
170745
170860
171033
171037
171149
171153
171241
171293
171377
171532
171973
171988
172013
172166
172210
172244
172253
172420
172524
172687
172716
172881
172922
172929
172936
172968
172970
172990
173164
173351
173412
173570
173665
173896
174111
174127
174137
174143
174287
174354
174355
174406
174466
174511
174523
174620
174633
174719
174744
174956
174958
175149
175172
175187
175262
175875
175926
175934
175948
175974
175981
176380
176382
176387
176412
176495
176538
176574
176630
176768
176773
176823
176827
176852
176965
177015
177073
177288
177729
178044
178082
178178
178198
178225
178300
178471
178535
178667
178716
178720
178856
178867
178900
179093
179155
179380
179441
179449
179455
179693
179803
179986
180102
180157
180504
180575
180777
180861
180916
180951
181062
181275
181315
181428
181448
181450
181578
181703
181784
181861
182045
182223
182281
182612
182658
182735
182783
182827
182877
182889
182926
183068
183083
183321
183455
183622
183765
183987
184024
184053
184082
184106
184334
184424
184455
184561
184585
184603
184720
184789
184979
184999
185053
185073
185089
185154
185244
185292
185418
185423
185672
185727
185835
185936
185966
185978
186013
186078
186150
186187
186300
186311
186354
186385
186466
186470
186471
186692
187155
187242
187249
187278
187441
187597
187610
187718
187743
187781
187809
187830
187969
187974
188082
188156
188228
188316
188457
188460
188507
188542
188562
188620
188744
188792
188820
188833
188978
189003
189012
189271
189393
189664
189669
189810
189820
189822
189903
189933
190107
190163
190476
190492
190778
191114
191222
191302
191366
191370
191398
191456
191475
191710
191944
191950
192027
192038
192055
192102
192225
192280
192411
192533
192545
192626
193070
193084
193162
193248
193258
193303
193373
193671
193710
193738
193779
194034
194067
194109
194120
194185
194253
194326
194611
194639
194671
194699
194745
194841
195018
195053
195193
195213
195227
195514
195568
195597
195791
195802
196024
196063
196286
196541
196564
196610
196806
196812
196957
197200
197232
197508
197520
197520
197537
197601
197734
198049
198199
198364
198656
198671
198814
198898
198916
198933
198954
199014
199153
199185
199301
199406
199478
199497
199846
199918
200048
200202
200210
200318
200329
200384
200485
200757
200883
201029
201064
201143
201159
201255
201344
201376
201547
201559
201956
201971
201989
202036
202055
202161
202179
202187
202311
202735
202772
202786
202869
202911
202964
203239
203327
203449
203451
203695
203730
203930
204088
204141
204215
204250
204412
204455
204864
205048
205059
205071
205433
205513
205552
205601
206130
206184
206554
206681
206894
206912
206936
207136
207137
207205
207258
207272
207319
207320
207364
207388
207411
207436
207464
207482
207491
207591
207621
207681
207723
207746
207760
207850
207870
207975
208130
208327
208479
208484
208544
208775
208805
208910
208925
208933
209000
209063
209343
209470
209496
209689
209731
209844
209904
209974
210060
210105
210170
210351
210358
210556
210601
210621
210624
210724
210879
211045
211098
211102
211137
211304
211396
211427
211633
211656
212302
212481
212529
212668
212671
212785
212847
213083
213094
213185
213206
213341
213360
213524
213546
213663
213980
214184
214280
214535
214683
214698
214749
214907
214943
215150
215198
215307
215391
215477
215821
216090
216163
216440
216560
216672
217176
217430
217484
217600
217621
217801
217877
218132
218160
218225
218259
218487
218678
218873
219032
219106
219121
219371
219400
219430
219501
219519
219519
219544
219818
219831
219853
219864
219884
220011
220137
220258
220285
220304
220365
220374
220391
220545
220780
220810
220868
220875
220975
221095
221317
221403
221862
221954
221973
222076
222206
222250
222372
222376
222503
222675
222686
222748
222882
222897
222958
223133
223368
223386
223409
223480
223506
223557
223567
223722
223754
223792
223874
223958
224032
224087
224116
224198
224325
224744
224825
224985
225055
225141
225208
225256
225279
225357
225381
225387
225592
225599
225620
225964
225999
226062
226235
226260
226283
226317
226545
226586
226816
227123
227150
227188
227204
227239
227259
227341
227942
228063
228177
228217
228221
228268
228464
228521
228697
228869
228974
228975
229106
229109
229354
229356
229462
229566
229579
229640
229640
229697
229697
229697
229739
229770
229865
229870
229889
229909
229978
229988
230114
230225
230252
230278
230295
230364
230494
230538
230828
230891
230904
230917
230920
231016
231191
231192
231231
231274
231377
231468
231684
231708
231793
231834
231884
231925
232048
232061
232115
232124
232274
232354
232459
232533
232538
232639
232859
232929
232930
233118
233134
233231
233364
233385
233673
233724
233767
233905
234000
234003
234212
234265
234298
234383
234434
234446
234642
234738
234773
234911
234912
234914
234927
234971
235004
235479
235644
236016
236072
236076
236089
236118
236221
236255
236301
236357
236505
236514
236627
236708
236931
236988
237021
237034
237127
237145
237225
237442
237626
237688
237689
237977
237990
238064
238105
238134
238192
238241
238494
238553
238804
238919
238937
238983
239079
239366
239373
239409
239615
239697
240218
240691
240747
240977
241174
241447
241451
241465
241722
241746
241932
242007
242094
242116
242446
242602
242669
242696
243128
243218
243306
243363
243386
243418
243469
243561
243574
243584
243896
243910
244046
244097
244535
244554
244567
244591
244725
244835
244942
245026
245084
245117
245192
245296
245523
245636
245661
245786
245943
246052
246052
246110
246286
246303
246432
246514
246582
246616
246734
246750
246814
246927
246938
247115
247122
247226
247386
247501
247630
247678
247743
247748
247755
247913
247967
248021
248177
248205
248371
248415
248493
248514
248685
248733
248738
248824
248994
249025
249127
249467
249493
249632
249741
249930
250035
250153
250156
250212
250257
250305
250419
250504
250580
250635
250651
250742
250942
251161
251196
251203
251385
251430
251611
251619
251663
251669
251694
251888
251932
252019
252081
252252
252363
252551
252557
252651
252652
252826
252861
252892
252896
252911
252942
253009
253118
253150
253385
253395
253464
253465
253583
253638
253739
253776
253808
254199
254460
254565
254709
254769
254814
254851
254937
255052
255073
255222
255259
255322
255335
255520
255543
255697
255932
256186
256465
256552
256578
256762
256775
256863
256932
257071
257211
257357
257366
257473
257608
257646
258065
258070
258203
258317
258401
258595
259174
259262
259279
259298
259446
259516
259585
259634
259657
259729
260058
260152
260296
260493
260814
261123
261323
261341
261414
261427
261490
261504
261644
261684
261897
262031
262349
262351
262416
262432
262445
262486
262832
262877
263006
263121
263715
263758
263918
264241
264268
264277
264327
264336
264545
264625
264830
264935
264970
265016
265154
265320
265437
265472
265725
265905
266041
266077
266087
266400
266467
266487
266511
266736
266805
266849
266861
266906
267090
267147
267438
267680
267694
267706
267787
267819
267942
267953
268043
268262
268666
268669
268923
268985
269268
269447
269553
269621
269863
270114
270212
270254
270259
270501
270520
270536
270544
270563
270727
270881
270926
270953
271007
271144
271503
271557
271668
271678
271839
271908
272050
272053
272297
272302
272304
272378
272415
272453
272476
272787
272872
272950
273072
273106
273115
273220
273226
273255
273344
273437
273573
273592
273596
273683
273725
273780
273968
274194
274204
274243
274419
274437
274444
274578
274608
274690
274700
274778
274866
274918
274965
275044
275111
275184
275395
275434
275546
275617
275679
275750
275833
275963
276166
276306
276422
276480
276494
276729
276763
276780
276816
276943
276979
277039
277056
277057
277085
277197
277282
277406
277432
277706
277746
277980
277997
278182
278323
278416
278616
278667
278733
278810
278869
278932
279131
279155
279344
279382
279528
279598
279619
279636
279852
279855
280000
280017
280042
280082
280119
280229
280576
280603
280604
280817
280909
281124
281201
281221
281351
281359
281501
281617
281647
281847
281852
281920
281961
281985
282063
282081
282286
282399
282541
282618
282830
282968
283065
283066
283177
283381
283498
283503
283535
283617
283720
283732
283809
283859
283942
284089
284187
284219
284319
284319
284535
284601
284618
284699
284848
284884
285054
285475
285489
285605
285710
285740
285776
285962
285995
286077
286284
286340
286448
286466
286515
286724
286784
286795
286796
286806
286820
287100
287113
287137
287182
287196
287360
287486
287491
287501
287541
287594
287597
287624
287658
287677
287738
287767
288163
288316
288459
288517
288682
288780
288859
288887
288976
289032
289054
289106
289176
289179
289198
289468
289485
289546
289732
289870
289979
290149
290177
290300
290437
290443
290652
290928
291140
291151
291179
291471
291498
291645
291686
291693
291768
292042
292473
292497
292725
292781
292898
293080
293106
293126
293251
293392
293462
293624
293649
293845
293915
294029
294032
294117
294192
294648
294781
294815
294916
295092
295093
295194
295452
295461
295591
295910
295991
296013
296056
296072
296132
296164
296237
296308
296498
296507
296598
296631
296718
296839
296863
296974
297037
297056
297121
297237
297282
297351
297388
297415
297438
297468
297531
297624
297642
297954
297987
298006
298018
298103
298112
298140
298186
298358
298528
298795
298931
298950
299142
299305
299938
300004
300025
300135
300157
300414
300484
300514
300697
301186
301223
301522
301639
301991
302159
302208
302300
302419
302493
302558
302559
302624
302859
303082
303117
303207
303548
303885
303969
303976
304101
304212
304312
304354
304384
304557
304925
304965
304996
305273
305343
305432
305465
305482
305538
305744
305871
305913
305924
305953
305982
306156
306262
306431
306524
306558
306747
306754
306780
306816
306820
306898
307086
307219
307423
307618
307728
307755
307759
307766
307769
307819
308037
308072
308232
308404
308460
308707
308804
308808
308866
308881
309086
309098
309314
309353
309452
309480
309705
309885
310070
310171
310329
310449
310466
310546
310639
310680
310857
310875
311132
311221
311280
311291
311310
311421
311500
311533
311659
311683
311752
311825
311869
311946
312079
312098
312171
312306
312321
312545
312591
312774
312799
312821
312920
312974
313054
313136
313151
313162
313186
313282
313288
313371
313827
313864
313877
313890
314006
314042
314111
314122
314133
314198
314264
314402
314526
314599
314661
314723
314795
314800
314901
315011
315084
315125
315259
315418
315476
316398
316431
316453
316513
316540
316555
316645
316654
316739
316756
316941
317021
317081
317191
317226
317316
317450
317499
317758
317858
318112
318129
318133
318297
318403
318436
318449
318459
318547
318673
318676
318682
318825
318831
318891
319110
319206
319343
319343
319375
319486
319580
319821
319868
320033
320238
320432
320467
320753
320822
320902
321062
321167
321267
321392
321515
321587
321743
321780
321987
322049
322172
322299
322343
322419
322500
322563
322578
322665
322676
322768
322875
322903
322911
323416
323457
323752
324023
324237
324507
324536
324565
324665
324821
325018
325094
325139
325259
325767
325804
325817
326090
326130
326167
326268
326305
326323
326458
326515
326717
326718
326797
326817
326838
326853
326886
326930
327167
327219
327497
327649
327689
327701
327869
327882
327941
327972
328002
328031
328052
328435
328578
328672
329263
329320
329373
329422
329521
329590
329754
330018
330147
330465
330514
330529
330765
330782
330853
330869
331029
331083
331243
331338
331657
331743
331977
331980
332012
332012
332099
332181
332396
332474
332595
332685
332715
332758
332796
332806
332890
333118
333148
333151
333306
333373
333571
334018
334404
334416
334505
334531
334597
334605
334700
334859
334861
334879
334944
334948
334966
334999
335011
335056
335171
335292
335328
335358
335843
335988
336093
336139
336434
336557
336572
336580
336620
336649
336818
336844
336951
336956
337217
337359
337627
337870
337890
337940
338013
338024
338136
338141
338310
338505
338524
338559
338671
338689
338968
339115
339116
339118
339391
339420
339524
339566
339575
339639
339678
339696
339779
339901
340030
340208
340269
340323
340352
340363
340384
340550
340635
340704
340994
341017
341025
341114
341125
341313
341361
341486
341534
341619
341753
341774
341986
342049
342063
342068
342118
342120
342261
342457
342731
342842
342940
342954
343052
343071
343227
343237
343264
343270
343326
343372
343646
343777
343866
343938
344006
344021
344067
344103
344203
344212
344408
344501
344835
345007
345122
345165
345168
345211
345248
345367
345395
345531
345560
345587
345590
345868
345997
346019
346150
346209
346367
346403
346455
346499
346551
346594
346641
346684
346790
346842
347076
347122
347385
347463
347472
347524
347672
347712
347784
347989
348053
348197
348217
348247
348372
348500
348688
348822
348871
349035
349044
349050
349476
349626
349644
349740
349801
350381
350474
350505
350609
350997
351191
351254
351270
351447
351556
351557
351577
351593
351770
351793
352012
352034
352176
352360
352382
352403
352497
352615
352647
352727
352791
352815
352817
352861
352911
352985
353163
353193
353304
353381
353402
353730
353771
353875
354365
354387
354435
354713
354719
354727
354753
355004
355116
355199
355261
355377
355387
355668
355677
355703
355716
355718
355818
355851
355901
355947
356032
356085
356357
356404
356550
356802
357025
357071
357097
357100
357282
357286
357304
357544
357547
357590
357620
357660
357702
357709
357877
358132
358183
358228
358270
358420
358466
358494
358660
358691
358716
358839
358893
358956
359030
359600
359631
359680
359735
359744
359851
359975
360284
360410
360767
360996
361074
361147
361308
361712
361802
361855
361979
362257
362337
362398
362498
362517
362580
362657
362671
362738
362862
362919
363166
363177
363548
363707
363962
364107
364126
364158
364159
364203
364267
364341
364435
364476
364568
364708
364732
364856
365009
365323
365836
365923
366045
366070
366122
366131
366438
366575
366656
366737
367089
367091
367281
367338
367445
367685
367688
367718
367719
367719
367736
367739
367830
367840
368178
368233
368237
368262
368336
368343
368395
368747
368759
368851
369011
369060
369112
369170
369179
369203
369378
369385
369412
369556
369572
369596
369610
370246
370361
370402
370501
370682
370737
370800
370943
370949
371086
371297
371396
371418
371785
371905
371971
372056
372266
372418
372619
372704
372834
372874
372887
372958
373165
373447
373457
373853
374239
374288
374442
374486
374520
374522
374735
374839
374859
374939
375051
375067
375301
375382
375386
375447
375512
375687
376003
376066
376098
376243
376271
376455
376727
376848
376937
376949
376981
377084
377206
377225
377367
377627
377648
377795
378096
378435
378446
378609
378904
379027
379471
379492
379780
379901
379947
380015
380025
380027
380413
380684
380873
381026
381086
381215
381379
381414
381486
381582
381603
381708
381797
381818
382130
382363
382381
382441
382582
382609
382658
382699
382799
382957
383002
383015
383094
383477
383689
383790
383929
384107
384286
384356
384484
384512
384584
384730
384857
384872
384886
385005
385149
385175
385221
385340
385380
385608
385738
385812
385835
386075
386157
386165
386223
386316
386396
386396
386490
386727
386737
386748
386748
386902
386965
387042
387067
387149
387238
387412
387834
387940
388188
388235
388354
388459
388471
388634
388934
389053
389053
389054
389060
389089
389098
389126
389244
389317
389382
389521
389578
389655
389779
389932
389971
390062
390079
390497
390514
390557
390607
390618
390694
390835
390960
391036
391128
391403
391656
392016
392067
392162
392195
392273
392277
392291
392302
392322
392425
392483
392502
392507
392639
392829
392856
392926
393019
393141
393494
393494
393517
393526
393544
393644
393659
394110
394234
394269
394273
394284
394290
394344
394529
394546
394553
394734
394958
395067
395202
395245
395314
395445
395625
395797
395843
395886
395892
395945
396012
396019
396145
396191
396304
396353
396434
396554
396617
396668
396786
397029
397239
397253
397275
397307
397329
397527
397583
397662
397878
398067
398106
398184
398273
398454
398455
398756
398851
399063
399183
399188
399391
399485
400190
400222
400262
400398
400471
400496
400496
400562
400691
400744
400794
400805
400949
400951
400980
401017
401076
401103
401171
401189
401195
401286
401308
401400
401725
401753
401780
401860
401998
402019
402088
402167
402272
402304
402405
402466
402472
402578
402609
402661
402749
402780
402882
402922
403010
403049
403127
403205
403225
403226
403228
403432
403625
403679
403682
403795
403985
404160
404181
404216
404220
404393
404407
404445
404616
404724
404835
404858
404869
404905
405095
405133
405140
405172
405192
405216
405365
405383
405633
405704
405710
405806
405873
405879
406125
406508
406690
406738
406802
406883
406934
407061
407113
407391
407490
407504
407508
407623
407826
408122
408170
408173
408296
408499
408553
408615
408655
408708
408821
408848
408854
408857
409313
409426
409488
409619
410033
410107
410112
410135
410143
410158
410244
410266
410294
410309
410333
410541
410582
410661
410865
410925
411066
411370
411598
411616
411837
412339
412425
412436
412448
412719
412739
412784
412903
412944
412979
413481
413627
413735
413828
413867
413904
414089
414518
414595
414600
414752
414807
414924
414981
415078
415108
415172
415205
415220
415227
415233
415329
415628
415657
415711
415761
415858
416089
416104
416262
416274
416289
416368
416439
416630
416705
416724
416807
417016
417093
417148
417206
417209
417247
417309
417344
417587
417621
417686
417689
417768
417824
417839
417931
417984
418030
418371
418373
418395
418399
418526
418559
418576
418767
418813
419080
419135
419347
419490
419659
419951
420032
420515
420680
420721
420734
420779
420812
420847
420913
421139
421384
421571
421738
421867
422109
422349
422456
422492
422578
422734
422844
422892
423024
423041
423110
423111
423296
423401
423477
423624
423662
423794
423859
423917
423981
424223
424325
424390
424533
424572
424683
424687
424727
424815
425037
425104
425228
425229
425384
425438
425458
425564
425775
425941
426007
426155
426198
426320
426676
426688
426874
426915
426927
426938
427027
427031
427355
427632
427643
427808
427873
427956
428064
428087
428110
428566
428691
428918
428983
429021
429127
429137
429282
429333
429351
429426
429485
429505
429515
429530
429546
429775
429823
429836
429940
429995
430011
430212
430510
430538
430570
430643
430859
430883
430895
430943
430953
431006
431199
431479
431595
431739
432025
432149
432172
432180
432198
432253
432351
432407
432595
432684
432723
432741
432771
432850
432853
433203
433317
433326
433336
433349
433360
433577
433714
433734
433783
434025
434203
434291
434373
434465
434481
434484
434728
434841
434925
434931
435162
435203
435279
435296
435302
435509
435637
435693
435773
435782
435785
435896
435974
436016
436293
436295
436315
436358
436417
436427
436499
436541
436566
436577
436603
436685
436899
436953
437164
437417
437418
437425
437444
437489
437515
437516
437683
437841
437850
437983
438023
438471
438476
438577
438824
439317
439372
439426
439440
439529
439565
439618
439701
439714
439852
439915
439920
439948
439958
440107
440194
440200
440243
440302
440768
440828
440846
441029
441130
441166
441215
441242
441292
441325
441361
441412
441470
441535
441684
441746
441756
441804
442031
442173
442200
442262
442352
442420
442440
442470
442504
442514
442516
442606
442653
442850
442879
442939
442957
443187
443214
443239
443285
443306
443443
443488
443499
443514
443590
443635
443754
443770
443772
443870
443907
443936
443940
443943
444059
444172
444176
444237
444393
444475
444544
444601
444654
444791
444913
444959
445056
445074
445106
445257
445311
445355
445357
445596
445604
445713
445948
446138
446147
446160
446425
446556
446596
446628
446653
446846
446935
447067
447174
447444
447485
447590
447626
447630
447631
447918
447959
447990
448018
448085
448195
448269
448344
448369
448489
448709
448861
449011
449013
449064
449106
449183
449284
449304
449321
449340
449371
449426
449742
449861
449951
449953
450028
450066
450136
450141
450241
450303
450340
450368
450577
450638
450866
450939
451066
451074
451099
451116
451347
451380
451422
451498
451611
451693
451739
451838
452311
452383
452487
452577
452581
452701
452717
452735
452789
453016
453106
453162
453175
453212
453230
453256
453387
453407
453525
453583
453684
453756
453851
453927
453955
454208
454228
454311
454393
454810
455182
455250
455273
455314
455521
455541
455608
455749
456208
456428
456482
456493
456501
456530
456813
456813
456851
456953
457084
457097
457208
457266
457280
457293
457375
457397
457405
457430
457615
457712
457793
457803
457828
457910
458052
458068
458179
458240
458299
458526
458544
458552
458697
458699
458710
458731
458861
458949
459341
459373
459649
459747
459818
459981
460103
460153
460213
460218
460259
460343
460548
460795
460821
461085
461104
461240
461280
461341
461549
461550
461569
461789
461851
461852
461955
462232
462591
462938
462950
462982
463008
463034
463043
463047
463074
463131
463191
463214
463264
463293
463364
463543
463589
463630
463708
463904
463972
463973
464043
464114
464211
464386
464406
464740
464903
465015
465039
465192
465219
465345
465457
465632
465635
465808
465907
466059
466134
466363
466561
466619
466719
466880
466906
466947
466972
467018
467286
467293
467466
467497
467553
467570
467733
467787
467985
467992
468282
468359
468417
468470
468519
468554
468597
468727
468954
469122
469134
469188
469306
469371
469451
469496
469709
469739
469862
469878
470033
470049
470121
470144
470194
470330
470488
470505
470617
470633
470716
470720
470869
470881
470940
471025
471180
471310
471364
471469
471539
471566
471617
472025
472042
472156
472162
472330
472441
472444
472454
472614
472631
472636
472653
472947
473099
473177
473376
473418
473427
473460
473468
473559
473854
474233
474450
474518
474547
474615
474642
474791
474910
474924
475198
475216
475296
475300
475387
475697
475776
475955
476041
476067
476231
476280
476758
476974
477066
477202
477284
477507
477611
477635
477682
477756
477798
477924
477929
477969
478191
478410
478503
478664
478677
479204
479240
479257
479305
479755
479891
480128
480230
480279
480446
480587
480625
480872
481043
481107
481120
481432
481663
481687
481707
481804
481863
481885
482094
482194
482351
482413
482510
482891
482976
483024
483083
483366
483521
483524
483800
483829
483865
483925
483960
484003
484004
484025
484025
484087
484147
484158
484172
484259
484277
484291
484354
484404
484423
484468
484525
484553
484754
484811
484862
484862
485046
485104
485147
485173
485217
485237
485285
485491
485492
485644
485661
485683
485751
485788
485984
486106
486154
486155
486213
486376
486412
486569
486574
486963
487255
487304
487346
487359
487425
487494
487518
487749
487758
488018
488053
488119
488199
488259
488318
488751
488997
489072
489138
489159
489278
489332
489424
489542
489650
489825
489853
489966
490020
490071
490213
490254
490356
490367
490473
490541
490649
490946
491115
491178
491255
491284
491585
491611
491617
491907
492021
492056
492090
492367
492465
492578
492691
492818
493119
493606
493613
494592
494597
494618
494648
494719
494797
494980
495017
495175
495246
495355
495450
495610
495720
495944
495977
495978
496118
496152
496253
496278
496348
496540
496636
496663
496676
496723
496767
496849
496865
496892
496894
496914
496940
496961
497028
497139
497146
497271
497359
497423
497454
497663
497765
497787
497952
498202
498223
498295
498315
498390
498416
498421
498495
498592
498616
498643
498672
498719
498719
498789
498826
498880
498954
498975
499043
499127
499157
499190
499261
499507
499639
499640
499704
499807
499843
500035
500313
500371
500512
500536
500664
500871
501032
501085
501305
501350
501416
501491
501683
501692
501739
501835
502125
502177
502244
502266
502292
502476
502519
502615
502666
502797
503299
503352
503380
503466
503603
503676
503843
503941
503948
504088
504178
504514
504837
504847
504934
504943
505006
505018
505119
505231
505452
505456
505878
505999
506038
506069
506140
506477
506640
506672
506690
506755
506759
506811
506908
506954
506989
507071
507127
507177
507197
507891
508030
508258
508345
508532
508639
508785
508813
508866
508924
508956
509022
509128
509234
509372
509555
509558
509720
509729
509780
509835
509850
509860
510154
510210
510259
510311
510438
510479
510508
510627
510696
510707
510857
510949
511026
511126
511313
511414
511508
511704
511756
511839
511861
511979
512055
512180
512392
512436
512440
512682
512734
512735
512814
512889
512926
512943
513328
513337
513368
513418
513457
513845
513853
513919
514152
514298
514337
514501
514533
514602
514621
514640
514650
514735
514756
514872
514999
515058
515080
515098
515151
515246
515319
515328
515382
515429
515497
515773
516045
516144
516222
516238
516254
516390
516485
516588
516615
516622
516729
516768
516822
516830
516870
516954
517026
517170
517182
517224
517355
517624
517643
517787
517813
518077
518244
518315
518324
518333
518462
518533
518581
518642
518801
518803
518869
518951
519260
519264
519335
519368
519405
519508
519516
519521
519531
519616
519620
519708
519975
520197
520235
520239
520309
520437
520445
520581
520635
520679
520864
521001
521022
521056
521071
521346
521393
521415
521478
521481
521533
521612
521629
521746
521859
521969
522105
522112
522127
522268
522286
522471
522540
522543
522641
523069
523195
523215
523244
523389
523425
523541
523590
523716
523744
523750
523780
523869
523911
523912
524012
524034
524125
524172
524431
524460
524600
524770
524795
525146
525160
525166
525266
525269
525349
525467
525475
525570
525704
525738
525804
526119
526191
526391
526628
526643
526751
526973
526988
527011
527297
527380
527612
527681
527779
527952
528003
528054
528057
528137
528256
528384
528402
528499
528568
528569
528953
529047
529159
529244
529574
529594
529611
529629
529641
529645
529685
529796
529938
530072
530384
530389
530405
530480
530583
530606
530623
530708
530856
530864
530987
531013
531162
531166
531167
531452
531602
531624
531683
531738
531870
531879
531951
532035
532053
532152
532163
532169
532212
532341
532358
532383
532591
532607
532789
532823
532884
532965
533116
533436
533461
533517
533566
533574
533644
533645
533661
533792
533835
533842
533943
534169
534249
534279
534356
534372
534422
534482
534598
534770
534885
534965
535012
535034
535199
535250
535457
535969
536128
536726
536753
536841
536875
536923
537075
537728
537793
537849
537855
537859
537880
538255
538263
538276
538539
538952
539446
539520
539579
539636
539661
539821
539964
540003
540007
540036
540081
540279
540322
540484
540600
540810
540850
540980
541007
541048
541086
541276
541378
541423
541428
541532
541587
541691
541749
541821
541848
542076
542165
542287
542292
542296
542399
542607
542843
542863
542875
543311
543398
543558
543867
543885
544075
544102
544108
544286
544371
544447
544481
544662
544732
544768
544837
544959
545020
545198
545290
545311
545345
545536
545727
545759
545843
545917
545943
546166
546249
546544
546941
547033
547098
547232
547306
547545
547652
547855
547918
547919
548004
548021
548075
548083
548588
548705
548863
548938
549006
549348
549351
549614
549778
549906
549918
550532
550621
550653
550696
550729
550943
550988
551055
551161
551276
551574
551653
551799
551863
551987
552024
552041
552046
552060
552146
552363
552399
552481
552582
552631
552633
552880
552920
552957
553385
553540
553654
553689
553732
553806
553938
553999
554139
554292
554534
554576
554833
555076
555141
555177
555264
555494
555691
555708
555713
556011
556184
556198
556226
556371
556539
556620
556638
556795
556926
557034
557036
557170
557312
557498
557519
557534
557673
557711
558143
558314
558372
558469
558543
558644
558719
559281
559360
559384
559544
559555
559698
559831
559853
559917
559991
560234
560259
560454
560462
560499
560562
560681
560769
560847
561008
561242
561272
561326
561478
561725
561822
561919
562051
562166
562348
562547
562602
562809
562886
563085
563188
563457
563642
563652
563844
563859
564088
564127
564502
564707
564720
564816
565032
565086
565554
565661
565685
565812
565868
565871
565924
565985
565991
566096
566131
566202
566220
566323
566381
566398
566399
566533
566769
566865
566934
567129
567196
567231
567318
567348
567495
567610
567646
567867
568041
568453
568514
568606
568683
568815
568951
569095
569189
569236
569253
569330
569408
569596
569614
569632
569694
569699
569921
570037
570318
570387
570405
570476
570479
570504
570602
570671
570906
570913
570930
570956
571002
571101
571121
571164
571277
571397
571436
571444
571499
571536
571553
571601
571631
571647
571667
571694
571800
571846
572161
572170
572176
572254
572316
572577
572581
572637
572695
572763
572864
572938
573113
573147
573181
573222
573525
573528
573791
573855
573875
573886
573918
573934
573960
574203
574210
574395
574458
575046
575056
575118
575226
575380
575423
575437
575667
575672
575733
575937
575956
576112
576366
576472
576608
576732
576766
576958
577060
577220
577288
577308
577340
577532
577609
577706
577745
577997
578012
578029
578420
578498
578535
578554
578745
578892
578904
578973
579049
579154
579196
579440
579574
579614
579625
579771
579926
580203
580332
580555
580563
580677
580853
580856
581121
581163
581208
581277
581333
581626
581657
581929
582133
582340
582381
582797
582854
582991
583081
583600
583751
583891
583947
583988
584019
584130
584134
584191
584262
584281
584400
584442
584470
584470
584537
584787
584811
584816
584822
584830
584859
584925
585000
585037
585100
585651
585741
585940
586013
586120
586138
586454
586511
586558
586572
586616
586630
586677
586877
586912
586942
586950
587069
587218
587267
587305
587372
587518
587578
587670
587824
588074
588078
588093
588150
588177
588177
588226
588227
588339
588391
588577
588632
588641
588693
588719
588762
588950
588967
589135
589231
589434
589603
589671
589785
589832
590007
590147
590159
590187
590214
590218
590249
590289
590533
590673
591028
591044
591055
591074
591434
591723
591800
591877
591885
591984
591996
592102
592125
592316
592671
592764
592895
592910
592928
592946
593067
593280
593289
593530
593757
594070
594075
594311
594340
594435
594498
594584
594652
594685
594715
594721
594814
594854
594979
595442
595451
595458
595570
595630
595641
595734
595935
595942
596158
596312
596402
596610
596806
596812
596957
597117
597193
597280
597370
597523
597626
597720
597769
598281
598313
598434
598457
598462
598595
598649
598676
598743
598763
598923
599134
599268
599301
599371
599396
599501
599590
599751
599792
599826
599842
599867
599985
600022
600075
600232
600393
600400
600514
600582
600716
600728
600804
600853
601161
601227
601301
601556
601734
601818
602003
602056
602324
602359
602519
602535
602552
602671
602782
602790
602799
603040
603060
603197
603255
603265
603304
603441
603487
603500
603523
603684
603916
604007
604086
604110
604123
604362
604373
604560
604584
604718
604778
604833
604898
605346
605356
605419
605556
605592
605973
606161
606223
606415
606465
606558
606749
606756
606908
606911
606955
606987
607015
607052
607095
607199
607208
607315
607347
607370
607372
607489
607505
607505
607559
607603
607647
607695
607767
607842
608004
608157
608254
608320
608362
608423
608449
608471
608596
608602
608653
608823
608870
608915
608997
609068
609273
609346
609496
609681
609824
609938
609949
609970
609994
610072
610231
610241
610281
610491
610503
610561
610816
610864
611294
611382
611382
611391
611488
611583
611646
611841
611991
612030
612075
612309
612392
612440
612528
612559
612720
612840
612921
612935
613041
613095
613136
613219
613442
613501
613593
613848
613869
613879
614211
614249
614422
614449
614588
614713
614821
614853
615070
615128
615153
615226
615318
615465
615537
615598
615712
615746
615919
615942
616187
616200
616260
616570
616636
616694
616704
616729
616809
617076
617415
617442
617453
617638
617652
617737
617748
617893
617919
617948
618038
618066
618296
618468
618687
618736
618781
618800
618911
619036
619132
619146
619220
619283
619321
619427
619484
619517
619667
619771
619896
619987
620005
620187
620213
620227
620278
620494
620508
620551
620638
620725
620838
620880
620914
621042
621061
621143
621174
621325
621351
621692
621734
621769
621992
621993
622063
622190
622195
622452
622488
622504
622516
622549
622737
622798
622805
623000
623008
623012
623216
623247
623257
623287
623545
623679
623802
624021
624029
624391
624409
624446
624577
624896
624923
625047
625062
625181
625230
625254
625302
625467
625475
625580
625610
625652
626054
626064
626331
626348
626543
626577
626684
626787
627079
627114
627184
627212
627319
627334
627518
627658
627875
627910
628018
628055
628179
628214
628227
628425
628685
628834
629343
629819
629927
629957
630103
630111
630131
630134
630236
630241
630418
630504
630552
630618
630668
630692
630895
630912
631054
631062
631350
631490
631555
631626
631665
631906
631965
632017
632112
632114
632538
632557
632591
632747
632761
632773
632894
632927
632979
633042
633209
633239
633295
633299
633518
633724
633856
634251
634274
634389
634450
634657
634671
634889
635004
635011
635479
635527
635542
635617
635665
635670
635933
635938
636013
636235
636431
636448
636687
636711
636916
637182
637555
637587
637590
637647
637804
637830
637851
637857
637909
637947
638016
638079
638359
638436
638476
638526
638526
638556
638564
638617
639049
639095
639198
639336
639428
639483
639536
639541
639811
640067
640127
640133
640479
640570
640583
641178
641452
641596
641616
641674
641704
641842
641947
642217
642292
642310
642424
642428
642886
642960
643045
643095
643107
643161
643168
643226
643357
643495
643564
643694
643760
643874
643914
643925
643953
644014
644034
644077
644294
644437
644628
644631
644736
644776
644788
644912
645140
645160
645186
645297
645393
645414
645437
645509
645543
645641
645720
645782
646289
646304
646321
646343
646423
646452
646496
646583
646601
646632
646685
647017
647206
647319
647322
647367
647586
647619
647875
647939
647954
647982
648113
648368
648550
648703
648772
648780
648891
648944
648980
649114
649191
649554
649741
650173
650292
650428
650568
650590
650655
650733
650957
650961
651016
651269
651282
651375
651428
651767
651779
651866
651925
652011
652084
652350
652390
652643
652668
652672
652729
652942
652978
653050
653076
653088
653095
653180
653181
653220
653233
653247
653430
653632
653640
653707
653761
653817
653941
654107
654553
654559
654639
654909
654980
655154
655328
655542
655760
655917
655999
656094
656416
656440
656559
656713
656776
656844
656905
657089
657134
657188
657220
657227
657335
657365
657472
657576
657635
657697
657743
657818
657852
657865
658195
658321
658343
658388
658407
658446
658719
658907
659065
659071
659142
659437
659533
659597
659649
659826
659826
660141
660223
660583
660609
660624
660756
660872
660964
661018
661321
661353
661359
661379
661510
661595
661628
661751
661781
661936
662044
662060
662121
662229
662369
662396
662437
662451
662626
662649
662684
662749
662793
662907
662998
663041
663181
663205
663547
663568
663641
663787
663950
663965
664156
664161
664244
664317
664610
664769
664866
664895
665007
665033
665052
665204
665249
665303
665337
665367
665482
665638
665658
665683
665742
665810
665929
665969
666025
666033
666112
666223
666334
666357
666420
666448
666710
666785
666827
666934
667300
667318
667424
667433
667493
667694
667708
667765
667791
668007
668060
668066
668138
668599
668640
668715
668725
668741
668788
668835
668899
669026
669041
669086
669274
669297
669431
669507
669621
669626
669654
669677
669899
670092
670274
670501
670741
670829
670888
670940
670964
671096
671100
671143
671200
671281
671292
671470
671583
671793
671875
671954
671979
671987
672010
672108
672126
672388
672542
673130
673371
673466
673648
673679
674005
674193
674480
674575
674649
674717
674835
674896
674897
675051
675215
675284
675329
675379
675396
675420
675422
675656
675697
675756
676127
676138
676376
676447
676525
676636
676686
676753
676758
677179
677225
677235
677317
677399
677572
677678
677840
677841
677981
678079
678266
678430
678454
678594
678597
678643
679016
679016
679129
679258
679282
679337
679367
679375
679379
679388
679413
679426
679428
679558
679573
679682
679779
679829
679889
679991
680098
680161
680545
680554
680654
680813
680875
680979
681203
681255
681325
681328
681406
681434
681673
681740
681861
681899
681949
682136
682176
682177
682654
682977
683002
683074
683268
683285
683310
683368
683450
683772
684004
684234
684278
684288
684426
684473
684571
684571
684657
684664
684707
684715
684843
684882
685091
685298
685530
685548
685594
685776
685801
685882
685910
685962
685980
686083
686150
686203
686254
686365
686589
686646
686889
686968
686988
687003
687069
687179
687232
687318
687406
687671
687794
687837
688222
688278
688504
688568
688612
688635
688685
688689
688931
689022
689039
689044
689094
689209
689247
689252
689273
689285
689329
689349
689419
689476
689578
689599
689782
689866
689987
690031
690080
690225
690288
690313
690332
690401
690520
690520
690705
690709
690772
690838
690887
690896
690944
690964
690967
691117
691179
691312
691438
691450
691479
691570
691604
691687
691737
691814
692104
692186
692263
692274
692366
692468
692471
692837
692878
693206
693368
693369
693370
693418
693588
693701
694159
694472
694641
694707
694795
694943
695121
695142
695162
695211
695224
695442
695527
695700
695772
695853
696005
696157
696363
696467
696519
696559
696580
696602
696689
696693
697102
697187
697237
697320
697415
697484
697499
697526
697581
697820
697910
697924
697991
698155
698642
698907
698930
698950
699052
699052
699108
699160
699257
699485
699561
699886
699895
700081
700383
700446
700553
700714
700746
700793
700801
700873
700884
701013
701214
701222
701271
701619
701652
701873
701897
701941
701955
702153
702162
702181
702252
702335
702491
702517
702726
702779
702860
702891
703279
703320
703325
703398
703400
703468
703479
703544
703604
703818
703887
703895
703914
703974
704262
704307
704326
704348
704533
704643
704672
704729
704743
704763
704936
704956
704978
705098
705108
705124
705160
705201
705269
705284
705311
705389
705393
705535
705565
705673
705885
705908
705937
706123
706163
706175
706282
706762
706841
707083
707108
707186
707204
707215
707235
707352
707741
707756
707760
707790
707851
708125
708223
708237
708286
708497
708523
708655
708710
708877
708906
708954
708999
709029
709086
709144
709161
709348
709362
709371
709420
709549
709783
709901
710071
710225
710307
710458
710609
710715
711012
711030
711057
711170
711183
711189
711345
711500
711503
711518
711616
711685
711686
711732
711890
712003
712081
712110
712400
712402
712415
712419
712544
712698
712971
712993
713244
713373
713384
713542
713547
713557
713672
713714
713716
713793
713932
713943
714007
714090
714094
714122
714178
714202
714249
714267
714316
714399
714403
714455
714644
714725
714786
714828
714853
714978
715051
715111
715169
715235
715295
715398
715423
715635
715672
715683
715738
715885
715971
716098
716120
716249
716370
716462
716547
716728
716771
716993
717073
717094
717165
717192
717257
717332
717778
717866
717907
717920
717965
718347
718351
718354
718514
718598
718628
718857
718931
718960
719205
719213
719264
719537
719940
719989
720166
720221
720285
720445
720450
720468
720646
720721
720794
720840
720898
720955
720999
721009
721043
721056
721138
721176
721224
721331
721740
721807
721835
721852
721900
721920
721972
722069
722662
722817
722873
722881
723032
723174
723279
723418
723449
723567
723622
723678
723785
723880
723892
723986
724129
724139
724211
724323
724393
724558
724707
724770
724788
724800
725022
725050
725354
725390
725451
725668
725814
725841
725909
725910
725924
726063
726084
726229
726654
727027
727159
727797
727802
727896
727911
727927
727947
727992
728076
728100
728662
728691
728762
728790
728967
729160
729231
729311
729447
729479
729617
729656
729714
729718
729737
729744
729745
729906
730040
730124
730163
730195
730311
730347
730412
730548
730573
730621
730869
731145
731343
731408
731434
731614
731812
731827
731978
731986
732096
732246
732391
732422
732511
732813
732841
732915
733123
733136
733387
733511
733633
733652
733658
733870
734048
734048
734079
734151
734319
734390
734417
734449
734455
734634
734696
734723
734751
734779
734794
734941
735120
735169
735228
735477
735535
735649
735681
735857
735907
735911
735976
736105
736131
736143
736302
736482
736554
737039
737138
737285
737319
737559
737648
737664
737667
737786
737884
738100
738102
738108
738113
738894
738937
739136
739205
739283
739356
739451
739897
740018
740085
740199
740203
740208
740335
740339
740481
740781
740817
740928
740955
741106
741184
741251
741601
741683
741718
741719
741836
742013
742103
742124
742273
742296
742323
742383
742476
742733
742754
742806
742866
742963
743077
743097
743269
743599
743599
743612
743733
744013
744055
744063
744146
744253
744308
744426
744488
745122
745152
745233
745314
745365
745393
745570
745717
745728
745818
745949
746149
746419
746432
746492
746499
746585
746633
746907
747005
747091
747244
747247
747367
747411
747531
747656
747674
747753
747913
747942
748013
748024
748355
748375
748425
748680
748745
748757
748908
749092
749118
749142
749227
749238
749282
749460
749553
749669
749821
749998
750038
750080
750132
750320
750422
750497
750763
750872
751267
751482
751536
751764
751796
752060
752122
752213
752239
752249
752301
752466
752578
752617
752791
752816
752858
752976
753057
753084
753178
753267
753284
753345
753379
753406
753444
753838
753842
753851
753866
753904
754120
754219
754257
754322
754367
754605
754708
754784
754791
755078
755106
755165
755379
755429
755960
756208
756565
756720
756743
756750
756756
756793
757371
757453
757515
757775
757851
757862
757985
757994
758040
758264
758308
758427
758597
758666
758694
758781
758869
758969
759179
759355
759413
759578
759604
759630
759695
759736
759739
759848
759950
760004
760138
760206
760311
760567
760576
760625
760700
760840
760928
761024
761168
761263
761462
761653
761670
761742
761794
761995
762310
762438
762440
762442
762552
762666
762704
762707
762718
762740
763012
763075
763110
763293
763366
763432
763496
763584
763632
763670
763747
763812
763819
763873
763989
763997
764069
764075
764166
764293
764480
764646
764656
764788
764971
765046
765084
765230
765231
765567
765863
765883
765905
765985
765991
766055
766093
766234
766241
766244
766266
766336
766356
766365
766562
766875
766896
766900
766953
767120
767187
767242
767245
767317
767320
767338
767339
767366
767442
767455
767521
767772
768200
768210
768395
768415
768498
768630
768647
768713
768753
769126
769332
769341
769521
769555
769586
769593
769594
769773
769785
769803
769857
769931
769980
770035
770089
770092
770105
770288
770371
770417
770538
770723
770853
770865
771001
771002
771092
771471
771613
771669
771830
772009
772078
772184
772210
772323
772379
772488
772525
772658
772691
772781
773009
773017
773075
773077
773266
773347
773488
773583
773618
773644
773659
773744
773750
773895
774041
774062
774104
774120
774175
774413
774478
774651
774679
774691
774880
774992
775021
775098
775371
775462
775470
775524
775658
775691
775760
775870
775898
775929
775994
776008
776053
776083
776102
776209
776458
776858
776999
777123
777143
777148
777337
777515
777576
777579
777702
777812
777900
777933
777950
777975
778032
778139
778219
778229
778458
778561
778564
778634
778667
778971
779198
779249
779296
779350
779388
779402
779586
779593
779776
779920
780096
780167
780173
780427
780585
780880
781047
781240
781286
781328
781416
781518
781674
781747
781755
781802
781819
781836
781869
782012
782064
782210
782297
782308
782371
782380
782440
782802
782923
783016
783041
783088
783200
783349
783398
783449
783461
783466
783469
783576
783638
783878
783882
783940
784028
784112
784119
784214
784350
784381
784543
784544
784547
784565
784612
784913
784950
785047
785067
785176
785196
785222
785560
786105
786418
786466
786506
786616
786629
786769
786818
786862
786928
786953
787008
787083
787173
787221
787236
787256
787270
787305
787531
787563
787688
787721
787762
787820
787907
787922
788048
788082
788086
788109
788214
788238
788292
788325
788377
788389
788685
788689
788716
788809
788866
788938
788952
788977
789251
789288
789379
789596
789620
789921
789962
789997
790272
790755
790790
790878
790906
790969
791300
791376
791402
791612
791670
791781
791913
792009
792040
792045
792103
792112
792202
792339
792380
792381
792401
792411
792475
792779
792819
793142
793225
793507
793704
793734
793741
793836
793855
793944
793976
794058
794062
794160
794173
794438
794581
794735
794772
794858
795135
795367
795683
795786
795798
795894
795896
796088
796320
796327
796338
796598
796848
796862
796889
796909
796922
796997
797087
797117
797212
797290
797334
797391
797441
797445
797502
797700
797886
797890
797899
797973
798006
798068
798112
798405
798430
798518
798541
798564
798751
798775
798802
798890
799020
799040
799097
799124
799799
799916
799989
800061
800204
800380
800450
800463
800495
800614
800648
800720
800903
800907
801058
801096
801245
801324
801613
801618
801634
801653
801712
801836
802183
802196
802214
802433
802552
802714
802899
802916
803142
803237
803275
803281
803490
803505
803549
803605
803647
803679
803813
803815
803845
803967
804017
804043
804047
804072
804104
804118
804125
804205
804257
804302
804331
804332
804374
804742
804750
804759
804790
804987
805063
805128
805190
805264
805369
805391
805452
805541
805859
806032
806145
806145
806352
806505
806533
806538
806598
806648
806649
806788
806881
806901
807016
807034
807132
807197
807251
807617
807861
807862
807987
808116
808157
808215
808228
808256
808357
808412
808690
808720
808880
808912
808921
809262
809580
809629
810444
810474
810587
810663
810666
810705
810899
810906
810932
810937
811090
811093
811192
811196
811313
811423
811617
811650
811750
812075
812214
812229
812230
812258
812576
812613
812683
812771
813133
813180
813233
813324
813350
813496
813546
813700
813951
813959
813979
814159
814296
814377
814676
814717
814757
814887
814961
815103
815137
815322
815456
815572
815651
815668
815699
815750
815775
815988
816116
816161
816283
816548
816560
816580
816757
817156
817176
817255
817352
817363
817415
817489
817719
817749
817764
817887
817898
817954
817956
818087
818399
818619
818707
818785
818804
819390
819416
819431
819647
819971
820000
820064
820092
820151
820554
820688
820772
820801
821076
821097
821149
821234
821312
821586
821588
821609
821656
821842
821871
821963
822323
822743
823009
823030
823072
823172
823206
823366
823501
823511
823829
823953
824122
824188
824240
824309
824466
824525
824604
824613
824620
824762
824904
824915
824940
824955
824980
825017
825028
825069
825245
825310
825353
825385
825546
825616
825817
825904
825914
826272
826352
826440
826471
826675
826723
826907
826917
827129
827143
827196
827378
827398
827549
827569
827750
827754
827766
827774
827864
827962
827964
827989
828163
828224
828285
828321
828367
828591
828591
828684
828753
828803
828889
829061
829079
829179
829497
829525
829537
829700
829705
829805
830073
830197
830455
830597
830691
830756
830761
830850
830852
830893
831169
831258
831278
831515
831516
831577
831590
831634
831640
832006
832244
832330
832404
832495
832528
832869
832896
832897
832911
833281
833311
833419
833470
833496
833615
833776
834118
834167
834182
834198
834329
834402
834411
834430
834490
834566
834632
834698
834715
834720
835057
835088
835121
835129
835219
835380
835535
835688
835756
835758
835776
835821
835880
835881
835919
836016
836128
836176
836255
836285
836373
836740
836757
836787
836818
837215
837459
837520
837523
837549
837903
838026
838133
838147
838241
838341
838479
838511
838647
838670
838858
839239
839319
839464
839578
839694
839827
839888
840274
840292
840395
840451
840459
840492
840501
840506
840510
840532
840569
840713
840742
840901
841059
841063
841100
841191
841587
841656
841705
841815
841923
842005
842076
842162
842198
842242
842585
842762
842849
842889
842897
843480
843651
843675
843770
843774
843810
843940
844256
844338
844347
844360
844409
844711
844715
844757
844785
844939
844981
844986
845103
845116
845139
845462
845624
845749
845757
845788
845822
845865
846047
846151
846173
846264
846307
846409
846464
846469
846553
846654
846855
847020
847121
847198
847341
847432
847458
847563
847682
847730
847749
847913
848275
848470
848600
848848
848868
849079
849121
849222
849413
849499
849551
849571
849648
849658
849794
850011
850282
850309
850417
850539
850541
850588
850623
850628
850636
850838
850914
851040
851070
851165
851526
851571
851610
851686
851710
851924
851934
851948
851963
852087
852227
852369
852399
852408
852413
852547
852573
852614
852744
852774
852806
853099
853180
853194
853278
853357
853532
853770
853949
854085
854085
854229
854365
854478
854667
854710
854786
854905
854954
854990
854999
855021
855084
855154
855253
855441
855443
855452
855511
855644
855687
855754
855804
855860
855861
855915
855943
856016
856051
856104
856178
856349
856387
856407
856519
856664
856715
856873
857016
857039
857398
857451
857466
857492
857495
857503
857768
857818
857832
857839
857871
858099
858123
858324
858411
858609
858672
858801
858883
858932
858968
859041
859210
859266
859733
859799
859912
859933
860044
860129
860176
860214
860253
860279
860407
860493
860701
860818
860818
861067
861131
861195
861311
861361
861626
861725
861853
861873
862027
862107
862306
862352
862380
862425
862593
862685
863133
863235
863442
863472
863478
863521
863664
863792
863822
863823
863841
863908
864003
864119
864132
864153
864302
864326
864649
864873
865179
865313
865346
865572
865682
865767
865900
866218
866326
866403
866405
866588
866691
866771
866998
867063
867291
867341
867472
867590
867616
867665
867669
867766
868001
868071
868074
868083
868085
868125
868168
868180
868220
868339
868445
868447
868502
868523
868531
868593
868658
868692
868924
869012
869073
869250
869409
869500
869536
869696
869752
869784
869926
869937
870052
870064
870213
870242
870341
870388
870399
870402
870704
870893
870934
871101
871107
871210
871229
871309
871400
871494
871569
871672
871732
871872
871890
872057
872217
872380
872610
872724
872767
873328
873379
873386
873509
873577
873593
873739
873868
873895
874158
874248
874276
874445
874678
874892
874970
874984
874999
875035
875099
875101
875232
875286
875441
875616
875693
875758
875812
875994
876065
876109
876198
876224
876259
876351
876515
876641
876700
876709
876731
876774
876829
877078
877142
877200
877205
877327
877489
877496
877543
877617
877622
877732
877944
878057
878126
878135
878362
878616
878657
878705
878757
878929
878934
878951
879051
879062
879174
879222
879241
879291
879658
879768
879858
879885
879987
880238
880310
880329
880574
880622
880852
880889
880939
881338
881348
881406
881452
881514
881771
881827
882043
882318
882333
882502
882535
882544
882668
882720
882817
882938
883000
883599
883739
883742
883746
883926
884026
884067
884096
884149
884174
884189
884226
884513
884608
884757
884836
884836
884934
885018
885087
885140
885149
885155
885161
885213
885368
885413
885484
885498
885798
885960
886059
886197
886497
886536
886601
886674
886720
886810
886959
887087
887102
887262
887327
887619
887654
887683
887738
888026
888235
888300
888382
888409
888475
888848
888848
888951
889005
889572
889615
889647
890021
890035
890039
890053
890091
890152
890161
890304
890651
890651
890925
891013
891131
891133
891225
891321
891373
891909
891971
892145
892148
892227
892342
892565
892585
893121
893248
893357
893417
893658
893727
894260
894279
894386
894423
894429
894695
894786
894792
895035
895074
895181
895267
895305
895516
895529
895709
895903
896059
896087
896165
896175
896182
896188
896277
896343
896374
896452
896531
896537
896562
896709
896715
896745
896860
896907
896978
897023
897229
897378
897389
897436
897486
897541
897548
897569
897628
897655
897675
897898
897949
898174
898185
898336
898393
898582
898845
898953
899218
899223
899271
899315
899343
899427
899462
899626
899851
899953
900136
900221
900233
900315
900342
900430
900549
900704
900729
900736
900812
900822
900824
900959
901009
901137
901441
901511
901591
901641
901744
901859
901885
902117
902177
902184
902195
902210
902368
902539
902601
902625
902868
902890
902914
902932
903064
903427
903658
903671
903739
903839
903853
904303
904372
904422
904492
904526
904554
904600
904686
904743
904857
905100
905129
905145
905283
905325
905469
905546
905768
905810
905860
906048
906145
906223
906422
906492
906494
906528
906595
906647
906705
906723
906795
906899
906928
906950
907007
907065
907272
907524
907647
907725
907855
907990
908004
908095
908265
908280
908297
908439
908495
908891
908950
908979
909115
909334
909336
909349
909393
909411
909422
909587
909733
909873
910116
910122
910347
910409
910439
910543
910615
910686
910786
910818
910859
911088
911227
911282
911286
911399
911404
911499
911568
911733
911772
911802
912330
912348
912399
912404
912501
912560
912699
912791
912823
913027
913243
913554
913674
913732
913812
913859
914013
914078
914081
914170
914260
914368
914389
914671
914679
914723
914775
914779
914814
915084
915134
915164
915510
915636
916163
916326
916603
916730
916888
917013
917022
917025
917113
917226
917344
917506
917865
917881
917965
918228
918288
918299
918301
918494
918551
918790
918820
918917
919113
919178
919312
919380
919564
919605
919728
919743
919830
919854
919906
920045
920362
920441
920590
920681
920696
920783
920786
921208
921234
921318
921366
921431
921512
921552
921585
921590
921656
921711
921717
921734
921786
921825
921920
922172
922231
922309
922505
922563
922745
922747
922776
922847
922891
922954
922967
923170
923227
923387
923535
923563
923663
923735
923811
923894
923910
923956
924035
924090
924298
924330
924587
924674
924797
924812
924878
924902
924961
925044
925264
925609
925763
925813
925965
926321
926378
926378
926568
926587
926634
926801
927073
927150
927181
927347
927411
927676
927791
927892
927997
928019
928073
928306
928324
928408
928480
928501
928607
928690
928768
928832
928886
928941
929073
929167
929182
929285
929378
929407
929502
929538
929615
929667
929780
929965
930000
930130
930261
930328
930347
930453
930503
930533
930616
930688
930720
930859
930891
931063
931176
931297
931327
931427
931509
931542
931606
931809
931877
932000
932160
932323
932344
932431
932485
932667
932724
932938
933015
933189
933297
933327
933428
933560
933733
933751
933753
933910
933961
933995
934145
934270
934497
934538
934551
934592
934706
934712
934740
934756
934896
935278
935289
935322
935338
935646
935852
935912
935978
936056
936139
936215
936230
936239
936270
936271
936394
936411
936429
936634
936659
936687
936857
936887
937032
937337
937404
937437
937491
937634
937656
937713
937812
937853
937854
937959
937970
938126
938127
938137
938166
938264
938495
938546
938712
938818
938833
938871
938914
938938
938941
938989
939013
939128
939138
939348
939733
939758
939772
939958
939981
940033
940070
940152
940415
940435
940660
940875
940879
941232
941607
941672
941801
941834
941892
941895
942164
942203
942321
942323
942889
942901
942971
943249
943377
943382
943445
943508
943652
943660
943886
944236
944267
944334
944392
944491
944612
944621
944655
944744
944960
945136
945321
945379
945437
945475
945480
945552
945677
945681
945821
945922
945926
946410
946468
946490
946747
946912
946933
946995
947137
947174
947182
947227
947249
947268
947291
947357
947467
947471
947500
947617
947741
947876
948055
948381
948508
948516
948582
948703
948810
948848
948865
948922
948981
949134
949135
949214
949244
949327
949375
949380
949470
949677
949695
949803
949816
949851
949905
949914
949999
950071
950097
950183
950211
950371
950445
950463
950609
950630
950702
950741
950983
951362
951609
951877
951882
951934
952262
952343
952446
952539
952558
952680
952719
952849
953259
953445
953471
953646
953777
953874
954112
954160
954184
954322
954369
954539
954590
954602
954632
954670
954694
954739
954955
954994
955051
955186
955210
955536
955726
955794
955993
956295
956360
956408
956437
956492
956611
956806
956890
956921
956922
956923
956966
957016
957079
957100
957125
957224
957377
957440
957820
957871
957983
958053
958098
958474
958705
958751
958768
958818
958831
959289
959586
959600
959846
959847
959966
960013
960085
960132
960246
960285
960288
960547
960571
960700
960715
960951
961109
961160
961167
961323
961333
961344
961421
961423
961447
961573
961819
961842
961976
962097
962252
962638
962872
963176
963254
963299
963419
963455
963495
963554
963626
963636
963673
963676
963780
964178
964304
964312
964341
964608
964667
964989
965135
965209
965295
965435
965465
965947
965958
966090
966200
966403
966824
966882
966894
967168
967511
967542
967699
967747
968024
968154
968319
968479
968585
968738
968748
968778
968791
969308
969363
969655
969656
969878
970087
970103
970117
970148
970317
970332
970504
970521
970544
970627
970653
970662
970870
970906
970924
970949
971029
971033
971094
971151
971211
971368
971458
971509
971525
971525
971531
971581
971621
971638
971640
971714
971784
971986
972085
972500
972641
972937
973079
973269
973449
973454
973599
973626
973699
973781
974322
974402
974423
974451
974597
975133
975369
975542
975604
975696
975744
975876
975885
975905
975945
976028
976040
976375
976376
976387
976489
976507
976515
976900
977129
977142
977288
977354
977520
977548
977664
977691
977823
978009
978049
978247
978629
978833
979160
979336
979436
979455
979656
979725
980336
980396
980456
980545
980568
980607
980820
980829
980840
981122
981271
981369
981492
981498
981510
981540
981765
981877
981902
982059
982191
982367
982391
982574
982647
982676
982709
982940
983011
983035
983104
983110
983343
983706
983717
984006
984075
984102
984214
984318
984464
984598
985039
985290
985304
985687
985787
985787
985850
985924
986045
986209
986211
986390
986449
986613
986749
986970
987041
987049
987142
987176
987359
987611
987815
987846
987875
987939
988084
988166
988226
988423
988473
988603
989063
989132
989138
989159
989160
989182
989433
989458
989513
989591
989639
989834
989910
990079
990114
990202
990297
990389
990436
990569
990926
990952
990989
990994
991065
991112
991280
991414
991540
991544
991584
991721
991747
991782
991803
991854
992142
992167
992581
992698
992727
992841
992974
992977
993010
993030
993295
993425
993492
993590
993645
993739
993743
993817
994132
994191
994288
994380
994510
994855
994875
994885
994994
995265
995304
995493
995571
995852
996157
996224
996466
996559
996631
996693
996704
996768
997293
997326
997341
997472
997579
997721
997799
997859
997995
998055
998121
998154
998267
998291
998419
998455
998561
998648
998651
998770
998870
998884
999156
999316
999391
999451
999453
999568
999586
999835
999857
999869
999920