171
237
334
551
608
696
752
819
825
867
903
1243
1254
1304
1609
1685
1773
1884
1901
1903
2070
2095
2097
2236
2259
2275
2294
2540
2610
2822
3101
3302
3309
3333
3778
3829
3863
3943
3965
3981
3994
4259
4278
4852
4886
4908
4984
5000
5263
5432
5554
5571
5632
5694
5720
5738
5814
5857
5857
6361
6374
6379
6403
6591
6755
6791
6854
6860
6865
6926
7016
7088
7101
7195
7250
7251
7261
7368
7554
7565
7654
7856
7898
7992
8002
8056
8240
8295
8345
8374
8490
8556
8593
8594
8634
8965
8988
8993
9126
9183
9271
9601
9610
9630
9732
9882
9889
9918
9926
9941
9971
9984
10122
10162
10181
10242
10252
10308
10427
10509
10645
10690
10974
11031
11119
11189
11278
11412
11504
11923
11971
12046
12162
12203
12425
12438
12695
12802
12850
13086
13125
13456
13746
14297
14354
14379
14420
14529
14545
14658
14706
14720
14745
14870
15204
15279
15319
15358
15429
15445
15490
15815
15969
16064
16097
16214
16447
16529
16591
16641
16655
16717
16978
17151
17570
17669
17858
17915
18052
18109
18433
18449
18560
18617
18647
18733
18797
19037
19069
19096
19137
19156
19321
19605
19668
19779
19809
19918
19961
19967
19999
20069
20119
20124
20143
20272
20509
20513
20597
20602
20729
20901
20942
20959
20973
21077
21196
21236
21377
21474
21477
21539
21577
21605
21684
21692
21712
21799
21845
21874
21924
22280
22302
22303
22473
22624
22659
22737
22742
22762
22855
23106
23137
23165
23196
23275
23341
23363
23382
23573
23618
23814
23826
23929
23954
24089
24275
24660
24666
24694
24777
24885
25065
25260
25324
25713
25775
25857
25909
25931
26080
26148
26286
26520
26661
26725
26902
27071
27132
27178
27401
27584
27590
27819
28029
28136
28138
28206
28388
28435
28498
28509
28533
28580
28653
28741
28817
28823
28907
29322
29343
29928
29966
29987
30031
30156
30273
30792
30907
31072
31087
31365
31558
31672
31868
31955
32000
32047
32130
32166
32215
32280
32497
32723
32883
32885
33065
33348
33410
33480
33630
33662
33677
33801
33900
34082
34142
34229
34239
34283
34305
34324
34371
34378
34459
34509
34658
34668
34700
34894
34927
34931
35006
35142
35231
35329
35342
35351
35364
35365
35385
35672
36036
36050
36085
36105
36122
36212
36215
36342
36408
36783
36895
36921
37008
37488
37556
37682
37864
37953
38352
38383
38462
39053
39185
39574
39602
39844
39851
39877
40181
40413
40415
40518
40735
40801
40954
40968
41095
41146
41216
41288
41372
41380
41381
41470
41677
41711
42054
42171
42306
42353
42374
42639
42793
43021
43059
43162
43236
43316
43329
43535
43601
43880
43959
43966
44079
44211
44339
44381
44434
44507
44576
44610
44755
44788
44824
45092
45229
45305
45351
46017
46110
46169
46250
46278
46389
46450
46521
46606
46630
46884
46896
46936
46985
47145
47260
47327
47402
47431
47679
47681
47718
47917
48057
48093
48288
48306
48901
48937
48940
49152
49292
49774
49796
49807
49864
49929
49935
49954
49954
49994
50183
50371
50423
50750
50808
50862
50896
50965
51019
51084
51410
51468
51711
51752
51806
51917
51972
51977
51982
52045
52068
52215
52431
52490
52513
52556
52732
52877
52922
53099
53185
53260
53388
53533
53574
53772
53813
53832
54171
54351
54571
54663
54686
54845
54853
54940
55369
55718
55751
55786
55818
56008
56196
56242
56338
56521
56627
56895
57132
57241
57268
58084
58184
58239
58242
58266
58279
58606
58836
59076
59311
59366
59595
59654
59692
59715
59923
60136
60339
60386
60480
60533
60637
60896
61543
61557
61572
61604
61679
61685
61688
62053
62111
62200
62224
62428
62551
62641
62816
62856
63088
63090
63192
63246
63360
63455
63507
63584
63699
63838
63848
63917
63958
64007
64220
64231
64300
64309
64403
64442
64449
64464
64468
64536
64634
64683
64688
64763
64838
65010
65269
65351
65358
65380
65458
65505
65737
65760
65762
65773
65899
65919
65982
66124
66127
66175
66256
66342
66452
66502
66688
66939
66982
67054
67235
67260
67540
67727
67760
67893
68050
68090
68261
68361
68783
68791
68811
69030
69111
69182
69369
69410
69459
69462
69473
69475
69546
69560
69641
69641
69669
69749
69808
70170
70272
70301
70307
70309
70326
70402
71077
71161
71227
71310
71553
71657
71772
71887
72467
72483
72520
72606
72678
72836
72935
73113
73115
73179
73438
73574
73750
73841
73933
74120
74323
74339
74776
74801
74913
74922
75002
75221
75567
75568
75749
75814
76009
76170
76252
76258
76353
76381
76492
76506
76516
76755
76916
76916
76978
77041
77150
77347
77531
77563
77633
77639
77775
77850
77946
78068
78138
78214
78232
78389
78442
78602
79048
79122
79151
79252
79316
79530
79577
79593
79609
79700
79708
79740
79806
79872
79996
80017
80235
80750
80838
81107
81283
81366
81399
81472
81651
81760
81805
81815
81927
81972
82047
82310
82459
82470
82536
82581
82585
82740
82869
82883
83074
83120
83150
83263
83356
83362
83432
83556
83662
83669
83692
83732
83799
83865
83892
83937
83980
84228
84387
84709
84757
84862
84955
85186
85337
85941
86026
86068
86107
86300
86312
86638
86742
86784
86860
86935
87064
87202
87354
87391
87608
87836
87900
87905
87923
87924
88006
88171
88294
88298
88324
88365
88453
88527
88660
88672
88695
88802
88847
88873
88983
89081
89442
89494
89882
89911
89968
89974
89995
90124
90162
90328
90361
90436
90440
90496
90500
90610
90690
90864
90974
91271
91487
91569
91911
91946
92088
92145
92297
92297
92366
92393
92566
92596
93026
93369
93478
93522
93560
93644
93731
93743
93758
93882
93895
94124
94153
94194
94212
94229
94268
94413
94617
94619
94695
94878
94911
95139
95311
95407
95434
95506
95515
95549
95582
95775
95802
95804
95838
95929
95953
95954
96073
96126
96128
96192
96259
96449
96519
96523
96764
96864
96904
96905
96997
97032
97119
97246
97271
97293
97362
97421
97578
97630
97720
97744
97786
97793
97818
98018
98033
98043
98360
98376
98424
98475
98500
98542
98640
98680
98690
98735
98795
98898
98899
98987
99009
99033
99058
99365
99446
99447
99771
99846
99881
99916
100170
100411
100442
100450
100478
100599
100645
100676
100688
100691
100723
100793
100866
100948
101037
101086
101250
101333
101444
101451
101960
102105
102105
102262
102422
102505
102663
102695
102737
102808
102844
102993
103063
103078
103244
103385
103427
103618
103874
103894
103941
104177
104324
104363
104535
104602
104695
104739
104762
104801
104823
104830
105128
105157
105200
105206
105233
105332
105415
105573
105664
105795
105827
105829
105842
106145
106161
106171
106191
106194
106253
106284
106330
106445
106448
106517
106549
106581
106698
106774
107101
107208
107298
107356
107364
107448
107483
107601
107674
107699
107700
107721
107739
107864
107871
107909
107935
108085
108294
108405
108881
109026
109069
109312
109553
109681
109724
109745
109847
109916
109930
110073
110108
110131
110293
110453
110509
110548
110621
110750
110900
110993
111020
111036
111076
111084
111188
111217
111257
111263
111296
111401
111433
111544
111545
111606
111759
111828
112061
112139
112158
112209
112461
112522
112593
112716
112788
112804
113042
113063
113084
113284
113498
113642
113699
113843
113871
113886
113924
113966
114052
114076
114140
114347
114354
114502
114549
114603
114603
114613
114644
114647
114699
114916
115086
115094
115139
115276
115449
115549
115560
115588
115718
115858
116113
116159
116322
116440
116614
116971
116995
117007
117063
117097
117161
117248
117372
117481
117483
117497
117509
117561
117676
117757
117771
117773
117976
118038
118054
118129
118237
118412
118438
118496
118626
118718
118800
118881
119057
119069
119275
119363
119414
119509
119606
119735
119830
119833
119866
120183
120261
120454
120760
120804
120868
120875
120898
120952
121026
121406
121444
121584
121596
121861
121938
122024
122044
122047
122054
122199
122290
122430
122517
122727
122804
122811
122856
123021
123245
123260
123408
123490
123689
123719
123888
124060
124109
124126
124215
124284
124400
124466
124641
124688
124861
124911
125016
125055
125164
125171
125591
125694
125708
125761
125866
126244
126390
126641
126651
126666
126736
126820
126892
126994
127069
127121
127240
127277
127295
127299
127318
127381
127398
127523
127695
127854
128042
128165
128377
128379
128398
128399
128561
128809
128838
128993
129046
129299
129309
129478
129531
129567
129631
129715
130145
130329
130437
130532
130690
130746
131163
131171
131234
131287
131472
131481
131487
131565
131586
131687
131695
131800
131804
131849
131868
131870
132084
132276
132307
132355
132381
132488
132677
132743
132750
132923
133014
133269
133413
133830
134024
134233
134288
134361
134975
135010
135115
135122
135155
135378
135395
135500
135583
135632
135657
136081
136437
136470
136471
136873
136889
137078
137106
137342
137473
137514
137581
137723
137864
137903
138000
138284
138396
138742
138800
138826
138832
138978
139318
139442
139566
139691
139799
139809
139899
139924
140134
140300
140330
140645
140662
140675
140713
140801
140819
140956
140973
141459
141625
141644
141817
141939
142003
142109
142354
142444
142563
142579
142691
142741
142808
142897
142908
142939
142971
142991
143041
143211
143225
143335
143394
143458
143512
143569
143584
143864
143870
143894
143902
144000
144007
144230
144445
144499
144730
144877
145292
145348
145553
145620
145667
145681
145729
145758
145771
145806
145811
145855
146066
146140
146214
146275
146363
146534
146575
146593
146729
146747
146763
146863
146913
147004
147020
147039
147066
147181
147224
147271
147457
147694
147841
147967
148008
148122
148358
148554
148597
148679
148786
148813
148931
148979
149056
149245
149353
149388
149421
149472
149480
149562
149656
149845
150090
150108
150169
150251
150255
150315
150321
150334
150381
150478
150491
150540
150561
150561
150700
150843
150990
151002
151044
151070
151110
151127
151129
151147
151823
151843
151849
152111
152142
152166
152204
152332
152528
152596
152658
152733
152746
152758
152869
152933
153054
153084
153190
153220
153327
153387
153552
153653
153656
153893
154002
154026
154136
154166
154348
154513
154578
154871
155175
155316
155406
155677
155703
155832
155878
155929
156034
156090
156392
156436
156576
156945
157120
157258
157264
157281
157316
157644
157746
157747
157966
157973
157982
158004
158016
158033
158118
158236
158400
158407
158572
158636
158654
158790
158852
158885
159316
159602
159669
159678
159796
159821
159869
159914
159987
160042
160168
160207
160220
160577
160775
160797
160846
160875
160964
161180
161398
161435
161522
161561
161873
162194
162195
162296
162368
162431
162591
162808
162895
162897
163059
163247
163305
163385
163510
163523
163529
163596
163614
163614
163702
163794
163801
164190
164196
164228
164270
164458
164566
164783
164853
165099
165165
165203
165554
165596
165936
166071
166086
166241
166463
166515
166615
166799
166973
166994
167073
167148
167261
167394
167427
167443
167469
167519
167608
167650
167985
168090
168113
168169
168223
168322
168332
168344
168357
168571
168691
168774
168790
168820
168862
168923
169058
169262
169278
169393
169625
169687
169853
169985
170099
170197
170350
170404
170758
170801
170803
171237
171298
171663
171730
171946
171980
172111
172160
172304
172508
172647
172710
172764
172766
172812
173001
173030
173163
173195
173216
173268
173452
173583
173609
173851
173941
173942
173978
174193
174202
174249
174438
174483
174484
174625
174650
174782
174794
174883
174909
174964
175137
175199
175217
175347
175360
175448
175524
175560
175574
175682
175855
175965
175978
176035
176091
176265
176271
176293
176307
176310
176530
176675
176716
176776
176824
176844
176916
176960
176996
177170
177291
177515
177519
177705
177741
177883
178085
178520
178609
178638
178683
178956
179004
179195
179227
179238
179304
179337
179399
179446
179456
179482
179704
179707
179728
179752
179843
179919
179953
180433
180483
180600
180674
180691
180707
180935
180971
180973
181049
181071
181347
181369
181414
181468
181555
181588
181607
181670
181737
181815
181922
182054
182179
182186
182205
182396
182552
182612
182697
182893
182951
182972
182979
183084
183139
183405
183470
183494
183653
183758
183766
183808
183894
183906
183929
183963
184409
184519
184754
185175
185301
185348
185349
185399
185409
185582
185611
185615
185684
185723
185767
185777
185827
185909
185925
185935
186101
186104
186184
186216
186226
186317
186414
186447
186786
186809
186882
187001
187002
187055
187104
187256
187271
187300
187426
187455
187558
187943
188028
188071
188793
189159
189175
189201
189233
189273
189358
189558
189582
189610
189651
189819
189834
190020
190042
190249
190432
190505
190922
190997
191091
191222
191225
191247
191311
191326
191416
191426
192186
192320
192339
192470
192571
192656
192690
192717
192729
192842
192843
193072
193147
193147
193294
193640
193781
193818
194054
194076
194327
194369
194380
194458
194563
194576
194704
194746
194850
194912
194936
194984
195185
195192
195343
195488
195636
195777
196016
196038
196193
196228
196235
196646
196676
196721
196835
196845
196946
197058
197113
197167
197186
197313
197438
197581
197585
197629
197669
197829
197831
198044
198169
198313
198316
198333
198491
198503
198511
198667
198700
198740
198883
198900
199058
199129
199162
199163
199190
199216
199290
199351
199403
199481
199669
199688
199832
199970
200256
200380
200491
200493
200611
200643
200798
201080
201114
201279
201644
201683
201686
202012
202058
202151
202171
202440
202451
202478
202505
202641
202667
202694
202836
203180
203220
203379
203384
203435
203449
203492
203504
203506
203779
203877
204145
204201
204331
204605
204712
204916
205083
205087
205281
205408
205417
205453
205456
205503
205596
205775
205869
206113
206261
206435
206557
206674
206745
206832
206839
206919
207093
207106
207344
207372
207417
207491
207827
207941
207962
207992
208051
208119
208314
208447
208892
209024
209098
209119
209377
209419
209518
209748
209908
210075
210438
210452
210467
210473
210489
210564
210690
210729
210766
210822
210949
210959
210990
211034
211247
211259
211472
211538
211580
212104
212283
212531
212776
212811
213222
213223
213310
213313
213351
213380
213469
213482
213809
214031
214147
214236
214376
214394
214628
215271
215423
215455
215481
215496
215534
215646
215902
215920
215933
215954
216125
216275
216308
216462
216472
216561
216631
216649
216729
216954
217092
217199
217314
217390
217605
217659
217733
217785
217894
217959
217981
218063
218066
218090
218692
218822
218910
218991
219008
219161
219252
219389
219468
219623
219736
219881
219898
219929
219931
219951
220009
220331
220534
220611
220715
220805
220865
221091
221118
221190
221233
221377
221459
221748
221914
221946
222072
222151
222192
222204
222275
222380
222497
222727
222818
222949
223000
223052
223121
223213
223223
223425
223556
223796
223873
223908
224195
224269
224314
224335
224376
224514
224593
224737
224760
224924
224925
225119
225213
225252
225539
225545
225650
225690
225738
226015
226236
226678
226729
226855
226944
226948
227004
227098
227136
227170
227323
227383
227564
227755
227834
227867
227929
227956
228142
228289
228302
228383
228405
228437
228696
228697
228697
228705
228739
228952
228998
228999
229115
229247
229379
229393
229543
229809
229833
229995
230162
230255
230278
230337
230357
230561
230632
230690
230842
230869
231025
231385
231421
231429
231444
231468
231526
231650
231739
231946
232025
232065
232118
232126
232321
232375
232447
232565
232645
232661
232697
232725
232763
232874
232953
233110
233180
233186
233243
233328
233437
233448
233532
233577
233590
233656
233662
233707
233831
233913
234306
234358
234569
234585
234650
234699
234910
234932
234995
234999
235156
235225
235313
235327
235435
235447
235467
235479
235512
235566
235658
235861
235963
236032
236149
236247
236301
236350
236459
236526
236726
236727
236776
236779
236886
236924
236930
237002
237023
237108
237336
237494
237630
237664
237767
237907
237950
237978
238083
238085
238148
238206
238333
238507
238577
238635
238666
238894
239364
239424
239719
239852
239889
239911
239944
240158
240234
240249
240254
240254
240265
240304
240929
241110
241168
241191
241313
241401
241504
241514
241526
241541
241558
241644
241744
241789
241792
241959
242120
242348
242359
242409
242464
242467
242705
242749
242802
242868
242877
242937
243122
243134
243168
243245
243574
243646
243659
243698
243721
243773
244042
244112
244372
244378
244425
244545
244657
244747
244769
244795
244875
245044
245045
245061
245261
245340
245374
245425
245435
245610
245624
245855
245876
246033
246170
246448
246758
246815
246817
246914
246927
246963
247398
247401
247423
247434
247640
247669
247722
247748
247800
247807
247853
248065
248073
248090
248294
248368
248574
248733
248772
248821
248884
249074
249174
249387
249475
249482
249569
249710
249800
249844
250000
250021
250027
250089
250230
250451
250570
250579
250725
250761
250835
250850
250957
250966
250980
251073
251074
251097
251133
251151
251206
251241
251258
251270
251449
251453
251975
252108
252311
252321
252327
252353
252380
252547
252603
252643
252679
252740
252741
252777
253006
253127
253130
253199
253487
253688
253783
253928
254089
254100
254175
254304
254410
254451
254552
254581
254628
254696
254756
254854
254881
254899
255293
255318
255472
255487
255512
255516
255562
255744
255783
255850
255877
255956
256026
256366
256444
256480
256704
256710
256920
256967
256971
257075
257268
257342
257790
258104
258183
258270
258375
258417
258423
258446
258500
258544
258547
258590
258824
258830
258845
258959
259035
259164
259368
259498
259679
260052
260083
260173
260226
260255
260258
260388
260454
260596
260650
260798
260820
260823
260986
261073
261488
261493
261600
261636
261639
261660
261709
261715
261985
262041
262182
262251
262297
262395
262628
263207
263366
263411
263599
263663
263692
263758
263827
263828
263886
264028
264085
264329
264571
264591
264610
264821
264948
264969
264999
265187
265204
265211
265363
265387
265527
265539
265570
265574
265915
265924
265925
266006
266417
266448
266470
266536
266569
266574
266689
266698
266795
266906
267111
267159
267237
267268
267311
267411
267574
267638
267751
267942
268160
268217
268301
268334
268541
268595
268622
268631
268709
268722
268964
269046
269076
269121
269234
269248
269332
269473
269796
269804
269960
269961
270028
270059
270125
270152
270159
270431
270495
270527
270529
270678
270754
270855
270967
271081
271090
271194
271284
271309
271423
271438
271517
271622
271768
271795
271796
271866
271959
272134
272217
272278
272505
272728
272775
272865
273129
273179
273218
273250
273328
273366
273473
273556
273626
273641
273664
273764
274132
274541
274592
274595
274676
274752
275052
275107
275158
275428
275563
275592
275753
275822
275829
275847
275857
275918
276087
276345
276379
276451
276467
276658
276818
277002
277106
277163
277189
277196
277221
277333
277585
277639
277718
277935
278402
278490
278507
278553
278862
279011
279441
279558
279593
279659
279660
279966
279989
280092
280278
280354
280436
280633
280694
280695
280851
280961
281026
281101
281117
281119
281174
281179
281213
281242
281309
281326
281332
281430
281435
281682
281742
281944
281956
282008
282331
282415
282800
282824
282833
282877
283622
283926
283964
284291
284367
284389
284773
284969
285056
285122
285295
285447
285483
285685
285858
285875
286051
286161
286337
286593
286826
286921
287067
287137
287195
287212
287307
287336
287400
287410
287432
287523
287644
287657
287680
287744
287905
288068
288097
288105
288110
288162
288430
288578
288603
288700
288786
288931
289010
289037
289230
289407
289636
289717
289793
289859
289896
289967
290044
290053
290223
290368
290481
290662
290671
290723
290740
290838
290880
290885
291170
291191
291371
291424
291511
291551
291559
291685
291745
291925
291933
291953
291977
292097
292138
292201
292251
292258
292290
292296
292353
292502
292582
292740
292779
293279
293360
293394
293418
293464
293523
293536
293609
293632
293878
293879
293986
294056
294094
294230
294297
294526
294882
294976
295040
295043
295142
295335
295489
295511
295515
295535
295554
295644
295656
295784
295998
296307
296545
296581
296592
296621
296665
296684
296726
296741
296762
296775
296819
296872
297151
297171
297231
297254
297272
297323
297371
297713
297744
297795
298061
298121
298134
298177
298238
298431
298529
298531
298541
298845
298949
299053
299064
299064
299095
299211
299703
299736
299899
300053
300130
300241
300290
300352
300355
300357
300526
300888
301507
301659
301683
301735
301755
301941
301969
302044
302069
302349
302359
302369
302749
302791
302831
302923
303048
303152
303208
303234
303477
303488
303757
303837
303844
304266
304428
304520
305115
305259
305387
305400
305422
305550
305566
305607
305627
305963
306052
306095
306118
306243
306329
306357
306462
306490
306523
307003
307034
307038
307087
307093
307104
307236
307390
307420
307584
307860
307918
307958
308274
308289
308414
308509
308608
308658
308748
308853
309352
309405
309470
309631
309771
309908
309991
310298
310363
310464
310616
310764
311137
311275
311394
311558
311611
311649
311724
311798
312049
312066
312201
312448
312507
312555
312575
312705
312838
312842
312989
313156
313430
313439
313449
313488
313522
313605
313617
313711
313713
313824
313875
313973
313974
314017
314071
314581
314667
314763
314841
314956
314959
315064
315370
315568
315604
315685
315692
315787
315943
315974
315993
316057
316098
316198
316209
316275
316437
316451
316453
316479
316580
316612
316612
316620
316763
316862
317165
317233
317286
317377
317470
317551
317554
317568
317618
317664
317703
317797
317880
317898
318013
318047
318075
318178
318299
318520
318543
318757
318773
318885
318891
318920
318958
319356
319409
319455
319468
319698
319728
319747
319796
319896
319919
319985
320072
320251
320395
320480
320510
320564
320810
321050
321066
321209
321439
321695
321751
321812
322015
322102
322362
322391
322469
322517
322534
322750
322776
322777
322932
323079
323420
323493
323623
323674
323715
323733
323764
323859
323954
324063
324173
324205
324215
324513
324530
324565
324650
324682
324762
325127
325277
325558
325600
325648
325697
325758
325811
325826
325843
325958
326177
326231
326293
326509
326620
326629
326649
326725
326749
326881
326936
326938
327047
327410
327445
327480
327558
327569
327649
327671
327673
328112
328128
328148
328149
328629
328783
329256
329293
329311
329352
329536
329554
329564
330090
330170
330273
330292
330343
330596
330829
330851
330854
330879
330937
330994
331254
331302
331422
331488
331550
331697
331797
331833
331968
332110
332135
332238
332268
332329
332478
332555
332664
332758
332852
332902
333118
333132
333216
333247
333313
333340
333377
333459
333502
333528
333604
333775
333946
334051
334075
334091
334274
334287
334287
334408
334459
334474
334488
334566
334585
334614
334751
334824
334853
334872
335490
335537
335588
335618
335903
335918
335938
335984
336035
336171
336377
336408
336470
336519
336523
336602
336633
336706
336751
336753
336897
337073
337281
337338
337351
337398
337425
337449
337509
337578
337587
337714
337746
337815
337956
337983
338243
338431
338470
338805
338886
339124
339407
339414
339511
339587
339612
339684
339829
339986
340026
340057
340112
340243
340281
340293
340325
340355
340533
340550
340575
340626
341022
341161
341208
341224
341304
341403
341531
341590
341687
341982
342347
342461
342483
342537
342543
342588
342596
342631
342915
342979
342991
343083
343100
343341
343392
343416
343626
343704
343820
343875
343905
343933
343943
343975
344183
344448
344667
344699
344722
344817
344864
344889
344934
344957
344990
345424
345540
345599
345754
345814
345942
346038
346194
346265
346319
346370
346693
346734
346940
346989
347120
347191
347191
347234
347363
347372
347385
347400
347612
347752
347769
347810
347833
347863
348070
348132
348153
348168
348289
348398
348476
348493
348573
348653
348660
348713
348735
349103
349176
349525
349574
349577
349607
349675
349741
349743
349837
349923
349969
350209
350251
350272
350451
350453
350545
350684
350685
350937
350940
350951
351056
351056
351126
351152
351183
351284
351399
351402
351435
351437
351498
351633
351733
351744
351967
352100
352102
352307
352481
352554
352595
352670
352690
352724
352865
352871
352873
352948
353031
353085
353100
353178
353267
353348
353363
353385
353483
353495
353715
353755
353857
353990
354035
354307
354359
354388
354709
354720
354728
354749
354829
354875
354894
354954
355046
355130
355136
355190
355699
355936
356210
356243
356271
356329
356493
356601
356612
356637
356772
356801
356820
356992
357028
357123
357190
357514
357665
357710
358056
358206
358230
358346
358351
358360
358535
358675
358758
358764
358766
358911
358951
359202
359327
359509
359531
359614
359722
359790
359836
359847
359857
360002
360041
360132
360287
360329
360457
360467
360754
360799
361098
361465
361508
361533
361707
361938
362019
362067
362068
362120
362432
362590
362656
362689
362864
363021
363092
363271
363447
363450
363567
363742
363771
363790
363843
364016
364049
364233
364254
364278
364299
364373
364392
364469
364642
364669
364835
364990
365006
365099
365265
365675
366127
366274
366280
366459
366470
366513
366612
366840
366932
366988
367094
367139
367251
367310
367336
367389
367398
367433
367504
367751
367782
368008
368016
368039
368164
368200
368438
368515
368748
368822
369018
369030
369203
369468
369817
369900
369995
370257
370476
370499
370558
370646
370678
370713
370751
370855
370980
371137
371355
371577
371617
371851
371903
372045
372297
372326
372415
372437
372645
372742
372849
372917
373134
373204
373421
373442
373453
373505
373584
373594
373603
373770
373788
373892
373899
373977
373979
374029
374126
374578
374910
375056
375144
375283
375307
375315
375525
375538
375609
375654
375758
375818
375835
375906
376047
376198
376224
376585
376766
376773
376775
376927
376974
376998
377017
377125
377165
377361
377407
377515
377535
377634
377817
378047
378129
378321
378362
378371
378406
378477
378562
378734
379041
379129
379138
379270
379366
379466
379651
379653
379820
379901
379963
380075
380197
380209
380243
380404
380474
380544
380564
380702
380912
381025
381083
381230
381356
381418
381467
381889
381892
381935
381961
381990
382253
382295
382302
382616
382652
382683
382716
382790
382813
382953
383022
383025
383197
383200
383261
383437
383876
383974
383992
383998
384124
384347
384379
384517
384669
384781
385031
385032
385189
385299
385301
385429
385452
385700
385701
385874
385893
386019
386073
386206
386505
386633
386714
386715
387170
387264
387611
387664
387666
387751
387772
387903
388026
388067
388081
388239
388370
388460
388463
388594
388632
388870
388917
388920
388978
389165
389182
389255
389454
389805
390032
390043
390537
390558
390597
390600
390626
390752
390776
390858
390894
390923
391366
391395
391442
391832
391901
391949
392369
392584
392591
392987
393176
393304
393376
393417
393492
393568
393612
393646
393830
393883
393986
394210
394240
394280
394320
394652
394683
394756
394893
395094
395183
395218
395330
395427
395470
395559
395599
395912
396146
396294
396356
396470
396554
396644
396990
397108
397144
397389
397404
397574
397623
397704
397817
398114
398136
398239
398606
398712
398759
398766
398844
398879
399017
399050
399215
399243
399272
399573
399796
399861
399898
400023
400043
400108
400265
400311
400417
400419
400496
400792
400889
400919
400952
400959
401058
401097
401107
401120
401164
401241
401246
401474
401480
401580
401817
401883
401923
401961
402008
402099
402605
402607
402630
402847
403055
403220
403306
403311
403410
403564
403589
404076
404143
404469
404542
404554
404618
404655
404714
405126
405238
405245
405265
405388
405459
405485
405824
405951
405971
406150
406193
406271
406300
406309
406341
406418
406577
406630
406686
406951
407098
407241
407327
407646
407759
408130
408143
408267
408296
408404
408439
408469
408883
408969
409152
409231
409419
409486
409488
409491
409636
410079
410201
410363
410637
410758
410799
410881
411171
411597
411623
411660
411817
411830
412192
412329
412337
412370
412968
413043
413327
413591
413701
413932
413956
414050
414066
414227
414314
414346
414381
414504
414597
414681
414761
414766
415202
415313
415555
415601
415679
415810
415874
415960
416128
416259
416358
416375
416376
416393
416463
416636
416642
416707
416772
416919
417099
417181
417300
417401
417459
417488
417501
417558
417648
417763
417800
417946
418126
418219
418389
418498
418575
418703
418862
418892
418913
418989
419091
419094
419104
419105
419123
419176
419178
419306
419390
419447
419473
419702
419778
419858
419931
419986
420092
420244
420277
420293
420415
420571
420585
420591
420988
421003
421265
421294
421317
421466
421499
421599
421621
421876
421991
422043
422155
422185
422321
422335
422853
423033
423040
423071
423130
423151
423161
423246
423322
423360
423475
423582
423613
423757
423764
423872
423915
424002
424079
424211
424241
424463
424487
424631
424787
424892
425004
425026
425040
425091
425328
425334
425434
425459
425548
425650
425785
425902
426187
426247
426262
426267
426295
426610
426882
427250
427258
427317
427406
427684
427845
427891
428121
428226
428253
428264
428398
428593
428631
428730
428946
429009
429346
429377
429458
429520
429692
429714
429817
429880
429916
429961
429994
430123
430169
430211
430344
430717
430790
430868
430932
430946
430981
431308
431393
431479
431582
431692
431820
431943
432128
432172
432185
432278
432307
432325
432397
432402
432501
432996
433022
433120
433163
433205
433351
433377
433411
433879
433906
433996
434226
434289
434335
434350
434494
434640
434686
434809
434869
434903
434918
434996
435021
435045
435198
435240
435301
435450
435980
436153
436229
436249
436654
436782
436792
436827
436908
436909
436942
437035
437127
437172
437214
437266
437604
437658
437780
437816
437837
438085
438353
438446
438654
438779
438793
438820
438960
438994
439168
439383
439578
439686
439697
439713
439790
439982
439990
440121
440138
440148
440250
440597
440883
440900
440924
441043
441146
441152
441164
441192
441226
441307
441701
441748
441798
441859
442210
442305
442391
442447
442558
442703
442730
442787
442906
442980
442991
443010
443058
443264
443267
443391
443481
443756
444073
444083
444100
444140
444184
444208
444321
444350
444519
445039
445061
445090
445090
445112
445146
445349
445448
445480
445508
445565
445631
445679
445859
445906
445985
446238
446265
446276
446295
446476
446520
446824
446936
447108
447165
447218
447276
447325
447413
447424
447475
447558
447611
447873
447918
448006
448046
448352
448447
448569
448637
448668
448757
448825
448885
448911
448984
449081
449113
449130
449212
449304
449371
449381
449421
449429
449573
449654
449983
450014
450135
450141
450203
450234
450542
450699
450779
450966
451109
451112
451227
451596
451597
451759
451875
451930
451969
452002
452225
452226
452443
452501
452614
452655
452706
452988
453009
453034
453371
453398
453699
453704
453735
453760
453966
453979
454103
454381
455010
455013
455433
455451
455478
455529
455628
455634
455703
455734
455744
455770
456153
456314
456418
456529
456563
456602
456624
456821
456891
457106
457119
457208
457251
457309
457368
457480
457528
457630
457718
457824
457956
458036
458323
458426
458455
458519
458656
458868
459039
459104
459323
459475
459478
459511
459523
459844
459868
459903
460042
460318
460331
460353
460362
460398
460444
460493
460582
460709
460852
461293
461312
461534
461572
461602
461639
461903
462148
462244
462310
462498
462732
462853
463035
463174
463336
463499
463606
463692
463701
463938
464024
464026
464059
464100
464381
464397
464548
464662
464718
465026
465125
465197
465294
465414
465452
465503
465505
465525
465539
465828
465902
466021
466063
466077
466601
466605
466643
466900
466917
466925
467430
467437
467564
467654
467900
467958
468083
468171
468375
468388
468494
468573
468778
468805
468832
468934
468954
468959
468959
469343
469344
469522
469544
469599
469771
469816
469816
469816
469935
469950
469990
470045
470053
470104
470365
470435
470509
470517
470585
470805
470893
471205
471275
471470
471739
471933
472008
472059
472086
472099
472279
472423
472495
472576
472723
472829
472861
472890
473057
473213
473355
473439
473480
473544
473551
473582
473742
473762
473843
474110
474133
474184
474225
474273
474347
474405
474521
474719
474889
475029
475085
475097
475238
475297
475354
475424
475455
475578
475609
475707
475710
475743
475870
475950
475978
476343
476361
476393
476442
476489
476773
476819
476842
476925
476978
477020
477093
477147
477182
477243
477259
477307
477313
477335
477403
477472
477624
477854
477869
478238
478353
478710
478721
478784
478790
478794
478910
478948
479069
479271
479293
479297
479341
479393
479402
479570
479597
479841
479866
479932
480032
480039
480130
480149
480244
480335
480343
480352
480530
480761
481382
481384
481419
481422
481659
481841
481977
482088
482123
482350
482482
482522
482533
482769
482972
483303
483501
483617
483708
483711
483727
483804
484051
484180
484225
484260
484296
484310
484579
484705
484801
484823
484898
485216
485364
485386
485593
485642
485663
485761
485819
486079
486196
486242
486468
486525
486537
486743
486783
486866
486923
486974
487012
487118
487177
487198
487214
487230
487267
487402
487411
487660
487668
487749
487776
487901
487928
487988
488232
488262
488383
488464
488701
488896
488912
489113
489152
489286
489323
489358
489419
489430
489436
489637
489734
489831
489901
490042
490194
490310
490368
490489
490673
490704
490708
490904
490969
491048
491086
491128
491204
491340
491361
491381
491423
491446
491542
491941
492116
492147
492212
492224
492311
492363
492371
492409
492444
492465
492603
492711
492762
492839
492841
492842
492930
492952
493085
493088
493175
493188
493292
493309
493433
493539
493770
493816
493828
493876
494106
494138
494183
494196
494707
495118
495172
495215
495232
495285
495390
495434
495594
495628
495646
495686
496158
496206
496570
496735
496741
496826
497119
497329
497584
497615
497656
497746
498527
498737
498760
498834
498854
498874
498891
498983
499103
499197
499347
499364
499388
499477
499505
499785
499801
499907
499950
499995
500042
500154
500290
500318
500325
500331
500596
500714
500766
500888
500966
500967
501478
501481
501498
501537
501556
501558
501582
501864
501905
501917
502055
502127
502158
502331
502510
502577
502621
502853
503040
503099
503200
503214
503287
503434
503444
503526
503748
503828
503932
503939
503965
503973
504002
504031
504103
504131
504167
504255
504336
504394
504581
504675
504826
504884
504969
504979
505021
505073
505097
505135
505136
505151
505221
505253
505464
505594
505756
505766
505787
505907
506171
506277
506290
506307
506352
506355
506398
506604
506632
506709
506727
506880
506941
507093
507162
507262
507310
507374
507529
507868
507907
507988
508067
508086
508187
508222
508658
508721
508902
508995
509280
509422
509512
509599
509613
509716
509734
509813
510306
510315
510320
510448
510568
510733
510761
510887
510888
510976
510977
510980
510985
510995
511082
511112
511114
511337
511357
511475
511577
511613
511718
511849
511889
512038
512138
512407
512427
512468
512483
512498
512541
512553
512575
512581
512853
512868
512990
513042
513083
513290
513300
513305
513417
513526
513622
513645
513718
513808
513818
514194
514396
514399
514427
514481
514571
514636
514737
514883
514974
514987
515161
515199
515211
515317
515476
515542
515556
515639
515682
515759
515781
515942
515963
515965
515986
516019
516021
516141
516147
516267
516420
516454
516489
516637
516752
516799
516852
517234
517247
517279
517334
517470
517616
517721
517835
518125
518624
518990
519065
519074
519184
519320
519364
519527
519542
519576
519657
519940
519988
520005
520009
520136
520253
520398
520438
520581
520589
520640
520659
520676
520712
520768
520782
520846
520847
520920
520942
520980
521028
521057
521066
521103
521441
521647
521743
521782
522017
522031
522073
522264
522280
522295
522534
522562
522621
522692
522734
522757
523067
523104
523113
523138
523501
523506
523810
523953
524224
524370
524414
524443
524480
524484
524819
524827
524905
524916
524977
525026
525210
525211
525473
525494
525515
525520
525656
526312
526313
526437
526490
526539
526643
526645
526769
526799
526899
526901
526925
527116
527130
527181
527321
527658
527701
527777
527864
528063
528287
528366
528426
528429
528539
528644
528672
528742
528755
528855
528873
528894
528972
529009
529064
529154
529259
529286
529287
529646
529658
529665
529760
529856
529870
530071
530266
530269
530376
530680
531203
531230
531464
531594
531615
531786
532113
532172
532195
532195
532270
532825
532876
533068
533079
533204
533286
533287
533341
533389
533488
533500
533549
533750
533771
533903
533960
534015
534316
534345
534523
534549
534650
534875
534891
535153
535350
535411
535419
535626
535677
536517
536574
536716
536831
536921
537065
537112
537169
537301
537627
537640
537649
537729
537732
537839
538023
538064
538308
538549
538560
538570
538608
538850
538873
539210
539245
539379
539384
539540
539674
539707
539859
539863
539990
540337
540446
540484
540547
540576
540662
540688
540759
540818
540883
541097
541103
541230
541367
541397
541454
541477
541479
541660
541750
541816
541943
542448
542529
543115
543116
543190
543409
543444
543515
543613
543722
543736
543824
544072
544124
544151
544158
544217
544474
544493
544640
544707
544745
544913
544982
545080
545218
545311
545313
545461
545467
545483
545689
545790
545798
545857
546341
546444
546651
546654
546964
547148
547196
547214
547329
547643
547720
547721
547769
547798
547973
547990
548129
548137
548141
548171
548212
548288
548332
548340
548432
548553
548585
548605
548620
548688
548717
548740
548837
548879
549186
549207
549342
549344
549392
549399
549576
549597
549752
549837
549843
549869
549903
549969
550012
550053
550180
550285
550333
550402
550554
550716
550862
550916
550991
551008
551221
551245
551255
551705
551754
551837
551851
551941
552021
552057
552110
552247
552305
552590
552648
552778
552798
552931
552939
552973
553157
553308
553422
553439
553605
553631
553643
553841
554030
554059
554108
554147
554301
554302
554356
554548
554661
554706
554900
554926
555188
555374
555462
555469
555557
555617
555816
556102
556129
556198
556261
556273
556281
556513
556573
556585
556627
556707
556745
556817
556957
557157
557195
557215
557242
557594
557670
557762
557922
558093
558098
558111
558119
558215
558285
558287
558559
558636
558695
558821
558859
558884
558904
559037
559104
559118
559136
559166
559253
559260
559268
559376
559396
559518
559609
559611
559624
559889
559922
560007
560039
560061
560118
560120
560339
560381
560416
560516
560754
560901
560909
560998
561154
561618
561673
561957
561980
562017
562056
562077
562103
562160
562318
562470
562491
562582
562593
562667
562679
562684
562710
562753
562880
562925
563048
563096
563172
563175
563184
563210
563297
563357
563408
563479
563629
563643
563828
563938
564127
564297
564325
564465
564782
564806
564829
564841
564860
565022
565192
565199
565463
565497
565518
565594
565658
565760
565814
565820
566048
566204
566318
566380
566460
566574
566587
566751
566771
567191
567268
567333
567444
567546
567610
567750
567795
567822
567915
567972
567996
568007
568065
568142
568182
568430
568475
568552
568552
568873
568876
568995
569044
569215
569349
569428
569429
569549
569596
569637
569722
569792
569863
570098
570165
570643
570831
570919
570962
571017
571022
571039
571065
571113
571271
571439
571485
571559
571560
571733
571772
572007
572013
572023
572044
572245
572355
572512
572638
572676
572716
572783
572871
572921
573102
573123
573210
573232
573382
573393
573447
573487
573797
574032
574274
574329
574524
574531
574596
574673
574677
574783
574855
574975
574980
574991
575028
575041
575176
575211
575217
575270
575298
575375
575393
575571
575617
575868
575993
576118
576243
576378
576492
576555
576559
576628
576739
576992
577115
577268
577589
577772
577772
577773
577980
578012
578092
578123
578202
578448
578550
578580
579000
579003
579015
579046
579048
579097
579133
579220
579226
579230
579287
579343
579429
579691
579698
579717
579837
579839
579864
579874
580065
580315
580323
580625
580745
580872
580900
580906
581032
581147
581195
581295
581350
581473
581474
581637
581646
581770
581798
582109
582305
582470
582608
582687
582742
582810
582848
582955
583164
583174
583189
583213
583214
584055
584092
584214
584260
584295
584685
584812
584824
584894
584947
585226
585346
585373
585633
585668
585743
585884
585989
586043
586118
586248
586344
586556
586615
586802
586804
586843
586975
586992
586995
587085
587121
587145
587247
587446
587499
587536
587570
587676
587711
587813
587983
587994
588097
588282
588370
588451
588477
588518
588610
588688
588746
588974
589020
589183
589224
589250
589272
589364
589429
589479
589482
589490
589748
589974
590136
590142
590205
590242
590259
590262
590367
590423
590437
590497
590660
590675
590733
590807
591003
591087
591163
591309
591397
591453
591481
591481
591678
591929
592124
592250
592455
592621
592675
593093
593136
593185
593335
593401
593457
593460
593695
593857
593863
594019
594022
594188
594236
594244
594371
594436
594523
594618
594657
594795
594823
595110
595253
595298
595581
595588
595696
595741
596106
596478
596492
596527
596533
596708
596842
596848
596884
597081
597394
597423
597551
597606
597725
597802
597860
598165
598234
598392
598426
598523
598583
598634
598658
598682
598783
598859
598873
598891
599011
599244
599516
599591
599631
599766
599821
599912
600023
600250
600360
600579
600676
601372
601548
601568
601583
601983
602126
602132
602177
602198
602325
602382
602603
602636
602900
602914
603057
603403
603598
603637
604014
604403
604776
604911
604944
605148
605177
605204
605229
605329
605539
605779
605839
605851
605938
605983
605995
606241
606315
606618
606873
606941
607046
607084
607130
607173
607180
607339
607438
607559
607608
607651
607791
607985
608085
608159
608183
608212
608249
608344
608406
608448
608680
608759
608792
608817
609038
609050
609058
609072
609257
609305
609448
609646
609813
609868
610672
610764
610788
610906
610922
610924
610961
611322
611356
611358
611425
611493
611543
611545
611686
611734
611786
611805
611860
611932
611951
612239
612329
612336
612356
612469
612488
612586
612615
612639
612659
612690
612768
612806
613136
613137
613154
613308
613327
613334
613422
613630
613807
613829
613855
614098
614299
614309
614326
614365
614376
614419
614503
614517
614536
614544
614624
614668
614726
614763
614797
615017
615139
615269
615422
615538
615539
615657
615692
615751
615852
615987
616024
616158
616288
616406
616468
616832
616879
616883
617082
617629
617744
617753
617778
617809
617870
617983
618421
618559
618623
618692
618766
618856
618978
619183
619270
619271
619410
619410
619467
619506
619576
619581
619771
619824
619854
620345
620381
620404
620418
620540
620581
620697
620702
620870
620955
620974
620976
621001
621036
621068
621105
621202
621502
621545
621667
621739
621817
621825
622084
622199
622335
622347
622438
622477
622605
622730
622792
622910
622912
623049
623158
623688
623859
624026
624131
624185
624412
624452
624505
624565
624746
625178
625298
625422
625600
625616
625812
625863
626003
626213
626278
626348
626439
626455
626475
626593
626594
626612
626751
626800
626873
626893
627178
627413
627426
627497
627571
627724
627782
627905
627920
628033
628090
628134
628143
628168
628199
628202
628295
628415
628531
628584
628818
629038
629042
629515
629577
629632
629709
629737
629871
629919
629929
629941
630271
630313
630317
630691
630718
630739
630761
630792
631115
631137
631152
631160
631298
631358
631427
631526
631637
631660
631824
631967
632092
632210
632252
632329
632514
632563
632566
632909
633078
633098
633151
633187
633295
633477
633963
633974
634085
634126
634165
634237
634258
634331
634394
634750
634800
634816
634873
635098
635171
635185
635190
635225
635349
635351
635440
635507
635516
635536
635595
635653
635722
635732
635745
635755
635979
636011
636100
636183
636215
636283
636285
636379
636474
636479
636548
636849
636950
637128
637141
637165
637334
637469
637479
637484
637646
637691
637816
637845
637864
638068
638082
638121
638405
638632
638762
638905
639082
639094
639153
639201
639202
639205
639275
639333
639501
639673
639748
639802
639803
639916
639933
639962
639988
640048
640083
640131
640207
640219
641018
641169
641352
641376
641407
641468
641489
641613
641678
641790
641963
641975
641997
642031
642074
642178
642371
642379
642380
642648
642724
642811
642871
642921
643161
643358
643380
643613
643966
644113
644121
644139
644180
644347
644482
644543
644588
644588
644647
644728
644959
644962
645063
645252
645343
645399
645471
645513
645611
645619
645756
645879
645942
646047
646053
646497
646521
646524
646658
646725
646977
646993
647234
647479
647563
647684
647764
647883
647986
648425
648433
648657
648668
648673
648972
649070
649126
649275
649340
649495
649535
649591
649824
649835
649865
649978
650771
650972
650979
651036
651038
651138
651198
651248
651288
651315
651418
651495
651600
651606
651673
651724
651739
651779
651798
651855
652036
652041
652069
652069
652147
652290
652534
652570
652620
652710
652742
652772
652839
652934
652954
652970
653043
653149
653290
653330
653368
653459
653617
653646
653690
653963
653964
654089
654124
654125
654131
654229
654273
654341
654466
654755
654777
654782
654944
655000
655208
655266
655320
655399
655488
655519
655686
655839
656156
656290
656363
656422
656471
656566
656648
656712
656866
656918
656952
656985
657021
657113
657137
657230
657296
657315
657403
657620
657698
657707
657805
657948
658011
658165
658268
658307
658453
658477
658636
658710
658765
658813
658887
658921
658944
659216
659464
659509
659669
659764
659838
659876
659974
659981
660052
660119
660150
660166
660394
660425
660595
660663
660889
660959
661043
661068
661108
661241
661288
661301
661402
661466
661579
661601
662097
662164
662287
662355
662469
662570
662603
662851
662945
663201
663287
663474
663535
663574
663695
663758
663836
663844
663917
663996
664068
664139
664196
664499
664583
664686
665069
665102
665151
665496
665682
665777
665833
665849
666010
666029
666090
666162
666260
666332
666436
666488
666568
666692
666699
666748
666813
667131
667318
667419
667452
667591
667680
667697
667778
667804
667846
667865
668523
668534
668658
668775
668895
669039
669046
669090
669095
669142
669189
669194
669459
669468
669506
669582
669742
669839
670022
670084
670133
670216
670254
670381
670399
670448
670478
670729
670741
670798
670853
670978
671101
671170
671194
671296
671333
671373
671551
671552
671565
671670
671902
671927
671964
672005
672033
672325
672339
672339
672366
672379
672561
672598
672636
672741
673027
673206
673248
673250
673354
673409
673472
673521
673543
673931
673963
674009
674067
674076
674096
674106
674189
674196
674523
674642
674741
674764
674826
674842
674878
675092
675213
675231
675396
675537
675585
675623
675654
675721
675772
675864
676005
676181
676360
676600
676615
676620
676777
677086
677135
677183
677281
677448
677540
677746
677868
677874
677883
677954
677981
678089
678310
678319
678370
678392
678431
678448
678584
678793
678816
679078
679164
679297
679304
679343
679499
679647
679685
679693
679702
679827
679873
679933
680083
680191
680193
680334
680448
680483
680490
680510
680634
680697
680747
680751
680868
681031
681139
681183
681354
681439
681762
681829
681838
681876
682128
682241
682402
682534
682614
682778
683015
683079
683107
683302
683317
683390
683422
683559
683774
683843
683866
683888
684090
684400
684483
684622
684712
684924
685068
685077
685197
685281
685287
685328
685333
685363
685633
685782
685934
686172
686533
686665
686671
687027
687068
687168
687197
687208
687644
687780
688061
688209
688218
688395
688464
688526
688619
688783
688823
688849
688886
688954
689091
689254
689386
689587
689787
690075
690250
690508
690646
690966
691025
691132
691142
691313
691355
691487
691575
691583
691642
691646
691694
691700
691777
691845
691853
691942
692000
692041
692058
692364
692639
692647
693102
693225
693380
693400
693487
693501
693967
693970
693976
694192
694198
694848
695130
695189
695410
695447
695755
695815
696000
696046
696101
696149
696301
696371
696428
696642
696732
696764
696806
696841
696848
696922
696982
697104
697159
697170
697257
697451
697857
697945
698085
698160
698239
698309
698441
698466
698503
698516
698718
698803
698927
699088
699123
699202
699236
699494
699521
699607
699767
699804
700045
700060
700136
700307
700320
700510
700523
700653
700697
700798
700803
700849
700914
700932
700941
700976
701063
701088
701136
701147
701429
701574
701684
701745
701923
701976
702367
702404
702509
702704
702946
702980
703311
703334
703421
703465
703473
703601
703665
703883
703927
704097
704166
704177
704180
704341
704374
704417
704498
704513
704608
704654
704718
704786
704877
705190
705417
705459
705545
705595
705612
705744
705888
706005
706113
706170
706373
706495
706813
706906
706925
706960
707185
707243
707308
707426
707499
707784
707997
708045
708186
708312
708458
708545
708632
708681
708702
708977
708985
709076
709259
709498
709625
709675
709779
709842
709978
710079
710181
710251
710276
710407
710504
710538
710586
710788
710874
711133
711169
711253
711449
711451
711597
711689
711795
711987
712021
712028
712070
712155
712159
712184
712222
712254
712441
712475
712547
712795
712833
712838
712875
712979
713481
713547
713567
713662
713726
713756
713763
714109
714139
714392
714425
714447
714452
714591
714654
714676
714798
714909
715242
715259
715409
715423
715438
715441
715551
715802
716132
716146
716225
716302
716343
716419
716617
717113
717129
717146
717232
717250
717371
717584
717618
717685
718111
718287
718458
718544
718690
718748
718795
718843
719202
719263
719337
719718
719816
719830
719919
719953
719993
720324
720684
720727
720755
721023
721128
721166
721369
721457
721672
721949
722261
722378
722420
722481
722555
722776
722993
723072
723147
723245
723247
723570
723588
723775
723844
723889
723952
724060
724116
724158
724162
724271
724381
724489
724579
724708
724758
724770
724831
724846
725008
725052
725061
725444
725458
725783
725945
726135
726151
726177
726462
726506
726524
726624
726671
726737
726742
726757
726924
726975
727005
727042
727107
727107
727125
727175
727236
727295
727424
727444
727498
727546
727598
727759
727816
727962
728003
728073
728080
728216
728276
728350
728481
728503
728541
728570
728594
728636
728648
728706
728944
729054
729263
729272
729310
729465
729508
729709
729713
729725
729849
729897
729901
729908
729997
730017
730204
730411
730417
730437
730580
730676
730775
730841
730846
730979
730987
731061
731144
731182
731185
731234
731419
731647
731851
732027
732126
732360
732383
733065
733196
733297
733339
733346
733394
733491
733614
733615
733650
733681
733820
733921
734190
734198
734281
734289
734355
734656
734720
734998
735053
735092
735241
735421
735520
735913
735960
736305
736467
736712
736845
737050
737078
737197
737211
737284
737317
737434
737468
737469
737606
737640
737713
737742
737742
737755
737863
737880
737905
737915
738010
738029
738279
738315
738336
738378
738446
738494
738603
738790
738858
739266
739306
739328
739473
739629
739653
739847
739871
739898
740062
740105
740118
740438
740543
740550
740669
740792
740903
740972
741029
741270
741597
741621
741836
741874
741916
741924
742078
742125
742130
742237
742253
742282
742288
742353
742361
742407
742434
742664
743011
743037
743113
743171
743177
743207
743304
743464
743650
743651
743703
743703
743807
743903
743934
743962
744172
744223
744235
744243
744435
744507
745153
745179
745320
745361
745373
745383
745454
745500
745506
745584
745666
745682
745926
745978
745988
746007
746086
746156
746392
746491
746727
746794
746875
746888
746975
747008
747266
747593
747707
747763
747776
747940
747940
747953
748163
748294
748457
748460
748599
748755
748808
748889
748910
749062
749083
749157
749178
749201
749301
749463
749658
749683
749685
749778
750112
750139
750276
750288
750297
750399
750445
750564
750648
750746
750915
751148
751165
751169
751424
751630
751798
751822
751904
752006
752059
752091
752172
752201
752253
752278
752390
752415
752426
752650
752715
752883
753222
753242
753402
753448
753572
753927
754018
754076
754208
754298
754380
754389
754397
754543
754655
754789
754872
755086
755142
755277
755319
755434
755465
755553
755558
755589
755634
755668
755762
755779
755936
756205
756239
756572
756626
756703
756768
756883
756924
756973
757071
757120
757178
757261
757303
757309
757571
758075
758081
758084
758169
758211
758334
758358
758396
758426
758566
758633
758734
758813
758851
758932
758972
758999
759056
759123
759123
759173
759185
759279
759395
759410
759550
759627
759641
759648
759838
759840
759926
760013
760128
760141
760180
760382
760439
760491
760569
760593
760599
760807
760966
760974
761092
761263
761275
761381
761507
761714
761723
761773
761822
761863
761913
761940
762072
762082
762252
762408
762411
762420
762748
762851
763092
763407
763425
763463
763476
763483
763560
763592
763654
763897
763902
764009
764152
764232
764279
764405
764519
764631
764852
764924
765079
765221
765259
765318
765452
765585
765635
765719
765782
765881
765960
766507
766582
766690
766736
766752
766935
767097
767137
767268
767577
767641
767693
767785
767787
767951
767961
768008
768037
768123
768194
768281
768315
768318
768517
768524
769036
769098
769160
769169
769300
769417
769556
769576
769587
769607
769677
769697
769738
769862
769929
769965
770180
770195
770340
770468
770572
770586
770824
770864
771045
771208
771248
771443
771472
771509
771632
771639
771935
771966
772120
772235
772309
772527
772754
772794
772858
772993
773264
773286
773300
773435
773524
773700
773863
774046
774276
774318
774417
774455
774602
774688
774761
774822
774954
775015
775020
775029
775362
775409
775640
775671
775807
775932
776599
776614
776615
776754
776789
777080
777152
777222
777254
777327
777489
777491
777520
777532
777878
777953
778052
778115
778230
778371
778442
778444
778523
778877
778976
779017
779271
779296
779306
779355
779395
779484
779486
779552
779722
779851
779925
780132
780286
780327
780335
780421
780518
780552
780570
780758
780762
780967
781087
781095
781382
781399
781543
781580
781693
781757
781839
781921
782140
782196
782266
782300
782490
782506
782653
782690
782813
782825
782955
783361
783366
783380
783548
783575
783580
783699
783751
783964
784029
784433
784456
784488
784585
784596
784669
784697
784926
784936
785271
785312
785330
785482
785550
785611
785780
785791
785795
785821
785916
786005
786015
786071
786078
786102
786145
786181
786198
786226
786266
786371
786852
786924
787057
787075
787197
787302
787457
787524
787598
787937
788019
788400
788765
788776
788787
789006
789011
789179
789203
789583
789802
789894
789953
790141
790165
790173
790267
790388
790409
790437
790673
790698
790771
790880
791026
791058
791248
791256
791298
791351
791520
791549
791648
791749
791858
791895
791902
791950
791954
791964
792017
792018
792292
792376
792518
792559
792576
792580
792758
792812
792897
792961
793186
793397
793427
793453
793453
793476
793867
793967
794337
794361
794382
794423
794463
794890
794910
794935
794948
794962
794990
795009
795122
795122
795169
795234
795305
795534
795753
796118
796217
796317
796398
796524
796602
796702
796744
796974
797094
797192
797228
797360
797396
797488
797541
797647
797944
798072
798099
798284
798501
798533
798539
798582
798597
798609
798651
798773
798843
798897
799159
799198
799396
799422
799444
799462
799464
799519
799713
799785
799805
799913
799939
800143
800150
800194
800241
800283
800288
800289
800311
800469
800478
800495
800518
800650
800680
800687
800782
800863
801106
801129
801144
801147
801195
801229
801427
801486
801543
801607
801652
801794
801824
801897
801931
802152
802190
802246
802259
802303
802356
802371
802399
802674
802932
803007
803025
803074
803153
803188
803232
803254
803297
803550
803720
803787
803946
804070
804298
804306
804404
804453
804516
804562
804786
804840
805067
805108
805393
805423
805480
805548
805753
805789
805832
805953
806270
806393
806491
806576
806610
806728
806766
806861
807002
807103
807140
807151
807169
807204
807253
807366
807466
807578
807590
807860
807926
808192
808528
808558
808622
808684
808784
808791
808929
809202
809322
809511
809806
809910
809972
810000
810172
810205
810242
810263
810346
810500
810629
810936
810979
811046
811138
811174
811214
811474
811627
811663
811710
811726
812116
812251
812252
812291
812327
812328
812502
812714
812813
812958
813042
813052
813215
813219
813464
813787
813805
813937
814172
814264
814338
814386
814412
814556
814630
814643
814722
814750
814793
814963
815339
815448
815502
815531
815640
815654
815704
815708
815741
815854
815913
816145
816177
816288
816633
816676
816726
817136
817164
817346
817446
817552
817585
817646
817691
817813
817821
817844
817901
817916
818064
818098
818107
818189
818282
818371
818441
818749
818812
819319
819700
820008
820011
820048
820086
820137
820248
820299
820376
820439
820556
820568
820665
820788
820911
820931
821004
821037
821115
821131
821208
821478
821606
821644
821765
821783
822071
822086
822255
822266
822275
822400
822739
822742
822946
822990
823163
823406
823479
823574
823708
823821
823837
823863
823897
824047
824072
824086
824433
824500
824556
824583
824599
824601
824753
824807
824898
824994
825020
825125
825159
825317
825426
825575
825746
825758
825774
825806
825952
826409
826445
826638
826705
826749
826756
827061
827198
827694
827883
827939
827949
828028
828109
828351
828518
828579
828730
828874
828906
829042
829469
829842
829908
829933
830192
830340
830398
830399
830423
830540
830554
830598
830634
830704
830905
830916
831175
831342
831386
831423
831539
831557
831566
831592
831619
831682
831851
832443
832520
832569
832628
832644
832796
832994
833003
833025
833052
833117
833149
833380
833431
833447
833457
833525
833538
833590
833759
833816
834035
834059
834207
834296
834409
834592
834886
835071
835105
835230
835416
835428
835434
835488
835576
835616
835663
835813
835968
836044
836049
836256
836364
836376
836416
836462
836654
836730
836814
836956
837053
837096
837171
837212
837453
837492
837498
837588
837701
837783
837837
838096
838166
838313
838530
838542
838566
838580
838612
838673
838929
839071
839174
839193
839287
839331
839420
839713
839865
839969
839995
840002
840072
840096
840258
840272
840287
840304
840338
840422
840878
841184
841195
841286
841696
841755
842047
842398
842403
842646
842683
842699
842725
842761
842823
842846
842928
842955
842956
843086
843092
843094
843145
843189
843324
843373
843687
843772
843809
843862
843895
843964
844196
844203
844309
844321
844572
844702
845100
845149
845232
845244
845260
845266
845364
845401
845749
845913
845949
845956
845959
845974
846010
846205
846247
846480
846674
846781
846862
846973
847109
847299
847383
847708
847737
847833
847856
847872
848045
848159
848406
848549
848580
848701
848843
849024
849066
849142
849231
849238
849598
849972
850028
850093
850317
850406
850602
850607
850711
850713
850787
850891
850903
851154
851155
851334
851429
851449
851577
851854
852193
852307
852513
852526
852677
853086
853309
853340
853630
853696
853977
853978
853992
854269
854277
854538
855158
855205
855207
855211
855404
855466
855673
855722
855752
855959
855960
855979
856116
856203
856532
856551
856553
856554
856601
856605
857010
857066
857526
857592
857632
857795
857837
858083
858370
858445
858638
858679
858796
858879
859041
859051
859088
859147
859185
859340
859408
859566
859667
859716
860015
860026
860069
860088
860109
860228
860340
860394
860487
860558
860588
860658
860721
860792
860831
860872
860880
861354
861364
861536
861660
861822
861954
862212
862336
862364
862468
862479
862480
862550
862686
862771
862991
862997
863125
863127
863214
863273
863362
863376
863388
863513
863756
863772
863913
864055
864077
864119
864124
864170
864185
864213
864453
864575
864672
864782
864831
865104
865106
865115
865131
865230
865301
865543
865877
865952
865953
866017
866041
866103
866136
866608
866615
866710
866831
867053
867115
867216
867488
867516
867625
867665
867914
868101
868120
868219
868227
868485
868725
868728
868823
868824
869154
869173
869340
869802
869845
869865
869901
870190
870212
870260
870317
870325
870436
870477
870594
870661
870798
870895
870966
871009
871027
871099
871244
871308
871343
871551
871718
871761
871785
871876
871908
871943
871990
871991
872105
872198
872205
872555
872610
872641
872802
872814
872880
872990
873017
873138
873149
873160
873259
873261
873286
873404
873476
873483
873623
873933
873937
874280
874538
874548
874620
874709
874826
874929
875050
875131
875258
875263
875567
875788
875816
875843
875851
875902
876052
876064
876091
876261
876479
876530
876728
876755
876845
877014
877027
877119
877261
877291
877431
877451
877522
877547
877632
877695
877836
877919
878036
878142
878172
878342
878449
878503
878515
878615
878806
878821
878894
879093
879160
879172
879299
879416
879439
879459
879918
880111
880120
880213
880233
880423
880739
880836
880859
880881
880984
881110
881199
881236
881315
881352
881370
881400
881415
881986
882083
882088
882282
882468
882483
882525
882695
882904
883102
883233
883261
883430
883434
883640
883641
883733
883744
884174
884417
884454
884461
884461
884688
884698
884780
885102
885107
885222
885438
885715
885834
885885
886269
886422
886524
886658
886829
886847
886887
886949
886984
887073
887232
887357
887380
887539
887627
888262
888486
888592
888598
888738
888944
888967
889052
889080
889233
889245
889264
889269
889340
889751
889787
890002
890071
890099
890100
890530
890534
890699
890857
890873
891070
891153
891270
891309
891320
891372
891554
891613
891694
891755
891911
891954
892031
892210
892319
892366
892465
892582
892728
892785
892794
892877
892880
892943
893262
893479
893483
893526
893538
893556
893773
893814
893879
893990
894086
894222
894257
894513
894829
894960
894993
895438
895580
895732
895785
896101
896118
896394
896446
896520
896556
896646
896711
896916
896945
896961
896986
897106
897121
897125
897209
897251
897336
897493
897589
897731
897743
897747
897859
897934
897935
898098
898137
898208
898254
898351
898534
898592
898898
898915
898970
899081
899150
899250
899352
899425
899552
899702
899843
899865
899894
899928
899943
899973
900046
900303
900396
900485
900547
900668
900708
900736
900803
900842
900904
900999
901133
901241
901697
901886
901925
901945
901955
901971
902236
902270
902339
902526
902684
902771
902792
902892
902898
903137
903241
903473
903609
903630
903635
903684
903694
903899
903952
904024
904112
904178
904321
904346
904552
904671
904818
904893
905003
905029
905072
905281
905298
905317
905392
905533
905545
905581
905678
905756
905764
905900
905957
906036
906046
906296
906363
906498
906610
906651
906750
906854
907015
907164
907311
907316
907493
907604
907625
907635
907683
907694
907763
907808
907929
908061
908463
908503
908542
908707
908775
908802
908833
909038
909042
909142
909193
909216
909382
909455
909642
909784
909796
909824
909828
910056
910061
910341
910370
910384
910415
910504
910547
910596
910803
910821
911025
911062
911290
911362
911507
911841
911899
911956
912138
912261
912427
912521
912612
912740
912825
913042
913089
913281
913442
913504
913713
913771
913781
914041
914123
914251
914257
914317
914336
914425
914742
914781
914788
914888
914927
915077
915214
915234
915290
915318
915347
915513
915517
915526
915603
915810
915836
915949
916232
916263
916378
916602
916816
916989
917000
917035
917085
917129
917267
917380
917543
917687
917733
917739
917868
917965
918012
918215
918384
918431
918435
918466
918521
918620
918634
918802
918960
918983
919041
919044
919061
919096
919122
919182
919182
919251
919348
919421
919476
919545
919624
919626
919700
919739
919776
919945
919967
920022
920110
920749
920779
920809
920916
920951
920958
920965
921013
921058
921099
921193
921194
921290
921415
921425
921570
921606
921654
921671
921706
921719
921762
921912
922005
922265
922309
922350
922372
922553
922612
922613
922650
923019
923137
923202
923248
923289
923422
923428
923560
923817
923850
924092
924154
924171
924191
924391
924459
924553
924574
924650
924664
924826
924879
924882
925370
925679
926111
926343
926529
926594
926755
926933
926985
927107
927204
927270
927274
927286
927463
927589
927814
927825
927833
927938
927998
928011
928018
928056
928057
928211
928267
928277
928390
928571
928604
928731
928999
929461
929485
929486
929559
929616
929687
929922
929984
930004
930081
930135
930205
930213
930427
930479
930654
930788
930975
930998
931094
931122
931239
931266
931334
931380
931398
931479
931603
931647
931736
931760
931868
931872
931909
932188
932428
932641
932661
932682
932882
932904
932990
933159
933211
933289
933290
933641
933659
933773
933823
933868
933964
934045
934061
934306
934320
934515
934574
934638
934663
934695
934782
934810
934973
935017
935100
935265
935275
935769
935799
935847
935943
935979
936074
936119
936125
936285
936401
936520
936606
936663
936664
936875
937152
937193
937212
937292
937321
937379
937601
937740
937823
937888
937947
938035
938170
938271
938339
938519
938753
938763
938774
938919
939080
939106
939133
939185
939251
939277
939286
939325
939436
939553
939565
939582
939658
939854
939881
939959
940059
940100
940227
940298
940419
940429
940470
940543
940653
940784
940906
940911
940938
940997
941006
941037
941247
941873
941958
942116
942202
942323
942395
942403
942521
942779
942784
942788
943092
943130
943254
943393
944214
944248
944380
944462
944552
944761
944763
944803
944841
944959
945133
945145
945151
945252
945398
945530
945563
945579
945631
945650
945758
945793
945810
945906
945927
945962
945983
946042
946113
946124
946232
946321
946343
946503
946535
946780
946878
946950
947148
947244
947339
947550
947564
947644
947694
947838
948076
948104
948127
948192
948657
948693
948758
948821
948827
948835
949078
949170
949188
949495
949726
949783
949784
950032
950273
950293
950293
950355
950604
950628
950672
950684
950936
950966
951012
951035
951069
951105
951163
951258
951298
951365
951391
951505
951627
951657
951816
951883
951899
951987
952149
952353
952394
952444
952489
952557
952706
952758
952816
952856
952970
953019
953166
953188
953216
953264
953361
953464
953627
953683
953735
953761
953800
953828
953887
953959
954274
954432
954559
954753
954792
955099
955263
955454
955728
955739
955759
955872
955900
956067
956201
956347
956374
956435
956446
956683
956731
956816
956840
956922
957320
957339
957369
957428
957452
957665
957688
957763
957869
957948
958066
958096
958186
958297
958316
958334
958375
958393
958587
958643
958694
958709
958849
958979
959028
959085
959153
959157
959159
959170
959245
959267
959370
959625
959626
959632
959700
959728
959881
959931
959996
960117
960151
960361
960429
960515
960703
960799
960807
960828
961086
961276
961321
961494
961521
961540
961556
961585
961731
961737
961744
961779
961891
961976
962029
962220
962247
962264
962344
962367
962392
962453
962513
962571
962596
962850
962985
962995
963015
963149
963173
963254
963254
963318
963380
963487
963502
963633
963635
964300
964342
964361
964453
964516
964634
964654
964673
964827
965009
965044
965050
965192
965241
965322
965363
965580
966068
966098
966302
966327
966329
966394
966400
966415
966724
966818
966827
966855
966882
967074
967117
967167
967201
967276
967431
967558
967582
967624
967724
967732
967801
967820
967881
967895
967915
967931
967990
968038
968171
968193
968299
968308
968572
968808
968845
968907
969211
969429
969446
969582
969593
969620
969623
969630
969722
969804
969893
969959
969981
969982
970052
970144
970145
970190
970335
970416
970506
970511
970535
970574
970588
970617
970645
970650
970734
970846
971171
971301
971308
971348
971378
971589
971609
971623
971635
971677
971905
971969
971999
972030
972035
972117
972117
972139
972176
972193
972323
972363
972442
972497
972499
973082
973142
973185
973188
973402
973498
973652
973760
973912
974211
974218
974278
974304
974610
974639
974639
974646
974801
974825
974896
974920
974956
975009
975013
975073
975131
975248
975602
975639
975694
975776
975916
976091
976240
976258
976340
976384
976434
976475
976495
976528
976696
976815
977110
977157
977163
977382
977414
977662
977663
977698
977723
977733
977753
977776
977826
977965
978033
978264
978442
978541
978755
979437
979452
979505
979715
980034
980148
980320
980349
980647
980987
981020
981085
981364
981414
981445
981514
981572
981585
981596
981695
981748
981933
981995
982029
982042
982227
982243
982306
982384
982724
982790
982797
982800
982825
982925
983080
983486
983509
983550
983595
983757
984086
984156
984235
984263
984315
984339
984806
985042
985148
985194
985197
985220
985267
985304
985465
985758
985838
985853
985861
985909
985913
985926
985985
986213
986286
986323
986341
986555
986740
986875
986950
987045
987361
987460
987494
987523
987642
987673
987727
987734
987736
987757
987782
987816
987922
988150
988230
988244
988410
988431
988455
988460
988808
988853
988855
988924
989097
989300
989312
989344
989368
989425
989440
989478
989596
989693
989765
989825
989889
989908
990023
990082
990236
990349
990504
990733
990842
990893
990959
991019
991072
991298
991407
991570
991662
991685
992258
992274
992419
992472
992478
992522
992552
992636
992895
992950
993005
993335
993366
993380
993575
993594
993690
993789
993829
993909
993969
994021
994248
994331
994380
994453
994606
994674
994715
994775
994832
994892
994908
994909
994944
995017
995082
995246
995259
995363
995388
995424
995523
995549
995606
995625
995643
995675
995730
996318
996332
996366
996425
996438
996480
996539
996725
996882
996942
997010
997187
997243
997369
997381
997381
997395
997423
997786
997859
997873
998207
998329
998357
998494
998614
998887
999118
999157
999305
999313
999413
999698