306258
536885
251300
951781
809177
603360
585580
859509
496486
827881
683370
626179
464217
863264
311393
595411
256638
273845
939599
170412
955144
869988
958346
235826
821911
760660
550298
847182
457994
239489
743510
432576
974133
5819
370797
804988
765683
685529
480884
560467
786451
181477
17695
937207
984384
273615
178116
223258
969426
833492
27956
597471
843582
272131
738858
733310
301732
280250
774473
152803
750024
568899
679785
447024
191306
251880
813620
376833
705045
546673
413738
184427
998508
644238
59684
816273
438165
529804
322162
256090
783472
604152
957412
435161
306695
69219
393779
552593
48026
130727
388550
57599
832914
302661
684110
28272
950067
512737
421953
438214
515604
122221
991623
766851
63843
282868
457340
194594
604576
567004
749386
653515
427928
889417
655006
630909
56294
84712
806086
882037
985818
515421
969741
100460
811297
136761
127556
168200
290969
270396
381682
283247
137213
408425
107182
265463
432137
29574
195312
725058
399936
614443
612734
7263
709987
692910
361281
784944
875206
298311
257780
51520
676704
40540
625583
803478
663434
287709
198370
991725
462571
573147
945202
393313
18029
81822
539505
212005
338557
628994
729721
647675
162300
761828
460370
247460
202462
890819
731877
370845
277923
782084
896418
964737
519263
683616
972396
918749
45678
808963
131485
742565
323032
160509
768981
345520
697347
574488
305030
490312
302716
482519
377364
16798
187920
286589
141296
482343
343704
10771
435275
216849
923397
714393
177465
995506
779265
827288
790215
545498
506144
498818
677262
3774
12986
135071
178286
240667
567865
842112
909294
462940
480158
21166
199799
367862
126875
210378
828387
896749
463715
447546
199234
648848
499769
413607
169506
583866
586016
811077
626158
556811
518727
809386
785592
285871
784285
415424
578664
271383
114438
252299
258390
576506
521325
285363
953365
840565
488225
163733
431223
36940
665679
734724
225675
905702
450031
571694
407997
697430
733445
606141
903500
462102
298144
602823
881415
459806
305799
847322
10988
381266
188874
916611
747781
391635
217474
634293
972937
525002
310236
265413
3194
230986
821312
110198
398997
727166
223598
314428
486457
602411
627274
528163
624148
918868
210043
123541
892301
514937
217661
328895
416492
545665
220240
49057
633867
328700
308638
563026
886204
536100
547122
594304
79725
292475
629819
199740
634546
391246
242496
515677
560287
470982
624325
69528
28231
394465
141284
231343
500575
571917
561997
143357
87928
911207
546102
855811
378889
549122
928686
245478
755222
224837
859738
388643
146774
660040
673270
780268
61292
660302
800458
633678
281995
380770
372607
509319
22500
542475
936219
976184
151320
667442
462613
225864
962805
660508
884306
511367
924474
169324
116089
798066
120364
191361
955721
308254
402708
428497
413517
749220
586379
81636
449400
992040
236190
493905
206333
654681
245486
900840
191846
69537
250754
365974
456384
58438
871127
872874
122774
186029
771179
384067
114812
120464
116674
337042
905575
814804
339657
472976
857382
30947
630335
174087
369868
459082
663948
385063
282282
284555
588253
618797
785029
372333
387092
984992
280682
499891
951851
276823
699845
194559
735417
732311
474479
651701
525731
673905
258780
862865
58644
531071
609391
672457
116702
787653
559746
234823
676983
411648
938627
728186
902716
62231
943832
908336
771644
111718
606643
54061
432825
899579
405371
288838
877441
570291
540614
355736
775611
951988
293242
763001
925503
384737
953661
999921
80702
53773
145248
476308
65668
854637
540411
515706
219204
335971
221788
627031
314273
476658
565947
143783
527930
927754
840731
562875
286162
690257
533516
511752
847260
667753
553828
268670
688882
814066
918928
289435
390336
463770
802247
646994
580752
444333
219944
287223
733545
333966
869085
476607
976534
471560
778286
635909
45534
723902
425186
341092
553885
558392
361099
333325
386990
906247
88168
534120
957880
58873
86295
346791
571523
199642
244171
444764
506455
996584
118656
577132
532752
298747
773180
546906
926142
300489
345854
574480
847364
933935
420748
787478
449213
730078
411538
770312
889202
28796
122789
892769
438085
229211
380285
365654
833005
991223
690510
919224
423329
288880
533776
799173
435841
859981
917867
764
841697
484798
633469
486655
599318
121651
624434
986668
359869
777127
708961
60492
320190
869790
133759
532255
965173
550170
23064
115145
907071
915888
295902
973876
851189
217070
959579
320442
791687
683002
141981
117854
231204
484195
334470
577768
283790
767311
863706
617267
924212
10898
858678
303262
529004
472228
450594
193033
930703
745282
515883
796753
471078
285014
382074
588240
459670
102072
933581
222479
719352
391075
626481
866014
120915
422293
36227
277888
32837
397136
47938
304642
693942
725429
510895
392078
669897
981515
48098
270681
36990
503455
519491
704665
604466
879102
771087
175685
738479
524031
85095
905738
250998
201708
32010
821399
716427
898513
409253
146881
772319
251755
545120
851590
788033
648910
24286
652368
526084
484058
288877
96097
130665
697022
752144
381401
634147
734789
168543
700334
334413
858980
65262
260433
444458
308050
17074
151017
954051
915309
148650
635397
825994
439220
271657
134023
955387
240049
921395
747559
980461
907145
714687
495273
653500
449120
272743
357005
630148
857235
563888
535100
186006
181477
625515
424932
775489
492757
857245
45989
560796
995194
682842
577732
11746
300556
137846
782561
702971
919226
651953
481231
22325
777396
804445
83573
240284
778684
477348
833932
16165
925970
584656
139539
632802
433973
671227
594451
298246
652606
943441
313729
242583
219117
326711
627454
365471
777391
336443
195957
901609
433768
468760
343410
560048
145337
233201
745174
514017
291493
326984
913287
176219
350037
747292
327009
427351
296944
715837
349323
745473
163624
210272
424190
769667
15104
719258
622809
492081
184144
923253
868300
40676
978325
297043
539820
373675
128909
267285
561074
37268
824279
943175
683262
945108
393512
657430
373608
275554
1318
328836
423093
449544
761898
2265
656061
352191
9076
481181
751669
531493
839415
167324
239702
967637
683122
349719
827238
974511
872844
615220
734128
781609
237305
414339
388667
927563
446407
238621
578778
556056
524578
48774
527581
757778
448828
103188
792631
126896
776472
222810
123961
863209
188362
788262
514164
248935
881475
985024
978352
379323
57810
588447
799968
658827
11857
297163
879524
808000
547509
907918
509510
994479
841773
701150
79499
352507
232044
722163
858757
142097
390573
619786
974171
198453
719978
345975
143863
117075
213671
198807
427154
563346
419808
283211
113107
39640
429663
122443
561082
409331
677827
235950
144259
571950
14948
684179
862196
998716
720752
828085
695856
306747
685718
955763
354696
593236
851808
238175
650909
647752
311156
180806
990249
69303
221560
354074
1131
467110
242217
183688
166426
717947
302406
905911
194284
912408
178975
439315
833828
238850
562119
947239
466226
283486
240954
122734
98632
373341
369194
108587
174673
42362
797807
844233
936767
120403
393129
742277
737409
2142
218980
335950
849925
26926
85495
177035
906041
993731
201112
334531
437462
8555
316637
659878
819424
847603
555249
498161
585228
599808
314187
61744
120433
786555
284708
428466
247906
544341
403335
934382
836873
83308
104301
912982
82931
335079
21005
634776
897636
291646
949187
374257
837625
402632
568737
89192
151853
553970
177761
72306
693198
355842
608002
384335
296387
126465
946464
320757
710111
473515
187023
971596
338077
282985
197279
917347
364959
921542
90575
846509
789581
840195
318735
707583
760558
890983
673453
424291
596489
254813
395154
34773
891153
952616
321643
949447
44439
375908
516632
484450
592791
744390
694168
795774
147330
424686
118049
493359
186230
289036
255186
354767
347382
570288
324480
547857
164909
148791
877136
287086
849792
952290
531759
816780
620378
158176
429216
840639
283792
206292
113126
281902
293276
300377
13136
485840
737346
92678
807627
820550
260842
922747
176671
317882
995024
720050
230034
569227
275610
933731
639938
323966
551444
220300
97394
768148
24564
667106
331251
742919
984287
232712
385312
351215
895000
920940
554813
839766
939632
75702
294314
401714
835702
871359
390095
842191
172129
404767
54726
457919
309489
248114
875410
752744
921294
675402
900067
956053
994626
215751
607937
432011
448359
745753
282066
210284
473464
73164
483247
265840
729502
152611
720288
780120
295046
333472
499678
382013
271485
164730
622363
77659
236553
998369
50710
964719
401550
319846
723026
639175
918631
694698
745556
194961
222125
725883
90139
150305
76945
786310
374046
968275
606301
572271
955901
655428
865830
108277
814792
916880
79554
444241
947927
812973
470353
712519
62513
870639
454849
478444
513859
850855
160459
723286
572410
633607
483167
477654
883856
859986
709793
295705
21956
145925
45116
446133
866791
651889
81789
5561
147360
700622
304675
263655
357122
509213
338614
110016
726822
76079
661244
367743
579321
835322
172414
170161
321749
911194
518517
430303
383787
813955
215050
969416
572091
710323
354311
939220
791470
369211
844182
898004
445413
288826
442287
505248
756037
952221
856131
187201
775130
718160
544353
635853
168242
754963
531806
49195
824062
582207
703171
701408
18104
624789
139763
637331
844000
753195
795869
196308
697510
633883
346348
579375
493628
796708
628957
691285
246989
788156
567212
12562
266830
486021
572303
177828
867058
42042
231401
947037
580070
989971
99873
735539
335630
64100
756179
883912
733442
338107
25331
910640
257542
274895
974627
122986
597779
410933
47403
938279
24726
412711
438996
570496
242824
533891
382534
840619
404702
399730
467134
723475
471349
813819
239724
731084
258203
358386
309363
584327
744464
657432
389027
113121
290316
403185
508787
756505
627808
70975
356452
21108
177791
185937
637637
840238
921395
780068
711254
579415
193062
486041
217568
687798
390041
951315
654616
607278
365406
235840
702091
958982
324628
654404
526075
938277
589536
603479
611402
54148
308106
854365
561450
293577
77852
205230
123448
529813
815044
998113
451617
13243
980343
905381
512799
297280
123477
572689
138955
190088
748700
308269
100125
942409
249994
662240
690119
847819
937817
193160
226945
105369
309646
647268
521594
335065
493178
387483
780113
995859
82591
144616
720202
73414
893640
866111
752625
990580
340204
332265
140091
49829
891352
129438
505497
783895
421374
964578
76199
172022
52182
689230
752822
632849
391336
742183
992443
237664
894129
297432
158907
873379
727743
28102
577196
917243
304228
149139
477873
254778
875177
557521
692951
112546
703199
190739
653877
351429
432671
614435
749283
994684
725878
770388
77167
920774
644072
520352
237814
208913
282805
804215
722346
719929
618720
956493
314317
312693
789072
613648
383178
998690
793698
450578
103336
205244
118243
153643
99048
484498
376263
593504
219726
508971
282298
180092
649107
102153
146789
928839
393786
548832
263035
315666
758325
722443
714780
490250
21976
711215
446470
397675
655039
448678
861670
363863
235630
273376
57214
660403
927417
518084
102435
720400
381714
835764
249905
690379
15581
775239
576749
526338
100841
859960
656373
244481
936256
171679
518792
40047
139065
835350
736710
891896
51912
738701
178914
424135
677228
322785
989013
480498
705213
70907
171526
500700
755265
40609
784047
349891
80947
721250
69216
596260
482223
440115
577082
393708
994202
851085
346525
127555
532626
373447
750995
842978
154491
16919
216418
837446
509894
661973
307042
15849
630975
935132
842653
99251
447158
775917
754483
863737
793991
62881
317180
805944
608445
402841
696097
316101
790351
487699
750628
92133
961074
168212
392801
621721
940604
591396
452003
128766
279344
150635
952182
813851
18594
226651
444558
117809
614927
45947
887647
689916
455899
244463
623608
312992
318970
330956
373410
707529
147292
224028
609661
632175
330655
821341
557004
382943
292535
9797
893610
341198
485040
258574
723706
986519
762458
785455
224873
130902
62749
755070
554067
776930
100564
121365
948386
456948
17933
804911
313940
929158
234787
390299
531891
832243
553144
163167
941741
423188
460734
291643
269686
212953
715168
621804
986094
898765
362925
235311
105358
277689
282628
37861
787533
435051
310466
757566
184330
951755
562867
685804
177956
187652
410765
219074
779152
844578
114649
319244
392841
979585
676480
770032
420195
168515
273141
913056
844425
123659
50185
375513
569457
961727
366643
616903
980305
195069
514117
968450
971845
29597
485390
550345
485144
708115
927843
133590
510013
506458
366288
381402
171675
362866
189823
157556
555848
358305
7500
639952
35228
677433
859340
24286
431653
734803
876532
525414
270570
107327
232448
985187
798438
559234
247743
197415
285931
446538
355199
369680
246039
684421
129499
91425
691940
33684
322837
964845
569368
578999
328014
759564
207638
579572
382386
301936
150306
570917
933894
760935
698042
889066
928376
722234
960254
570291
818661
847585
523205
950514
884306
857433
683062
219719
331921
760012
231805
26902
91229
878409
175345
358647
910255
986
49964
685066
450724
2415
485619
346871
904291
140331
110109
426703
444679
92474
530397
569139
515589
578918
579635
984515
844148
513488
123706
948083
221617
577024
582317
250503
581723
198954
978774
327414
593278
241501
891325
799132
851466
306310
193286
413901
913658
221838
530195
493644
682774
575161
281213
680041
51912
454700
480962
790281
260896
846991
290045
39158
777915
697120
792806
581380
974947
469517
304237
646171
908151
55849
857456
632105
686360
978454
568051
81019
758593
980738
971886
863010
351837
161537
301359
288952
502748
649786
884872
928251
869031
558776
398073
877792
618008
280197
959136
127996
480262
324098
261032
260926
243568
68620
359583
466478
926325
389222
66227
859447
32401
952931
742761
438300
843280
71217
980642
966753
473094
77733
173169
390364
700319
826171
567217
662924
798269
583084
944169
108749
274938
807179
703562
46564
526014
88226
992181
197958
71840
450025
156258
39601
129686
608381
145852
287342
142146
699843
666653
722164
362275
28966
176404
711928
486070
840877
748114
931703
561300
838932
322769
658335
838334
666782
715621
291828
826214
341555
149502
681025
607545
23146
65737
857407
759155
486129
203564
1690
515291
240604
628246
145231
195118
149547
279490
645105
832481
672128
249195
210646
230590
760565
974260
906486
67821
301371
11297
790578
996403
618633
287671
202545
736511
430961
394182
460360
875767
436140
455476
147583
247174
774885
32991
946902
655017
380430
228330
741464
150721
573854
844367
270718
380848
959319
770416
892558
610254
477825
324283
156667
13309
516124
817677
570594
569256
414265
375780
968913
609397
46693
717847
147469
455014
381027
742773
730643
493647
408347
634621
541743
120630
706901
960703
853832
752934
740059
139497
375481
127733
808702
804507
77310
211729
298699
506622
713289
258587
248120
329545
179878
205319
70714
852737
710742
8873
5269
966582
821218
203029
182919
882665
710345
964562
962694
17405
999727
758609
937570
155316
474295
539515
534047
656503
416669
759409
331949
502966
734075
968379
928175
730991
755767
435136
743657
192409
335551
660911
42812
647264
71596
442627
308682
993797
651510
489300
633332
381042
732894
156945
229716
539576
662406
51125
122011
462343
869537
158647
576916
23726
299503
737991
172971
198731
252874
43624
371242
408066
576445
64886
345691
851181
435157
343463
192315
830896
562137
500671
468773
103509
131386
187595
775782
63364
265060
474332
478737
510259
452693
170357
939649
527284
225789
95796
931488
124634
200599
966815
861898
663828
525217
154907
16865
343087
239519
686001
838063
773453
513970
247154
605929
827480
160350
185539
327610
525125
423990
532884
177906
79408
594568
480414
212199
930489
358647
825718
441382
619298
841994
427814
659459
932760
491483
905749
743463
846759
112475
207105
432833
898612
695853
675928
300592
637114
94920
227754
232951
968644
567105
89807
507832
233455
484056
520483
794102
711785
436977
191057
944216
352024
898184
609824
722638
340550
721668
365181
774947
761887
75460
269912
523226
968604
892155
965813
536926
649449
545388
825862
541075
789690
572569
285406
836477
949892
652802
90306
767133
938882
451606
9874
133937
783389
6410
808766
857485
692553
289465
237575
442655
93162
341126
122571
515965
49750
775512
613749
446704
433262
79332
633876
50645
890450
483744
593058
978122
826399
469033
933609
409119
217125
499123
696010
502814
406189
241204
558979
439170
601367
162913
445184
943074
604459
830095
25084
53212
803739
303972
712972
417471
635579
518616
534681
562714
247566
735125
152667
778552
675226
449196
190953
384984
982243
261758
919724
602033
439675
93980
314567
997236
289887
362849
51897
412931
715357
869102
652184
396217
16920
996750
421761
760553
802921
765327
320316
985368
37639
799998
839946
415607
939813
93600
420912
189912
745148
874277
909188
827541
965824
715968
243540
857408
356715
501324
122347
83690
238201
407568
420499
741298
741353
566767
994175
613693
899233
886268
190002
765479
146964
647525
681412
863648
813080
555115
653948
216920
18956
560991
979634
633496
391783
639754
216076
64609
28175
43429
305346
308672
397437
650508
359222
209007
231102
39740
526282
533977
490435
344868
877711
883941
367049
153852
477756
911114
258852
114238
296164
113452
381066
937698
259211
958911
199729
3634
484500
198225
621305
222264
242128
479753
873805
278599
281795
965987
861868
802604
799725
645151
862796
178033
996111
453194
586269
147146
229325
902049
755219
40565
255149
378912
845778
852287
719403
493214
204643
136717
41795
39326
579488
917477
972617
588049
672653
874316
691667
133643
754120
332395
383169
601263
661175
111182
590163
618633
515283
392728
511315
436544
498745
182029
860275
595702
249542
331334
877571
821255
985426
561851
997589
792068
322108
171202
942703
42417
560488
890561
623614
327298
465594
523997
12769
44084
519305
835568
988337
697554
611196
538990
751809
181846
879072
759811
923632
45528
535422
484455
666113
491484
959920
430977
456292
787068
214139
135496
480966
654023
26328
349249
169129
311496
247413
569156
559614
821270
267378
42194
207280
570372
87985
269064
285324
461473
490842
118217
540561
265690
214286
225516
149235
433392
519975
148869
540465
945447
618236
613597
627165
937653
467051
721518
476813
644513
538239
667755
254712
756784
664913
604313
666376
76050
950563
842000
996906
63905
419922
373027
793628
812398
938521
912697
171547
166981
504245
284013
574778
161585
924145
451798
174626
30698
456831
83526
94395
235472
481202
584713
408772
332823
891381
570102
106303
189676
893790
239263
329121
960588
932145
631396
422721
609525
776379
575968
465104
758087
599702
256202
576406
775897
357286
949113
789304
347205
704702
631180
405693
426150
644219
400375
15481
252969
623512
820579
87801
232810
44862
438380
593736
476686
448517
242359
518984
134405
160965
710797
727409
390949
24039
266605
52836
819205
486266
68075
325268
358211
988521
721024
891604
929973
312046
777806
465655
720985
575131
299681
432664
9778
749913
839806
609121
233650
486280
286629
77232
329471
229456
460970
138047
760488
382912
569504
447375
762515
328670
442008
368749
262426
416888
470630
536021
429171
221207
632705
9308
848023
486639
573431
324701
47028
290312
155054
48469
526713
753653
468956
576608
163823
984648
404220
712385
832785
194696
505254
76996
714941
217169
853760
837019
207029
409734
158950
458716
337981
812702
213580
106677
362126
311613
649087
41554
363139
265639
253242
761855
88964
267830
552555
536774
673804
265128
594134
101925
64443
343046
295074
531266
350349
954867
981199
72910
674536
863720
575529
30226
332177
520973
473537
49739
760807
518713
268609
140849
955006
856345
211956
556744
831532
151457
245698
649453
817586
787392
439369
803194
154442
76035
745510
312084
710987
244237
669830
467403
692720
605935
841110
488241
572009
511042
475504
388867
55413
832540
764829
862753
816428
973923
917269
762376
889492
569542
429450
845686
387991
954345
901921
430930
231988
483049
143576
757172
579783
340247
577368
888570
24124
25165
794299
47053
132501
63611
697207
727360
282129
495352
564045
420034
661328
815746
511866
890900
143965
149995
305266
722362
391100
986841
384678
418543
98
896273
700464
93230
141434
32698
305481
355721
39216
974301
85583
571391
453466
410040
569933
852867
140915
163542
623373
467699
173707
651910
322774
215421
88470
466065
580614
46667
389950
792846
587020
319781
979416
617857
807850
341921
827225
794192
870199
238245
15070
378569
252212
255258
35941
879785
207403
654012
623198
225331
382422
861412
827149
254977
214919
76451
97809
287301
458613
491439
223343
166206
677182
62650
172438
671905
217386
399594
362851
646350
617846
551763
655033
898803
632052
60550
365913
966886
210745
198798
409341
521540
814052
476321
347880
456612
30005
390716
431756
163205
300286
420960
318053
785829
67598
30169
622370
506290
863040
749057
54882
797021
574129
257267
295960
515654
71007
188689
856820
678600
785591
614031
737294
170179
806189
214438
625987
476912
113927
436596
365582
237846
50404
861968
222295
822342
873862
222131
805930
408270
493795
471632
929174
11557
825447
822288
978769
259426
226220
860368
344246
898709
226857
167475
169904
982345
447371
266167
505270
565969
619130
669575
185401
981295
857768
53602
704855
519097
637953
756238
998518
500387
934520
994895
63154
243876
374347
93207
502091
233874
355774
27185
244519
993682
8559
194512
972279
186159
136928
317198
53011
708053
848518
593887
739809
935199
444325
898204
379033
69298
353068
339564
898237
721980
103299
501180
916531
211098
728595
97983
352332
104457
740724
803261
843544
873573
677855
957479
803877
635855
685736
581232
853569
57057
880360
436749
973505
554341
803579
322838
306886
423093
103884
534515
690080
511612
827741
849592
306543
659259
675334
891956
298528
832388
844731
274125
513729
691545
983424
41363
267348
162878
806786
744098
226555
953562
323507
102113
35513
297900
898153
301155
297127
885661
942307
63466
985736
41964
175499
785125
347649
932804
228395
507351
367286
820962
240274
861726
538706
860573
530382
898888
870063
238143
719833
335966
355069
193959
906126
623500
187596
776879
231419
8581
457531
296631
779900
569658
980442
337107
578375
712010
430041
260481
163415
472481
940174
847444
576257
765790
636486
736835
619673
408261
843848
885901
161195
72851
782513
429014
699447
136652
193213
750994
800977
217760
982971
758781
385764
492487
628567
37060
350776
725027
795007
601279
866738
20074
306261
390406
84440
408612
15816
942606
398721
156517
983976
484703
953148
513426
259090
826849
438223
806020
188614
553079
561709
764308
805204
582758
265402
610617
274488
338406
228357
906256
327877
331740
648022
787706
713157
72504
396441
632
530899
122557
987508
339172
979254
91478
131980
232781
698447
289711
761812
174904
956749
232347
145471
603410
784111
448818
311517
363618
524275
661718
546069
131234
624785
174021
793616
10190
859607
748775
112074
902678
990016
348661
148889
128049
494529
604239
808043
810836
244706
928516
857672
246552
496936
376654
846655
646437
190247
364995
824090
151683
845684
584554
470913
756477
52194
447773
219965
248107
8613
126921
519247
84964
281861
751060
243131
251049
968100
3907
284332
782568
245934
380342
209069
910479
7723
481176
781602
411542
931866
806517
542621
105750
210022
604121
349667
719955
54827
452793
673038
236294
7792
576822
902592
700519
851497
594184
801257
625555
957831
957899
590064
827181
110769
91036
914434
746603
365747
417179
628430
967669
47175
38000
640685
921712
408512
164426
898734
723715
477009
243890
199028
793961
838451
521718
772719
582332
578377
893272
42238
659474
978050
879757
169197
660992
120810
727222
519027
459197
593713
710018
210913
10892
625935
86887
817946
538742
775526
197640
210876
509266
442828
39740
977760
849040
943304
929323
218158
231759
983158
334962
499704
34129
927778
797457
486055
855846
648698
811086
395733
965752
812439
723645
143115
420244
513875
277094
887199
278768
588386
280318
851445
25542
7801
361756
239281
30992
523685
55982
456966
123919
659
457632
221436
181202
631355
988975
133023
753430
802147
440023
376302
743531
474361
586937
813683
486397
455793
978888
255485
383134
224306
807236
862509
262983
944287
706647
915728
471893
166743
663265
282347
98257
332656
227715
268232
984611
927799
730675
123732
263877
66446
439117
928875
237158
403229
937444
472888
968518
642333
933337
670041
761443
672176
784578
106480
501646
309159
59730
882495
436742
411064
677160
6432
656551
985130
61911
358
314050
275912
170417
390385
555771
445793
273980
961276
725904
774992
443890
148108
633899
425281
334039
239305
214601
329565
309041
934176
183610
556283
916926
125641
266466
908168
802847
437689
506611
959330
968511
976825
505141
113726
414366
999827
584878
673575
936829
535092
937383
474987
979723
939770
404471
902
809375
272495
579308
130204
582908
148954
53063
439255
393921
616002
816019
348526
711199
882091
537739
667792
915829
4935
35188
222378
441920
145869
938521
845899
897300
88603
639518
810388
411791
920344
350986
970543
431275
587569
132971
587721
796482
187437
787360
952713
893014
650359
708676
42421
561245
846873
994163
680740
549445
699966
235773
980662
190480
149641
577852
704079
531896
638830
831723
145827
502961
852210
458403
384889
540519
123524
189153
385080
663086
986826
965220
755859
423862
141572
309104
784361
495014
570947
350794
735656
673064
794723
726321
509698
508179
613265
902918
564699
381214
308766
659154
702001
701657
1186
199514
404094
713509
102748
504110
723755
101717
622518
814473
445325
715284
439091
880398
482630
993805
69011
208288
230782
539945
727518
599043
732033
934271
853865
32579
354827
188672
831213
541849
53854
15500
336966
472653
33191
104962
453517
357185
996735
467800
59893
740364
751171
863647
183405
396215
425670
375211
953613
790212
813777
115204
387965
446355
385303
347151
574784
254617
857790
216614
877157
375497
716225
765481
899956
790841
327026
612028
955885
352332
746683
567884
597103
953428
189894
85023
678035
944554
35641
85068
358777
625243
118238
244141
21665
308625
8529
115536
272386
842731
8271
869510
135319
46931
955219
480193
688683
825068
625143
961477
595144
291388
124038
7583
60448
551811
836972
242895
62025
659056
464895
951703
825943
174256
762508
111323
495294
851915
444294
759741
287428
298210
903153
616926
681429
826756
418980
371037
47307
867678
712848
428040
435212
42529
558688
562952
181988
215149
313885
689025
413796
863250
542444
848058
826469
545305
82883
42893
714926
18064
587142
920258
877889
778441
647128
77935
932275
233672
483845
623772
366709
878286
433643
963813
66339
966969
659738
67220
961417
290774
690936
231246
429397
431509
478930
366693
447241
488127
513246
107651
485135
607530
206697
188295
940738
466590
889138
287852
171469
644059
525050
274182
364938
496240
288628
406658
38060
693555
978072
610241
249019
568127
659218
666557
170385
802885
841329
100223
843710
971452
470695
793322
525475
836980
536068
845176
665305
286264
57167
434980
173865
589920
699908
294702
571228
760387
950350
203415
601400
470330
512160
832405
386183
562880
406432
448794
107044
90857
638905
507070
903822
314407
964178
134483
190006
881605
187644
670848
55648
616368
479760
567201
55309
189138
905620
659037
741860
238566
191322
353997
355347
332412
887189
247805
327608
325354
802659
944877
494009
988400
612933
828886
161522
975837
946182
592514
691861
105326
940480
220058
166626
134326
396824
458889
281638
471601
656977
220507
281483
487063
711036
531170
8151
943995
804903
753312
557450
881186
944664
754366
10948
869725
201942
109159
691595
634976
677702
214741
124810
203748
535344
87242
774645
382209
402701
672878
597121
557347
965234
41287
746367
279303
352196
433965
651212
282263
379176
868346
389591
707232
48946
857413
519332
699475
194695
312260
257860
450545
703945
720404
619451
202129
681219
638800
640483
212075
948885
235233
557217
131585
648867
299935
902279
509825
271426
913157
170796
660224
7350
356514
794752
744347
955281
874678
25747
619036
368183
513732
866039
905791
513921
121189
149247
191398
617445
964742
849297
666278
287269
368961
240886
922584
311650
303823
167230
284274
18190
851909
848436
723292
544515
882026
557167
822697
628132
285745
511547
474837
947918
997201
42480
305750
591822
698345
997100
494708
330307
163883
437415
397844
90046
185149
323720
701628
608765
483014
621526
616995
584727
968664
740850
508117
116965
430936
752037
101106
829679
823854
125374
318452
173024
672820
660172
993876
731391
12156
103873
382156
316171
307784
600689
91224
436723
142679
161623
867781
574095
847701
875960
885464
500210
498801
662865
503437
131885
864248
154797
78525
832639
239298
68588
503270
893548
244287
755519
684805
212146
166334
899503
230519
403437
463418
67765
981925
136977
612905
789883
572852
4159
268357
432313
713436
283732
967337
473086
918545
326570
68921
752118
733651
420641
377525
284148
445518
992206
34311
123637
983208
201462
810787
964161
801368
330748
415538
241471
854618
963882
80279
32214
422886
982382
208728
829516
882432
963386
269760
461664
937997
710704
19045
418599
998836
814642
541587
855629
614736
173476
729388
435446
939558
632671
124238
540479
43031
978734
200008
675614
401102
400316
869267
346397
444900
539327
185863
388369
809108
852996
247028
827553
874410
376381
606491
773806
106704
106595
753728
188247
579945
492032
235094
306740
350342
715768
833403
421206
164425
640835
400792
210603
874732
110158
691234
332685
225462
838500
66015
670248
342907
962815
378450
854587
910325
182434
742117
254236
898466
710669
141229
518571
393885
403859
767327
698617
118363
272112
558121
440546
773014
521119
25411
344289
71990
691098
546433
427300
683201
100947
774989
660564
690883
649188
746832
940651
656292
675661
243360
593301
969280
612278
411740
986945
725051
213737
681255
827034
351988
823374
247218
483382
79243
822976
690633
362455
997432
562379
806836
920494
328368
911894
842657
786880
387160
30751
215600
341338
227513
379373
951339
733821
770810
712056
85520
264242
472136
54016
247361
870103
574899
256313
479256
463120
180389
998072
449900
553178
988863
830094
67812
486718
342063
377347
376856
717248
437224
723328
253333
85917
302374
72663
587376
812369
435689
506499
250672
462446
483812
760702
18741
39206
558802
830690
363347
752048
440080
216516
143773
309506
749743
638396
353444
207697
467622
646276
597911
271072
204896
118038
319108
434939
745610
330242
236668
233181
379522
528138
48846
90004
705497
230010
165635
609639
736729
973623
931480
208155
45545
813578
712225
969290
895083
84335
495246
607789
917137
976750
16567
821441
715217
530993
271862
257887
355240
534287
236558
788090
547117
131008
210794
596737
551926
51600
663069
243040
488263
588942
889373
569730
605565
730308
467954
108893
126925
431505
883098
292080
145653
382669
232851
517300
843912
964750
505575
105846
307278
116586
906720
736395
133973
313645
518890
827292
583232
450177
427854
848576
652337
111234
992165
960977
322281
532708
607720
1439
207679
29133
98151
372836
968309
484004
359021
385231
544811
27191
72779
429229
231576
213527
986695
808802
285573
976405
898914
262843
707637
2968
658832
217970
418295
31582
177345
67017
270114
868140
443644
647558
813192
640861
645564
621676
793799
88655
232874
626773
676806
297107
130037
754738
306550
126370
444459
105855
22720
375282
82104
141023
225160
565438
754560
788979
700195
472750
26642
680261
505147
191930
154705
596709
676594
184262
211518
509475
844077
893792
154559
403018
308809
111893
194315
689606
903112
512998
988473
76925
313166
144467
600459
585721
827550
230726
657309
526180
32481
487239
286356
71644
697742
925359
881648
212206
780827
949219
196999
328177
730786
992111
838971
901168
12672
970906
858825
372087
737844
758440
353054
655503
380170
751411
762961
853414
103801
803154
266850
323592
582900
176727
600273
624034
597899
47975
497360
502073
697159
431214
168615
92095
872356
637364
98356
788681
746105
554571
445121
44549
468485
952801
758953
32847
294702
222717
389957
847332
713159
647606
846967
482892
365113
48815
336053
607327
782825
710302
531290
268276
404476
19670
654471
858733
882922
939480
19457
395267
180629
33223
565243
295833
102821
512747
749673
970285
966309
728833
611609
273812
267183
922442
359244
225150
233721
891685
470921
901874
700809
189913
837631
914613
809610
628338
107114
846697
478454
893632
163011
250440
438444
783984
7614
34280
818508
692701
116133
748313
676169
973465
380401
745866
784068
829884
851938
956884
471020
793516
678874
138970
678532
445334
522017
759305
532570
883356
427633
741790
693225
524028
893065
802123
321754
619139
572417
445468
992766
894507
361706
546732
332192
53175
234572
198575
762592
383744
869374
708820
201532
846943
803150
797333
215481
219455
652448
541999
679626
145905
676393
344627
73044
241144
52807
767503
565685
215143
193667
371411
891127
762174
502891
314476
624408
521687
892567
541296
838461
64301
384031
755273
464060
642326
554366
545310
435300
533363
899451
33102
455267
978895
952891
372717
322766
583732
446856
372338
510363
707060
755579
946533
978660
595699
38033
130735
869284
537352
162326
358695
884284
819163
952936
870790
274361
389893
537538
241657
401628
836084
198823
791314
251187
435862
180692
765759
184983
386858
875290
460663
744495
15456
380231
827232
898136
189675
951455
396717
92171
371525
586398
722160
67631
243088
811234
453549
958293
768119
858067
288486
178606
22167
900765
989958
968991
939600
248762
188254
694843
500492
89589
22180
542856
525066
883274
150181
581237
268949
810602
300637
893203
875918
124056
875050
192018
834864
852426
585358
250240
136362
72049
33412
131426
884012
159356
560188
826276
620219
667728
735388
58877
393591
654197
540510
497983
558045
648711
656332
309073
247873
575961
278213
145605
698789
649449
294459
897822
691655
522131
928049
386391
692923
201868
312405
379633
631110
368474
786981
675926
59353
57972
822725
317232
195631
827808
8566
461801
284744
109097
211370
193283
753950
902279
958694
752415
381575
38540
973483
263512
827774
628470
60542
260209
950660
170753
298453
877171
955713
634371
892510
422082
535511
786190
634712
153264
803494
626068
404413
715068
633102
159717
385405
182362
18346
418181
70067
818285
50198
1839
942627
138549
853139
706584
536597
69717
628262
549304
823455
20783
107821
847030
921602
820085
199697
579271
872322
773722
654781
521652
723830
815572
50758
994002
916067
531736
956284
247381
891271
707578
309532
722585
593560
501120
39999
860921
309023
536142
562524
863449
673708
909136
968726
675280
602315
129075
187675
975811
940137
475520
963530
334320
632140
621517
519272
991065
522246
699211
217790
660699
973465
730732
515003
901640
216033
117990
694732
120513
212266
700150
498963
556254
591442
71907
967777
666565
919695
972384
307952
994713
201800
165796
137244
398361
5015
677258
463544
596097
810909
682778
977073
408705
105880
942073
229216
576694
920791
41649
907589
655952
255043
500012
339883
419755
404565
578142
785122
474709
622105
411199
698954
331420
203811
104689
81791
487779
343117
331343
292929
32423
847243
112296
560882
647804
354589
675877
315294
139791
945408
600462
307254
152582
156426
826332
684589
662995
719348
5123
636910
932251
31651
300721
719808
603325
256731
749721
958124
645724
169417
660623
102933
949445
85779
398271
242201
795768
662973
39076
865595
288647
652202
753775
533343
706422
190740
482891
267595
181735
185302
504473
69998
280408
443745
581113
565371
772101
165308
966760
517122
215772
301366
736954
673853
319550
837801
472038
627203
721147
218745
829693
310925
896812
125013
747724
524255
15365
563161
19313
7090
652356
760897
751649
443248
625574
78524
402969
829534
377910
518172
718887
333811
294980
467383
369215
567069
156766
53840
117385
613962
903419
768447
195742
327803
425759
6512
382339
357179
374942
476695
886484
237090
234924
155958
416193
269113
421038
110059
355357
174327
219710
987697
803224
168590
759201
537898
121954
108210
245257
400617
554616
694555
5869
641291
606948
17671
840761
296922
431468
815759
901790
634126
319599
209072
620684
362890
729414
304925
289686
22240
632761
441421
517688
243801
277476
294523
658440
660865
628816
210085
366971
518392
31249
884934
727233
707182
995864
138023
30042
762439
698281
555127
693303
208781
658249
773183
194364
495830
137418
247604
773153
749792
831228
765362
39745
107168
497494
1610
342395
211
710459
455955
315192
879556
848591
891924
750581
203435
515217
19784
687846
554050
586244
169362
371663
464092
476122
662172
873852
574289
807707
203088
106483
112025
707777
11674
415236
901792
746057
313363
972346
628635
279276
542529
718165
606847
282842
481091
529612
99748
118671
900430
209537
965705
591658
212088
148297
816749
852035
864282
143545
952732
555200
178273
575774
855077
179769
615930
285476
647854
954158
617607
968738
246185
37180
697547
147814
231803
649763
323952
771788
250387
940299
863865
505305
158247
108800
34495
659251
191642
43959
447632
129262
702487
681139
748645
98500
22510
132875
926884
952429
794891
201968
298838
690363
66069
701752
562108
670959
389084
166126
97279
738587
677311
877173
234700
600857
382369
401983
399472
505696
574757
581404
470595
408908
561047
371651
871161
157033
288167
863745
617265
556165
154951
83981
747040
558637
586753
669408
766604
986573
330316
647371
530548
785279
206087
566187
29970
619510
436961
664319
288657
681228
202018
513046
312829
69849
256488
189396
39506
869327
715791
32936
763266
816824
201752
472588
338074
922107
77695
433884
427143
105329
911623
645814
211471
130822
881763
681820
917522
25564
527467
749727
940167
73846
61705
278778
932241
237092
737932
501154
787178
546356
300573
749881
669365
132019
924860
142714
437098
687025
396573
131990
59190
950691
189068
708769
309567
265216
576258
685269
671571
108384
716208
723992
10888
542884
474563
889105
227900
977015
153143
714528
102714
569650
357944
857239
338303
573867
374262
486115
587930
524533
860487
377852
200842
230235
753305
441026
176888
745463
595672
762556
802437
363222
757038
589242
271713
811079
715363
466571
861080
543580
647932
4450
7180
233860
425340
61788
728402
833271
300611
403380
143808
90096
17516
981970
361340
361638
391732
675893
26275
748558
999520
663308
535471
979569
601380
375163
686568
965562
892528
495197
484795
979778
933001
706024
88574
287947
148880
716658
929644
597290
505666
726633
249767
326832
232184
2592
102007
433457
31817
962713
437939
63433
216273
421993
914345
358091
858967
547674
613432
43015
69634
159782
750338
317128
345394
160808
108342
37216
841335
802481
588695
404129
211214
253364
336754
257588
8334
323240
468434
324174
30713
878398
323844
9704
618476
775757
12744
887622
126337
559422
951377
952566
985972
202836
601088
580187
536675
390039
691773
774699
957274
285274
493023
949877
638498
760859
94996
185341
52298
923747
585096
211676
238188
185123
727006
144721
184917
136642
976542
713291
9242
412363
878621
481612
531188
924627
823971
482519
437036
10915
189564
495620
332676
833321
732275
431390
746543
982681
447661
278466
812302
84059
810009
542026
166692
721432
380605
765126
650222
611964
129452
356406
938569
873946
526435
527924
912214
513649
821368
986209
56225
613504
309710
553279
690857
462521
853179
273225
585830
618068
49318
244734
891770
413420
312172
591015
932105
59274
42810
253451
497106
722186
198354
674391
311691
525338
932344
594886
750393
36586
51002
182576
54391
125376
184408
987854
633534
377186
240699
997075
511797
26632
947337
168012
260620
579372
707012
422884
949986
300225
187029
368733
647909
601870
417969
112027
58450
511833
970656
984813
928813
24115
883798
457863
827770
255674
240179
888298
213758
241099
213917
665443
917828
745655
937020
498999
194094
346181
752601
922819
779338
477133
992742
703601
659249
439173
835162
789633
338710
302081
573276
820783
594448
968679
62603
213086
677300
151711
444365
406922
532537
566232
801951
543670
110035
537486
446288
686236
390156
132378
435591
449945
138761
154959
196160
982013
338170
433595
928793
895726
612371
460785
877097
485087
892301
23062
464128
664432
448
138623
448379
134910
841114
10603
502913
317399
721526
28517
433082
884561
790500
973942
61029
643171
683412
716361
870522
41747
360436
839971
663586
902491
573298
785687
430827
820677
140752
249968
94246
463672
744444
22903
472011
14087
141557
402509
551589
158495
213619
999989
326016
294178
570614
257689
450507
806719
485657
644801
850107
260189
686888
821126
602571
991527
167647
408430
273840
929781
54377
150898
211440
449186
328483
104550
259008
662257
911399
208058
389353
615911
291024
755627
271368
645565
627756
734385
440600
704466
233384
447228
66576
443870
832325
83741
961708
863009
878972
202585
821538
33033
812608
458197
3529
956778
284009
94864
735184
442803
709798
219227
582367
264211
16128
637830
364750
45059
281908
553342
543193
831915
270508
196058
988683
183828
433157
109093
774160
386451
678089
21796
134237
828897
830711
848784
576458
390726
800365
320187
580241
46990
505356
745503
91192
548799
231785
723568
627378
5920
914908
643935
329934
525781
457595
943589
434304
63415
513320
541573
624657
68071
743579
873473
440164
845846
862854
211328
372459
610356
833344
128178
72290
582302
921739
36518
299583
417888
664822
368175
752911
249359
912577
246340
285815
48840
877273
333010
893743
58134
341916
186877
920888
351073
19916
111242
357498
394811
646156
848716
255572
897633
622123
100326
694681
446688
844540
521369
232834
887461
134769
214016
736305
933255
984277
475972
749893
775341
576976
95264
348233
983224
103478
940008
72370
467879
368803
512025
364028
679959
228843
579896
725175
999005
300260
490987
711297
407133
648773
963434
196457
533629
141355
404594
413924
452723
903670
808930
52132
895289
387167
8130
726576
87391
739695
813631
487404
945493
828361
659035
692039
588794
603455
516589
713239
441783
397886
238010
767101
586723
675015
856890
65163
904767
410841
674316
20219
443638
185018
807527
582631
840742
408375
182819
68030
572823
318056
128199
617451
33191
465130
844965
595052
259724
359963
416575
121049
848537
670604
853345
65647
33605
241060
548386
868714
166343
315414
194277
408823
2540
500505
85053
397388
336912
16140
980471
741977
936059
732445
532254
121981
55362
347638
489146
940477
376686
972989
435536
654116
11553
8090
303988
398998
400569
574344
521001
696290
20394
997387
61720
377038
148868
34976
673948
988645
501475
5859
819913
846066
851287
929775
659737
187160
891268
367670
249859
405275
721247
405991
752676
674571
272063
998604
269120
507455
699065
725924
374996
526808
622342
989598
425764
376340
371866
383807
633622
534849
640484
737217
869677
436654
808938
209138
871633
76256
437294
364630
428672
140906
22700
666833
733830
858569
461611
437580
890099
890083
536499
269284
177030
324207
689917
401090
77292
50287
445581
275938
572249
93574
376254
712564
105642
717709
232053
123931
493849
27683
241589
511000
752525
199663
145474
150996
49134
423262
38445
220687
728327
960997
278107
262571
515913
195373
968277
265793
73435
615064
436200
787762
618125
931601
196030
724351
528131
241934
738948
561518
931714
413682
899185
845964
769186
784407
378309
743458
400455
523281
914234
840802
349554
99654
189552
247980
759493
899300
826502
503094
279948
510645
250674
173593
673949
795988
535452
123428
807342
125209
590465
840838
802392
367588
899453
726910
906750
959756
368026
278521
860754
643084
477569
811255
394079
817984
718296
915417
210342
82499
946264
553589
720497
757820
476681
297270
991025
298272
732581
516927
398628
53236
242238
552722
688739
494558
407504
537087
692215
885793
173609
452882
773470
338206
257525
513339
223888
91462
353066
917371
382199
239996
523729
783245
458044
423347
321022
947242
417112
504466
532188
129809
987593
871167
681964
7191
329831
122314
520459
324404
644160
523272
154507
544939
250198
969464
170505
743444
875150
567879
295630
238645
489822
556450
739749
733373
696417
466968
190783
424262
302160
71094
887023
320058
738689
337116
608096
350048
961394
742751
783992
540877
882119
482621
23108
802865
669171
258485
76536
260888
788370
36742
827373
236208
863780
83783
869819
297097
347140
953605
566620
102488
372101
799588
223776
833569
872764
350163
651189
610118
201904
382417
133249
653698
971830
720
647059
290776
325034
172401
551098
178726
184169
746409
293607
15868
234365
915049
966839
174287
261620
212379
852289
966418
415275
658006
493142
151113
913333
879273
409081
620873
435757
614361
359957
397014
851834
988651
252415
947388
146345
764948
487255
774434
490247
629158
339576
465880
104847
70246
543046
112245
272395
257904
917862
641968
187028
159267
583970
656133
987693
273262
474602
248861
726566
396466
665159
345513
332560
5784
65809
485034
797216
454659
511734
980073
911092
709807
736964
792388
713196
578682
281282
51385
587296
121823
710479
788636
106873
172998
603454
599212
344121
987332
617673
157073
310679
824969
174684
469737
54278
202989
612148
182317
725564
334276
588676
91457
464904
304996
955769
187704
826428
71296
921125
434761
448395
627015
182890
174687
244169
623817
621733
27632
202359
186975
36012
501018
312754
783041
585673
234506
580480
120483
374792
798635
607351
4176
358941
58533
683154
132329
406360
324414
311405
848401
815108
211830
962796
74463
429288
278724
269457
426311
727841
318792
585915
952675
830105
807834
354895
586026
791417
64768
317601
376715
400743
499032
708866
843480
694180
771271
35188
125123
822224
889396
15980
13794
259099
69314
219416
683438
749490
276090
581608
231073
58795
163431
934708
960092
526426
493042
772604
174514
368853
277033
855631
196052
547994
924871
11654
447630
959108
781277
358495
32608
415345
787048
82820
210894
319521
974422
467467
142966
601811
704535
517145
355275
564048
686113
974445
408420
834783
20025
428438
659633
555006
422735
273503
352067
339083
46568
216567
538746
632907
384400
751500
748838
833738
575329
995216
425393
583964
362766
657596
4649
270188
325904
330997
560498
895168
13939
18429
671610
695553
877948
293253
219372
230823
811304
591256
841698
137609
668061
250738
217215
930934
839572
901522
201862
429586
639942
702191
218677
88259
116547
985583
317641
899342
638233
401455
965517
717711
454038
45696
648357
720970
588652
58722
799367
54568
302916
312920
580386
525700
693395
391292
530366
725402
707134
100607
776958
341103
405921
103957
682809
737975
458219
340522
302179
540015
879963
638747
39296
423900
861997
37072
322221
376602
933148
650544
709349
961903
734588
12547
680768
907342
762130
53626
916641
923681
169309
221632
908515
678197
833423
569163
309593
198379
414428
812928
93357
509169
277084
467718
607196
939228
317384
512237
473316
518754
866517
313798
177612
634074
896921
981667
416744
96311
762837
687577
981576
990341
77125
282355
114634
142222
766666
367079
26743
515979
136146
879611
543340
23482
41643
428517
569839
185743
722775
977037
36231
665533
990564
370013
716450
253055
130562
979256
204679
151523
863333
841195
282810
731752
459856
708682
925098
926902
887672
457617
718066
561048
665685
808671
714423
120511
504754
594763
154574
425425
814859
39933
826491
289915
353853
407736
689560
917124
412753
690414
221123
701101
540167
112528
412250
545053
131159
715842
785122
918340
553782
867908
635043
572833
186031
92611
709374
70745
422324
597640
803830
496935
329810
552750
867696
309469
514248
134547
128761
608383
219349
641267
964438
484078
62217
642837
237517
72157
384127
578012
948002
591732
169969
889913
814094
395826
48292
321418
585092
389006
478560
691707
393011
379971
650997
881042
289267
403999
393640
114330
202990
299812
950026
85290
359444
406202
533036
11641
74384
724046
909653
662487
828735
982030
158646
630897
527642
782336
501160
30090
605743
571770
451415
164765
670177
269806
5639
654444
722266
701604
930467
490832
147805
371446
983244
131831
281950
730621
7286
593179
402406
692180
844088
543807
596038
583119
865835
181534
499025
611616
327473
641318
615212
920687
867791
511429
121358
81029
426049
292232
517468
358751
983369
38986
113938
356880
485901
249783
914294
605011
766965
36955
193602
95142
436976
42779
301406
89488
915022
710274
371509
709827
134779
215191
634623
520001
143999
778101
746308
475501
210677
601933
821649
671188
822717
679827
532862
606426
720571
100767
798882
705805
607923
898808
998207
999646
634698
783684
628706
518008
567765
984088
729298
139966
567775
405757
263760
907589
123886
65037
653842
581003
906230
607657
56313
379598
648553
766887
735711
344821
391546
62485
205890
831935
894541
673031
120409
330468
249382
829649
368434
51866
944963
927115
7007
928
287561
24629
485617
559841
675382
628095
648131
686883
815217
560247
240982
410947
750920
583671
289060
788739
384085
943995
640878
101420
651333
935920
929949
948293
265560
801483
875793
291287
680862
655379
280665
533372
980336
188082
32892
590992
359714
41097
739414
606762
113131
823981
173956
34933
308229
561021
411341
129150
973471
992832
499222
980831
989455
524433
388908
456290
93440
800015
731454
945010
556845
157838
209489
673198
249295
297529
861096
112491
973242
644382
250711
559096
479812
755258
204303
395954
867669
581684
879885
224629
913310
469451
945933
800457
952498
930853
378305
871477
310303
875900
817784
700690
309111
23254
900289
357819
439539
392075
817218
497964
592290
695010
49223
983536
822963
240280
965747
408805
993803
33906
86911
518523
821593
692401
403626
785970
832754
746590
229629
182067
622841
583815
198803
767209
502566
841399
551913
355199
503548
854044
57387
55882
500961
451227
510863
381840
129494
664221
162567
135493
487446
478967
527055
797400
734050
724232
400135
648481
898313
110949
157521
462951
763359
380988
521507
274270
772209
189894
272567
615741
501732
172528
943683
633380
594221
849268
210531
109772
238285
626092
564734
911726
284476
162652
195974
315062
674058
915854
693805
226183
252301
924038
777509
61901
553391
121901
875552
527576
590470
159885
23211
223355
700353
79964
656645
892872
928597
303998
506125
894911
334948
486085
202816
146934
797056
954846
570528
299468
531455
710803
590205
625862
177899
362658
236937
243363
404517
765366
858801
33242
732295
45992
99776
920285
903545
361172
431532
636078
44639
875756
374116
655438
162476
82075
241035
434242
183331
991759
559709
522802
59836
281733
307200
363637
791851
509681
378918
469787
367843
215172
957929
33170
605315
105148
847204
888487
653389
408831
283001
170141
748467
521390
502350
929693
191282
441654
862267
516469
954943
961313
984516
5473
678507
975540
235715
973979
854004
995618
717952
431439
506601
141030
767764
69360
632441
51037
574657
72530
329952
689643
680640
970052
351897
384168
341278
987000
813806
622090
188089
783841
675231
837773
208031
249699
391496
727371
81778
266982
517549
592240
653742
42278
72722
449708
991534
351933
679906
468756
621721
779241
851485
10710
577577
754587
510776
982073
71812
830371
393737
214306
718848
851170
466905
145241
953515
773265
646047
637964
752183
196149
450424
891321
792731
430039
720177
273993
822081
544548
748637
139451
781957
215039
940279
303128
146468
594662
525386
399264
359901
557866
254287
670517
897008
948220
186426
406491
983316
553643
676742
3095
597074
895893
346340
896667
564615
886829
209232
799137
610841
512398
296778
491230
690740
607759
538100
391199
188243
648895
384131
661548
198982
963594
112700
816296
382864
673203
585786
473694
2846
61620
283396
921593
328360
283984
598786
958250
707650
373172
575186
613177
837492
64524
394738
658887
540969
974678
145272
640633
659452
491347
572586
903664
67380
676204
757713
866294
370826
394901
298098
23127
507879
452031
92603
471702
289541
509268
986344
465909
494715
741492
877075
105249
825166
222423
504004
891659
520598
105104
452931
840912
362655
539507
446253
353409
468040
441458
933939
650266
269587
272975
64900
300466
481553
527786
952220
513406
715105
492608
700090
265958
473637
276379
933128
797221
809484
171616
340157
380628
418198
545051
306810
585553
191534
83721
1119
722257
167340
808065
55104
428575
610767
954026
203703
840758
738641
233442
507518
93960
38074
99080
978239
359627
54009
857208
178529
990147
713291
637897
652002
299893
24841
411621
617544
224002
143633
711003
157557
943222
230738
919037
624453
830870
423876
206347
636862
490158
8273
389671
235587
441252
409176
591325
727321
621884
190632
337715
860260
958096
155462
506534
888033
748215
143085
40804
433301
703126
354382
376286
671293
764000
985085
315958
780954
421847
926048
805892
796811
940476
52350
21877
687298
314699
192728
10412
749150
198038
464710
529703
582850
226721
210109
911191
701228
315001
635598
410747
684208
371808
124339
540794
242943
429376
778541
384159
923146
559311
889502
168046
489039
620801
166485
290116
546483
768742
849535
760169
806958
649457
830114
173284
163655
505504
654171
657876
941763
712869
738185
507675
116009
433167
642577
901714
330973
442433
462618
794199
994221
811952
591192
113178
717452
799349
318466
471728
161238
258109
265405
516612
239671
122277
405108
942269
747218
946689
69060
165673
318064
448165
754011
483963
371813
740135
816245
359996
548342
683521
659291
145059
70269
482915
922581
521324
634311
155387
9559
580450
769957
376214
213745
495218
117455
90748
400756
621286
963287
124909
290889
317851
740004
702709
965578
629905
681035
349718
717079
574435
3560
740809
16625
283747
21069
606585
614084
513943
915112
230176
754207
949286
328306
927278
487998
345452
625893
653247
358979
666644
387624
2931
448052
270338
203958
302140
881619
242849
766388
289599
308243
244059
65912
229333
91020
954935
166102
413418
185337
712231
644398
367826
683653
120220
180111
618438
557243
653919
616210
758648
842400
141253
29577
233302
607215
411745
326450
985451
463991
117032
411014
236085
955026
513134
888969
259239
802397
401787
247223
549890
903421
707272
245517
940385
691114
417886
11735
426457
48772
475051
348548
498660
703082
537359
892811
553139
482575
273505
598185
984230
503933
929348
553275
775045
570384
895550
826812
159352
794801
952876
898060
987324
496261
425821
401554
981871
450160
533693
861110
821544
891486
729928
34021
227010
240681
885698
616930
865331
514620
491664
690259
282972
654973
163319
202397
345392
613056
597580
925047
143553
300435
508964
240850
276631
645749
336733
981289
950796
390884
614883
260599
415526
979232
861101
634792
751851
158967
845677
794842
224945
29173
995457
626721
69619
520156
371665
680271
631184
637717
58224
344045
800603
576655
445534
163234
358612
599382
542571
514979
216474
233039
166549
391442
960885
921488
343620
9324
162688
248591
664751
998443
832
696750
747161
580630
301040
995671
962331
698838
296858
798262
297333
545102
325014
862962
147031
690208
545200
323606
373349
332809
778914
796433
782432
213278
84955
504524
522489
961388
961847
769878
612403
884919
621149
493149
478263
859889
283673
979828
405723
992028
20911
438629
818103
58292
111728
491762
533720
602601
821939
638608
968401
340768
647395
699790
717399
241845
48018
998168
67093
70376
8488
367463
599423
957772
420845
977009
102085
639282
520439
176410
198855
827208
224519
620951
643127
813891
198094
486919
842877
153046
846319
465772
682551
346762
427980
610860
102959
999593
683059
787192
675463
177819
705024
194826
459915
802130
809259
757051
923965
350294
544487
670160
681355
16401
309460
352013
274058
496732
417351
462455
22292
950892
444247
575544
538590
209637
235089
426216
120792
963543
457136
669182
8190
770922
853221
46890
124194
244341
243729
454450
442875
136316
886113
795964
495863
67801
625245
712401
488066
8606
92674
582241
180398
144994
676112
653624
842934
404831
897711
189866
578177
990157
478671
928553
79834
681600
985211
211945
241278
867713
873643
466840
919759
627493
435379
698952
611702
967413
53160
923786
521803
174132
409724
818611
866915
986606
607035
220607
82332
787736
446937
866008
936451
582885
751072
15702
427232
37399
139382
342127
550954
157612
787424
27526
14290
494046
413096
957255
832972
998137
340457
903722
634323
568513
617609
573589
711555
900591
36005
577039
857263
231240
875676
134473
599147
161752
475220
246035
522448
927112
871932
852872
630628
951196
447354
944
66613
606819
450191
90803
973304
509192
977770
292560
689139
119103
806164
286501
53266
955206
467755
124771
885912
601680
302475
373027
195946
847829
712032
219388
773545
279493
730765
923432
494106
24733
838113
418343
10090
391953
318641
700957
911558
664786
125220
337769
406842
884717
269569
743468
606922
758881
563960
552375
326681
536155
75636
541961
81482
674672
947216
432166
554095
766038
892489
359925
990408
124610
711361
137164
762043
836960
414987
151614
552527
496818
729562
726570
284134
691479
389811
696262
518653
11867
487751
725845
633471
426288
155047
875873
377583
715381
832602
732103
966827
702371
714079
703965
86446
502310
765901
828055
305179
259810
253558
33421
549595
666562
775530
778950
317289
762418
563695
342299
289751
204117
823449
198406
669476
194092
781850
220461
320252
537243
164721
55047
853594
855015
502793
762044
45541
611788
424501
474573
936586
514338
918687
629416
474411
63645
113940
867281
343601
920994
700414
537618
188997
56630
79143
558412
214375
193472
75246
469961
232504
963050
173695
68682
352127
245627
143991
580373
601045
142427
705869
459849
315720
184753
404149
352974
709544
703802
496909
258480
963627
721955
162230
79219
677003
952239
95377
714200
577459
46104
90981
745247
798114
672423
841746
895835
58211
522369
653865
794104
15807
721877
474567
940059
727935
817636
440382
145193
88186
688
340325
763571
881799
635881
901179
281920
546111
251742
111903
599678
270777
924082
192036
376921
523393
388188
605408
909510
814380
556539
269895
269685
297385
836842
719556
495208
708736
529925
356189
117932
79995
404870
957074
924596
204790
61636
486139
415797
959458
64511
28125
817361
845537
295441
76232
727247
393703
731996
315599
513187
118338
632756
595077
544239
397396
267672
41434
180308
531347
645516
199535
357377
705349
63289
229165
665140
712066
635587
637230
266130
983528
461971
385325
317364
855110
859689
97300
932097
618918
37115
422894
536824
945753
273864
705847
809558
133373
345250
221925
933997
778896
960458
793983
805259
915374
754024
607237
338098
914584
287952
518417
825961
108883
764489
845301
534756
135484
117161
969111
413850
162045
253369
208277
835285
347456
422436
384185
338182
843823
173126
586987
50720
155960
301071
621722
85063
793720
149461
772884
155460
464103
840080
161012
3514
778752
942359
942841
344726
993655
605546
879584
875128
905433
101503
478082
264417
781201
904811
220213
494271
869853
614963
845820
88896
774672
361252
357229
320010
62950
452245
973515
82083
25984
668806
39268
918700
653403
70971
843705
23404
986325
635712
106811
174005
505893
216897
128234
663529
955146
632128
459703
158377
704472
792306
602621
486486
367841
649201
870563
395100
181456
599421
827556
879647
421518
512531
436522
81046
630269
928103
209052
696846
10779
621562
953706
861488
211135
521354
480504
132936
252224
54938
653869
6328
630689
388622
152999
118831
975891
141814
136745
954179
222644
688392
544884
452537
942572
951308
634759
603542
525003
531975
327656
422554
33720
991804
544161
147798
365231
907173
957592
693837
907290
248276
217580
659691
502670
599705
15191
169652
46401
735744
214910
932787
721043
353844
323803
243854
297358
371087
173661
244909
976838
820032
244315
17825
831641
730514
152053
10569
411201
353362
974656
206919
803032
840865
341098
591254
954495
605458
174109
584581
547762
223628
597117
990052
815627
499410
51388
237082
676849
284283
375066
405901
578949
477075
884832
238287
201325
942091
924984
237656
520009
518667
117626
493623
6093
625783
992757
983164
98987
625081
598669
517688
748541
797603
326339
890297
195163
17899
483371
460582
264991
53633
287469
90573
187621
357637
341665
600480
68602
177703
141295
988835
429829
674243
598339
798413
225360
291012
907895
134461
832946
313504
934423
799085
263398
44178
515550
274034
223325
952966
957838
68120
332011
470330
194052
345382
297365
63853
269461
866392
265777
727969
367480
552279
316924
256341
999433
524176
542272
406007
639332
3564
94344
992011
660877
462581
39667
757224
937288
938424
743631
666912
960700
846634
279318
106460
184350
730762
449110
78996
408130
709419
732085
233895
64381
142690
829457
721546
322329
274667
976732
854711
589264
925807
709782
614346
837126
412947
731633
216635
780384
960384
601900
507960
192707
228599
537150
967907
689281
465246
317481
563859
940461
95971
43995
330938
827484
753654
444240
475898
870143
152718
18509
7687
518855
851531
743464
820615
710431
706514
759716
477670
385914
128563
708714
275729
393566
400400
892661
286452
858678
288888
231169
762991
946328
861592
273299
496238
474187
44350
164971
857614
589856
376596
199033
611914
298730
429919
50590
162488
463385
72437
170978
34835
236710
575964
325622
745590
888473
757589
619570
691044
173585
815425
377805
885560
783051
925177
54901
412298
186301
517783
916108
318920
505006
801388
509864
196787
307882
208562
837671
967069
763569
153801
344136
109634
523604
314842
907761
341331
3608
717163
303321
212232
78702
951482
609924
514668
485330
645479
826798
401739
509569
540913
678275
501383
246206
691968
989355
91831
489914
125590
802237
245227
307712
573553
364649
232345
951223
241505
920176
186553
250986
162967
437347
58240
551676
770029
452599
462106
632486
195907
415674
802800
425069
803141
892908
644200
332868
711354
960956
531986
165077
688826
704549
174700
824104
858665
785470
107327
681276
672526
575563
805195
104572
49462
188439
712636
404030
578685
639836
817077
397642
367402
896367
972
131850
836151
250152
935329
668245
143023
385956
427085
953929
861905
968205
780056
565503
720553
760480
732042
278304
694828
756394
311050
273943
748578
525156
827793
279398
879904
337945
989726
659575
493882
772241
369655
257761
768642
359343
678439
239738
68092
4499
80832
268737
585099
229118
999016
799377
680948
280026
943802
843750
948408
334051
518938
237052
748668
99158
743864
262643
632861
862031
393827
922232
383989
945803
78446
714934
881652
980082
358371
562834
433823
176740
700480
748069
984531
228243
438583
773141
579389
599278
891589
909085
176321
127148
378565
162796
838064
270477
212941
403900
853349
276865
230208
885687
947303
98056
580587
757813
508209
321353
689867
827099
738129
30427
396417
225039
164403
467372
983939
677691
246290
386236
57637
565260
531173
607880
282940
6503
151426
732695
740373
655536
362160
874905
850135
216483
939797
613311
894388
495749
921372
138141
562802
122068
114256
471227
422478
907215
949496
992686
821204
971289
529613
133415
596433
80340
963080
685505
994577
613215
323943
741872
256748
942529
262147
505154
485259
692979
651981
866878
600857
682880
112351
433489
820112
471053
914968
727450
683031
353441
528134
807089
952588
628187
365457
605499
524371
112631
281290
469522
996866
731970
563477
800969
661910
440080
409061
703437
415714
724884
611047
966531
407138
923421
36431
342105
285848
515442
950275
542145
227800
340374
112927
220133
61161
712146
766252
515832
969791
167227
199425
92547
360795
401718
363139
273947
955618
404649
94151
645336
532895
769550
210580
995184
383838
944811
219487
218201
822958
763169
79820
81775
628110
329288
974635
851969
184902
895303
638509
16972
911800
551498
458229
493274
249877
676626
103372
180988
617835
470416
320672
136976
897809
872508
672827
425515
252364
559374
618866
834802
363386
972957
461528
430430
69026
33584
125748
238281
755412
755822
595166
704195
162906
275233
708852
206062
872071
432699
534415
205526
898541
665121
26398
593289
896257
487165
395483
868640
517315
541413
383877
970648
65277
852287
807788
13648
182400
501987
693070
962140
550793
324508
974021
942652
373622
504644
210083
898670
24443
867869
99733
50120
624295
336965
415243
75861
548455
682707
974360
942733
596164
69948
785943
839350
230136
806556
418893
672268
246393
142206
311630
390141
640375
324979
470493
769955
240894
55908
628121
7159
746011
598611
844767
185712
971532
56961
105725
954543
113574
100447
785656
603870
142683
881687
328822
139404
795529
56989
5000
453546
115053
574591
633712
303229
37152
724959
516762
258319
16317
886475
644287
668937
413343
297228
266140
356355
436235
572383
294026
562997
83352
228610
601440
558142
634423
410842
88429
976096
80348
926343
8672
520341
419156
144633
901373
417957
539984
836230
868848
354779
35307
859042
253757
515492
192714
346382
489740
529353
797011
104322
295332
138217
68201
575685
59710
276236
516953
750817
127725
284126
287625
54560
434528
389166
683113
493004
314113
891482
859831
855262
533171
259808
536855
18132
908674
857273
16056
158252
385307
63389
229548
841447
679867
64161
3539
618927
55262
812853
329711
145743
144591
651029
782126
989080
561530
38804
236666
55017
381458
641774
729333
746893
373695
353159
475757
343401
802421
698043
494929
894529
967926
538817
931553
692545
792879
636937
341751
120820
997733
924052
806447
124355
213129
347314
596136
829459
251684
446665
327979
948448
106622
454655
581766
756756
803337
777705
117234
609855
387740
815148
229787
17992
190472
182184
814865
711161
479898
233218
870160
974631
419300
127086
229451
354725
547570
674420
181132
655909
544630
627549
605513
186815
211634
158754
73067
893652
734233
921230
518634
283221
153041
129524
242340
609740
714699
527375
80761
887910
44652
941910
139109
359446
749059
884019
801387
512934
560627
158902
904346
92242
82505
705025
769492
601289
689332
62509
986305
253781
752754
470574
873990
24792
368090
935927
238710
466966
1297
552461
832791
11170
615599
296478
403837
215298
289965
486956
48773
281930
109322
735613
249912
323385
494840
169864
296698
476928
639624
858397
38588
818712
144067
369876
17965
305219
457686
637077
21589
211779
789850
894297
309833
753321
202343
376782
478907
560071
252358
205624
620729
493879
792155
75199
332828
869096
748438
296552
694454
546742
855211
516813
61577
618616
698757
259329
877952
783488
83968
135428
611088
810677
187100
432274
433355
752759
997518
791190
497814
551109
925181
194576
976716
562645
421184
388535
18880
98503
701608
891984
167235
770539
684458
78969
292358
509547
778753
507616
106955
150614
633068
408786
538532
402292
377666
144547
884021
705767
955836
627760
80720
448597
109475
168484
505168
585144
976561
358660
573861
839483
594488
580237
941912
34115
891320
471271
77498
997502
856819
303029
28540
835498
197911
460310
410400
663595
27039
41402
557703
755250
150625
722937
323079
912794
393211
189947
616483
405008
726723
213513
830765
742463
51497
1332
46879
572694
988521
73755
520179
572172
296102
244212
71520
668299
789339
130927
254270
267386
755236
238078
453887
913801
611831
354706
866370
983615
587291
692363
424570
760090
88644
716642
720598
968761
810307
365191
921157
160643
395675
450216
76887
910941
62023
347808
700884
578572
589616
198547
548029
267702
34417
993940
457924
314670
426687
610808
373521
794951
495738
172827
571987
664075
409321
314854
159255
538532
225291
254640
237013
705778
727130
787494
246160
619481
369020
412168
874720
120320
224910
831938
923238
757225
239893
868428
849687
220025
699809
820595
861456
758507
619550
969575
757996
306878
871399
380984
822488
578667
870502
276614
383941
976622
357991
6969
285203
257159
193585
365451
236680
562189
502162
415251
310540
248065
224970
103530
911001
174444
802763
880000
805363
353205
281721
684267
993993
420315
512206
37292
204827
785482
960289
218105
569724
113086
659901
965228
728126
744224
112029
863313
547443
521661
874841
492678
454933
648337
334268
237904
677560
404721
733738
685862
379712
434870
971263
726677
777777
227848
556458
119128
426632
344243
260073
172558
833305
293634
787265
657335
765223
433451
11424
638427
77066
476047
404881
6965
733062
397945
909604
933990
286359
196350
240933
707838
398477
771557
774138
408077
732122
720070
599711
230141
219711
649360
288756
278953
164170
394237
160708
368269
467694
680594
245615
843524
419567
792397
469548
65596
779739
817438
380490
350768
809137
539550
942870
154265
359603
441135
393012
491738
138421
761242
104811
250972
184135
528649
916413
136081
5140
999070
922688
101521
910340
771343
278622
448638
157876
365438
373889
18612
486128
499533
611039
836303
711324
258813
461474
309344
229204
638872
128575
177183
912346
960490
196459
48898
671612
205491
696141
489589
364566
339971
716600
181186
874562
741036
677926
512253
187909
724113
293193
901737
509193
532184
386737
221474
344563
574639
785179
958812
321947
693046
624776
468564
439770
288366
19679
610322
297958
54501
881178
565836
565416
269450
34005
494704
551145
317984
75851
245000
218727
872335
737767
525215
292634
959186
193959
391832
622804
162531
155895
189263
936127
311828
238234
764631
938319
907871
817111
959302
154082
595620
386710
759526
572233
810337
948997
704018
957812
638361
171922
610774
178802
144
119174
186877
895453
527368
711496
605529
185270
477927
740232
913118
588386
875312
384570
774939
241142
102157
739072
11938
196173
183286
469881
752241
81361
893620
333751
164826
44173
355920
20241
475244
307726
369626
625817
495409
395419
546542
301107
346363
482095
11174
34628
896839
946201
148316
4288
786380
117448
867548
312449
105189
165417
453592
911413
882127
840679
415989
909832
735320
236884
52999
840130
100392
719233
251501
557702
851011
806996
913827
630720
876471
472847
123020
970001
212504
804924
999213
734353
828327
588869
424485
639828
26369
196530
861097
22726
416909
169062
476339
989310
357056
491537
661807
462167
359797
454326
177079
186479
567412
537229
43123
56247
296686
28825
332302
24838
518880
616685
145823
85000
526599
531594
897704
955283
917811